generation,rank,original_index,cached,is_elite,is_parent,fitness,ranking_key,ranking_progress,progress,dense_progress,time,finished,crashes,timeout,distance,reward,steps,terminated,truncated
1,1,23,0,1,1,7.939902714320592,"[0.0, 7.939902714320592]",7.939902714320592,5.714285714285714,7.939902714320592,3.183333333333327,0,1,0,75.15539948642254,7.939902714320591e-06,191,1,0
1,2,62,0,1,1,7.8602736336844305,"[0.0, 7.8602736336844305]",7.8602736336844305,5.714285714285714,7.8602736336844305,2.9999999999999942,0,1,0,74.6937156021595,7.860273633684431e-06,180,1,0
1,3,45,0,1,1,7.474027361188616,"[0.0, 7.474027361188616]",7.474027361188616,5.714285714285714,7.474027361188616,2.9499999999999944,0,1,0,72.7321652173996,7.474027361188616e-06,177,1,0
1,4,38,0,1,1,7.297938210623604,"[0.0, 7.297938210623604]",7.297938210623604,5.714285714285714,7.297938210623604,2.916666666666661,0,1,0,71.43649707734585,7.297938210623604e-06,175,1,0
1,5,6,0,1,1,7.142857142857142,"[0.0, 7.142857142857142]",7.142857142857142,5.714285714285714,7.142857142857142,2.8166666666666615,0,1,0,67.60478873550892,7.142857142857143e-06,169,1,0
1,6,7,0,1,1,7.142857142857142,"[0.0, 7.142857142857142]",7.142857142857142,5.714285714285714,7.142857142857142,2.8499999999999948,0,1,0,68.872039437294,7.142857142857143e-06,171,1,0
1,7,12,0,1,1,7.142857142857142,"[0.0, 7.142857142857142]",7.142857142857142,5.714285714285714,7.142857142857142,2.883333333333328,0,1,0,70.1497358083725,7.142857142857143e-06,173,1,0
1,8,13,0,1,1,7.142857142857142,"[0.0, 7.142857142857142]",7.142857142857142,5.714285714285714,7.142857142857142,2.8499999999999948,0,1,0,67.08714911341667,7.142857142857143e-06,171,1,0
1,9,29,0,0,1,7.142857142857142,"[0.0, 7.142857142857142]",7.142857142857142,5.714285714285714,7.142857142857142,2.8166666666666615,0,1,0,67.60470075905323,7.142857142857143e-06,169,1,0
1,10,44,0,0,1,7.055549621582031,"[0.0, 7.055549621582031]",7.055549621582031,5.714285714285714,7.055549621582031,4.266666666666657,0,1,0,63.54567667841911,7.055549621582031e-06,256,1,0
1,11,51,0,0,1,6.709676470075335,"[0.0, 6.709676470075335]",6.709676470075335,5.714285714285714,6.709676470075335,2.6499999999999955,0,1,0,60.058074593544006,6.709676470075335e-06,159,1,0
1,12,53,0,0,1,2.112851824079241,"[0.0, 2.112851824079241]",2.112851824079241,0.0,2.112851824079241,5.016666666666654,0,1,0,7.718582295012311,2.112851824079241e-06,301,1,0
1,13,9,0,0,1,2.1118763514927457,"[0.0, 2.1118763514927457]",2.1118763514927457,0.0,2.1118763514927457,5.016666666666654,0,1,0,7.705659366794862,2.1118763514927457e-06,301,1,0
1,14,60,0,0,1,2.1118763514927457,"[0.0, 2.1118763514927457]",2.1118763514927457,0.0,2.1118763514927457,5.016666666666654,0,1,0,7.705647054943256,2.1118763514927457e-06,301,1,0
1,15,33,0,0,1,2.111865452357701,"[0.0, 2.111865452357701]",2.111865452357701,0.0,2.111865452357701,5.016666666666654,0,1,0,7.705741426674649,2.111865452357701e-06,301,1,0
1,16,39,0,0,1,2.1118545532226562,"[0.0, 2.1118545532226562]",2.1118545532226562,0.0,2.1118545532226562,5.016666666666654,0,1,0,7.705770426575327,2.1118545532226564e-06,301,1,0
1,17,8,0,0,1,2.1118000575474327,"[0.0, 2.1118000575474327]",2.1118000575474327,0.0,2.1118000575474327,5.016666666666654,0,1,0,7.7056228619476315,2.1118000575474327e-06,301,1,0
1,18,18,0,0,1,2.1118000575474327,"[0.0, 2.1118000575474327]",2.1118000575474327,0.0,2.1118000575474327,5.016666666666654,0,1,0,7.705543291638605,2.1118000575474327e-06,301,1,0
1,19,59,0,0,1,2.111729213169643,"[0.0, 2.111729213169643]",2.111729213169643,0.0,2.111729213169643,5.016666666666654,0,1,0,7.705812558881007,2.111729213169643e-06,301,1,0
1,20,27,0,0,1,2.11158207484654,"[0.0, 2.11158207484654]",2.11158207484654,0.0,2.11158207484654,5.016666666666654,0,1,0,7.706187925854465,2.1115820748465398e-06,301,1,0
1,21,52,0,0,1,2.1115493774414062,"[0.0, 2.1115493774414062]",2.1115493774414062,0.0,2.1115493774414062,5.016666666666654,0,1,0,7.706153175327927,2.111549377441406e-06,301,1,0
1,22,1,0,0,1,2.1114894321986606,"[0.0, 2.1114894321986606]",2.1114894321986606,0.0,2.1114894321986606,5.016666666666654,0,1,0,7.705892161553493,2.111489432198661e-06,301,1,0
1,23,37,0,0,1,2.1114785330636163,"[0.0, 2.1114785330636163]",2.1114785330636163,0.0,2.1114785330636163,5.016666666666654,0,1,0,7.705981869381503,2.1114785330636164e-06,301,1,0
1,24,61,0,0,1,2.1114403860909596,"[0.0, 2.1114403860909596]",2.1114403860909596,0.0,2.1114403860909596,5.016666666666654,0,1,0,7.7060531185125,2.1114403860909595e-06,301,1,0
1,25,4,0,0,1,2.109276907784598,"[0.0, 2.109276907784598]",2.109276907784598,0.0,2.109276907784598,5.016666666666654,0,1,0,7.706335368617147,2.109276907784598e-06,301,1,0
1,26,47,0,0,1,1.908503941127232,"[0.0, 1.908503941127232]",1.908503941127232,0.0,1.908503941127232,5.016666666666654,0,1,0,5.566204486065544,1.9085039411272318e-06,301,1,0
1,27,16,0,0,1,1.8758283342633928,"[0.0, 1.8758283342633928]",1.8758283342633928,0.0,1.8758283342633928,5.016666666666654,0,1,0,5.173347968608141,1.8758283342633927e-06,301,1,0
1,28,21,0,0,1,1.8758283342633928,"[0.0, 1.8758283342633928]",1.8758283342633928,0.0,1.8758283342633928,5.016666666666654,0,1,0,5.173350218683481,1.8758283342633927e-06,301,1,0
1,29,25,0,0,1,1.8758283342633928,"[0.0, 1.8758283342633928]",1.8758283342633928,0.0,1.8758283342633928,5.016666666666654,0,1,0,5.17335763288429,1.8758283342633927e-06,301,1,0
1,30,34,0,0,1,1.8758283342633928,"[0.0, 1.8758283342633928]",1.8758283342633928,0.0,1.8758283342633928,5.016666666666654,0,1,0,5.173448453482706,1.8758283342633927e-06,301,1,0
1,31,56,0,0,1,1.8758283342633928,"[0.0, 1.8758283342633928]",1.8758283342633928,0.0,1.8758283342633928,5.016666666666654,0,1,0,5.1733901797560975,1.8758283342633927e-06,301,1,0
1,32,17,0,0,1,1.8758228846958707,"[0.0, 1.8758228846958707]",1.8758228846958707,0.0,1.8758228846958707,5.016666666666654,0,1,0,5.173559146060143,1.8758228846958707e-06,301,1,0
1,33,15,0,0,0,1.8758010864257812,"[0.0, 1.8758010864257812]",1.8758010864257812,0.0,1.8758010864257812,5.016666666666654,0,1,0,5.1735892501310445,1.8758010864257813e-06,301,1,0
1,34,35,0,0,0,1.8758010864257812,"[0.0, 1.8758010864257812]",1.8758010864257812,0.0,1.8758010864257812,5.016666666666654,0,1,0,5.1735625980072655,1.8758010864257813e-06,301,1,0
1,35,43,0,0,0,1.8757847377232142,"[0.0, 1.8757847377232142]",1.8757847377232142,0.0,1.8757847377232142,5.016666666666654,0,1,0,5.173897466505878,1.8757847377232142e-06,301,1,0
1,36,42,0,0,0,1.875779288155692,"[0.0, 1.875779288155692]",1.875779288155692,0.0,1.875779288155692,5.016666666666654,0,1,0,5.174062387668528,1.875779288155692e-06,301,1,0
1,37,48,0,0,0,1.875779288155692,"[0.0, 1.875779288155692]",1.875779288155692,0.0,1.875779288155692,5.016666666666654,0,1,0,5.173932994599454,1.875779288155692e-06,301,1,0
1,38,46,0,0,0,1.8757738385881697,"[0.0, 1.8757738385881697]",1.8757738385881697,0.0,1.8757738385881697,5.016666666666654,0,1,0,5.174114010180347,1.8757738385881698e-06,301,1,0
1,39,0,0,0,0,1.875762939453125,"[0.0, 1.875762939453125]",1.875762939453125,0.0,1.875762939453125,5.016666666666654,0,1,0,5.17443579895189,1.875762939453125e-06,301,1,0
1,40,36,0,0,0,1.8757465907505582,"[0.0, 1.8757465907505582]",1.8757465907505582,0.0,1.8757465907505582,5.016666666666654,0,1,0,5.174412154243328,1.8757465907505581e-06,301,1,0
1,41,5,0,0,0,1.8755885532924108,"[0.0, 1.8755885532924108]",1.8755885532924108,0.0,1.8755885532924108,5.016666666666654,0,1,0,5.174906415981241,1.8755885532924108e-06,301,1,0
1,42,22,0,0,0,1.8753651210239957,"[0.0, 1.8753651210239957]",1.8753651210239957,0.0,1.8753651210239957,5.016666666666654,0,1,0,5.174655602371786,1.8753651210239957e-06,301,1,0
1,43,54,0,0,0,1.8752179827008928,"[0.0, 1.8752179827008928]",1.8752179827008928,0.0,1.8752179827008928,5.016666666666654,0,1,0,5.174873827723786,1.8752179827008927e-06,301,1,0
1,44,14,0,0,0,1.057837350027902,"[0.0, 1.057837350027902]",1.057837350027902,0.0,1.057837350027902,5.016666666666654,0,1,0,7.2001002705073915,1.057837350027902e-06,301,1,0
1,45,19,0,0,0,0.569899422781808,"[0.0, 0.569899422781808]",0.569899422781808,0.0,0.569899422781808,5.016666666666654,0,1,0,12.400257379253162,5.698994227818081e-07,301,1,0
1,46,58,0,0,0,0.385878426688058,"[0.0, 0.385878426688058]",0.385878426688058,0.0,0.385878426688058,5.016666666666654,0,1,0,14.415511153521948,3.85878426688058e-07,301,1,0
1,47,2,0,0,0,0.0,"[0.0, 0.0]",0.0,0.0,0.0,30.016666666666243,0,0,1,293.87209054036066,0.0,1801,0,1
1,48,3,0,0,0,0.0,"[0.0, 0.0]",0.0,0.0,0.0,30.016666666666243,0,0,1,293.87172538693994,0.0,1801,0,1
1,49,10,0,0,0,0.0,"[0.0, 0.0]",0.0,0.0,0.0,30.016666666666243,0,0,1,293.87174692796543,0.0,1801,0,1
1,50,11,0,0,0,0.0,"[0.0, 0.0]",0.0,0.0,0.0,30.016666666666243,0,0,1,293.8715618485585,0.0,1801,0,1
1,51,20,0,0,0,0.0,"[0.0, 0.0]",0.0,0.0,0.0,30.016666666666243,0,0,1,293.8719047163613,0.0,1801,0,1
1,52,24,0,0,0,0.0,"[0.0, 0.0]",0.0,0.0,0.0,6.483333333333316,0,1,0,46.758571402635425,0.0,389,1,0
1,53,26,0,0,0,0.0,"[0.0, 0.0]",0.0,0.0,0.0,5.016666666666654,0,1,0,22.59884927373423,0.0,301,1,0
1,54,28,0,0,0,0.0,"[0.0, 0.0]",0.0,0.0,0.0,30.016666666666243,0,0,1,293.8722490891814,0.0,1801,0,1
1,55,30,0,0,0,0.0,"[0.0, 0.0]",0.0,0.0,0.0,30.016666666666243,0,0,1,293.87132556689903,0.0,1801,0,1
1,56,31,0,0,0,0.0,"[0.0, 0.0]",0.0,0.0,0.0,30.016666666666243,0,0,1,293.8718904443085,0.0,1801,0,1
1,57,32,0,0,0,0.0,"[0.0, 0.0]",0.0,0.0,0.0,30.016666666666243,0,0,1,293.87225082563236,0.0,1801,0,1
1,58,40,0,0,0,0.0,"[0.0, 0.0]",0.0,0.0,0.0,30.016666666666243,0,0,1,293.86767556425184,0.0,1801,0,1
1,59,41,0,0,0,0.0,"[0.0, 0.0]",0.0,0.0,0.0,30.016666666666243,0,0,1,293.8723520003259,0.0,1801,0,1
1,60,49,0,0,0,0.0,"[0.0, 0.0]",0.0,0.0,0.0,30.016666666666243,0,0,1,293.8707431182265,0.0,1801,0,1
1,61,50,0,0,0,0.0,"[0.0, 0.0]",0.0,0.0,0.0,30.016666666666243,0,0,1,293.8708037948236,0.0,1801,0,1
1,62,55,0,0,0,0.0,"[0.0, 0.0]",0.0,0.0,0.0,5.016666666666654,0,1,0,36.60168319236254,0.0,301,1,0
1,63,57,0,0,0,0.0,"[0.0, 0.0]",0.0,0.0,0.0,30.016666666666243,0,0,1,293.87093982985243,0.0,1801,0,1
1,64,63,0,0,0,0.0,"[0.0, 0.0]",0.0,0.0,0.0,30.016666666666243,0,0,1,293.8721716478467,0.0,1801,0,1
2,1,8,0,1,1,8.13208716256278,"[0.0, 8.13208716256278]",8.13208716256278,5.714285714285714,8.13208716256278,4.933333333333321,0,1,0,75.9335427582264,8.132087162562779e-06,296,1,0
2,2,22,0,1,1,8.0736814226423,"[0.0, 8.0736814226423]",8.0736814226423,5.714285714285714,8.0736814226423,3.0333333333333274,0,1,0,76.0130086094141,8.0736814226423e-06,182,1,0
2,3,0,0,1,1,7.939902714320592,"[0.0, 7.939902714320592]",7.939902714320592,5.714285714285714,7.939902714320592,3.183333333333327,0,1,0,75.15539948642254,7.939902714320591e-06,191,1,0
2,4,1,0,1,1,7.8602736336844305,"[0.0, 7.8602736336844305]",7.8602736336844305,5.714285714285714,7.8602736336844305,2.9999999999999942,0,1,0,74.6937156021595,7.860273633684431e-06,180,1,0
2,5,47,0,1,1,7.713421412876674,"[0.0, 7.713421412876674]",7.713421412876674,5.714285714285714,7.713421412876674,4.583333333333322,0,1,0,74.00453381240368,7.713421412876673e-06,275,1,0
2,6,25,0,1,1,7.5808961050851,"[0.0, 7.5808961050851]",7.5808961050851,5.714285714285714,7.5808961050851,2.966666666666661,0,1,0,73.38396701216698,7.5808961050851e-06,178,1,0
2,7,39,0,1,1,7.52040045601981,"[0.0, 7.52040045601981]",7.52040045601981,5.714285714285714,7.52040045601981,2.9499999999999944,0,1,0,72.73200231790543,7.5204004560198095e-06,177,1,0
2,8,2,0,1,1,7.474027361188616,"[0.0, 7.474027361188616]",7.474027361188616,5.714285714285714,7.474027361188616,2.9499999999999944,0,1,0,72.7321652173996,7.474027361188616e-06,177,1,0
2,9,44,0,0,1,7.469185420445033,"[0.0, 7.469185420445033]",7.469185420445033,5.714285714285714,7.469185420445033,2.9499999999999944,0,1,0,72.73243579268456,7.469185420445033e-06,177,1,0
2,10,35,0,0,1,7.317801884242467,"[0.0, 7.317801884242467]",7.317801884242467,5.714285714285714,7.317801884242467,2.916666666666661,0,1,0,71.43647642433643,7.317801884242467e-06,175,1,0
2,11,3,0,0,1,7.297938210623604,"[0.0, 7.297938210623604]",7.297938210623604,5.714285714285714,7.297938210623604,2.916666666666661,0,1,0,71.43649707734585,7.297938210623604e-06,175,1,0
2,12,40,0,0,1,7.258657727922713,"[0.0, 7.258657727922713]",7.258657727922713,5.714285714285714,7.258657727922713,2.916666666666661,0,1,0,71.43618981540203,7.258657727922713e-06,175,1,0
2,13,43,0,0,1,7.219110216413226,"[0.0, 7.219110216413226]",7.219110216413226,5.714285714285714,7.219110216413226,2.8999999999999946,0,1,0,70.79168532788754,7.219110216413226e-06,174,1,0
2,14,4,0,0,1,7.142857142857142,"[0.0, 7.142857142857142]",7.142857142857142,5.714285714285714,7.142857142857142,2.8166666666666615,0,1,0,67.60478873550892,7.142857142857143e-06,169,1,0
2,15,5,0,0,1,7.142857142857142,"[0.0, 7.142857142857142]",7.142857142857142,5.714285714285714,7.142857142857142,2.8499999999999948,0,1,0,68.872039437294,7.142857142857143e-06,171,1,0
2,16,6,0,0,1,7.142857142857142,"[0.0, 7.142857142857142]",7.142857142857142,5.714285714285714,7.142857142857142,2.883333333333328,0,1,0,70.1497358083725,7.142857142857143e-06,173,1,0
2,17,7,0,0,1,7.142857142857142,"[0.0, 7.142857142857142]",7.142857142857142,5.714285714285714,7.142857142857142,2.8499999999999948,0,1,0,67.08714911341667,7.142857142857143e-06,171,1,0
2,18,9,0,0,1,7.142857142857142,"[0.0, 7.142857142857142]",7.142857142857142,5.714285714285714,7.142857142857142,2.833333333333328,0,1,0,67.80554395914078,7.142857142857143e-06,170,1,0
2,19,32,0,0,1,7.142857142857142,"[0.0, 7.142857142857142]",7.142857142857142,5.714285714285714,7.142857142857142,2.7333333333333285,0,1,0,64.47727143764496,7.142857142857143e-06,164,1,0
2,20,42,0,0,1,7.142857142857142,"[0.0, 7.142857142857142]",7.142857142857142,5.714285714285714,7.142857142857142,2.7333333333333285,0,1,0,64.47771276533604,7.142857142857143e-06,164,1,0
2,21,62,0,0,1,7.142857142857142,"[0.0, 7.142857142857142]",7.142857142857142,5.714285714285714,7.142857142857142,2.883333333333328,0,1,0,66.23429521918297,7.142857142857143e-06,173,1,0
2,22,55,0,0,1,7.1112823486328125,"[0.0, 7.1112823486328125]",7.1112823486328125,5.714285714285714,7.1112823486328125,2.7333333333333285,0,1,0,64.03824032843113,7.111282348632812e-06,164,1,0
2,23,12,0,0,1,7.027740478515625,"[0.0, 7.027740478515625]",7.027740478515625,5.714285714285714,7.027740478515625,2.6999999999999953,0,1,0,63.2431156039238,7.027740478515625e-06,162,1,0
2,24,45,0,0,1,6.439830235072545,"[0.0, 6.439830235072545]",6.439830235072545,5.714285714285714,6.439830235072545,7.283333333333313,0,1,0,56.53259716829052,6.439830235072545e-06,437,1,0
2,25,51,0,0,1,5.516777038574219,"[0.0, 5.516777038574219]",5.516777038574219,2.857142857142857,5.516777038574219,6.21666666666665,0,1,0,45.86919687956106,5.516777038574219e-06,373,1,0
2,26,10,0,0,1,5.337486267089844,"[0.0, 5.337486267089844]",5.337486267089844,2.857142857142857,5.337486267089844,7.366666666666646,0,1,0,60.4669436904951,5.3374862670898435e-06,442,1,0
2,27,28,0,0,1,2.857142857142857,"[0.0, 2.857142857142857]",2.857142857142857,0.0,2.857142857142857,30.016666666666243,0,0,1,293.87283050455153,2.8571428571428573e-06,1801,0,1
2,28,49,0,0,1,2.857142857142857,"[0.0, 2.857142857142857]",2.857142857142857,0.0,2.857142857142857,30.016666666666243,0,0,1,293.87256886903197,2.8571428571428573e-06,1801,0,1
2,29,33,0,0,1,2.854745047433036,"[0.0, 2.854745047433036]",2.854745047433036,0.0,2.854745047433036,5.016666666666654,0,1,0,28.201954446791206,2.854745047433036e-06,301,1,0
2,30,14,0,0,1,2.1118763514927457,"[0.0, 2.1118763514927457]",2.1118763514927457,0.0,2.1118763514927457,5.016666666666654,0,1,0,7.70562744140625,2.1118763514927457e-06,301,1,0
2,31,19,0,0,1,2.1118763514927457,"[0.0, 2.1118763514927457]",2.1118763514927457,0.0,2.1118763514927457,5.016666666666654,0,1,0,7.705708015069831,2.1118763514927457e-06,301,1,0
2,32,52,0,0,1,2.1118763514927457,"[0.0, 2.1118763514927457]",2.1118763514927457,0.0,2.1118763514927457,5.016666666666654,0,1,0,7.705630335025489,2.1118763514927457e-06,301,1,0
2,33,53,0,0,0,2.1118763514927457,"[0.0, 2.1118763514927457]",2.1118763514927457,0.0,2.1118763514927457,5.016666666666654,0,1,0,7.705638591898605,2.1118763514927457e-06,301,1,0
2,34,63,0,0,0,2.111870901925223,"[0.0, 2.111870901925223]",2.111870901925223,0.0,2.111870901925223,5.016666666666654,0,1,0,7.705694198957644,2.1118709019252233e-06,301,1,0
2,35,30,0,0,0,2.111865452357701,"[0.0, 2.111865452357701]",2.111865452357701,0.0,2.111865452357701,5.016666666666654,0,1,0,7.705680139770266,2.111865452357701e-06,301,1,0
2,36,13,0,0,0,2.1118436540876115,"[0.0, 2.1118436540876115]",2.1118436540876115,0.0,2.1118436540876115,5.016666666666654,0,1,0,7.705727060441859,2.1118436540876116e-06,301,1,0
2,37,16,0,0,0,2.1118000575474327,"[0.0, 2.1118000575474327]",2.1118000575474327,0.0,2.1118000575474327,5.016666666666654,0,1,0,7.705612206802471,2.1118000575474327e-06,301,1,0
2,38,29,0,0,0,2.111767360142299,"[0.0, 2.111767360142299]",2.111767360142299,0.0,2.111767360142299,5.016666666666654,0,1,0,7.705785350059159,2.111767360142299e-06,301,1,0
2,39,56,0,0,0,2.1117346627371654,"[0.0, 2.1117346627371654]",2.1117346627371654,0.0,2.1117346627371654,5.016666666666654,0,1,0,7.705805955687538,2.1117346627371654e-06,301,1,0
2,40,46,0,0,0,2.111592973981585,"[0.0, 2.111592973981585]",2.111592973981585,0.0,2.111592973981585,5.016666666666654,0,1,0,7.7061056040693074,2.111592973981585e-06,301,1,0
2,41,20,0,0,0,2.1110643659319193,"[0.0, 2.1110643659319193]",2.1110643659319193,0.0,2.1110643659319193,5.016666666666654,0,1,0,7.705564362171572,2.1110643659319194e-06,301,1,0
2,42,41,0,0,0,2.110873631068638,"[0.0, 2.110873631068638]",2.110873631068638,0.0,2.110873631068638,5.016666666666654,0,1,0,7.7060634137669695,2.110873631068638e-06,301,1,0
2,43,15,0,0,0,2.1079744611467635,"[0.0, 2.1079744611467635]",2.1079744611467635,0.0,2.1079744611467635,5.016666666666654,0,1,0,7.705927170536597,2.1079744611467633e-06,301,1,0
2,44,37,0,0,0,1.8758283342633928,"[0.0, 1.8758283342633928]",1.8758283342633928,0.0,1.8758283342633928,5.016666666666654,0,1,0,5.173346274532378,1.8758283342633927e-06,301,1,0
2,45,59,0,0,0,1.8758283342633928,"[0.0, 1.8758283342633928]",1.8758283342633928,0.0,1.8758283342633928,5.016666666666654,0,1,0,5.173346060328186,1.8758283342633927e-06,301,1,0
2,46,26,0,0,0,1.8758228846958707,"[0.0, 1.8758228846958707]",1.8758228846958707,0.0,1.8758228846958707,5.016666666666654,0,1,0,5.173552155261859,1.8758228846958707e-06,301,1,0
2,47,36,0,0,0,1.8758065359933036,"[0.0, 1.8758065359933036]",1.8758065359933036,0.0,1.8758065359933036,5.016666666666654,0,1,0,5.173580338770989,1.8758065359933037e-06,301,1,0
2,48,38,0,0,0,1.8758065359933036,"[0.0, 1.8758065359933036]",1.8758065359933036,0.0,1.8758065359933036,5.016666666666654,0,1,0,5.1735574990161695,1.8758065359933037e-06,301,1,0
2,49,54,0,0,0,1.8758065359933036,"[0.0, 1.8758065359933036]",1.8758065359933036,0.0,1.8758065359933036,5.016666666666654,0,1,0,5.173551746236626,1.8758065359933037e-06,301,1,0
2,50,60,0,0,0,1.8758065359933036,"[0.0, 1.8758065359933036]",1.8758065359933036,0.0,1.8758065359933036,5.016666666666654,0,1,0,5.173558311595116,1.8758065359933037e-06,301,1,0
2,51,57,0,0,0,1.875779288155692,"[0.0, 1.875779288155692]",1.875779288155692,0.0,1.875779288155692,5.016666666666654,0,1,0,5.1738959914655425,1.875779288155692e-06,301,1,0
2,52,48,0,0,0,1.8757465907505582,"[0.0, 1.8757465907505582]",1.8757465907505582,0.0,1.8757465907505582,5.016666666666654,0,1,0,5.174434530432336,1.8757465907505581e-06,301,1,0
2,53,31,0,0,0,1.874182564871652,"[0.0, 1.874182564871652]",1.874182564871652,0.0,1.874182564871652,5.016666666666654,0,1,0,5.175344915071037,1.874182564871652e-06,301,1,0
2,54,61,0,0,0,1.873833792550223,"[0.0, 1.873833792550223]",1.873833792550223,0.0,1.873833792550223,5.016666666666654,0,1,0,5.1796633854391985,1.873833792550223e-06,301,1,0
2,55,58,0,0,0,1.872950962611607,"[0.0, 1.872950962611607]",1.872950962611607,0.0,1.872950962611607,5.016666666666654,0,1,0,5.179895439068787,1.872950962611607e-06,301,1,0
2,56,24,0,0,0,0.5666514805385044,"[0.0, 0.5666514805385044]",0.5666514805385044,0.0,0.5666514805385044,5.016666666666654,0,1,0,12.652017203072319,5.666514805385045e-07,301,1,0
2,57,27,0,0,0,0.21161215645926337,"[0.0, 0.21161215645926337]",0.21161215645926337,0.0,0.21161215645926337,5.016666666666654,0,1,0,16.32308280444704,2.1161215645926337e-07,301,1,0
2,58,11,0,0,0,0.0,"[0.0, 0.0]",0.0,0.0,0.0,30.016666666666243,0,0,1,293.82895071525127,0.0,1801,0,1
2,59,17,0,0,0,0.0,"[0.0, 0.0]",0.0,0.0,0.0,30.016666666666243,0,0,1,293.76983429305255,0.0,1801,0,1
2,60,18,0,0,0,0.0,"[0.0, 0.0]",0.0,0.0,0.0,5.016666666666654,0,1,0,21.550282641954254,0.0,301,1,0
2,61,21,0,0,0,0.0,"[0.0, 0.0]",0.0,0.0,0.0,30.016666666666243,0,0,1,293.87210563616827,0.0,1801,0,1
2,62,23,0,0,0,0.0,"[0.0, 0.0]",0.0,0.0,0.0,30.016666666666243,0,0,1,287.2739446274936,0.0,1801,0,1
2,63,34,0,0,0,0.0,"[0.0, 0.0]",0.0,0.0,0.0,6.283333333333316,0,1,0,32.86152512120316,0.0,377,1,0
2,64,50,0,0,0,0.0,"[0.0, 0.0]",0.0,0.0,0.0,6.033333333333317,0,1,0,46.465218958910555,0.0,362,1,0
3,1,18,0,1,1,8.35514886038644,"[0.0, 8.35514886038644]",8.35514886038644,5.714285714285714,8.35514886038644,3.0833333333333273,0,1,0,77.03199988603592,8.355148860386439e-06,185,1,0
3,2,36,0,1,1,8.268010275704519,"[0.0, 8.268010275704519]",8.268010275704519,5.714285714285714,8.268010275704519,3.049999999999994,0,1,0,76.6757972240448,8.268010275704518e-06,183,1,0
3,3,57,0,1,1,8.155711037772043,"[0.0, 8.155711037772043]",8.155711037772043,5.714285714285714,8.155711037772043,3.2499999999999933,0,1,0,75.94920609891415,8.155711037772044e-06,195,1,0
3,4,19,0,1,1,8.136228833879745,"[0.0, 8.136228833879745]",8.136228833879745,5.714285714285714,8.136228833879745,3.2333333333333267,0,1,0,76.08283106982708,8.136228833879745e-06,194,1,0
3,5,0,0,1,1,8.13208716256278,"[0.0, 8.13208716256278]",8.13208716256278,5.714285714285714,8.13208716256278,4.933333333333321,0,1,0,75.9335427582264,8.132087162562779e-06,296,1,0
3,6,1,0,1,1,8.0736814226423,"[0.0, 8.0736814226423]",8.0736814226423,5.714285714285714,8.0736814226423,3.0333333333333274,0,1,0,76.0130086094141,8.0736814226423e-06,182,1,0
3,7,29,0,1,1,8.003226688929967,"[0.0, 8.003226688929967]",8.003226688929967,5.714285714285714,8.003226688929967,3.0833333333333273,0,1,0,75.82696396112442,8.003226688929968e-06,185,1,0
3,8,2,0,1,1,7.939902714320592,"[0.0, 7.939902714320592]",7.939902714320592,5.714285714285714,7.939902714320592,3.183333333333327,0,1,0,75.15539948642254,7.939902714320591e-06,191,1,0
3,9,49,0,0,1,7.8683880397251675,"[0.0, 7.8683880397251675]",7.8683880397251675,5.714285714285714,7.8683880397251675,2.9999999999999942,0,1,0,74.6937118768692,7.868388039725167e-06,180,1,0
3,10,3,0,0,1,7.8602736336844305,"[0.0, 7.8602736336844305]",7.8602736336844305,5.714285714285714,7.8602736336844305,2.9999999999999942,0,1,0,74.6937156021595,7.860273633684431e-06,180,1,0
3,11,59,0,0,1,7.779230390276227,"[0.0, 7.779230390276227]",7.779230390276227,5.714285714285714,7.779230390276227,2.9999999999999942,0,1,0,74.50411869585514,7.779230390276228e-06,180,1,0
3,12,62,0,0,1,7.7201979500906805,"[0.0, 7.7201979500906805]",7.7201979500906805,5.714285714285714,7.7201979500906805,2.9833333333333276,0,1,0,74.03747902810574,7.72019795009068e-06,179,1,0
3,13,4,0,0,1,7.713421412876674,"[0.0, 7.713421412876674]",7.713421412876674,5.714285714285714,7.713421412876674,4.583333333333322,0,1,0,74.00453381240368,7.713421412876673e-06,275,1,0
3,14,39,0,0,1,7.63134547642299,"[0.0, 7.63134547642299]",7.63134547642299,5.714285714285714,7.63134547642299,2.9833333333333276,0,1,0,74.03771725296974,7.63134547642299e-06,179,1,0
3,15,5,0,0,1,7.5808961050851,"[0.0, 7.5808961050851]",7.5808961050851,5.714285714285714,7.5808961050851,2.966666666666661,0,1,0,73.38396701216698,7.5808961050851e-06,178,1,0
3,16,42,0,0,1,7.557765415736608,"[0.0, 7.557765415736608]",7.557765415736608,5.714285714285714,7.557765415736608,2.966666666666661,0,1,0,73.3835793286562,7.557765415736607e-06,178,1,0
3,17,6,0,0,1,7.52040045601981,"[0.0, 7.52040045601981]",7.52040045601981,5.714285714285714,7.52040045601981,2.9499999999999944,0,1,0,72.73200231790543,7.5204004560198095e-06,177,1,0
3,18,7,0,0,1,7.474027361188616,"[0.0, 7.474027361188616]",7.474027361188616,5.714285714285714,7.474027361188616,2.9499999999999944,0,1,0,72.7321652173996,7.474027361188616e-06,177,1,0
3,19,43,0,0,1,7.400621686662946,"[0.0, 7.400621686662946]",7.400621686662946,5.714285714285714,7.400621686662946,3.2499999999999933,0,1,0,72.34177969396114,7.4006216866629465e-06,195,1,0
3,20,14,0,0,1,7.349401201520648,"[0.0, 7.349401201520648]",7.349401201520648,5.714285714285714,7.349401201520648,2.933333333333328,0,1,0,72.08337777853012,7.349401201520647e-06,176,1,0
3,21,56,0,0,1,7.324237823486328,"[0.0, 7.324237823486328]",7.324237823486328,5.714285714285714,7.324237823486328,2.933333333333328,0,1,0,72.08296722173691,7.324237823486328e-06,176,1,0
3,22,47,0,0,1,7.296216147286551,"[0.0, 7.296216147286551]",7.296216147286551,5.714285714285714,7.296216147286551,2.916666666666661,0,1,0,71.43624266982079,7.296216147286551e-06,175,1,0
3,23,45,0,0,1,7.258845738002233,"[0.0, 7.258845738002233]",7.258845738002233,5.714285714285714,7.258845738002233,2.933333333333328,0,1,0,71.02600705623627,7.258845738002232e-06,176,1,0
3,24,50,0,0,1,7.220657893589564,"[0.0, 7.220657893589564]",7.220657893589564,5.714285714285714,7.220657893589564,2.8999999999999946,0,1,0,70.79185298085213,7.220657893589564e-06,174,1,0
3,25,52,0,0,1,7.206295558384486,"[0.0, 7.206295558384486]",7.206295558384486,5.714285714285714,7.206295558384486,2.8999999999999946,0,1,0,70.79214592278004,7.206295558384486e-06,174,1,0
3,26,17,0,0,1,7.146805354527065,"[0.0, 7.146805354527065]",7.146805354527065,5.714285714285714,7.146805354527065,2.883333333333328,0,1,0,70.14976312220097,7.146805354527065e-06,173,1,0
3,27,16,0,0,1,7.142857142857142,"[0.0, 7.142857142857142]",7.142857142857142,5.714285714285714,7.142857142857142,4.34999999999999,0,1,0,66.53213205933571,7.142857142857143e-06,261,1,0
3,28,21,0,0,1,7.142857142857142,"[0.0, 7.142857142857142]",7.142857142857142,5.714285714285714,7.142857142857142,2.8666666666666614,0,1,0,68.86635613441467,7.142857142857143e-06,172,1,0
3,29,24,0,0,1,7.142857142857142,"[0.0, 7.142857142857142]",7.142857142857142,5.714285714285714,7.142857142857142,2.883333333333328,0,1,0,70.14963220059872,7.142857142857143e-06,173,1,0
3,30,26,0,0,1,7.142857142857142,"[0.0, 7.142857142857142]",7.142857142857142,5.714285714285714,7.142857142857142,2.749999999999995,0,1,0,64.82200634479523,7.142857142857143e-06,165,1,0
3,31,31,0,0,1,7.142857142857142,"[0.0, 7.142857142857142]",7.142857142857142,5.714285714285714,7.142857142857142,2.8499999999999948,0,1,0,68.87273263931274,7.142857142857143e-06,171,1,0
3,32,40,0,0,1,7.142857142857142,"[0.0, 7.142857142857142]",7.142857142857142,5.714285714285714,7.142857142857142,2.8166666666666615,0,1,0,67.60456275939941,7.142857142857143e-06,169,1,0
3,33,61,0,0,0,7.142857142857142,"[0.0, 7.142857142857142]",7.142857142857142,5.714285714285714,7.142857142857142,2.799999999999995,0,1,0,66.97463877499104,7.142857142857143e-06,168,1,0
3,34,48,0,0,0,7.024666922433036,"[0.0, 7.024666922433036]",7.024666922433036,5.714285714285714,7.024666922433036,2.6999999999999953,0,1,0,63.243000477552414,7.024666922433035e-06,162,1,0
3,35,33,0,0,0,6.571039472307477,"[0.0, 6.571039472307477]",6.571039472307477,5.714285714285714,6.571039472307477,7.316666666666646,0,1,0,57.633620318665635,6.5710394723074775e-06,439,1,0
3,36,25,0,0,0,6.567213875906807,"[0.0, 6.567213875906807]",6.567213875906807,5.714285714285714,6.567213875906807,2.583333333333329,0,1,0,58.59890106320381,6.567213875906807e-06,155,1,0
3,37,46,0,0,0,6.43204825265067,"[0.0, 6.43204825265067]",6.43204825265067,5.714285714285714,6.43204825265067,2.533333333333329,0,1,0,57.218931779265404,6.43204825265067e-06,152,1,0
3,38,51,0,0,0,6.038355146135602,"[0.0, 6.038355146135602]",6.038355146135602,5.714285714285714,6.038355146135602,2.416666666666663,0,1,0,53.14891657233238,6.0383551461356026e-06,145,1,0
3,39,60,0,0,0,5.879113333565848,"[0.0, 5.879113333565848]",5.879113333565848,5.714285714285714,5.879113333565848,2.366666666666663,0,1,0,51.442445904016495,5.879113333565848e-06,142,1,0
3,40,34,0,0,0,5.572231837681361,"[0.0, 5.572231837681361]",5.572231837681361,2.857142857142857,5.572231837681361,2.5666666666666624,0,1,0,48.09038054943085,5.572231837681361e-06,154,1,0
3,41,63,0,0,0,5.332532610212053,"[0.0, 5.332532610212053]",5.332532610212053,2.857142857142857,5.332532610212053,6.06666666666665,0,1,0,43.912207712914096,5.332532610212053e-06,364,1,0
3,42,53,0,0,0,2.5037384033203125,"[0.0, 2.5037384033203125]",2.5037384033203125,0.0,2.5037384033203125,5.016666666666654,0,1,0,12.288498966314364,2.5037384033203126e-06,301,1,0
3,43,20,0,0,0,2.157233101981027,"[0.0, 2.157233101981027]",2.157233101981027,0.0,2.157233101981027,5.016666666666654,0,1,0,8.213247540203156,2.1572331019810268e-06,301,1,0
3,44,23,0,0,0,2.117511204310826,"[0.0, 2.117511204310826]",2.117511204310826,0.0,2.117511204310826,5.016666666666654,0,1,0,7.785670385463163,2.117511204310826e-06,301,1,0
3,45,15,0,0,0,2.1118763514927457,"[0.0, 2.1118763514927457]",2.1118763514927457,0.0,2.1118763514927457,5.016666666666654,0,1,0,7.705647932132706,2.1118763514927457e-06,301,1,0
3,46,22,0,0,0,2.1118763514927457,"[0.0, 2.1118763514927457]",2.1118763514927457,0.0,2.1118763514927457,5.016666666666654,0,1,0,7.7056356887333095,2.1118763514927457e-06,301,1,0
3,47,9,0,0,0,2.111865452357701,"[0.0, 2.111865452357701]",2.111865452357701,0.0,2.111865452357701,5.016666666666654,0,1,0,7.705680355022196,2.111865452357701e-06,301,1,0
3,48,30,0,0,0,2.111865452357701,"[0.0, 2.111865452357701]",2.111865452357701,0.0,2.111865452357701,5.016666666666654,0,1,0,7.705708546040114,2.111865452357701e-06,301,1,0
3,49,38,0,0,0,2.111860002790179,"[0.0, 2.111860002790179]",2.111860002790179,0.0,2.111860002790179,5.016666666666654,0,1,0,7.7057573511847295,2.111860002790179e-06,301,1,0
3,50,32,0,0,0,2.1117346627371654,"[0.0, 2.1117346627371654]",2.1117346627371654,0.0,2.1117346627371654,5.016666666666654,0,1,0,7.705684012704296,2.1117346627371654e-06,301,1,0
3,51,13,0,0,0,2.111729213169643,"[0.0, 2.111729213169643]",2.111729213169643,0.0,2.111729213169643,5.016666666666654,0,1,0,7.705826763471123,2.111729213169643e-06,301,1,0
3,52,41,0,0,0,2.111696515764509,"[0.0, 2.111696515764509]",2.111696515764509,0.0,2.111696515764509,5.016666666666654,0,1,0,7.705847829056438,2.1116965157645093e-06,301,1,0
3,53,28,0,0,0,2.109707423618862,"[0.0, 2.109707423618862]",2.109707423618862,0.0,2.109707423618862,5.016666666666654,0,1,0,7.712433908287494,2.109707423618862e-06,301,1,0
3,54,54,0,0,0,2.0625632149832587,"[0.0, 2.0625632149832587]",2.0625632149832587,0.0,2.0625632149832587,5.016666666666654,0,1,0,7.154064428934362,2.062563214983259e-06,301,1,0
3,55,8,0,0,0,1.8758283342633928,"[0.0, 1.8758283342633928]",1.8758283342633928,0.0,1.8758283342633928,5.016666666666654,0,1,0,5.173352207988501,1.8758283342633927e-06,301,1,0
3,56,58,0,0,0,1.8757465907505582,"[0.0, 1.8757465907505582]",1.8757465907505582,0.0,1.8757465907505582,5.016666666666654,0,1,0,5.174615521507803,1.8757465907505581e-06,301,1,0
3,57,27,0,0,0,1.8756375994001115,"[0.0, 1.8756375994001115]",1.8756375994001115,0.0,1.8756375994001115,5.016666666666654,0,1,0,5.175172004790511,1.8756375994001115e-06,301,1,0
3,58,55,0,0,0,1.87530517578125,"[0.0, 1.87530517578125]",1.87530517578125,0.0,1.87530517578125,5.016666666666654,0,1,0,5.174843090528157,1.87530517578125e-06,301,1,0
3,59,12,0,0,0,1.874880109514509,"[0.0, 1.874880109514509]",1.874880109514509,0.0,1.874880109514509,5.016666666666654,0,1,0,5.175524537160527,1.874880109514509e-06,301,1,0
3,60,10,0,0,0,0.0,"[0.0, 0.0]",0.0,0.0,0.0,30.016666666666243,0,0,1,293.8722971989773,0.0,1801,0,1
3,61,11,0,0,0,0.0,"[0.0, 0.0]",0.0,0.0,0.0,30.016666666666243,0,0,1,293.77207479067147,0.0,1801,0,1
3,62,35,0,0,0,0.0,"[0.0, 0.0]",0.0,0.0,0.0,30.016666666666243,0,0,1,293.8723411592655,0.0,1801,0,1
3,63,37,0,0,0,0.0,"[0.0, 0.0]",0.0,0.0,0.0,19.350000000000183,0,1,0,183.24093005480245,0.0,1161,1,0
3,64,44,0,0,0,0.0,"[0.0, 0.0]",0.0,0.0,0.0,30.016666666666243,0,0,1,293.87221354898065,0.0,1801,0,1
4,1,33,0,1,1,8.477355412074498,"[0.0, 8.477355412074498]",8.477355412074498,5.714285714285714,8.477355412074498,3.0833333333333273,0,1,0,77.51677533984184,8.477355412074498e-06,185,1,0
4,2,0,0,1,1,8.35514886038644,"[0.0, 8.35514886038644]",8.35514886038644,5.714285714285714,8.35514886038644,3.0833333333333273,0,1,0,77.03199988603592,8.355148860386439e-06,185,1,0
4,3,26,0,1,1,8.274606977190292,"[0.0, 8.274606977190292]",8.274606977190292,5.714285714285714,8.274606977190292,3.049999999999994,0,1,0,76.67629115283489,8.274606977190292e-06,183,1,0
4,4,1,0,1,1,8.268010275704519,"[0.0, 8.268010275704519]",8.268010275704519,5.714285714285714,8.268010275704519,3.049999999999994,0,1,0,76.6757972240448,8.268010275704518e-06,183,1,0
4,5,2,0,1,1,8.155711037772043,"[0.0, 8.155711037772043]",8.155711037772043,5.714285714285714,8.155711037772043,3.2499999999999933,0,1,0,75.94920609891415,8.155711037772044e-06,195,1,0
4,6,20,0,1,1,8.155495779854911,"[0.0, 8.155495779854911]",8.155495779854911,5.714285714285714,8.155495779854911,3.299999999999993,0,1,0,75.93988516926765,8.155495779854911e-06,198,1,0
4,7,3,0,1,1,8.136228833879745,"[0.0, 8.136228833879745]",8.136228833879745,5.714285714285714,8.136228833879745,3.2333333333333267,0,1,0,76.08283106982708,8.136228833879745e-06,194,1,0
4,8,31,0,1,1,8.1357056753976,"[0.0, 8.1357056753976]",8.1357056753976,5.714285714285714,8.1357056753976,3.0333333333333274,0,1,0,76.01273034512997,8.1357056753976e-06,182,1,0
4,9,4,0,0,1,8.13208716256278,"[0.0, 8.13208716256278]",8.13208716256278,5.714285714285714,8.13208716256278,4.933333333333321,0,1,0,75.9335427582264,8.132087162562779e-06,296,1,0
4,10,5,0,0,1,8.0736814226423,"[0.0, 8.0736814226423]",8.0736814226423,5.714285714285714,8.0736814226423,3.0333333333333274,0,1,0,76.0130086094141,8.0736814226423e-06,182,1,0
4,11,58,0,0,1,8.031212942940847,"[0.0, 8.031212942940847]",8.031212942940847,5.714285714285714,8.031212942940847,3.049999999999994,0,1,0,75.71295166015625,8.031212942940848e-06,183,1,0
4,12,6,0,0,1,8.003226688929967,"[0.0, 8.003226688929967]",8.003226688929967,5.714285714285714,8.003226688929967,3.0833333333333273,0,1,0,75.82696396112442,8.003226688929968e-06,185,1,0
4,13,63,0,0,1,7.989335741315569,"[0.0, 7.989335741315569]",7.989335741315569,5.714285714285714,7.989335741315569,3.016666666666661,0,1,0,75.35232232511044,7.989335741315569e-06,181,1,0
4,14,7,0,0,1,7.939902714320592,"[0.0, 7.939902714320592]",7.939902714320592,5.714285714285714,7.939902714320592,3.183333333333327,0,1,0,75.15539948642254,7.939902714320591e-06,191,1,0
4,15,47,0,0,1,7.7205303737095425,"[0.0, 7.7205303737095425]",7.7205303737095425,5.714285714285714,7.7205303737095425,2.9833333333333276,0,1,0,74.03761845827103,7.720530373709543e-06,179,1,0
4,16,38,0,0,1,7.596375601632255,"[0.0, 7.596375601632255]",7.596375601632255,5.714285714285714,7.596375601632255,4.983333333333321,0,1,0,73.22229310125113,7.596375601632256e-06,299,1,0
4,17,45,0,0,1,7.587609972272601,"[0.0, 7.587609972272601]",7.587609972272601,5.714285714285714,7.587609972272601,2.9833333333333276,0,1,0,73.18342299759388,7.587609972272601e-06,179,1,0
4,18,59,0,0,1,7.4289975847516745,"[0.0, 7.4289975847516745]",7.4289975847516745,5.714285714285714,7.4289975847516745,2.9499999999999944,0,1,0,72.73221781849861,7.428997584751675e-06,177,1,0
4,19,17,0,0,1,7.399139404296876,"[0.0, 7.399139404296876]",7.399139404296876,5.714285714285714,7.399139404296876,2.966666666666661,0,1,0,72.49427206814289,7.399139404296876e-06,178,1,0
4,20,21,0,0,1,7.393016815185546,"[0.0, 7.393016815185546]",7.393016815185546,5.714285714285714,7.393016815185546,3.0833333333333273,0,1,0,72.28850938379765,7.393016815185546e-06,185,1,0
4,21,28,0,0,1,7.3733738490513385,"[0.0, 7.3733738490513385]",7.3733738490513385,5.714285714285714,7.3733738490513385,2.933333333333328,0,1,0,72.08301410079002,7.3733738490513386e-06,176,1,0
4,22,32,0,0,1,7.342491149902345,"[0.0, 7.342491149902345]",7.342491149902345,5.714285714285714,7.342491149902345,2.933333333333328,0,1,0,71.97893717885017,7.342491149902345e-06,176,1,0
4,23,57,0,0,1,7.32848848615374,"[0.0, 7.32848848615374]",7.32848848615374,5.714285714285714,7.32848848615374,2.933333333333328,0,1,0,72.08324480056763,7.328488486153739e-06,176,1,0
4,24,56,0,0,1,7.2987147739955365,"[0.0, 7.2987147739955365]",7.2987147739955365,5.714285714285714,7.2987147739955365,2.916666666666661,0,1,0,71.43635515868664,7.298714773995537e-06,175,1,0
4,25,46,0,0,1,7.264562334333147,"[0.0, 7.264562334333147]",7.264562334333147,5.714285714285714,7.264562334333147,2.916666666666661,0,1,0,71.3097092807293,7.264562334333146e-06,175,1,0
4,26,62,0,0,1,7.263017381940569,"[0.0, 7.263017381940569]",7.263017381940569,5.714285714285714,7.263017381940569,2.916666666666661,0,1,0,71.43622739613056,7.263017381940568e-06,175,1,0
4,27,44,0,0,1,7.229257311139787,"[0.0, 7.229257311139787]",7.229257311139787,5.714285714285714,7.229257311139787,2.8999999999999946,0,1,0,70.79185192286968,7.229257311139787e-06,174,1,0
4,28,55,0,0,1,7.143756321498326,"[0.0, 7.143756321498326]",7.143756321498326,5.714285714285714,7.143756321498326,2.883333333333328,0,1,0,70.14983870089054,7.143756321498327e-06,173,1,0
4,29,13,0,0,1,7.142857142857142,"[0.0, 7.142857142857142]",7.142857142857142,5.714285714285714,7.142857142857142,2.9833333333333276,0,1,0,68.8287405371666,7.142857142857143e-06,179,1,0
4,30,14,0,0,1,7.142857142857142,"[0.0, 7.142857142857142]",7.142857142857142,5.714285714285714,7.142857142857142,2.799999999999995,0,1,0,66.22280579805374,7.142857142857143e-06,168,1,0
4,31,23,0,0,1,7.142857142857142,"[0.0, 7.142857142857142]",7.142857142857142,5.714285714285714,7.142857142857142,2.883333333333328,0,1,0,70.1498786509037,7.142857142857143e-06,173,1,0
4,32,24,0,0,1,7.142857142857142,"[0.0, 7.142857142857142]",7.142857142857142,5.714285714285714,7.142857142857142,2.833333333333328,0,1,0,68.2373561412096,7.142857142857143e-06,170,1,0
4,33,25,0,0,0,7.142857142857142,"[0.0, 7.142857142857142]",7.142857142857142,5.714285714285714,7.142857142857142,2.8166666666666615,0,1,0,67.60459008812904,7.142857142857143e-06,169,1,0
4,34,30,0,0,0,7.142857142857142,"[0.0, 7.142857142857142]",7.142857142857142,5.714285714285714,7.142857142857142,2.883333333333328,0,1,0,69.99360802769661,7.142857142857143e-06,173,1,0
4,35,36,0,0,0,7.142857142857142,"[0.0, 7.142857142857142]",7.142857142857142,5.714285714285714,7.142857142857142,2.8499999999999948,0,1,0,68.87246531248093,7.142857142857143e-06,171,1,0
4,36,41,0,0,0,7.142857142857142,"[0.0, 7.142857142857142]",7.142857142857142,5.714285714285714,7.142857142857142,2.883333333333328,0,1,0,70.0180503576994,7.142857142857143e-06,173,1,0
4,37,43,0,0,0,7.142857142857142,"[0.0, 7.142857142857142]",7.142857142857142,5.714285714285714,7.142857142857142,2.749999999999995,0,1,0,65.09837897121906,7.142857142857143e-06,165,1,0
4,38,49,0,0,0,7.142857142857142,"[0.0, 7.142857142857142]",7.142857142857142,5.714285714285714,7.142857142857142,2.966666666666661,0,1,0,70.19615775346756,7.142857142857143e-06,178,1,0
4,39,61,0,0,0,7.142857142857142,"[0.0, 7.142857142857142]",7.142857142857142,5.714285714285714,7.142857142857142,2.8166666666666615,0,1,0,67.60475726425648,7.142857142857143e-06,169,1,0
4,40,18,0,0,0,6.6612461635044635,"[0.0, 6.6612461635044635]",6.6612461635044635,5.714285714285714,6.6612461635044635,7.449999999999979,0,1,0,58.64382641622797,6.661246163504464e-06,447,1,0
4,41,51,0,0,0,6.550832475934709,"[0.0, 6.550832475934709]",6.550832475934709,5.714285714285714,6.550832475934709,2.5666666666666624,0,1,0,58.404265731573105,6.5508324759347095e-06,154,1,0
4,42,29,0,0,0,3.907012939453125,"[0.0, 3.907012939453125]",3.907012939453125,2.857142857142857,3.907012939453125,7.616666666666645,0,1,0,28.111975544015877,3.907012939453125e-06,457,1,0
4,43,35,0,0,0,2.111870901925223,"[0.0, 2.111870901925223]",2.111870901925223,0.0,2.111870901925223,5.016666666666654,0,1,0,7.705701824976131,2.1118709019252233e-06,301,1,0
4,44,12,0,0,0,2.111860002790179,"[0.0, 2.111860002790179]",2.111860002790179,0.0,2.111860002790179,5.016666666666654,0,1,0,7.70573241065722,2.111860002790179e-06,301,1,0
4,45,42,0,0,0,2.1118382045200894,"[0.0, 2.1118382045200894]",2.1118382045200894,0.0,2.1118382045200894,5.016666666666654,0,1,0,7.705704336112831,2.1118382045200896e-06,301,1,0
4,46,9,0,0,0,2.111751011439732,"[0.0, 2.111751011439732]",2.111751011439732,0.0,2.111751011439732,5.016666666666654,0,1,0,7.705721645324957,2.111751011439732e-06,301,1,0
4,47,11,0,0,0,2.1116692679268976,"[0.0, 2.1116692679268976]",2.1116692679268976,0.0,2.1116692679268976,5.016666666666654,0,1,0,7.705826542660361,2.1116692679268976e-06,301,1,0
4,48,37,0,0,0,2.111560276576451,"[0.0, 2.111560276576451]",2.111560276576451,0.0,2.111560276576451,5.016666666666654,0,1,0,7.705882722366368,2.111560276576451e-06,301,1,0
4,49,40,0,0,0,2.111560276576451,"[0.0, 2.111560276576451]",2.111560276576451,0.0,2.111560276576451,5.016666666666654,0,1,0,7.705943198961904,2.111560276576451e-06,301,1,0
4,50,54,0,0,0,2.110873631068638,"[0.0, 2.110873631068638]",2.110873631068638,0.0,2.110873631068638,5.016666666666654,0,1,0,7.706079747069452,2.110873631068638e-06,301,1,0
4,51,34,0,0,0,2.1102741786411827,"[0.0, 2.1102741786411827]",2.1102741786411827,0.0,2.1102741786411827,5.016666666666654,0,1,0,7.706181502777326,2.110274178641183e-06,301,1,0
4,52,39,0,0,0,1.9197463989257812,"[0.0, 1.9197463989257812]",1.9197463989257812,0.0,1.9197463989257812,5.016666666666654,0,1,0,5.573085479438305,1.919746398925781e-06,301,1,0
4,53,16,0,0,0,1.8758283342633928,"[0.0, 1.8758283342633928]",1.8758283342633928,0.0,1.8758283342633928,5.016666666666654,0,1,0,5.17333984375,1.8758283342633927e-06,301,1,0
4,54,22,0,0,0,1.8758283342633928,"[0.0, 1.8758283342633928]",1.8758283342633928,0.0,1.8758283342633928,5.016666666666654,0,1,0,5.173396640922874,1.8758283342633927e-06,301,1,0
4,55,27,0,0,0,1.8758283342633928,"[0.0, 1.8758283342633928]",1.8758283342633928,0.0,1.8758283342633928,5.016666666666654,0,1,0,5.173530847008806,1.8758283342633927e-06,301,1,0
4,56,53,0,0,0,1.8758283342633928,"[0.0, 1.8758283342633928]",1.8758283342633928,0.0,1.8758283342633928,5.016666666666654,0,1,0,5.1735711744986475,1.8758283342633927e-06,301,1,0
4,57,8,0,0,0,1.875817435128348,"[0.0, 1.875817435128348]",1.875817435128348,0.0,1.875817435128348,5.016666666666654,0,1,0,5.1736396561027505,1.875817435128348e-06,301,1,0
4,58,15,0,0,0,1.8758010864257812,"[0.0, 1.8758010864257812]",1.8758010864257812,0.0,1.8758010864257812,5.016666666666654,0,1,0,5.1735978304059245,1.8758010864257813e-06,301,1,0
4,59,50,0,0,0,1.8757738385881697,"[0.0, 1.8757738385881697]",1.8757738385881697,0.0,1.8757738385881697,5.016666666666654,0,1,0,5.174066130595747,1.8757738385881698e-06,301,1,0
4,60,60,0,0,0,1.8757465907505582,"[0.0, 1.8757465907505582]",1.8757465907505582,0.0,1.8757465907505582,5.016666666666654,0,1,0,5.1746170681435615,1.8757465907505581e-06,301,1,0
4,61,10,0,0,0,1.8757411411830356,"[0.0, 1.8757411411830356]",1.8757411411830356,0.0,1.8757411411830356,5.016666666666654,0,1,0,5.174834263685625,1.8757411411830355e-06,301,1,0
4,62,48,0,0,0,1.8757411411830356,"[0.0, 1.8757411411830356]",1.8757411411830356,0.0,1.8757411411830356,5.016666666666654,0,1,0,5.174606373417191,1.8757411411830355e-06,301,1,0
4,63,52,0,0,0,1.0844366891043526,"[0.0, 1.0844366891043526]",1.0844366891043526,0.0,1.0844366891043526,5.016666666666654,0,1,0,6.906761168153025,1.0844366891043527e-06,301,1,0
4,64,19,0,0,0,0.0,"[0.0, 0.0]",0.0,0.0,0.0,5.016666666666654,0,1,0,20.332505735219456,0.0,301,1,0
5,1,57,0,1,1,8.743043627057755,"[0.0, 8.743043627057755]",8.743043627057755,8.571428571428571,8.743043627057755,3.099999999999994,0,1,0,78.6195824444294,8.743043627057756e-06,186,1,0
5,2,0,0,1,1,8.477355412074498,"[0.0, 8.477355412074498]",8.477355412074498,5.714285714285714,8.477355412074498,3.0833333333333273,0,1,0,77.51677533984184,8.477355412074498e-06,185,1,0
5,3,1,0,1,1,8.35514886038644,"[0.0, 8.35514886038644]",8.35514886038644,5.714285714285714,8.35514886038644,3.0833333333333273,0,1,0,77.03199988603592,8.355148860386439e-06,185,1,0
5,4,30,0,1,1,8.338358742850167,"[0.0, 8.338358742850167]",8.338358742850167,5.714285714285714,8.338358742850167,3.049999999999994,0,1,0,76.67606838047504,8.338358742850166e-06,183,1,0
5,5,9,0,1,1,8.32115718296596,"[0.0, 8.32115718296596]",8.32115718296596,5.714285714285714,8.32115718296596,3.0666666666666607,0,1,0,76.76190042495728,8.32115718296596e-06,184,1,0
5,6,2,0,1,1,8.274606977190292,"[0.0, 8.274606977190292]",8.274606977190292,5.714285714285714,8.274606977190292,3.049999999999994,0,1,0,76.67629115283489,8.274606977190292e-06,183,1,0
5,7,3,0,1,1,8.268010275704519,"[0.0, 8.268010275704519]",8.268010275704519,5.714285714285714,8.268010275704519,3.049999999999994,0,1,0,76.6757972240448,8.268010275704518e-06,183,1,0
5,8,60,0,1,1,8.218975067138672,"[0.0, 8.218975067138672]",8.218975067138672,5.714285714285714,8.218975067138672,3.0666666666666607,0,1,0,76.49479733407497,8.218975067138673e-06,184,1,0
5,9,24,0,0,1,8.163762773786273,"[0.0, 8.163762773786273]",8.163762773786273,5.714285714285714,8.163762773786273,3.049999999999994,0,1,0,76.10601256787777,8.163762773786272e-06,183,1,0
5,10,4,0,0,1,8.155711037772043,"[0.0, 8.155711037772043]",8.155711037772043,5.714285714285714,8.155711037772043,3.2499999999999933,0,1,0,75.94920609891415,8.155711037772044e-06,195,1,0
5,11,5,0,0,1,8.155495779854911,"[0.0, 8.155495779854911]",8.155495779854911,5.714285714285714,8.155495779854911,3.299999999999993,0,1,0,75.93988516926765,8.155495779854911e-06,198,1,0
5,12,6,0,0,1,8.136228833879745,"[0.0, 8.136228833879745]",8.136228833879745,5.714285714285714,8.136228833879745,3.2333333333333267,0,1,0,76.08283106982708,8.136228833879745e-06,194,1,0
5,13,7,0,0,1,8.1357056753976,"[0.0, 8.1357056753976]",8.1357056753976,5.714285714285714,8.1357056753976,3.0333333333333274,0,1,0,76.01273034512997,8.1357056753976e-06,182,1,0
5,14,48,0,0,1,7.9737990243094305,"[0.0, 7.9737990243094305]",7.9737990243094305,5.714285714285714,7.9737990243094305,3.016666666666661,0,1,0,75.3518636226654,7.973799024309431e-06,181,1,0
5,15,23,0,0,1,7.951186043875557,"[0.0, 7.951186043875557]",7.951186043875557,5.714285714285714,7.951186043875557,3.2499999999999933,0,1,0,75.1396439820528,7.951186043875557e-06,195,1,0
5,16,55,0,0,1,7.944275992257255,"[0.0, 7.944275992257255]",7.944275992257255,5.714285714285714,7.944275992257255,3.016666666666661,0,1,0,75.35188040137291,7.944275992257255e-06,181,1,0
5,17,17,0,0,1,7.813998631068639,"[0.0, 7.813998631068639]",7.813998631068639,5.714285714285714,7.813998631068639,2.9999999999999942,0,1,0,74.69358606636524,7.81399863106864e-06,180,1,0
5,18,53,0,0,1,7.756061553955078,"[0.0, 7.756061553955078]",7.756061553955078,5.714285714285714,7.756061553955078,2.9833333333333276,0,1,0,74.0380231142044,7.756061553955079e-06,179,1,0
5,19,45,0,0,1,7.733936309814453,"[0.0, 7.733936309814453]",7.733936309814453,5.714285714285714,7.733936309814453,2.9833333333333276,0,1,0,74.03777202963829,7.733936309814453e-06,179,1,0
5,20,21,0,0,1,7.707579476492746,"[0.0, 7.707579476492746]",7.707579476492746,5.714285714285714,7.707579476492746,2.9999999999999942,0,1,0,74.41956703364849,7.707579476492746e-06,180,1,0
5,21,52,0,0,1,7.686184474400111,"[0.0, 7.686184474400111]",7.686184474400111,5.714285714285714,7.686184474400111,3.183333333333327,0,1,0,73.78301654756069,7.686184474400112e-06,191,1,0
5,22,35,0,0,1,7.6594952174595425,"[0.0, 7.6594952174595425]",7.6594952174595425,5.714285714285714,7.6594952174595425,2.9833333333333276,0,1,0,74.03763163089752,7.659495217459542e-06,179,1,0
5,23,28,0,0,1,7.6537949698311945,"[0.0, 7.6537949698311945]",7.6537949698311945,5.714285714285714,7.6537949698311945,2.9999999999999942,0,1,0,73.89839275181293,7.653794969831194e-06,180,1,0
5,24,16,0,0,1,7.574021475655692,"[0.0, 7.574021475655692]",7.574021475655692,5.714285714285714,7.574021475655692,4.699999999999989,0,1,0,73.43414479494095,7.5740214756556915e-06,282,1,0
5,25,18,0,0,1,7.558817182268415,"[0.0, 7.558817182268415]",7.558817182268415,5.714285714285714,7.558817182268415,2.966666666666661,0,1,0,73.38344867527485,7.558817182268415e-06,178,1,0
5,26,20,0,0,1,7.544487544468471,"[0.0, 7.544487544468471]",7.544487544468471,5.714285714285714,7.544487544468471,2.966666666666661,0,1,0,73.38370233774185,7.544487544468471e-06,178,1,0
5,27,50,0,0,1,7.516288757324219,"[0.0, 7.516288757324219]",7.516288757324219,5.714285714285714,7.516288757324219,2.966666666666661,0,1,0,73.2772361189127,7.516288757324219e-06,178,1,0
5,28,27,0,0,1,7.499490465436663,"[0.0, 7.499490465436663]",7.499490465436663,5.714285714285714,7.499490465436663,2.9833333333333276,0,1,0,72.73378182947636,7.499490465436663e-06,179,1,0
5,29,51,0,0,1,7.4664715358189175,"[0.0, 7.4664715358189175]",7.4664715358189175,5.714285714285714,7.4664715358189175,2.9499999999999944,0,1,0,72.73220600187778,7.4664715358189176e-06,177,1,0
5,30,63,0,0,1,7.390000479561943,"[0.0, 7.390000479561943]",7.390000479561943,5.714285714285714,7.390000479561943,3.0666666666666607,0,1,0,71.97301217913628,7.390000479561943e-06,184,1,0
5,31,37,0,0,1,7.376452854701451,"[0.0, 7.376452854701451]",7.376452854701451,5.714285714285714,7.376452854701451,2.933333333333328,0,1,0,72.08311122655869,7.376452854701452e-06,176,1,0
5,32,26,0,0,1,7.373395647321429,"[0.0, 7.373395647321429]",7.373395647321429,5.714285714285714,7.373395647321429,2.933333333333328,0,1,0,72.0833208411932,7.373395647321429e-06,176,1,0
5,33,44,0,0,0,7.373267582484654,"[0.0, 7.373267582484654]",7.373267582484654,5.714285714285714,7.373267582484654,2.933333333333328,0,1,0,72.08303861320019,7.373267582484653e-06,176,1,0
5,34,15,0,0,0,7.35259737287249,"[0.0, 7.35259737287249]",7.35259737287249,5.714285714285714,7.35259737287249,3.0666666666666607,0,1,0,71.84528245031834,7.35259737287249e-06,184,1,0
5,35,19,0,0,0,7.336831774030412,"[0.0, 7.336831774030412]",7.336831774030412,5.714285714285714,7.336831774030412,2.933333333333328,0,1,0,71.63384854793549,7.336831774030412e-06,176,1,0
5,36,29,0,0,0,7.335760934012277,"[0.0, 7.335760934012277]",7.335760934012277,5.714285714285714,7.335760934012277,2.933333333333328,0,1,0,72.08311058580875,7.335760934012277e-06,176,1,0
5,37,12,0,0,0,7.274415152413505,"[0.0, 7.274415152413505]",7.274415152413505,5.714285714285714,7.274415152413505,2.916666666666661,0,1,0,71.4362778365612,7.2744151524135055e-06,175,1,0
5,38,34,0,0,0,7.195181165422712,"[0.0, 7.195181165422712]",7.195181165422712,5.714285714285714,7.195181165422712,2.8999999999999946,0,1,0,70.79165674746037,7.195181165422712e-06,174,1,0
5,39,39,0,0,0,7.17499051775251,"[0.0, 7.17499051775251]",7.17499051775251,5.714285714285714,7.17499051775251,2.8999999999999946,0,1,0,70.79181770980358,7.17499051775251e-06,174,1,0
5,40,8,0,0,0,7.173423767089844,"[0.0, 7.173423767089844]",7.173423767089844,5.714285714285714,7.173423767089844,2.8999999999999946,0,1,0,70.79180565476418,7.173423767089844e-06,174,1,0
5,41,10,0,0,0,7.142857142857142,"[0.0, 7.142857142857142]",7.142857142857142,5.714285714285714,7.142857142857142,2.9999999999999942,0,1,0,69.26302449405193,7.142857142857143e-06,180,1,0
5,42,32,0,0,0,7.142857142857142,"[0.0, 7.142857142857142]",7.142857142857142,5.714285714285714,7.142857142857142,2.8166666666666615,0,1,0,67.60487015545368,7.142857142857143e-06,169,1,0
5,43,33,0,0,0,7.142857142857142,"[0.0, 7.142857142857142]",7.142857142857142,5.714285714285714,7.142857142857142,3.5833333333333255,0,1,0,67.12481200695038,7.142857142857143e-06,215,1,0
5,44,36,0,0,0,7.142857142857142,"[0.0, 7.142857142857142]",7.142857142857142,5.714285714285714,7.142857142857142,2.8666666666666614,0,1,0,69.51007321476936,7.142857142857143e-06,172,1,0
5,45,47,0,0,0,7.142857142857142,"[0.0, 7.142857142857142]",7.142857142857142,5.714285714285714,7.142857142857142,2.749999999999995,0,1,0,65.09796531498432,7.142857142857143e-06,165,1,0
5,46,58,0,0,0,7.142857142857142,"[0.0, 7.142857142857142]",7.142857142857142,5.714285714285714,7.142857142857142,2.883333333333328,0,1,0,70.1496521383524,7.142857142857143e-06,173,1,0
5,47,59,0,0,0,7.142857142857142,"[0.0, 7.142857142857142]",7.142857142857142,5.714285714285714,7.142857142857142,2.883333333333328,0,1,0,70.14987513422966,7.142857142857143e-06,173,1,0
5,48,43,0,0,0,6.848754882812499,"[0.0, 6.848754882812499]",6.848754882812499,5.714285714285714,6.848754882812499,2.6499999999999955,0,1,0,61.41059847176075,6.848754882812499e-06,159,1,0
5,49,11,0,0,0,6.551431928362166,"[0.0, 6.551431928362166]",6.551431928362166,5.714285714285714,6.551431928362166,2.5666666666666624,0,1,0,58.40410649776459,6.551431928362166e-06,154,1,0
5,50,42,0,0,0,6.546723502022879,"[0.0, 6.546723502022879]",6.546723502022879,5.714285714285714,6.546723502022879,2.5666666666666624,0,1,0,58.40394899249077,6.5467235020228795e-06,154,1,0
5,51,31,0,0,0,6.5455845424107135,"[0.0, 6.5455845424107135]",6.5455845424107135,5.714285714285714,6.5455845424107135,7.316666666666646,0,1,0,57.6335799427834,6.545584542410713e-06,439,1,0
5,52,54,0,0,0,5.515545436314174,"[0.0, 5.515545436314174]",5.515545436314174,2.857142857142857,5.515545436314174,6.21666666666665,0,1,0,45.86900522126234,5.515545436314174e-06,373,1,0
5,53,41,0,0,0,2.1118763514927457,"[0.0, 2.1118763514927457]",2.1118763514927457,0.0,2.1118763514927457,5.016666666666654,0,1,0,7.705708975263406,2.1118763514927457e-06,301,1,0
5,54,56,0,0,0,2.111870901925223,"[0.0, 2.111870901925223]",2.111870901925223,0.0,2.111870901925223,5.016666666666654,0,1,0,7.705705682048574,2.1118709019252233e-06,301,1,0
5,55,25,0,0,0,2.1117346627371654,"[0.0, 2.1117346627371654]",2.1117346627371654,0.0,2.1117346627371654,5.016666666666654,0,1,0,7.7056910465762485,2.1117346627371654e-06,301,1,0
5,56,46,0,0,0,2.1097891671316966,"[0.0, 2.1097891671316966]",2.1097891671316966,0.0,2.1097891671316966,5.016666666666654,0,1,0,7.713196885903017,2.1097891671316966e-06,301,1,0
5,57,38,0,0,0,1.8758283342633928,"[0.0, 1.8758283342633928]",1.8758283342633928,0.0,1.8758283342633928,5.016666666666654,0,1,0,5.173356242245063,1.8758283342633927e-06,301,1,0
5,58,49,0,0,0,1.8758283342633928,"[0.0, 1.8758283342633928]",1.8758283342633928,0.0,1.8758283342633928,5.016666666666654,0,1,0,5.173457815428264,1.8758283342633927e-06,301,1,0
5,59,40,0,0,0,1.8758010864257812,"[0.0, 1.8758010864257812]",1.8758010864257812,0.0,1.8758010864257812,5.016666666666654,0,1,0,5.1735630501643755,1.8758010864257813e-06,301,1,0
5,60,22,0,0,0,1.8757901872907365,"[0.0, 1.8757901872907365]",1.8757901872907365,0.0,1.8757901872907365,5.016666666666654,0,1,0,5.173829168197699,1.8757901872907366e-06,301,1,0
5,61,13,0,0,0,1.8757411411830356,"[0.0, 1.8757411411830356]",1.8757411411830356,0.0,1.8757411411830356,5.016666666666654,0,1,0,5.174632362846751,1.8757411411830355e-06,301,1,0
5,62,61,0,0,0,1.87530517578125,"[0.0, 1.87530517578125]",1.87530517578125,0.0,1.87530517578125,5.016666666666654,0,1,0,5.174868429836351,1.87530517578125e-06,301,1,0
5,63,14,0,0,0,1.8752615792410714,"[0.0, 1.8752615792410714]",1.8752615792410714,0.0,1.8752615792410714,5.016666666666654,0,1,0,5.174763198127039,1.8752615792410714e-06,301,1,0
5,64,62,0,0,0,0.0,"[0.0, 0.0]",0.0,0.0,0.0,30.016666666666243,0,0,1,293.87181876786053,0.0,1801,0,1
6,1,25,0,1,1,9.440422058105469,"[0.0, 9.440422058105469]",9.440422058105469,8.571428571428571,9.440422058105469,3.1499999999999937,0,1,0,80.70297828316689,9.440422058105468e-06,189,1,0
6,2,0,0,1,1,8.743043627057755,"[0.0, 8.743043627057755]",8.743043627057755,8.571428571428571,8.743043627057755,3.099999999999994,0,1,0,78.6195824444294,8.743043627057756e-06,186,1,0
6,3,49,0,1,1,8.655381883893694,"[0.0, 8.655381883893694]",8.655381883893694,8.571428571428571,8.655381883893694,3.0833333333333273,0,1,0,78.00936721265316,8.655381883893695e-06,185,1,0
6,4,44,0,1,1,8.530535016741071,"[0.0, 8.530535016741071]",8.530535016741071,5.714285714285714,8.530535016741071,3.0666666666666607,0,1,0,77.34156693518162,8.53053501674107e-06,184,1,0
6,5,54,0,1,1,8.522537776402064,"[0.0, 8.522537776402064]",8.522537776402064,5.714285714285714,8.522537776402064,3.0833333333333273,0,1,0,77.64948403835297,8.522537776402064e-06,185,1,0
6,6,29,0,1,1,8.503524235316686,"[0.0, 8.503524235316686]",8.503524235316686,5.714285714285714,8.503524235316686,3.0666666666666607,0,1,0,77.3412559479475,8.503524235316686e-06,184,1,0
6,7,1,0,1,1,8.477355412074498,"[0.0, 8.477355412074498]",8.477355412074498,5.714285714285714,8.477355412074498,3.0833333333333273,0,1,0,77.51677533984184,8.477355412074498e-06,185,1,0
6,8,51,0,1,1,8.462273733956472,"[0.0, 8.462273733956472]",8.462273733956472,5.714285714285714,8.462273733956472,3.0666666666666607,0,1,0,77.34193608164787,8.462273733956473e-06,184,1,0
6,9,53,0,0,1,8.37714603969029,"[0.0, 8.37714603969029]",8.37714603969029,5.714285714285714,8.37714603969029,3.0666666666666607,0,1,0,77.34153687953949,8.377146039690289e-06,184,1,0
6,10,2,0,0,1,8.35514886038644,"[0.0, 8.35514886038644]",8.35514886038644,5.714285714285714,8.35514886038644,3.0833333333333273,0,1,0,77.03199988603592,8.355148860386439e-06,185,1,0
6,11,3,0,0,1,8.338358742850167,"[0.0, 8.338358742850167]",8.338358742850167,5.714285714285714,8.338358742850167,3.049999999999994,0,1,0,76.67606838047504,8.338358742850166e-06,183,1,0
6,12,4,0,0,1,8.32115718296596,"[0.0, 8.32115718296596]",8.32115718296596,5.714285714285714,8.32115718296596,3.0666666666666607,0,1,0,76.76190042495728,8.32115718296596e-06,184,1,0
6,13,5,0,0,1,8.274606977190292,"[0.0, 8.274606977190292]",8.274606977190292,5.714285714285714,8.274606977190292,3.049999999999994,0,1,0,76.67629115283489,8.274606977190292e-06,183,1,0
6,14,6,0,0,1,8.268010275704519,"[0.0, 8.268010275704519]",8.268010275704519,5.714285714285714,8.268010275704519,3.049999999999994,0,1,0,76.6757972240448,8.268010275704518e-06,183,1,0
6,15,7,0,0,1,8.218975067138672,"[0.0, 8.218975067138672]",8.218975067138672,5.714285714285714,8.218975067138672,3.0666666666666607,0,1,0,76.49479733407497,8.218975067138673e-06,184,1,0
6,16,45,0,0,1,8.084092821393694,"[0.0, 8.084092821393694]",8.084092821393694,5.714285714285714,8.084092821393694,3.0333333333333274,0,1,0,76.01317515969276,8.084092821393694e-06,182,1,0
6,17,32,0,0,1,7.966621943882533,"[0.0, 7.966621943882533]",7.966621943882533,5.714285714285714,7.966621943882533,4.716666666666655,0,1,0,75.20054131746292,7.966621943882534e-06,283,1,0
6,18,10,0,0,1,7.91574205671038,"[0.0, 7.91574205671038]",7.91574205671038,5.714285714285714,7.91574205671038,3.016666666666661,0,1,0,75.35236705839634,7.91574205671038e-06,181,1,0
6,19,35,0,0,1,7.845878601074219,"[0.0, 7.845878601074219]",7.845878601074219,5.714285714285714,7.845878601074219,2.9999999999999942,0,1,0,74.69339127838612,7.845878601074219e-06,180,1,0
6,20,34,0,0,1,7.84437997000558,"[0.0, 7.84437997000558]",7.84437997000558,5.714285714285714,7.84437997000558,2.9999999999999942,0,1,0,74.69376024603844,7.84437997000558e-06,180,1,0
6,21,12,0,0,1,7.82268796648298,"[0.0, 7.82268796648298]",7.82268796648298,5.714285714285714,7.82268796648298,2.9999999999999942,0,1,0,74.69383588433266,7.82268796648298e-06,180,1,0
6,22,15,0,0,1,7.758148738316127,"[0.0, 7.758148738316127]",7.758148738316127,5.714285714285714,7.758148738316127,3.3166666666666598,0,1,0,74.39952100813389,7.758148738316127e-06,199,1,0
6,23,43,0,0,1,7.752505711146764,"[0.0, 7.752505711146764]",7.752505711146764,5.714285714285714,7.752505711146764,2.9833333333333276,0,1,0,74.03794819116592,7.752505711146765e-06,179,1,0
6,24,36,0,0,1,7.747696467808314,"[0.0, 7.747696467808314]",7.747696467808314,5.714285714285714,7.747696467808314,3.016666666666661,0,1,0,74.58931329846382,7.747696467808314e-06,181,1,0
6,25,14,0,0,1,7.715740203857421,"[0.0, 7.715740203857421]",7.715740203857421,5.714285714285714,7.715740203857421,2.9833333333333276,0,1,0,74.0378131121397,7.715740203857421e-06,179,1,0
6,26,23,0,0,1,7.698165348597935,"[0.0, 7.698165348597935]",7.698165348597935,5.714285714285714,7.698165348597935,2.9833333333333276,0,1,0,74.03733757138252,7.698165348597935e-06,179,1,0
6,27,42,0,0,1,7.670026506696429,"[0.0, 7.670026506696429]",7.670026506696429,5.714285714285714,7.670026506696429,2.9833333333333276,0,1,0,74.03770057857037,7.67002650669643e-06,179,1,0
6,28,33,0,0,1,7.619195665631976,"[0.0, 7.619195665631976]",7.619195665631976,5.714285714285714,7.619195665631976,2.966666666666661,0,1,0,73.38405367732048,7.619195665631976e-06,178,1,0
6,29,38,0,0,1,7.585108620779855,"[0.0, 7.585108620779855]",7.585108620779855,5.714285714285714,7.585108620779855,2.966666666666661,0,1,0,73.38360746204853,7.585108620779855e-06,178,1,0
6,30,19,0,0,1,7.494482312883649,"[0.0, 7.494482312883649]",7.494482312883649,5.714285714285714,7.494482312883649,2.9499999999999944,0,1,0,72.73241531848907,7.4944823128836495e-06,177,1,0
6,31,30,0,0,1,7.480784824916295,"[0.0, 7.480784824916295]",7.480784824916295,5.714285714285714,7.480784824916295,2.9499999999999944,0,1,0,72.73221835494041,7.480784824916295e-06,177,1,0
6,32,62,0,0,1,7.466253553118024,"[0.0, 7.466253553118024]",7.466253553118024,5.714285714285714,7.466253553118024,2.9499999999999944,0,1,0,72.60946473479271,7.466253553118024e-06,177,1,0
6,33,31,0,0,0,7.460256304059709,"[0.0, 7.460256304059709]",7.460256304059709,5.714285714285714,7.460256304059709,2.9499999999999944,0,1,0,72.73186241090298,7.460256304059709e-06,177,1,0
6,34,24,0,0,0,7.455425262451172,"[0.0, 7.455425262451172]",7.455425262451172,5.714285714285714,7.455425262451172,3.049999999999994,0,1,0,72.65565602481365,7.455425262451172e-06,183,1,0
6,35,21,0,0,0,7.427763257707869,"[0.0, 7.427763257707869]",7.427763257707869,5.714285714285714,7.427763257707869,2.9499999999999944,0,1,0,72.73214873671532,7.427763257707869e-06,177,1,0
6,36,9,0,0,0,7.383736201695033,"[0.0, 7.383736201695033]",7.383736201695033,5.714285714285714,7.383736201695033,2.933333333333328,0,1,0,72.08335261046886,7.383736201695033e-06,176,1,0
6,37,46,0,0,0,7.29327610560826,"[0.0, 7.29327610560826]",7.29327610560826,5.714285714285714,7.29327610560826,2.916666666666661,0,1,0,71.43622569739819,7.29327610560826e-06,175,1,0
6,38,56,0,0,0,7.270938328334263,"[0.0, 7.270938328334263]",7.270938328334263,5.714285714285714,7.270938328334263,2.916666666666661,0,1,0,71.43638260662556,7.270938328334263e-06,175,1,0
6,39,27,0,0,0,7.201224735804966,"[0.0, 7.201224735804966]",7.201224735804966,5.714285714285714,7.201224735804966,2.8999999999999946,0,1,0,70.79191400110722,7.201224735804966e-06,174,1,0
6,40,17,0,0,0,7.142857142857142,"[0.0, 7.142857142857142]",7.142857142857142,5.714285714285714,7.142857142857142,2.8999999999999946,0,1,0,69.82772071659565,7.142857142857143e-06,174,1,0
6,41,18,0,0,0,7.142857142857142,"[0.0, 7.142857142857142]",7.142857142857142,5.714285714285714,7.142857142857142,2.883333333333328,0,1,0,70.14956550300121,7.142857142857143e-06,173,1,0
6,42,57,0,0,0,7.142857142857142,"[0.0, 7.142857142857142]",7.142857142857142,5.714285714285714,7.142857142857142,2.966666666666661,0,1,0,69.14328183233738,7.142857142857143e-06,178,1,0
6,43,58,0,0,0,7.142857142857142,"[0.0, 7.142857142857142]",7.142857142857142,5.714285714285714,7.142857142857142,2.9999999999999942,0,1,0,69.48834739625454,7.142857142857143e-06,180,1,0
6,44,59,0,0,0,7.142857142857142,"[0.0, 7.142857142857142]",7.142857142857142,5.714285714285714,7.142857142857142,2.833333333333328,0,1,0,68.23738184571266,7.142857142857143e-06,170,1,0
6,45,60,0,0,0,7.142857142857142,"[0.0, 7.142857142857142]",7.142857142857142,5.714285714285714,7.142857142857142,2.799999999999995,0,1,0,65.59392221271992,7.142857142857143e-06,168,1,0
6,46,40,0,0,0,6.912166050502232,"[0.0, 6.912166050502232]",6.912166050502232,5.714285714285714,6.912166050502232,7.583333333333312,0,1,0,61.59072912627016,6.912166050502232e-06,455,1,0
6,47,52,0,0,0,6.669273376464843,"[0.0, 6.669273376464843]",6.669273376464843,5.714285714285714,6.669273376464843,2.5999999999999956,0,1,0,59.59890614449978,6.669273376464843e-06,156,1,0
6,48,26,0,0,0,6.555987766810826,"[0.0, 6.555987766810826]",6.555987766810826,5.714285714285714,6.555987766810826,7.316666666666646,0,1,0,57.63353807447129,6.555987766810827e-06,439,1,0
6,49,41,0,0,0,5.621376037597656,"[0.0, 5.621376037597656]",5.621376037597656,2.857142857142857,5.621376037597656,2.28333333333333,0,1,0,48.64937190711498,5.621376037597657e-06,137,1,0
6,50,8,0,0,0,2.1571568080357144,"[0.0, 2.1571568080357144]",2.1571568080357144,0.0,2.1571568080357144,5.016666666666654,0,1,0,8.213788652908988,2.1571568080357146e-06,301,1,0
6,51,13,0,0,0,2.1118327549525673,"[0.0, 2.1118327549525673]",2.1118327549525673,0.0,2.1118327549525673,5.016666666666654,0,1,0,7.705690555158071,2.111832754952567e-06,301,1,0
6,52,48,0,0,0,2.1118000575474327,"[0.0, 2.1118000575474327]",2.1118000575474327,0.0,2.1118000575474327,5.016666666666654,0,1,0,7.705658782535465,2.1118000575474327e-06,301,1,0
6,53,50,0,0,0,2.111767360142299,"[0.0, 2.111767360142299]",2.111767360142299,0.0,2.111767360142299,5.016666666666654,0,1,0,7.705771000968525,2.111767360142299e-06,301,1,0
6,54,22,0,0,0,2.111636570521763,"[0.0, 2.111636570521763]",2.111636570521763,0.0,2.111636570521763,5.016666666666654,0,1,0,7.705926747468766,2.111636570521763e-06,301,1,0
6,55,39,0,0,0,2.111309596470424,"[0.0, 2.111309596470424]",2.111309596470424,0.0,2.111309596470424,5.016666666666654,0,1,0,7.706147391683771,2.111309596470424e-06,301,1,0
6,56,11,0,0,0,2.1107210431780135,"[0.0, 2.1107210431780135]",2.1107210431780135,0.0,2.1107210431780135,5.016666666666654,0,1,0,7.705803624885448,2.1107210431780135e-06,301,1,0
6,57,55,0,0,0,2.1106066022600447,"[0.0, 2.1106066022600447]",2.1106066022600447,0.0,2.1106066022600447,5.016666666666654,0,1,0,7.705893731857941,2.110606602260045e-06,301,1,0
6,58,47,0,0,0,1.9052505493164062,"[0.0, 1.9052505493164062]",1.9052505493164062,0.0,1.9052505493164062,5.016666666666654,0,1,0,5.576901031599846,1.9052505493164063e-06,301,1,0
6,59,61,0,0,0,1.8758283342633928,"[0.0, 1.8758283342633928]",1.8758283342633928,0.0,1.8758283342633928,5.016666666666654,0,1,0,5.173348316922784,1.8758283342633927e-06,301,1,0
6,60,37,0,0,0,1.8758010864257812,"[0.0, 1.8758010864257812]",1.8758010864257812,0.0,1.8758010864257812,5.016666666666654,0,1,0,5.173601409012917,1.8758010864257813e-06,301,1,0
6,61,28,0,0,0,1.8757738385881697,"[0.0, 1.8757738385881697]",1.8757738385881697,0.0,1.8757738385881697,5.016666666666654,0,1,0,5.174056969641242,1.8757738385881698e-06,301,1,0
6,62,20,0,0,0,1.875713893345424,"[0.0, 1.875713893345424]",1.875713893345424,0.0,1.875713893345424,5.016666666666654,0,1,0,5.174813183723018,1.875713893345424e-06,301,1,0
6,63,16,0,0,0,1.8756375994001115,"[0.0, 1.8756375994001115]",1.8756375994001115,0.0,1.8756375994001115,5.016666666666654,0,1,0,5.175217148906086,1.8756375994001115e-06,301,1,0
6,64,63,0,0,0,1.873675755092076,"[0.0, 1.873675755092076]",1.873675755092076,0.0,1.873675755092076,5.016666666666654,0,1,0,5.175188681227155,1.8736757550920759e-06,301,1,0
7,1,0,0,1,1,9.440422058105469,"[0.0, 9.440422058105469]",9.440422058105469,8.571428571428571,9.440422058105469,3.1499999999999937,0,1,0,80.70297828316689,9.440422058105468e-06,189,1,0
7,2,41,0,1,1,9.44035393851144,"[0.0, 9.44035393851144]",9.44035393851144,8.571428571428571,9.44035393851144,3.1499999999999937,0,1,0,80.70270071923733,9.44035393851144e-06,189,1,0
7,3,46,0,1,1,9.359207153320312,"[0.0, 9.359207153320312]",9.359207153320312,8.571428571428571,9.359207153320312,3.1499999999999937,0,1,0,80.70285481214523,9.359207153320313e-06,189,1,0
7,4,60,0,1,1,9.311264583042691,"[0.0, 9.311264583042691]",9.311264583042691,8.571428571428571,9.311264583042691,5.016666666666654,0,1,0,80.7449610978365,9.311264583042691e-06,301,1,0
7,5,27,0,1,1,9.135894775390625,"[0.0, 9.135894775390625]",9.135894775390625,8.571428571428571,9.135894775390625,3.1166666666666605,0,1,0,79.35089749097824,9.135894775390625e-06,187,1,0
7,6,31,0,1,1,9.033562796456474,"[0.0, 9.033562796456474]",9.033562796456474,8.571428571428571,9.033562796456474,3.1166666666666605,0,1,0,79.35118009150028,9.033562796456473e-06,187,1,0
7,7,52,0,1,1,8.773836408342634,"[0.0, 8.773836408342634]",8.773836408342634,8.571428571428571,8.773836408342634,3.0833333333333273,0,1,0,78.00873856246471,8.773836408342633e-06,185,1,0
7,8,1,0,1,1,8.743043627057755,"[0.0, 8.743043627057755]",8.743043627057755,8.571428571428571,8.743043627057755,3.099999999999994,0,1,0,78.6195824444294,8.743043627057756e-06,186,1,0
7,9,26,0,0,1,8.69741712297712,"[0.0, 8.69741712297712]",8.69741712297712,8.571428571428571,8.69741712297712,3.0833333333333273,0,1,0,78.00901921093464,8.69741712297712e-06,185,1,0
7,10,59,0,0,1,8.668161119733538,"[0.0, 8.668161119733538]",8.668161119733538,8.571428571428571,8.668161119733538,3.0833333333333273,0,1,0,78.00918354094028,8.668161119733538e-06,185,1,0
7,11,2,0,0,1,8.655381883893694,"[0.0, 8.655381883893694]",8.655381883893694,8.571428571428571,8.655381883893694,3.0833333333333273,0,1,0,78.00936721265316,8.655381883893695e-06,185,1,0
7,12,62,0,0,1,8.655180249895368,"[0.0, 8.655180249895368]",8.655180249895368,8.571428571428571,8.655180249895368,3.0833333333333273,0,1,0,78.00907611846924,8.655180249895368e-06,185,1,0
7,13,32,0,0,1,8.635120391845703,"[0.0, 8.635120391845703]",8.635120391845703,8.571428571428571,8.635120391845703,3.2833333333333266,0,1,0,77.85473784804344,8.635120391845703e-06,197,1,0
7,14,3,0,0,1,8.530535016741071,"[0.0, 8.530535016741071]",8.530535016741071,5.714285714285714,8.530535016741071,3.0666666666666607,0,1,0,77.34156693518162,8.53053501674107e-06,184,1,0
7,15,4,0,0,1,8.522537776402064,"[0.0, 8.522537776402064]",8.522537776402064,5.714285714285714,8.522537776402064,3.0833333333333273,0,1,0,77.64948403835297,8.522537776402064e-06,185,1,0
7,16,5,0,0,1,8.503524235316686,"[0.0, 8.503524235316686]",8.503524235316686,5.714285714285714,8.503524235316686,3.0666666666666607,0,1,0,77.3412559479475,8.503524235316686e-06,184,1,0
7,17,6,0,0,1,8.477355412074498,"[0.0, 8.477355412074498]",8.477355412074498,5.714285714285714,8.477355412074498,3.0833333333333273,0,1,0,77.51677533984184,8.477355412074498e-06,185,1,0
7,18,36,0,0,1,8.476766858782087,"[0.0, 8.476766858782087]",8.476766858782087,5.714285714285714,8.476766858782087,3.1499999999999937,0,1,0,77.63655894994736,8.476766858782087e-06,189,1,0
7,19,7,0,0,1,8.462273733956472,"[0.0, 8.462273733956472]",8.462273733956472,5.714285714285714,8.462273733956472,3.0666666666666607,0,1,0,77.34193608164787,8.462273733956473e-06,184,1,0
7,20,29,0,0,1,8.440453665597099,"[0.0, 8.440453665597099]",8.440453665597099,5.714285714285714,8.440453665597099,3.0666666666666607,0,1,0,77.34085729718208,8.440453665597099e-06,184,1,0
7,21,21,0,0,1,8.291078295026507,"[0.0, 8.291078295026507]",8.291078295026507,5.714285714285714,8.291078295026507,7.316666666666646,0,1,0,57.63247733443859,8.291078295026508e-06,439,1,0
7,22,55,0,0,1,8.151735578264509,"[0.0, 8.151735578264509]",8.151735578264509,5.714285714285714,8.151735578264509,3.9999999999999907,0,1,0,76.3201879709959,8.151735578264508e-06,240,1,0
7,23,15,0,0,1,8.120858328683035,"[0.0, 8.120858328683035]",8.120858328683035,5.714285714285714,8.120858328683035,3.0333333333333274,0,1,0,76.01313678920269,8.120858328683035e-06,182,1,0
7,24,8,0,0,1,8.03570338657924,"[0.0, 8.03570338657924]",8.03570338657924,5.714285714285714,8.03570338657924,3.2833333333333266,0,1,0,75.58813101053238,8.03570338657924e-06,197,1,0
7,25,17,0,0,1,8.035602569580078,"[0.0, 8.035602569580078]",8.035602569580078,5.714285714285714,8.035602569580078,3.0333333333333274,0,1,0,76.01276177167892,8.035602569580079e-06,182,1,0
7,26,40,0,0,1,7.979948861258371,"[0.0, 7.979948861258371]",7.979948861258371,5.714285714285714,7.979948861258371,3.016666666666661,0,1,0,75.35223640501499,7.97994886125837e-06,181,1,0
7,27,34,0,0,1,7.976526532854352,"[0.0, 7.976526532854352]",7.976526532854352,5.714285714285714,7.976526532854352,3.016666666666661,0,1,0,75.35228519141674,7.976526532854353e-06,181,1,0
7,28,19,0,0,1,7.818260192871093,"[0.0, 7.818260192871093]",7.818260192871093,5.714285714285714,7.818260192871093,2.9999999999999942,0,1,0,74.69391931593418,7.818260192871093e-06,180,1,0
7,29,13,0,0,1,7.788464682442801,"[0.0, 7.788464682442801]",7.788464682442801,5.714285714285714,7.788464682442801,3.183333333333327,0,1,0,74.2809347808361,7.7884646824428e-06,191,1,0
7,30,54,0,0,1,7.763404846191406,"[0.0, 7.763404846191406]",7.763404846191406,5.714285714285714,7.763404846191406,2.9999999999999942,0,1,0,74.69352561235428,7.763404846191407e-06,180,1,0
7,31,38,0,0,1,7.761900765555245,"[0.0, 7.761900765555245]",7.761900765555245,5.714285714285714,7.761900765555245,3.049999999999994,0,1,0,74.57521992921829,7.761900765555245e-06,183,1,0
7,32,48,0,0,1,7.710726601736886,"[0.0, 7.710726601736886]",7.710726601736886,5.714285714285714,7.710726601736886,2.9833333333333276,0,1,0,74.0374006330967,7.710726601736886e-06,179,1,0
7,33,63,0,0,0,7.683606828962053,"[0.0, 7.683606828962053]",7.683606828962053,5.714285714285714,7.683606828962053,2.9999999999999942,0,1,0,73.9837496727705,7.683606828962053e-06,180,1,0
7,34,56,0,0,0,7.660165514264788,"[0.0, 7.660165514264788]",7.660165514264788,5.714285714285714,7.660165514264788,2.9833333333333276,0,1,0,74.03749424219131,7.660165514264788e-06,179,1,0
7,35,18,0,0,0,7.653045654296875,"[0.0, 7.653045654296875]",7.653045654296875,5.714285714285714,7.653045654296875,2.9833333333333276,0,1,0,74.03748328983784,7.653045654296876e-06,179,1,0
7,36,58,0,0,0,7.650010245186942,"[0.0, 7.650010245186942]",7.650010245186942,5.714285714285714,7.650010245186942,3.6999999999999917,0,1,0,73.82930733263493,7.650010245186941e-06,222,1,0
7,37,39,0,0,0,7.566026960100447,"[0.0, 7.566026960100447]",7.566026960100447,5.714285714285714,7.566026960100447,2.966666666666661,0,1,0,73.38375310599804,7.566026960100447e-06,178,1,0
7,38,45,0,0,0,7.496054513113839,"[0.0, 7.496054513113839]",7.496054513113839,5.714285714285714,7.496054513113839,2.9499999999999944,0,1,0,72.7319612801075,7.496054513113839e-06,177,1,0
7,39,23,0,0,0,7.478812081473214,"[0.0, 7.478812081473214]",7.478812081473214,5.714285714285714,7.478812081473214,2.9499999999999944,0,1,0,72.7321263551712,7.478812081473215e-06,177,1,0
7,40,49,0,0,0,7.448763166155134,"[0.0, 7.448763166155134]",7.448763166155134,5.714285714285714,7.448763166155134,2.9499999999999944,0,1,0,72.73210813105106,7.448763166155133e-06,177,1,0
7,41,42,0,0,0,7.446117401123047,"[0.0, 7.446117401123047]",7.446117401123047,5.714285714285714,7.446117401123047,2.9499999999999944,0,1,0,72.73228068649769,7.446117401123047e-06,177,1,0
7,42,30,0,0,0,7.446103777204241,"[0.0, 7.446103777204241]",7.446103777204241,5.714285714285714,7.446103777204241,2.9499999999999944,0,1,0,72.63119988143444,7.446103777204241e-06,177,1,0
7,43,37,0,0,0,7.414128439767021,"[0.0, 7.414128439767021]",7.414128439767021,5.714285714285714,7.414128439767021,3.1499999999999937,0,1,0,72.45050160586834,7.414128439767021e-06,189,1,0
7,44,11,0,0,0,7.412621634347098,"[0.0, 7.412621634347098]",7.412621634347098,5.714285714285714,7.412621634347098,2.933333333333328,0,1,0,72.08289250731468,7.412621634347098e-06,176,1,0
7,45,33,0,0,0,7.347586495535714,"[0.0, 7.347586495535714]",7.347586495535714,5.714285714285714,7.347586495535714,2.933333333333328,0,1,0,72.08311595022678,7.347586495535714e-06,176,1,0
7,46,16,0,0,0,7.338237762451172,"[0.0, 7.338237762451172]",7.338237762451172,5.714285714285714,7.338237762451172,2.933333333333328,0,1,0,72.08307914435863,7.338237762451172e-06,176,1,0
7,47,9,0,0,0,7.315398624965123,"[0.0, 7.315398624965123]",7.315398624965123,5.714285714285714,7.315398624965123,2.916666666666661,0,1,0,71.43631617724895,7.315398624965123e-06,175,1,0
7,48,24,0,0,0,7.293861934116909,"[0.0, 7.293861934116909]",7.293861934116909,5.714285714285714,7.293861934116909,2.916666666666661,0,1,0,71.43604417145252,7.293861934116909e-06,175,1,0
7,49,12,0,0,0,7.186023167201451,"[0.0, 7.186023167201451]",7.186023167201451,5.714285714285714,7.186023167201451,2.8999999999999946,0,1,0,70.79199266433716,7.186023167201452e-06,174,1,0
7,50,10,0,0,0,7.142857142857142,"[0.0, 7.142857142857142]",7.142857142857142,5.714285714285714,7.142857142857142,2.799999999999995,0,1,0,66.97462652623653,7.142857142857143e-06,168,1,0
7,51,14,0,0,0,7.142857142857142,"[0.0, 7.142857142857142]",7.142857142857142,5.714285714285714,7.142857142857142,2.749999999999995,0,1,0,65.09826683998108,7.142857142857143e-06,165,1,0
7,52,22,0,0,0,7.142857142857142,"[0.0, 7.142857142857142]",7.142857142857142,5.714285714285714,7.142857142857142,2.749999999999995,0,1,0,65.09799376130104,7.142857142857143e-06,165,1,0
7,53,28,0,0,0,7.142857142857142,"[0.0, 7.142857142857142]",7.142857142857142,5.714285714285714,7.142857142857142,2.883333333333328,0,1,0,70.1497961729765,7.142857142857143e-06,173,1,0
7,54,47,0,0,0,7.142857142857142,"[0.0, 7.142857142857142]",7.142857142857142,5.714285714285714,7.142857142857142,2.749999999999995,0,1,0,65.09833680093288,7.142857142857143e-06,165,1,0
7,55,53,0,0,0,7.142857142857142,"[0.0, 7.142857142857142]",7.142857142857142,5.714285714285714,7.142857142857142,2.7333333333333285,0,1,0,64.47762316465378,7.142857142857143e-06,164,1,0
7,56,50,0,0,0,5.516706194196429,"[0.0, 5.516706194196429]",5.516706194196429,2.857142857142857,5.516706194196429,6.21666666666665,0,1,0,45.86917917887331,5.516706194196429e-06,373,1,0
7,57,51,0,0,0,2.157636369977679,"[0.0, 2.157636369977679]",2.157636369977679,0.0,2.157636369977679,5.016666666666654,0,1,0,8.21440188298584,2.157636369977679e-06,301,1,0
7,58,20,0,0,0,2.135870797293527,"[0.0, 2.135870797293527]",2.135870797293527,0.0,2.135870797293527,5.016666666666654,0,1,0,7.992606698382588,2.135870797293527e-06,301,1,0
7,59,57,0,0,0,2.1115221296037947,"[0.0, 2.1115221296037947]",2.1115221296037947,0.0,2.1115221296037947,5.016666666666654,0,1,0,7.70590293474379,2.111522129603795e-06,301,1,0
7,60,25,0,0,0,2.1110207693917413,"[0.0, 2.1110207693917413]",2.1110207693917413,0.0,2.1110207693917413,5.016666666666654,0,1,0,7.705528675956884,2.1110207693917414e-06,301,1,0
7,61,61,0,0,0,1.9573811122349332,"[0.0, 1.9573811122349332]",1.9573811122349332,0.0,1.9573811122349332,5.016666666666654,0,1,0,6.176080428005662,1.9573811122349332e-06,301,1,0
7,62,43,0,0,0,1.8765531267438615,"[0.0, 1.8765531267438615]",1.8765531267438615,0.0,1.8765531267438615,5.016666666666654,0,1,0,5.165791656647343,1.8765531267438615e-06,301,1,0
7,63,44,0,0,0,1.8758283342633928,"[0.0, 1.8758283342633928]",1.8758283342633928,0.0,1.8758283342633928,5.016666666666654,0,1,0,5.173464872234035,1.8758283342633927e-06,301,1,0
7,64,35,0,0,0,1.8756866455078125,"[0.0, 1.8756866455078125]",1.8756866455078125,0.0,1.8756866455078125,5.016666666666654,0,1,0,5.175135283789132,1.8756866455078126e-06,301,1,0
8,1,0,0,1,1,9.440422058105469,"[0.0, 9.440422058105469]",9.440422058105469,8.571428571428571,9.440422058105469,3.1499999999999937,0,1,0,80.70297828316689,9.440422058105468e-06,189,1,0
8,2,1,0,1,1,9.44035393851144,"[0.0, 9.44035393851144]",9.44035393851144,8.571428571428571,9.44035393851144,3.1499999999999937,0,1,0,80.70270071923733,9.44035393851144e-06,189,1,0
8,3,2,0,1,1,9.359207153320312,"[0.0, 9.359207153320312]",9.359207153320312,8.571428571428571,9.359207153320312,3.1499999999999937,0,1,0,80.70285481214523,9.359207153320313e-06,189,1,0
8,4,3,0,1,1,9.311264583042691,"[0.0, 9.311264583042691]",9.311264583042691,8.571428571428571,9.311264583042691,5.016666666666654,0,1,0,80.7449610978365,9.311264583042691e-06,301,1,0
8,5,32,0,1,1,9.276264735630582,"[0.0, 9.276264735630582]",9.276264735630582,8.571428571428571,9.276264735630582,3.133333333333327,0,1,0,80.02567754685879,9.276264735630582e-06,188,1,0
8,6,55,0,1,1,9.2206301007952,"[0.0, 9.2206301007952]",9.2206301007952,8.571428571428571,9.2206301007952,3.1499999999999937,0,1,0,80.39408056437969,9.2206301007952e-06,189,1,0
8,7,4,0,1,1,9.135894775390625,"[0.0, 9.135894775390625]",9.135894775390625,8.571428571428571,9.135894775390625,3.1166666666666605,0,1,0,79.35089749097824,9.135894775390625e-06,187,1,0
8,8,25,0,1,1,9.109276362827847,"[0.0, 9.109276362827847]",9.109276362827847,8.571428571428571,9.109276362827847,3.133333333333327,0,1,0,79.77437853813171,9.109276362827847e-06,188,1,0
8,9,33,0,0,1,9.056916918073382,"[0.0, 9.056916918073382]",9.056916918073382,8.571428571428571,9.056916918073382,4.999999999999988,0,1,0,79.1454638838768,9.056916918073382e-06,300,1,0
8,10,51,0,0,1,9.055374690464564,"[0.0, 9.055374690464564]",9.055374690464564,8.571428571428571,9.055374690464564,3.1166666666666605,0,1,0,79.35096648335457,9.055374690464564e-06,187,1,0
8,11,63,0,0,1,9.034323011125837,"[0.0, 9.034323011125837]",9.034323011125837,8.571428571428571,9.034323011125837,3.1166666666666605,0,1,0,79.35112284123898,9.034323011125838e-06,187,1,0
8,12,5,0,0,1,9.033562796456474,"[0.0, 9.033562796456474]",9.033562796456474,8.571428571428571,9.033562796456474,3.1166666666666605,0,1,0,79.35118009150028,9.033562796456473e-06,187,1,0
8,13,12,0,0,1,8.92641612461635,"[0.0, 8.92641612461635]",8.92641612461635,8.571428571428571,8.92641612461635,3.133333333333327,0,1,0,79.15226542949677,8.926416124616351e-06,188,1,0
8,14,30,0,0,1,8.885181971958705,"[0.0, 8.885181971958705]",8.885181971958705,8.571428571428571,8.885181971958705,3.099999999999994,0,1,0,78.67909981310368,8.885181971958705e-06,186,1,0
8,15,8,0,0,1,8.79523413521903,"[0.0, 8.79523413521903]",8.79523413521903,8.571428571428571,8.79523413521903,3.099999999999994,0,1,0,78.67887872457504,8.79523413521903e-06,186,1,0
8,16,6,0,0,1,8.773836408342634,"[0.0, 8.773836408342634]",8.773836408342634,8.571428571428571,8.773836408342634,3.0833333333333273,0,1,0,78.00873856246471,8.773836408342633e-06,185,1,0
8,17,7,0,0,1,8.743043627057755,"[0.0, 8.743043627057755]",8.743043627057755,8.571428571428571,8.743043627057755,3.099999999999994,0,1,0,78.6195824444294,8.743043627057756e-06,186,1,0
8,18,34,0,0,1,8.661150251116071,"[0.0, 8.661150251116071]",8.661150251116071,8.571428571428571,8.661150251116071,3.0833333333333273,0,1,0,78.00869654119015,8.661150251116071e-06,185,1,0
8,19,39,0,0,1,8.61161640712193,"[0.0, 8.61161640712193]",8.61161640712193,8.571428571428571,8.61161640712193,3.0833333333333273,0,1,0,78.00893139839172,8.61161640712193e-06,185,1,0
8,20,14,0,0,1,8.547169821602958,"[0.0, 8.547169821602958]",8.547169821602958,5.714285714285714,8.547169821602958,3.0833333333333273,0,1,0,78.00916305184364,8.547169821602958e-06,185,1,0
8,21,49,0,0,1,8.443317413330078,"[0.0, 8.443317413330078]",8.443317413330078,5.714285714285714,8.443317413330078,3.0666666666666607,0,1,0,77.34073987603188,8.443317413330078e-06,184,1,0
8,22,37,0,0,1,8.43240737915039,"[0.0, 8.43240737915039]",8.43240737915039,5.714285714285714,8.43240737915039,3.0666666666666607,0,1,0,77.34110967814922,8.43240737915039e-06,184,1,0
8,23,17,0,0,1,8.406690870012557,"[0.0, 8.406690870012557]",8.406690870012557,5.714285714285714,8.406690870012557,3.0666666666666607,0,1,0,77.34138734638691,8.406690870012558e-06,184,1,0
8,24,35,0,0,1,8.396761757986885,"[0.0, 8.396761757986885]",8.396761757986885,5.714285714285714,8.396761757986885,3.0666666666666607,0,1,0,77.34165365993977,8.396761757986885e-06,184,1,0
8,25,36,0,0,1,8.301100049700056,"[0.0, 8.301100049700056]",8.301100049700056,5.714285714285714,8.301100049700056,3.049999999999994,0,1,0,76.67662173509598,8.301100049700055e-06,183,1,0
8,26,60,0,0,1,8.287503378731865,"[0.0, 8.287503378731865]",8.287503378731865,5.714285714285714,8.287503378731865,3.0666666666666607,0,1,0,76.94932526350021,8.287503378731864e-06,184,1,0
8,27,10,0,0,1,8.284078325544085,"[0.0, 8.284078325544085]",8.284078325544085,5.714285714285714,8.284078325544085,3.049999999999994,0,1,0,76.6759212911129,8.284078325544085e-06,183,1,0
8,28,20,0,0,1,8.274972098214285,"[0.0, 8.274972098214285]",8.274972098214285,5.714285714285714,8.274972098214285,3.0833333333333273,0,1,0,76.84347677230835,8.274972098214285e-06,185,1,0
8,29,50,0,0,1,8.145365033830915,"[0.0, 8.145365033830915]",8.145365033830915,5.714285714285714,8.145365033830915,3.0333333333333274,0,1,0,76.0129871070385,8.145365033830915e-06,182,1,0
8,30,26,0,0,1,8.140144348144531,"[0.0, 8.140144348144531]",8.140144348144531,5.714285714285714,8.140144348144531,3.0333333333333274,0,1,0,76.01299722492695,8.140144348144531e-06,182,1,0
8,31,13,0,0,1,8.082046508789062,"[0.0, 8.082046508789062]",8.082046508789062,5.714285714285714,8.082046508789062,3.0333333333333274,0,1,0,75.86817665398121,8.082046508789063e-06,182,1,0
8,32,23,0,0,1,7.998918805803572,"[0.0, 7.998918805803572]",7.998918805803572,5.714285714285714,7.998918805803572,3.016666666666661,0,1,0,75.35168297588825,7.998918805803573e-06,181,1,0
8,33,15,0,0,0,7.973057883126396,"[0.0, 7.973057883126396]",7.973057883126396,5.714285714285714,7.973057883126396,3.049999999999994,0,1,0,75.33611150085926,7.973057883126396e-06,183,1,0
8,34,56,0,0,0,7.929834638323102,"[0.0, 7.929834638323102]",7.929834638323102,5.714285714285714,7.929834638323102,3.016666666666661,0,1,0,75.35230469703674,7.929834638323102e-06,181,1,0
8,35,46,0,0,0,7.922919137137277,"[0.0, 7.922919137137277]",7.922919137137277,5.714285714285714,7.922919137137277,3.016666666666661,0,1,0,75.3522956520319,7.922919137137277e-06,181,1,0
8,36,22,0,0,0,7.847633361816405,"[0.0, 7.847633361816405]",7.847633361816405,5.714285714285714,7.847633361816405,2.9999999999999942,0,1,0,74.6940171122551,7.847633361816406e-06,180,1,0
8,37,9,0,0,0,7.7573667253766745,"[0.0, 7.7573667253766745]",7.7573667253766745,5.714285714285714,7.7573667253766745,2.9999999999999942,0,1,0,74.69310872256756,7.757366725376675e-06,180,1,0
8,38,62,0,0,0,7.586299351283482,"[0.0, 7.586299351283482]",7.586299351283482,5.714285714285714,7.586299351283482,2.966666666666661,0,1,0,73.38418357074261,7.586299351283482e-06,178,1,0
8,39,19,0,0,0,7.3917307172502795,"[0.0, 7.3917307172502795]",7.3917307172502795,5.714285714285714,7.3917307172502795,2.933333333333328,0,1,0,72.08285090327263,7.39173071725028e-06,176,1,0
8,40,31,0,0,0,7.361856188092913,"[0.0, 7.361856188092913]",7.361856188092913,5.714285714285714,7.361856188092913,2.933333333333328,0,1,0,72.08287100493908,7.361856188092913e-06,176,1,0
8,41,59,0,0,0,7.262371608189174,"[0.0, 7.262371608189174]",7.262371608189174,5.714285714285714,7.262371608189174,2.916666666666661,0,1,0,71.43604573607445,7.2623716081891734e-06,175,1,0
8,42,58,0,0,0,7.258649553571428,"[0.0, 7.258649553571428]",7.258649553571428,5.714285714285714,7.258649553571428,2.916666666666661,0,1,0,71.43644534051418,7.258649553571428e-06,175,1,0
8,43,18,0,0,0,7.25010735648019,"[0.0, 7.25010735648019]",7.25010735648019,5.714285714285714,7.25010735648019,4.19999999999999,0,1,0,71.20779468119144,7.25010735648019e-06,252,1,0
8,44,29,0,0,0,7.142857142857142,"[0.0, 7.142857142857142]",7.142857142857142,5.714285714285714,7.142857142857142,2.8499999999999948,0,1,0,68.87241666018963,7.142857142857143e-06,171,1,0
8,45,45,0,0,0,7.142857142857142,"[0.0, 7.142857142857142]",7.142857142857142,5.714285714285714,7.142857142857142,2.8166666666666615,0,1,0,67.6048683077097,7.142857142857143e-06,169,1,0
8,46,61,0,0,0,7.142857142857142,"[0.0, 7.142857142857142]",7.142857142857142,5.714285714285714,7.142857142857142,2.8666666666666614,0,1,0,69.50991795957088,7.142857142857143e-06,172,1,0
8,47,47,0,0,0,5.39696284702846,"[0.0, 5.39696284702846]",5.39696284702846,2.857142857142857,5.39696284702846,11.250000000000139,0,1,0,71.77681714784558,5.39696284702846e-06,675,1,0
8,48,54,0,0,0,5.316123962402344,"[0.0, 5.316123962402344]",5.316123962402344,2.857142857142857,5.316123962402344,2.199999999999997,0,1,0,45.30454708635807,5.316123962402344e-06,132,1,0
8,49,44,0,0,0,4.857624598911831,"[0.0, 4.857624598911831]",4.857624598911831,2.857142857142857,4.857624598911831,6.5333333333333155,0,1,0,38.5708707353333,4.8576245989118305e-06,392,1,0
8,50,38,0,0,0,4.82337406703404,"[0.0, 4.82337406703404]",4.82337406703404,2.857142857142857,4.82337406703404,2.0166666666666644,0,1,0,40.146655678749084,4.82337406703404e-06,121,1,0
8,51,41,0,0,0,4.500623430524554,"[0.0, 4.500623430524554]",4.500623430524554,2.857142857142857,4.500623430524554,4.599999999999989,0,1,0,36.620686659938656,4.500623430524554e-06,276,1,0
8,52,21,0,0,0,2.1576309204101562,"[0.0, 2.1576309204101562]",2.1576309204101562,0.0,2.1576309204101562,5.016666666666654,0,1,0,8.214497842942365,2.157630920410156e-06,301,1,0
8,53,27,0,0,0,2.1566990443638394,"[0.0, 2.1566990443638394]",2.1566990443638394,0.0,2.1566990443638394,5.016666666666654,0,1,0,8.214201987502747,2.1566990443638396e-06,301,1,0
8,54,48,0,0,0,2.1115003313337053,"[0.0, 2.1115003313337053]",2.1115003313337053,0.0,2.1115003313337053,5.016666666666654,0,1,0,7.705926606373396,2.111500331333705e-06,301,1,0
8,55,42,0,0,0,2.111293247767857,"[0.0, 2.111293247767857]",2.111293247767857,0.0,2.111293247767857,5.016666666666654,0,1,0,7.70633301626367,2.111293247767857e-06,301,1,0
8,56,11,0,0,0,2.110039847237723,"[0.0, 2.110039847237723]",2.110039847237723,0.0,2.110039847237723,5.016666666666654,0,1,0,7.706045120292401,2.110039847237723e-06,301,1,0
8,57,40,0,0,0,2.1100234985351562,"[0.0, 2.1100234985351562]",2.1100234985351562,0.0,2.1100234985351562,5.016666666666654,0,1,0,7.705863117625995,2.1100234985351563e-06,301,1,0
8,58,52,0,0,0,2.109255109514509,"[0.0, 2.109255109514509]",2.109255109514509,0.0,2.109255109514509,5.016666666666654,0,1,0,7.706056162758614,2.109255109514509e-06,301,1,0
8,59,28,0,0,0,2.1084485735212053,"[0.0, 2.1084485735212053]",2.1084485735212053,0.0,2.1084485735212053,5.016666666666654,0,1,0,7.706452440674184,2.108448573521205e-06,301,1,0
8,60,24,0,0,0,2.1076747349330356,"[0.0, 2.1076747349330356]",2.1076747349330356,0.0,2.1076747349330356,5.016666666666654,0,1,0,7.705457567528356,2.107674734933036e-06,301,1,0
8,61,16,0,0,0,1.8752179827008928,"[0.0, 1.8752179827008928]",1.8752179827008928,0.0,1.8752179827008928,5.016666666666654,0,1,0,5.174923107260838,1.8752179827008927e-06,301,1,0
8,62,43,0,0,0,1.870760236467634,"[0.0, 1.870760236467634]",1.870760236467634,0.0,1.870760236467634,5.016666666666654,0,1,0,5.18144859484164,1.8707602364676339e-06,301,1,0
8,63,57,0,0,0,1.8449510846819197,"[0.0, 1.8449510846819197]",1.8449510846819197,0.0,1.8449510846819197,5.016666666666654,0,1,0,4.851121729414444,1.8449510846819197e-06,301,1,0
8,64,53,0,0,0,1.3379996163504466,"[0.0, 1.3379996163504466]",1.3379996163504466,0.0,1.3379996163504466,5.016666666666654,0,1,0,4.0159879863786045,1.3379996163504466e-06,301,1,0
9,1,0,0,1,1,9.440422058105469,"[0.0, 9.440422058105469]",9.440422058105469,8.571428571428571,9.440422058105469,3.1499999999999937,0,1,0,80.70297828316689,9.440422058105468e-06,189,1,0
9,2,1,0,1,1,9.44035393851144,"[0.0, 9.44035393851144]",9.44035393851144,8.571428571428571,9.44035393851144,3.1499999999999937,0,1,0,80.70270071923733,9.44035393851144e-06,189,1,0
9,3,36,0,1,1,9.397577558244977,"[0.0, 9.397577558244977]",9.397577558244977,8.571428571428571,9.397577558244977,3.1499999999999937,0,1,0,80.70233558118343,9.397577558244977e-06,189,1,0
9,4,2,0,1,1,9.359207153320312,"[0.0, 9.359207153320312]",9.359207153320312,8.571428571428571,9.359207153320312,3.1499999999999937,0,1,0,80.70285481214523,9.359207153320313e-06,189,1,0
9,5,3,0,1,1,9.311264583042691,"[0.0, 9.311264583042691]",9.311264583042691,8.571428571428571,9.311264583042691,5.016666666666654,0,1,0,80.7449610978365,9.311264583042691e-06,301,1,0
9,6,57,0,1,1,9.288330078125,"[0.0, 9.288330078125]",9.288330078125,8.571428571428571,9.288330078125,3.1499999999999937,0,1,0,80.70242580771446,9.288330078125e-06,189,1,0
9,7,4,0,1,1,9.276264735630582,"[0.0, 9.276264735630582]",9.276264735630582,8.571428571428571,9.276264735630582,3.133333333333327,0,1,0,80.02567754685879,9.276264735630582e-06,188,1,0
9,8,12,0,1,1,9.247417449951172,"[0.0, 9.247417449951172]",9.247417449951172,8.571428571428571,9.247417449951172,3.133333333333327,0,1,0,80.02562880516052,9.247417449951171e-06,188,1,0
9,9,38,0,0,1,9.243921552385604,"[0.0, 9.243921552385604]",9.243921552385604,8.571428571428571,9.243921552385604,3.133333333333327,0,1,0,79.89323206245899,9.243921552385605e-06,188,1,0
9,10,5,0,0,1,9.2206301007952,"[0.0, 9.2206301007952]",9.2206301007952,8.571428571428571,9.2206301007952,3.1499999999999937,0,1,0,80.39408056437969,9.2206301007952e-06,189,1,0
9,11,63,0,0,1,9.20583997453962,"[0.0, 9.20583997453962]",9.20583997453962,8.571428571428571,9.20583997453962,3.1499999999999937,0,1,0,80.13745146989822,9.20583997453962e-06,189,1,0
9,12,20,0,0,1,9.144298008510045,"[0.0, 9.144298008510045]",9.144298008510045,8.571428571428571,9.144298008510045,8.31666666666666,0,1,0,79.17590540958918,9.144298008510045e-06,499,1,0
9,13,6,0,0,1,9.135894775390625,"[0.0, 9.135894775390625]",9.135894775390625,8.571428571428571,9.135894775390625,3.1166666666666605,0,1,0,79.35089749097824,9.135894775390625e-06,187,1,0
9,14,7,0,0,1,9.109276362827847,"[0.0, 9.109276362827847]",9.109276362827847,8.571428571428571,9.109276362827847,3.133333333333327,0,1,0,79.77437853813171,9.109276362827847e-06,188,1,0
9,15,54,0,0,1,8.984707423618861,"[0.0, 8.984707423618861]",8.984707423618861,8.571428571428571,8.984707423618861,3.1166666666666605,0,1,0,79.35085439682007,8.984707423618861e-06,187,1,0
9,16,58,0,0,1,8.872476305280413,"[0.0, 8.872476305280413]",8.872476305280413,8.571428571428571,8.872476305280413,3.099999999999994,0,1,0,78.67900060117245,8.872476305280413e-06,186,1,0
9,17,19,0,0,1,8.81894520350865,"[0.0, 8.81894520350865]",8.81894520350865,8.571428571428571,8.81894520350865,3.099999999999994,0,1,0,78.67911070585251,8.818945203508649e-06,186,1,0
9,18,21,0,0,1,8.535897391183035,"[0.0, 8.535897391183035]",8.535897391183035,5.714285714285714,8.535897391183035,3.0666666666666607,0,1,0,77.34107874333858,8.535897391183035e-06,184,1,0
9,19,37,0,0,1,8.512510572160993,"[0.0, 8.512510572160993]",8.512510572160993,5.714285714285714,8.512510572160993,3.0666666666666607,0,1,0,77.34126268327236,8.512510572160992e-06,184,1,0
9,20,14,0,0,1,8.49163327898298,"[0.0, 8.49163327898298]",8.49163327898298,5.714285714285714,8.49163327898298,3.0666666666666607,0,1,0,77.34147870540619,8.49163327898298e-06,184,1,0
9,21,23,0,0,1,8.461758749825615,"[0.0, 8.461758749825615]",8.461758749825615,5.714285714285714,8.461758749825615,3.0666666666666607,0,1,0,77.34080705046654,8.461758749825614e-06,184,1,0
9,22,50,0,0,1,8.440889630998884,"[0.0, 8.440889630998884]",8.440889630998884,5.714285714285714,8.440889630998884,3.0666666666666607,0,1,0,77.34153686463833,8.440889630998884e-06,184,1,0
9,23,34,0,0,1,8.413734436035156,"[0.0, 8.413734436035156]",8.413734436035156,5.714285714285714,8.413734436035156,3.0666666666666607,0,1,0,77.3415836840868,8.413734436035157e-06,184,1,0
9,24,28,0,0,1,8.40104511805943,"[0.0, 8.40104511805943]",8.40104511805943,5.714285714285714,8.40104511805943,3.0666666666666607,0,1,0,77.13002893328667,8.401045118059431e-06,184,1,0
9,25,44,0,0,1,8.389290400913783,"[0.0, 8.389290400913783]",8.389290400913783,5.714285714285714,8.389290400913783,3.0666666666666607,0,1,0,77.34154644608498,8.389290400913783e-06,184,1,0
9,26,51,0,0,1,8.372644696916854,"[0.0, 8.372644696916854]",8.372644696916854,5.714285714285714,8.372644696916854,3.2333333333333267,0,1,0,77.25997652113438,8.372644696916854e-06,194,1,0
9,27,29,0,0,1,8.365889957972936,"[0.0, 8.365889957972936]",8.365889957972936,5.714285714285714,8.365889957972936,3.0666666666666607,0,1,0,77.34117425978184,8.365889957972936e-06,184,1,0
9,28,24,0,0,1,8.360985347202845,"[0.0, 8.360985347202845]",8.360985347202845,5.714285714285714,8.360985347202845,3.049999999999994,0,1,0,76.67590342462063,8.360985347202846e-06,183,1,0
9,29,30,0,0,1,8.329541342599052,"[0.0, 8.329541342599052]",8.329541342599052,5.714285714285714,8.329541342599052,3.049999999999994,0,1,0,76.6760696619749,8.329541342599053e-06,183,1,0
9,30,18,0,0,1,8.32108633858817,"[0.0, 8.32108633858817]",8.32108633858817,5.714285714285714,8.32108633858817,3.049999999999994,0,1,0,76.67567954957485,8.32108633858817e-06,183,1,0
9,31,16,0,0,1,8.235370091029576,"[0.0, 8.235370091029576]",8.235370091029576,5.714285714285714,8.235370091029576,3.049999999999994,0,1,0,76.67639034986496,8.235370091029576e-06,183,1,0
9,32,59,0,0,1,8.175648280552455,"[0.0, 8.175648280552455]",8.175648280552455,5.714285714285714,8.175648280552455,3.049999999999994,0,1,0,76.2265215665102,8.175648280552455e-06,183,1,0
9,33,17,0,0,0,8.146177019391741,"[0.0, 8.146177019391741]",8.146177019391741,5.714285714285714,8.146177019391741,3.0333333333333274,0,1,0,76.01281322538853,8.14617701939174e-06,182,1,0
9,34,42,0,0,0,8.11150687081473,"[0.0, 8.11150687081473]",8.11150687081473,5.714285714285714,8.11150687081473,3.0333333333333274,0,1,0,76.01283092796803,8.11150687081473e-06,182,1,0
9,35,22,0,0,0,8.084016527448382,"[0.0, 8.084016527448382]",8.084016527448382,5.714285714285714,8.084016527448382,3.0666666666666607,0,1,0,75.94375126063824,8.084016527448381e-06,184,1,0
9,36,48,0,0,0,8.080689566476003,"[0.0, 8.080689566476003]",8.080689566476003,5.714285714285714,8.080689566476003,3.0333333333333274,0,1,0,76.01253065466881,8.080689566476003e-06,182,1,0
9,37,40,0,0,0,8.06769779750279,"[0.0, 8.06769779750279]",8.06769779750279,5.714285714285714,8.06769779750279,3.21666666666666,0,1,0,75.8846969306469,8.06769779750279e-06,193,1,0
9,38,52,0,0,0,8.044744219098773,"[0.0, 8.044744219098773]",8.044744219098773,5.714285714285714,8.044744219098773,3.0333333333333274,0,1,0,76.0126910507679,8.044744219098773e-06,182,1,0
9,39,53,0,0,0,8.000515529087611,"[0.0, 8.000515529087611]",8.000515529087611,5.714285714285714,8.000515529087611,3.0333333333333274,0,1,0,76.01290379464626,8.000515529087611e-06,182,1,0
9,40,15,0,0,0,7.971796308244977,"[0.0, 7.971796308244977]",7.971796308244977,5.714285714285714,7.971796308244977,3.016666666666661,0,1,0,75.35185824334621,7.971796308244977e-06,181,1,0
9,41,32,0,0,0,7.865333557128906,"[0.0, 7.865333557128906]",7.865333557128906,5.714285714285714,7.865333557128906,2.9999999999999942,0,1,0,74.69325368106365,7.865333557128907e-06,180,1,0
9,42,25,0,0,0,7.686505998883929,"[0.0, 7.686505998883929]",7.686505998883929,5.714285714285714,7.686505998883929,2.9833333333333276,0,1,0,74.03749018907547,7.686505998883929e-06,179,1,0
9,43,33,0,0,0,7.68563951764788,"[0.0, 7.68563951764788]",7.68563951764788,5.714285714285714,7.68563951764788,2.9833333333333276,0,1,0,74.03765779733658,7.68563951764788e-06,179,1,0
9,44,47,0,0,0,7.650789533342634,"[0.0, 7.650789533342634]",7.650789533342634,5.714285714285714,7.650789533342634,2.9833333333333276,0,1,0,74.03792677819729,7.650789533342633e-06,179,1,0
9,45,45,0,0,0,7.63258797781808,"[0.0, 7.63258797781808]",7.63258797781808,5.714285714285714,7.63258797781808,3.133333333333327,0,1,0,73.60563991963863,7.63258797781808e-06,188,1,0
9,46,60,0,0,0,7.550427573067801,"[0.0, 7.550427573067801]",7.550427573067801,5.714285714285714,7.550427573067801,2.966666666666661,0,1,0,73.38364806771278,7.550427573067801e-06,178,1,0
9,47,49,0,0,0,7.396834237234932,"[0.0, 7.396834237234932]",7.396834237234932,5.714285714285714,7.396834237234932,2.933333333333328,0,1,0,72.08270594477654,7.396834237234933e-06,176,1,0
9,48,9,0,0,0,7.3023496355329245,"[0.0, 7.3023496355329245]",7.3023496355329245,5.714285714285714,7.3023496355329245,4.116666666666657,0,1,0,71.40443255007267,7.3023496355329244e-06,247,1,0
9,49,39,0,0,0,7.240717751639229,"[0.0, 7.240717751639229]",7.240717751639229,5.714285714285714,7.240717751639229,3.016666666666661,0,1,0,70.93557044863701,7.240717751639229e-06,181,1,0
9,50,27,0,0,0,5.7680238996233255,"[0.0, 5.7680238996233255]",5.7680238996233255,5.714285714285714,5.7680238996233255,2.33333333333333,0,1,0,50.317462623119354,5.768023899623326e-06,140,1,0
9,51,35,0,0,0,5.635888235909598,"[0.0, 5.635888235909598]",5.635888235909598,2.857142857142857,5.635888235909598,6.366666666666649,0,1,0,47.16090202750638,5.6358882359095985e-06,382,1,0
9,52,43,0,0,0,5.633059910365514,"[0.0, 5.633059910365514]",5.633059910365514,2.857142857142857,5.633059910365514,3.3333333333333264,0,1,0,48.81469710171223,5.633059910365514e-06,200,1,0
9,53,13,0,0,0,2.8278405325753346,"[0.0, 2.8278405325753346]",2.8278405325753346,0.0,2.8278405325753346,5.016666666666654,0,1,0,40.5516765939974,2.8278405325753348e-06,301,1,0
9,54,61,0,0,0,2.1117237636021207,"[0.0, 2.1117237636021207]",2.1117237636021207,0.0,2.1117237636021207,5.016666666666654,0,1,0,7.705794850829989,2.1117237636021205e-06,301,1,0
9,55,46,0,0,0,2.111647469656808,"[0.0, 2.111647469656808]",2.111647469656808,0.0,2.111647469656808,5.016666666666654,0,1,0,7.705762598779984,2.1116474696568084e-06,301,1,0
9,56,10,0,0,0,2.1109717232840404,"[0.0, 2.1109717232840404]",2.1109717232840404,0.0,2.1109717232840404,5.016666666666654,0,1,0,7.70568591990741,2.1109717232840404e-06,301,1,0
9,57,62,0,0,0,2.110655648367745,"[0.0, 2.110655648367745]",2.110655648367745,0.0,2.110655648367745,5.016666666666654,0,1,0,7.7059237686989945,2.1106556483677453e-06,301,1,0
9,58,11,0,0,0,2.1104049682617188,"[0.0, 2.1104049682617188]",2.1104049682617188,0.0,2.1104049682617188,5.016666666666654,0,1,0,7.705782603101397,2.1104049682617187e-06,301,1,0
9,59,26,0,0,0,2.1098055158342635,"[0.0, 2.1098055158342635]",2.1098055158342635,0.0,2.1098055158342635,5.016666666666654,0,1,0,7.705738874166855,2.1098055158342634e-06,301,1,0
9,60,8,0,0,0,1.908471243722098,"[0.0, 1.908471243722098]",1.908471243722098,0.0,1.908471243722098,5.016666666666654,0,1,0,5.5663155551301315,1.908471243722098e-06,301,1,0
9,61,41,0,0,0,1.9080243791852678,"[0.0, 1.9080243791852678]",1.9080243791852678,0.0,1.9080243791852678,5.016666666666654,0,1,0,5.568061722849961,1.908024379185268e-06,301,1,0
9,62,56,0,0,0,1.8759046282087053,"[0.0, 1.8759046282087053]",1.8759046282087053,0.0,1.8759046282087053,5.016666666666654,0,1,0,5.16356599755818,1.8759046282087053e-06,301,1,0
9,63,55,0,0,0,1.8750217982700892,"[0.0, 1.8750217982700892]",1.8750217982700892,0.0,1.8750217982700892,5.016666666666654,0,1,0,5.175076048006304,1.8750217982700893e-06,301,1,0
9,64,31,0,0,0,1.8651144845145091,"[0.0, 1.8651144845145091]",1.8651144845145091,0.0,1.8651144845145091,5.016666666666654,0,1,0,5.18793042904872,1.8651144845145092e-06,301,1,0
10,1,14,0,1,1,9.462827954973493,"[0.0, 9.462827954973493]",9.462827954973493,8.571428571428571,9.462827954973493,3.1666666666666603,0,1,0,81.38143150508404,9.462827954973492e-06,190,1,0
10,2,0,0,1,1,9.440422058105469,"[0.0, 9.440422058105469]",9.440422058105469,8.571428571428571,9.440422058105469,3.1499999999999937,0,1,0,80.70297828316689,9.440422058105468e-06,189,1,0
10,3,1,0,1,1,9.44035393851144,"[0.0, 9.44035393851144]",9.44035393851144,8.571428571428571,9.44035393851144,3.1499999999999937,0,1,0,80.70270071923733,9.44035393851144e-06,189,1,0
10,4,2,0,1,1,9.397577558244977,"[0.0, 9.397577558244977]",9.397577558244977,8.571428571428571,9.397577558244977,3.1499999999999937,0,1,0,80.70233558118343,9.397577558244977e-06,189,1,0
10,5,3,0,1,1,9.359207153320312,"[0.0, 9.359207153320312]",9.359207153320312,8.571428571428571,9.359207153320312,3.1499999999999937,0,1,0,80.70285481214523,9.359207153320313e-06,189,1,0
10,6,38,0,1,1,9.314907618931361,"[0.0, 9.314907618931361]",9.314907618931361,8.571428571428571,9.314907618931361,3.1499999999999937,0,1,0,80.70260751247406,9.314907618931361e-06,189,1,0
10,7,4,0,1,1,9.311264583042691,"[0.0, 9.311264583042691]",9.311264583042691,8.571428571428571,9.311264583042691,5.016666666666654,0,1,0,80.7449610978365,9.311264583042691e-06,301,1,0
10,8,5,0,1,1,9.288330078125,"[0.0, 9.288330078125]",9.288330078125,8.571428571428571,9.288330078125,3.1499999999999937,0,1,0,80.70242580771446,9.288330078125e-06,189,1,0
10,9,6,0,0,1,9.276264735630582,"[0.0, 9.276264735630582]",9.276264735630582,8.571428571428571,9.276264735630582,3.133333333333327,0,1,0,80.02567754685879,9.276264735630582e-06,188,1,0
10,10,7,0,0,1,9.247417449951172,"[0.0, 9.247417449951172]",9.247417449951172,8.571428571428571,9.247417449951172,3.133333333333327,0,1,0,80.02562880516052,9.247417449951171e-06,188,1,0
10,11,54,0,0,1,9.212314060756139,"[0.0, 9.212314060756139]",9.212314060756139,8.571428571428571,9.212314060756139,3.133333333333327,0,1,0,80.02580870687962,9.212314060756138e-06,188,1,0
10,12,18,0,0,1,9.197668348039901,"[0.0, 9.197668348039901]",9.197668348039901,8.571428571428571,9.197668348039901,3.133333333333327,0,1,0,80.02576012909412,9.197668348039901e-06,188,1,0
10,13,25,0,0,1,9.019331250871932,"[0.0, 9.019331250871932]",9.019331250871932,8.571428571428571,9.019331250871932,3.4166666666666594,0,1,0,79.16172283887863,9.019331250871933e-06,205,1,0
10,14,12,0,0,1,8.960865565708705,"[0.0, 8.960865565708705]",8.960865565708705,8.571428571428571,8.960865565708705,3.3166666666666598,0,1,0,79.09636937081814,8.960865565708704e-06,199,1,0
10,15,21,0,0,1,8.928470611572266,"[0.0, 8.928470611572266]",8.928470611572266,8.571428571428571,8.928470611572266,3.099999999999994,0,1,0,78.67937977612019,8.928470611572266e-06,186,1,0
10,16,53,0,0,1,8.91357149396624,"[0.0, 8.91357149396624]",8.91357149396624,8.571428571428571,8.91357149396624,3.1166666666666605,0,1,0,78.6064275354147,8.91357149396624e-06,187,1,0
10,17,44,0,0,1,8.788157871791295,"[0.0, 8.788157871791295]",8.788157871791295,8.571428571428571,8.788157871791295,3.099999999999994,0,1,0,78.67893572151661,8.788157871791296e-06,186,1,0
10,18,52,0,0,1,8.77790996006557,"[0.0, 8.77790996006557]",8.77790996006557,8.571428571428571,8.77790996006557,3.099999999999994,0,1,0,78.67921781539917,8.77790996006557e-06,186,1,0
10,19,19,0,0,1,8.730689457484655,"[0.0, 8.730689457484655]",8.730689457484655,8.571428571428571,8.730689457484655,3.1166666666666605,0,1,0,78.6520704627037,8.730689457484654e-06,187,1,0
10,20,39,0,0,1,8.645395551409042,"[0.0, 8.645395551409042]",8.645395551409042,8.571428571428571,8.645395551409042,3.0833333333333273,0,1,0,78.00871305167675,8.645395551409041e-06,185,1,0
10,21,56,0,0,1,8.630962371826172,"[0.0, 8.630962371826172]",8.630962371826172,8.571428571428571,8.630962371826172,3.0833333333333273,0,1,0,78.00906659662724,8.630962371826171e-06,185,1,0
10,22,31,0,0,1,8.598213195800781,"[0.0, 8.598213195800781]",8.598213195800781,8.571428571428571,8.598213195800781,3.0833333333333273,0,1,0,78.00861875712872,8.59821319580078e-06,185,1,0
10,23,50,0,0,1,8.590739113943917,"[0.0, 8.590739113943917]",8.590739113943917,8.571428571428571,8.590739113943917,3.0833333333333273,0,1,0,78.00944612920284,8.590739113943916e-06,185,1,0
10,24,43,0,0,1,8.583049774169922,"[0.0, 8.583049774169922]",8.583049774169922,8.571428571428571,8.583049774169922,3.0833333333333273,0,1,0,77.7546043843031,8.583049774169923e-06,185,1,0
10,25,57,0,0,1,8.476587023053849,"[0.0, 8.476587023053849]",8.476587023053849,5.714285714285714,8.476587023053849,3.0666666666666607,0,1,0,77.34144388139248,8.476587023053849e-06,184,1,0
10,26,47,0,0,1,8.454865046909879,"[0.0, 8.454865046909879]",8.454865046909879,5.714285714285714,8.454865046909879,3.0666666666666607,0,1,0,77.34128212928772,8.45486504690988e-06,184,1,0
10,27,42,0,0,1,8.427295684814453,"[0.0, 8.427295684814453]",8.427295684814453,5.714285714285714,8.427295684814453,3.0666666666666607,0,1,0,77.34125985205173,8.427295684814453e-06,184,1,0
10,28,34,0,0,1,8.35062026977539,"[0.0, 8.35062026977539]",8.35062026977539,5.714285714285714,8.35062026977539,3.049999999999994,0,1,0,76.67577514052391,8.35062026977539e-06,183,1,0
10,29,51,0,0,1,8.269626072474887,"[0.0, 8.269626072474887]",8.269626072474887,5.714285714285714,8.269626072474887,3.049999999999994,0,1,0,76.67590107023716,8.269626072474887e-06,183,1,0
10,30,33,0,0,1,8.22228022984096,"[0.0, 8.22228022984096]",8.22228022984096,5.714285714285714,8.22228022984096,3.049999999999994,0,1,0,76.52018508315086,8.22228022984096e-06,183,1,0
10,31,63,0,0,1,8.214111328125,"[0.0, 8.214111328125]",8.214111328125,5.714285714285714,8.214111328125,3.049999999999994,0,1,0,76.67611473798752,8.214111328125e-06,183,1,0
10,32,17,0,0,1,8.047346387590682,"[0.0, 8.047346387590682]",8.047346387590682,5.714285714285714,8.047346387590682,3.0333333333333274,0,1,0,76.01322567462921,8.047346387590682e-06,182,1,0
10,33,24,0,0,0,8.02283423287528,"[0.0, 8.02283423287528]",8.02283423287528,5.714285714285714,8.02283423287528,3.016666666666661,0,1,0,75.35179007053375,8.02283423287528e-06,181,1,0
10,34,23,0,0,0,8.01697049822126,"[0.0, 8.01697049822126]",8.01697049822126,5.714285714285714,8.01697049822126,3.0333333333333274,0,1,0,75.29720848798752,8.01697049822126e-06,182,1,0
10,35,48,0,0,0,7.932385035923549,"[0.0, 7.932385035923549]",7.932385035923549,5.714285714285714,7.932385035923549,3.016666666666661,0,1,0,75.35229510068893,7.93238503592355e-06,181,1,0
10,36,29,0,0,0,7.904763902936662,"[0.0, 7.904763902936662]",7.904763902936662,5.714285714285714,7.904763902936662,3.0833333333333273,0,1,0,75.0984756052494,7.904763902936662e-06,185,1,0
10,37,60,0,0,0,7.814728873116629,"[0.0, 7.814728873116629]",7.814728873116629,5.714285714285714,7.814728873116629,2.9999999999999942,0,1,0,74.69407154619694,7.814728873116629e-06,180,1,0
10,38,28,0,0,0,7.725552150181361,"[0.0, 7.725552150181361]",7.725552150181361,5.714285714285714,7.725552150181361,2.9833333333333276,0,1,0,74.03747087717056,7.72555215018136e-06,179,1,0
10,39,16,0,0,0,7.696628570556641,"[0.0, 7.696628570556641]",7.696628570556641,5.714285714285714,7.696628570556641,2.9833333333333276,0,1,0,74.0374985486269,7.69662857055664e-06,179,1,0
10,40,37,0,0,0,7.680694035121373,"[0.0, 7.680694035121373]",7.680694035121373,5.714285714285714,7.680694035121373,2.9833333333333276,0,1,0,74.03740215301514,7.680694035121374e-06,179,1,0
10,41,8,0,0,0,7.598367418561663,"[0.0, 7.598367418561663]",7.598367418561663,5.714285714285714,7.598367418561663,2.966666666666661,0,1,0,73.38344679772854,7.5983674185616635e-06,178,1,0
10,42,20,0,0,0,7.340245928083148,"[0.0, 7.340245928083148]",7.340245928083148,5.714285714285714,7.340245928083148,2.933333333333328,0,1,0,72.08323214948177,7.3402459280831475e-06,176,1,0
10,43,61,0,0,0,7.290006365094865,"[0.0, 7.290006365094865]",7.290006365094865,5.714285714285714,7.290006365094865,2.916666666666661,0,1,0,71.4363090544939,7.290006365094866e-06,175,1,0
10,44,9,0,0,0,7.142857142857142,"[0.0, 7.142857142857142]",7.142857142857142,5.714285714285714,7.142857142857142,2.7833333333333283,0,1,0,66.34656184911728,7.142857142857143e-06,167,1,0
10,45,11,0,0,0,5.727217538016182,"[0.0, 5.727217538016182]",5.727217538016182,5.714285714285714,5.727217538016182,2.3166666666666633,0,1,0,49.758494675159454,5.7272175380161824e-06,139,1,0
10,46,10,0,0,0,5.723637172154017,"[0.0, 5.723637172154017]",5.723637172154017,5.714285714285714,5.723637172154017,2.3166666666666633,0,1,0,49.75897932052612,5.723637172154017e-06,139,1,0
10,47,13,0,0,0,5.663136073521206,"[0.0, 5.663136073521206]",5.663136073521206,2.857142857142857,5.663136073521206,2.4333333333333296,0,1,0,49.139171212911606,5.6631360735212056e-06,146,1,0
10,48,36,0,0,0,5.658890860421318,"[0.0, 5.658890860421318]",5.658890860421318,2.857142857142857,5.658890860421318,6.349999999999983,0,1,0,47.49843346665148,5.658890860421318e-06,381,1,0
10,49,55,0,0,0,5.48865727015904,"[0.0, 5.48865727015904]",5.48865727015904,2.857142857142857,5.48865727015904,3.049999999999994,0,1,0,47.10440916568041,5.48865727015904e-06,183,1,0
10,50,45,0,0,0,5.474466596330915,"[0.0, 5.474466596330915]",5.474466596330915,2.857142857142857,5.474466596330915,2.2333333333333303,0,1,0,47.003681406378746,5.474466596330915e-06,134,1,0
10,51,30,0,0,0,5.41426522391183,"[0.0, 5.41426522391183]",5.41426522391183,2.857142857142857,5.41426522391183,2.2166666666666637,0,1,0,46.460409849882126,5.41426522391183e-06,133,1,0
10,52,35,0,0,0,5.409333365304129,"[0.0, 5.409333365304129]",5.409333365304129,2.857142857142857,5.409333365304129,2.2166666666666637,0,1,0,46.46068686246872,5.4093333653041296e-06,133,1,0
10,53,22,0,0,0,5.3130885532924115,"[0.0, 5.3130885532924115]",5.3130885532924115,2.857142857142857,5.3130885532924115,2.1833333333333305,0,1,0,45.38226167857647,5.313088553292411e-06,131,1,0
10,54,15,0,0,0,5.263693673270089,"[0.0, 5.263693673270089]",5.263693673270089,2.857142857142857,5.263693673270089,2.166666666666664,0,1,0,44.846545815467834,5.2636936732700895e-06,130,1,0
10,55,62,0,0,0,2.997354779924665,"[0.0, 2.997354779924665]",2.997354779924665,2.857142857142857,2.997354779924665,4.716666666666655,0,1,0,17.82592089055106,2.997354779924665e-06,283,1,0
10,56,40,0,0,0,2.1771131243024553,"[0.0, 2.1771131243024553]",2.1771131243024553,0.0,2.1771131243024553,5.016666666666654,0,1,0,8.451778527560236,2.177113124302455e-06,301,1,0
10,57,58,0,0,0,2.110513959612165,"[0.0, 2.110513959612165]",2.110513959612165,0.0,2.110513959612165,5.016666666666654,0,1,0,7.705995320728107,2.110513959612165e-06,301,1,0
10,58,46,0,0,0,2.1043014526367188,"[0.0, 2.1043014526367188]",2.1043014526367188,0.0,2.1043014526367188,5.016666666666654,0,1,0,7.705759530166688,2.1043014526367186e-06,301,1,0
10,59,26,0,0,0,1.8755667550223214,"[0.0, 1.8755667550223214]",1.8755667550223214,0.0,1.8755667550223214,5.016666666666654,0,1,0,5.175022624782287,1.8755667550223213e-06,301,1,0
10,60,41,0,0,0,1.875425066266741,"[0.0, 1.875425066266741]",1.875425066266741,0.0,1.875425066266741,5.016666666666654,0,1,0,5.1745466128923,1.875425066266741e-06,301,1,0
10,61,27,0,0,0,1.8751743861607144,"[0.0, 1.8751743861607144]",1.8751743861607144,0.0,1.8751743861607144,5.016666666666654,0,1,0,5.1747683066059835,1.8751743861607144e-06,301,1,0
10,62,32,0,0,0,1.8749836512974332,"[0.0, 1.8749836512974332]",1.8749836512974332,0.0,1.8749836512974332,5.016666666666654,0,1,0,5.175653715676162,1.8749836512974332e-06,301,1,0
10,63,59,0,0,0,1.8742697579520091,"[0.0, 1.8742697579520091]",1.8742697579520091,0.0,1.8742697579520091,5.016666666666654,0,1,0,5.175547141872812,1.8742697579520092e-06,301,1,0
10,64,49,0,0,0,0.0,"[0.0, 0.0]",0.0,0.0,0.0,5.016666666666654,0,1,0,22.149857174808858,0.0,301,1,0
11,1,8,0,1,1,9.513056618826731,"[0.0, 9.513056618826731]",9.513056618826731,8.571428571428571,9.513056618826731,3.21666666666666,0,1,0,81.32755456864834,9.513056618826732e-06,193,1,0
11,2,0,0,1,1,9.462827954973493,"[0.0, 9.462827954973493]",9.462827954973493,8.571428571428571,9.462827954973493,3.1666666666666603,0,1,0,81.38143150508404,9.462827954973492e-06,190,1,0
11,3,1,0,1,1,9.440422058105469,"[0.0, 9.440422058105469]",9.440422058105469,8.571428571428571,9.440422058105469,3.1499999999999937,0,1,0,80.70297828316689,9.440422058105468e-06,189,1,0
11,4,2,0,1,1,9.44035393851144,"[0.0, 9.44035393851144]",9.44035393851144,8.571428571428571,9.44035393851144,3.1499999999999937,0,1,0,80.70270071923733,9.44035393851144e-06,189,1,0
11,5,42,0,1,1,9.418250492640905,"[0.0, 9.418250492640905]",9.418250492640905,8.571428571428571,9.418250492640905,3.2499999999999933,0,1,0,80.89472980797291,9.418250492640904e-06,195,1,0
11,6,3,0,1,1,9.397577558244977,"[0.0, 9.397577558244977]",9.397577558244977,8.571428571428571,9.397577558244977,3.1499999999999937,0,1,0,80.70233558118343,9.397577558244977e-06,189,1,0
11,7,4,0,1,1,9.359207153320312,"[0.0, 9.359207153320312]",9.359207153320312,8.571428571428571,9.359207153320312,3.1499999999999937,0,1,0,80.70285481214523,9.359207153320313e-06,189,1,0
11,8,34,0,1,1,9.339160919189453,"[0.0, 9.339160919189453]",9.339160919189453,8.571428571428571,9.339160919189453,3.1499999999999937,0,1,0,80.70277555286884,9.339160919189454e-06,189,1,0
11,9,5,0,0,1,9.314907618931361,"[0.0, 9.314907618931361]",9.314907618931361,8.571428571428571,9.314907618931361,3.1499999999999937,0,1,0,80.70260751247406,9.314907618931361e-06,189,1,0
11,10,6,0,0,1,9.311264583042691,"[0.0, 9.311264583042691]",9.311264583042691,8.571428571428571,9.311264583042691,5.016666666666654,0,1,0,80.7449610978365,9.311264583042691e-06,301,1,0
11,11,7,0,0,1,9.288330078125,"[0.0, 9.288330078125]",9.288330078125,8.571428571428571,9.288330078125,3.1499999999999937,0,1,0,80.70242580771446,9.288330078125e-06,189,1,0
11,12,16,0,0,1,9.188502175467354,"[0.0, 9.188502175467354]",9.188502175467354,8.571428571428571,9.188502175467354,3.133333333333327,0,1,0,80.02595244348049,9.188502175467355e-06,188,1,0
11,13,32,0,0,1,9.099099295479911,"[0.0, 9.099099295479911]",9.099099295479911,8.571428571428571,9.099099295479911,3.1166666666666605,0,1,0,79.35134176909924,9.099099295479911e-06,187,1,0
11,14,61,0,0,1,9.052317483084542,"[0.0, 9.052317483084542]",9.052317483084542,8.571428571428571,9.052317483084542,3.1166666666666605,0,1,0,79.35119642317295,9.052317483084541e-06,187,1,0
11,15,56,0,0,1,9.041859763009208,"[0.0, 9.041859763009208]",9.041859763009208,8.571428571428571,9.041859763009208,3.1166666666666605,0,1,0,79.35137702524662,9.041859763009209e-06,187,1,0
11,16,14,0,0,1,8.997835431780134,"[0.0, 8.997835431780134]",8.997835431780134,8.571428571428571,8.997835431780134,3.1166666666666605,0,1,0,79.35170687735081,8.997835431780133e-06,187,1,0
11,17,24,0,0,1,8.944565909249443,"[0.0, 8.944565909249443]",8.944565909249443,8.571428571428571,8.944565909249443,4.983333333333321,0,1,0,78.95488360524178,8.944565909249443e-06,299,1,0
11,18,37,0,0,1,8.881961277553014,"[0.0, 8.881961277553014]",8.881961277553014,8.571428571428571,8.881961277553014,3.099999999999994,0,1,0,78.67864805459976,8.881961277553014e-06,186,1,0
11,19,29,0,0,1,8.83749008178711,"[0.0, 8.83749008178711]",8.83749008178711,8.571428571428571,8.83749008178711,3.099999999999994,0,1,0,78.67876844108105,8.83749008178711e-06,186,1,0
11,20,26,0,0,1,8.810296739850726,"[0.0, 8.810296739850726]",8.810296739850726,8.571428571428571,8.810296739850726,3.099999999999994,0,1,0,78.67917895317078,8.810296739850726e-06,186,1,0
11,21,31,0,0,1,8.802947998046875,"[0.0, 8.802947998046875]",8.802947998046875,8.571428571428571,8.802947998046875,3.099999999999994,0,1,0,78.6166800558567,8.802947998046876e-06,186,1,0
11,22,12,0,0,1,8.800817217145648,"[0.0, 8.800817217145648]",8.800817217145648,8.571428571428571,8.800817217145648,3.099999999999994,0,1,0,78.67913584411144,8.800817217145648e-06,186,1,0
11,23,27,0,0,1,8.77387183053153,"[0.0, 8.77387183053153]",8.77387183053153,8.571428571428571,8.77387183053153,3.099999999999994,0,1,0,78.67904381453991,8.773871830531529e-06,186,1,0
11,24,30,0,0,1,8.766653878348214,"[0.0, 8.766653878348214]",8.766653878348214,8.571428571428571,8.766653878348214,3.099999999999994,0,1,0,78.67925913631916,8.766653878348213e-06,186,1,0
11,25,41,0,0,1,8.757302420479911,"[0.0, 8.757302420479911]",8.757302420479911,8.571428571428571,8.757302420479911,3.0833333333333273,0,1,0,78.00893062353134,8.757302420479912e-06,185,1,0
11,26,43,0,0,1,8.712991986955915,"[0.0, 8.712991986955915]",8.712991986955915,8.571428571428571,8.712991986955915,3.0833333333333273,0,1,0,78.00916016101837,8.712991986955915e-06,185,1,0
11,27,60,0,0,1,8.663967677525111,"[0.0, 8.663967677525111]",8.663967677525111,8.571428571428571,8.663967677525111,4.2833333333333234,0,1,0,78.10798299312592,8.66396767752511e-06,257,1,0
11,28,25,0,0,1,8.599248613630023,"[0.0, 8.599248613630023]",8.599248613630023,8.571428571428571,8.599248613630023,3.133333333333327,0,1,0,77.69020599126816,8.599248613630022e-06,188,1,0
11,29,47,0,0,1,8.545033591134207,"[0.0, 8.545033591134207]",8.545033591134207,5.714285714285714,8.545033591134207,3.0666666666666607,0,1,0,77.34107644855976,8.545033591134206e-06,184,1,0
11,30,23,0,0,1,8.527039119175502,"[0.0, 8.527039119175502]",8.527039119175502,5.714285714285714,8.527039119175502,3.0666666666666607,0,1,0,77.34152746200562,8.527039119175501e-06,184,1,0
11,31,46,0,0,1,8.50508826119559,"[0.0, 8.50508826119559]",8.50508826119559,5.714285714285714,8.50508826119559,3.4999999999999925,0,1,0,77.50689174234867,8.50508826119559e-06,210,1,0
11,32,10,0,0,1,8.454151153564453,"[0.0, 8.454151153564453]",8.454151153564453,5.714285714285714,8.454151153564453,3.21666666666666,0,1,0,77.36265902221203,8.454151153564453e-06,193,1,0
11,33,53,0,0,0,8.36259296962193,"[0.0, 8.36259296962193]",8.36259296962193,5.714285714285714,8.36259296962193,3.049999999999994,0,1,0,76.6752455830574,8.36259296962193e-06,183,1,0
11,34,59,0,0,0,8.32204818725586,"[0.0, 8.32204818725586]",8.32204818725586,5.714285714285714,8.32204818725586,3.049999999999994,0,1,0,76.67636443674564,8.32204818725586e-06,183,1,0
11,35,21,0,0,0,8.297061920166016,"[0.0, 8.297061920166016]",8.297061920166016,5.714285714285714,8.297061920166016,3.2499999999999933,0,1,0,76.8767714202404,8.297061920166016e-06,195,1,0
11,36,22,0,0,0,8.264669690813337,"[0.0, 8.264669690813337]",8.264669690813337,5.714285714285714,8.264669690813337,3.049999999999994,0,1,0,76.67602516710758,8.264669690813337e-06,183,1,0
11,37,50,0,0,0,8.221991402762278,"[0.0, 8.221991402762278]",8.221991402762278,5.714285714285714,8.221991402762278,3.049999999999994,0,1,0,76.67613525688648,8.221991402762278e-06,183,1,0
11,38,51,0,0,0,8.091346195765905,"[0.0, 8.091346195765905]",8.091346195765905,5.714285714285714,8.091346195765905,3.0333333333333274,0,1,0,76.01303587853909,8.091346195765905e-06,182,1,0
11,39,36,0,0,0,7.881655011858259,"[0.0, 7.881655011858259]",7.881655011858259,5.714285714285714,7.881655011858259,3.016666666666661,0,1,0,75.35203747451305,7.88165501185826e-06,181,1,0
11,40,45,0,0,0,7.848314557756697,"[0.0, 7.848314557756697]",7.848314557756697,5.714285714285714,7.848314557756697,2.9999999999999942,0,1,0,74.69377395510674,7.848314557756697e-06,180,1,0
11,41,15,0,0,0,7.8067779541015625,"[0.0, 7.8067779541015625]",7.8067779541015625,5.714285714285714,7.8067779541015625,2.9999999999999942,0,1,0,74.69356055557728,7.806777954101562e-06,180,1,0
11,42,39,0,0,0,7.655884878976005,"[0.0, 7.655884878976005]",7.655884878976005,5.714285714285714,7.655884878976005,2.9833333333333276,0,1,0,74.03728687763214,7.655884878976005e-06,179,1,0
11,43,49,0,0,0,7.142857142857142,"[0.0, 7.142857142857142]",7.142857142857142,5.714285714285714,7.142857142857142,2.7666666666666617,0,1,0,65.72140781581402,7.142857142857143e-06,166,1,0
11,44,44,0,0,0,5.673490251813616,"[0.0, 5.673490251813616]",5.673490251813616,2.857142857142857,5.673490251813616,2.2999999999999967,0,1,0,49.20261098444462,5.673490251813616e-06,138,1,0
11,45,13,0,0,0,5.667604718889509,"[0.0, 5.667604718889509]",5.667604718889509,2.857142857142857,5.667604718889509,2.2999999999999967,0,1,0,49.20274244248867,5.667604718889508e-06,138,1,0
11,46,11,0,0,0,5.666661943708148,"[0.0, 5.666661943708148]",5.666661943708148,2.857142857142857,5.666661943708148,2.2999999999999967,0,1,0,49.2026289999485,5.6666619437081475e-06,138,1,0
11,47,55,0,0,0,5.660885402134486,"[0.0, 5.660885402134486]",5.660885402134486,2.857142857142857,5.660885402134486,2.2999999999999967,0,1,0,49.20279377698898,5.6608854021344865e-06,138,1,0
11,48,57,0,0,0,5.61805180140904,"[0.0, 5.61805180140904]",5.61805180140904,2.857142857142857,5.61805180140904,2.28333333333333,0,1,0,48.64942154288292,5.61805180140904e-06,137,1,0
11,49,54,0,0,0,5.464630126953125,"[0.0, 5.464630126953125]",5.464630126953125,2.857142857142857,5.464630126953125,2.2333333333333303,0,1,0,47.00372992455959,5.464630126953125e-06,134,1,0
11,50,63,0,0,0,5.463371276855469,"[0.0, 5.463371276855469]",5.463371276855469,2.857142857142857,5.463371276855469,2.2333333333333303,0,1,0,47.00372704863548,5.463371276855469e-06,134,1,0
11,51,20,0,0,0,5.154315403529576,"[0.0, 5.154315403529576]",5.154315403529576,2.857142857142857,5.154315403529576,3.4999999999999925,0,1,0,43.72933863848448,5.154315403529576e-06,210,1,0
11,52,19,0,0,0,5.114489964076451,"[0.0, 5.114489964076451]",5.114489964076451,2.857142857142857,5.114489964076451,2.116666666666664,0,1,0,43.25591541826725,5.114489964076451e-06,127,1,0
11,53,58,0,0,0,4.916196550641741,"[0.0, 4.916196550641741]",4.916196550641741,2.857142857142857,4.916196550641741,2.0499999999999976,0,1,0,41.17209234833717,4.916196550641741e-06,123,1,0
11,54,48,0,0,0,4.725690569196429,"[0.0, 4.725690569196429]",4.725690569196429,2.857142857142857,4.725690569196429,1.9833333333333312,0,1,0,39.13106952607632,4.725690569196429e-06,119,1,0
11,55,38,0,0,0,4.677140372140067,"[0.0, 4.677140372140067]",4.677140372140067,2.857142857142857,4.677140372140067,1.9666666666666646,0,1,0,38.62794138491154,4.677140372140067e-06,118,1,0
11,56,9,0,0,0,2.1118763514927457,"[0.0, 2.1118763514927457]",2.1118763514927457,0.0,2.1118763514927457,5.016666666666654,0,1,0,7.7056348386686295,2.1118763514927457e-06,301,1,0
11,57,28,0,0,0,2.111233302525112,"[0.0, 2.111233302525112]",2.111233302525112,0.0,2.111233302525112,5.016666666666654,0,1,0,7.705806590252905,2.111233302525112e-06,301,1,0
11,58,40,0,0,0,2.111222403390067,"[0.0, 2.111222403390067]",2.111222403390067,0.0,2.111222403390067,5.016666666666654,0,1,0,7.706069450723589,2.111222403390067e-06,301,1,0
11,59,62,0,0,0,2.110802786690848,"[0.0, 2.110802786690848]",2.110802786690848,0.0,2.110802786690848,5.016666666666654,0,1,0,7.706034396956966,2.110802786690848e-06,301,1,0
11,60,33,0,0,0,2.1082087925502235,"[0.0, 2.1082087925502235]",2.1082087925502235,0.0,2.1082087925502235,5.016666666666654,0,1,0,7.706197093386436,2.1082087925502234e-06,301,1,0
11,61,18,0,0,0,1.9206946236746654,"[0.0, 1.9206946236746654]",1.9206946236746654,0.0,1.9206946236746654,5.016666666666654,0,1,0,5.57806741836248,1.9206946236746653e-06,301,1,0
11,62,35,0,0,0,1.9204711914062498,"[0.0, 1.9204711914062498]",1.9204711914062498,0.0,1.9204711914062498,5.016666666666654,0,1,0,5.572778600544552,1.9204711914062496e-06,301,1,0
11,63,52,0,0,0,1.8754141671316966,"[0.0, 1.8754141671316966]",1.8754141671316966,0.0,1.8754141671316966,5.016666666666654,0,1,0,5.174495893763378,1.8754141671316966e-06,301,1,0
11,64,17,0,0,0,1.8740463256835938,"[0.0, 1.8740463256835938]",1.8740463256835938,0.0,1.8740463256835938,5.016666666666654,0,1,0,5.175659369444475,1.8740463256835937e-06,301,1,0
12,1,17,0,1,1,9.736240931919642,"[0.0, 9.736240931919642]",9.736240931919642,8.571428571428571,9.736240931919642,6.183333333333317,0,1,0,82.92309748381376,9.736240931919643e-06,371,1,0
12,2,10,0,1,1,9.594612121582031,"[0.0, 9.594612121582031]",9.594612121582031,8.571428571428571,9.594612121582031,3.183333333333327,0,1,0,82.06295016407967,9.594612121582031e-06,191,1,0
12,3,41,0,1,1,9.547533307756696,"[0.0, 9.547533307756696]",9.547533307756696,8.571428571428571,9.547533307756696,3.1666666666666603,0,1,0,81.3817297667265,9.547533307756695e-06,190,1,0
12,4,55,0,1,1,9.544481549944196,"[0.0, 9.544481549944196]",9.544481549944196,8.571428571428571,9.544481549944196,3.1666666666666603,0,1,0,81.38164280354977,9.544481549944196e-06,190,1,0
12,5,0,0,1,1,9.513056618826731,"[0.0, 9.513056618826731]",9.513056618826731,8.571428571428571,9.513056618826731,3.21666666666666,0,1,0,81.32755456864834,9.513056618826732e-06,193,1,0
12,6,1,0,1,1,9.462827954973493,"[0.0, 9.462827954973493]",9.462827954973493,8.571428571428571,9.462827954973493,3.1666666666666603,0,1,0,81.38143150508404,9.462827954973492e-06,190,1,0
12,7,2,0,1,1,9.440422058105469,"[0.0, 9.440422058105469]",9.440422058105469,8.571428571428571,9.440422058105469,3.1499999999999937,0,1,0,80.70297828316689,9.440422058105468e-06,189,1,0
12,8,3,0,1,1,9.44035393851144,"[0.0, 9.44035393851144]",9.44035393851144,8.571428571428571,9.44035393851144,3.1499999999999937,0,1,0,80.70270071923733,9.44035393851144e-06,189,1,0
12,9,4,0,0,1,9.418250492640905,"[0.0, 9.418250492640905]",9.418250492640905,8.571428571428571,9.418250492640905,3.2499999999999933,0,1,0,80.89472980797291,9.418250492640904e-06,195,1,0
12,10,5,0,0,1,9.397577558244977,"[0.0, 9.397577558244977]",9.397577558244977,8.571428571428571,9.397577558244977,3.1499999999999937,0,1,0,80.70233558118343,9.397577558244977e-06,189,1,0
12,11,6,0,0,1,9.359207153320312,"[0.0, 9.359207153320312]",9.359207153320312,8.571428571428571,9.359207153320312,3.1499999999999937,0,1,0,80.70285481214523,9.359207153320313e-06,189,1,0
12,12,44,0,0,1,9.350817544119698,"[0.0, 9.350817544119698]",9.350817544119698,8.571428571428571,9.350817544119698,3.1499999999999937,0,1,0,80.70274069905281,9.350817544119698e-06,189,1,0
12,13,7,0,0,1,9.339160919189453,"[0.0, 9.339160919189453]",9.339160919189453,8.571428571428571,9.339160919189453,3.1499999999999937,0,1,0,80.70277555286884,9.339160919189454e-06,189,1,0
12,14,39,0,0,1,9.33215822492327,"[0.0, 9.33215822492327]",9.33215822492327,8.571428571428571,9.33215822492327,3.4666666666666592,0,1,0,80.57305723428726,9.33215822492327e-06,208,1,0
12,15,23,0,0,1,9.330580575125557,"[0.0, 9.330580575125557]",9.330580575125557,8.571428571428571,9.330580575125557,3.349999999999993,0,1,0,80.1215630620718,9.330580575125558e-06,201,1,0
12,16,50,0,0,1,9.264272962297712,"[0.0, 9.264272962297712]",9.264272962297712,8.571428571428571,9.264272962297712,3.133333333333327,0,1,0,80.02577486634254,9.264272962297711e-06,188,1,0
12,17,61,0,0,1,9.244234902518137,"[0.0, 9.244234902518137]",9.244234902518137,8.571428571428571,9.244234902518137,3.133333333333327,0,1,0,80.0256398320198,9.244234902518137e-06,188,1,0
12,18,40,0,0,1,9.234371185302734,"[0.0, 9.234371185302734]",9.234371185302734,8.571428571428571,9.234371185302734,3.133333333333327,0,1,0,80.02610695362091,9.234371185302735e-06,188,1,0
12,19,56,0,0,1,9.231815338134766,"[0.0, 9.231815338134766]",9.231815338134766,8.571428571428571,9.231815338134766,3.133333333333327,0,1,0,80.02581353485584,9.231815338134766e-06,188,1,0
12,20,12,0,0,1,9.142654963902066,"[0.0, 9.142654963902066]",9.142654963902066,8.571428571428571,9.142654963902066,3.4999999999999925,0,1,0,79.63535584509373,9.142654963902066e-06,210,1,0
12,21,58,0,0,1,9.066260201590403,"[0.0, 9.066260201590403]",9.066260201590403,8.571428571428571,9.066260201590403,3.1166666666666605,0,1,0,79.35121306777,9.066260201590403e-06,187,1,0
12,22,22,0,0,1,9.05158179146903,"[0.0, 9.05158179146903]",9.05158179146903,8.571428571428571,9.05158179146903,3.1166666666666605,0,1,0,79.35115902125835,9.051581791469029e-06,187,1,0
12,23,24,0,0,1,9.030592782156809,"[0.0, 9.030592782156809]",9.030592782156809,8.571428571428571,9.030592782156809,3.1166666666666605,0,1,0,79.3512405604124,9.03059278215681e-06,187,1,0
12,24,28,0,0,1,9.020284925188339,"[0.0, 9.020284925188339]",9.020284925188339,8.571428571428571,9.020284925188339,3.7166666666666583,0,1,0,79.28208510577679,9.020284925188339e-06,223,1,0
12,25,43,0,0,1,9.016789027622767,"[0.0, 9.016789027622767]",9.016789027622767,8.571428571428571,9.016789027622767,3.1166666666666605,0,1,0,79.35149322450161,9.016789027622767e-06,187,1,0
12,26,26,0,0,1,9.000614711216517,"[0.0, 9.000614711216517]",9.000614711216517,8.571428571428571,9.000614711216517,3.1166666666666605,0,1,0,79.35114231705666,9.000614711216518e-06,187,1,0
12,27,52,0,0,1,8.973617553710938,"[0.0, 8.973617553710938]",8.973617553710938,8.571428571428571,8.973617553710938,3.1166666666666605,0,1,0,79.3512237071991,8.973617553710938e-06,187,1,0
12,28,59,0,0,1,8.942748478480748,"[0.0, 8.942748478480748]",8.942748478480748,8.571428571428571,8.942748478480748,3.2333333333333267,0,1,0,78.64931625127792,8.942748478480748e-06,194,1,0
12,29,38,0,0,1,8.894833156040736,"[0.0, 8.894833156040736]",8.894833156040736,8.571428571428571,8.894833156040736,3.099999999999994,0,1,0,78.67879347503185,8.894833156040737e-06,186,1,0
12,30,31,0,0,1,8.8427734375,"[0.0, 8.8427734375]",8.8427734375,8.571428571428571,8.8427734375,3.099999999999994,0,1,0,78.67899054288864,8.8427734375e-06,186,1,0
12,31,19,0,0,1,8.764452253069196,"[0.0, 8.764452253069196]",8.764452253069196,8.571428571428571,8.764452253069196,4.949999999999988,0,1,0,78.01164415478706,8.764452253069197e-06,297,1,0
12,32,21,0,0,1,8.724286215645927,"[0.0, 8.724286215645927]",8.724286215645927,8.571428571428571,8.724286215645927,3.0833333333333273,0,1,0,78.00944855809212,8.724286215645927e-06,185,1,0
12,33,11,0,0,0,8.594180515834264,"[0.0, 8.594180515834264]",8.594180515834264,8.571428571428571,8.594180515834264,3.0833333333333273,0,1,0,78.00857374072075,8.594180515834264e-06,185,1,0
12,34,62,0,0,0,8.493943895612443,"[0.0, 8.493943895612443]",8.493943895612443,5.714285714285714,8.493943895612443,3.0666666666666607,0,1,0,77.34151378273964,8.493943895612443e-06,184,1,0
12,35,9,0,0,0,8.455023084368024,"[0.0, 8.455023084368024]",8.455023084368024,5.714285714285714,8.455023084368024,3.0666666666666607,0,1,0,77.34134964644909,8.455023084368025e-06,184,1,0
12,36,16,0,0,0,8.43156269618443,"[0.0, 8.43156269618443]",8.43156269618443,5.714285714285714,8.43156269618443,3.0666666666666607,0,1,0,77.3412612080574,8.431562696184431e-06,184,1,0
12,37,46,0,0,0,8.285628727504186,"[0.0, 8.285628727504186]",8.285628727504186,5.714285714285714,8.285628727504186,3.049999999999994,0,1,0,76.6759482473135,8.285628727504185e-06,183,1,0
12,38,63,0,0,0,8.251958574567523,"[0.0, 8.251958574567523]",8.251958574567523,5.714285714285714,8.251958574567523,3.049999999999994,0,1,0,76.6760319173336,8.251958574567522e-06,183,1,0
12,39,35,0,0,0,8.116803850446429,"[0.0, 8.116803850446429]",8.116803850446429,5.714285714285714,8.116803850446429,3.0333333333333274,0,1,0,76.01302593946457,8.116803850446429e-06,182,1,0
12,40,53,0,0,0,8.05610111781529,"[0.0, 8.05610111781529]",8.05610111781529,5.714285714285714,8.05610111781529,3.0333333333333274,0,1,0,76.01329462230206,8.05610111781529e-06,182,1,0
12,41,8,0,0,0,7.9445648193359375,"[0.0, 7.9445648193359375]",7.9445648193359375,5.714285714285714,7.9445648193359375,3.016666666666661,0,1,0,75.35240702331066,7.944564819335937e-06,181,1,0
12,42,25,0,0,0,7.941464015415736,"[0.0, 7.941464015415736]",7.941464015415736,5.714285714285714,7.941464015415736,3.0666666666666607,0,1,0,75.23781941831112,7.941464015415735e-06,184,1,0
12,43,42,0,0,0,7.830091203962053,"[0.0, 7.830091203962053]",7.830091203962053,5.714285714285714,7.830091203962053,2.9999999999999942,0,1,0,74.69368322193623,7.830091203962053e-06,180,1,0
12,44,29,0,0,0,7.710846492222377,"[0.0, 7.710846492222377]",7.710846492222377,5.714285714285714,7.710846492222377,2.9833333333333276,0,1,0,74.03761987388134,7.710846492222377e-06,179,1,0
12,45,45,0,0,0,7.644157409667969,"[0.0, 7.644157409667969]",7.644157409667969,5.714285714285714,7.644157409667969,3.133333333333327,0,1,0,73.60620605945587,7.644157409667969e-06,188,1,0
12,46,13,0,0,0,7.51272201538086,"[0.0, 7.51272201538086]",7.51272201538086,5.714285714285714,7.51272201538086,2.9499999999999944,0,1,0,72.73236134648323,7.51272201538086e-06,177,1,0
12,47,37,0,0,0,7.2019468035016745,"[0.0, 7.2019468035016745]",7.2019468035016745,5.714285714285714,7.2019468035016745,2.8999999999999946,0,1,0,70.79179666936398,7.201946803501675e-06,174,1,0
12,48,34,0,0,0,7.142857142857142,"[0.0, 7.142857142857142]",7.142857142857142,5.714285714285714,7.142857142857142,4.999999999999988,0,1,0,68.01844594930299,7.142857142857143e-06,300,1,0
12,49,51,0,0,0,5.817620413643973,"[0.0, 5.817620413643973]",5.817620413643973,5.714285714285714,5.817620413643973,2.3499999999999965,0,1,0,50.878776267170906,5.817620413643973e-06,141,1,0
12,50,57,0,0,0,5.6763458251953125,"[0.0, 5.6763458251953125]",5.6763458251953125,2.857142857142857,5.6763458251953125,2.2999999999999967,0,1,0,49.20238345861435,5.676345825195312e-06,138,1,0
12,51,48,0,0,0,5.515785217285156,"[0.0, 5.515785217285156]",5.515785217285156,2.857142857142857,5.515785217285156,2.249999999999997,0,1,0,47.549975514411926,5.515785217285156e-06,135,1,0
12,52,20,0,0,0,5.406614031110491,"[0.0, 5.406614031110491]",5.406614031110491,2.857142857142857,5.406614031110491,2.2166666666666637,0,1,0,46.46071018278599,5.406614031110491e-06,133,1,0
12,53,60,0,0,0,5.020087105887277,"[0.0, 5.020087105887277]",5.020087105887277,2.857142857142857,5.020087105887277,2.083333333333331,0,1,0,42.208994805812836,5.020087105887277e-06,125,1,0
12,54,36,0,0,0,2.183881487165179,"[0.0, 2.183881487165179]",2.183881487165179,0.0,2.183881487165179,5.016666666666654,0,1,0,8.537207085544651,2.183881487165179e-06,301,1,0
12,55,27,0,0,0,2.156426565987723,"[0.0, 2.156426565987723]",2.156426565987723,0.0,2.156426565987723,5.016666666666654,0,1,0,8.214294400255312,2.156426565987723e-06,301,1,0
12,56,18,0,0,0,2.10784912109375,"[0.0, 2.10784912109375]",2.10784912109375,0.0,2.10784912109375,5.016666666666654,0,1,0,7.706184625902097,2.10784912109375e-06,301,1,0
12,57,32,0,0,0,1.9081933157784596,"[0.0, 1.9081933157784596]",1.9081933157784596,0.0,1.9081933157784596,5.016666666666654,0,1,0,5.568449717131443,1.9081933157784595e-06,301,1,0
12,58,30,0,0,0,1.907599312918527,"[0.0, 1.907599312918527]",1.907599312918527,0.0,1.907599312918527,5.016666666666654,0,1,0,5.566896617237944,1.907599312918527e-06,301,1,0
12,59,33,0,0,0,1.9008309500558036,"[0.0, 1.9008309500558036]",1.9008309500558036,0.0,1.9008309500558036,5.016666666666654,0,1,0,5.451680054829922,1.9008309500558037e-06,301,1,0
12,60,15,0,0,0,1.8941715785435267,"[0.0, 1.8941715785435267]",1.8941715785435267,0.0,1.8941715785435267,5.016666666666654,0,1,0,5.331231068121269,1.8941715785435267e-06,301,1,0
12,61,14,0,0,0,1.8758283342633928,"[0.0, 1.8758283342633928]",1.8758283342633928,0.0,1.8758283342633928,5.016666666666654,0,1,0,5.173572470026556,1.8758283342633927e-06,301,1,0
12,62,49,0,0,0,1.8751198904854909,"[0.0, 1.8751198904854909]",1.8751198904854909,0.0,1.8751198904854909,5.016666666666654,0,1,0,5.174871516181156,1.875119890485491e-06,301,1,0
12,63,47,0,0,0,1.8735722133091517,"[0.0, 1.8735722133091517]",1.8735722133091517,0.0,1.8735722133091517,5.016666666666654,0,1,0,5.175538804847747,1.8735722133091516e-06,301,1,0
12,64,54,0,0,0,1.1821801321847096,"[0.0, 1.1821801321847096]",1.1821801321847096,0.0,1.1821801321847096,5.749999999999985,0,1,0,20.663546336065338,1.1821801321847095e-06,345,1,0
13,1,0,0,1,1,9.736240931919642,"[0.0, 9.736240931919642]",9.736240931919642,8.571428571428571,9.736240931919642,6.183333333333317,0,1,0,82.92309748381376,9.736240931919643e-06,371,1,0
13,2,23,0,1,1,9.644216809953962,"[0.0, 9.644216809953962]",9.644216809953962,8.571428571428571,9.644216809953962,3.21666666666666,0,1,0,82.16188035905361,9.644216809953962e-06,193,1,0
13,3,1,0,1,1,9.594612121582031,"[0.0, 9.594612121582031]",9.594612121582031,8.571428571428571,9.594612121582031,3.183333333333327,0,1,0,82.06295016407967,9.594612121582031e-06,191,1,0
13,4,2,0,1,1,9.547533307756696,"[0.0, 9.547533307756696]",9.547533307756696,8.571428571428571,9.547533307756696,3.1666666666666603,0,1,0,81.3817297667265,9.547533307756695e-06,190,1,0
13,5,3,0,1,1,9.544481549944196,"[0.0, 9.544481549944196]",9.544481549944196,8.571428571428571,9.544481549944196,3.1666666666666603,0,1,0,81.38164280354977,9.544481549944196e-06,190,1,0
13,6,4,0,1,1,9.513056618826731,"[0.0, 9.513056618826731]",9.513056618826731,8.571428571428571,9.513056618826731,3.21666666666666,0,1,0,81.32755456864834,9.513056618826732e-06,193,1,0
13,7,5,0,1,1,9.462827954973493,"[0.0, 9.462827954973493]",9.462827954973493,8.571428571428571,9.462827954973493,3.1666666666666603,0,1,0,81.38143150508404,9.462827954973492e-06,190,1,0
13,8,6,0,1,1,9.440422058105469,"[0.0, 9.440422058105469]",9.440422058105469,8.571428571428571,9.440422058105469,3.1499999999999937,0,1,0,80.70297828316689,9.440422058105468e-06,189,1,0
13,9,7,0,0,1,9.44035393851144,"[0.0, 9.44035393851144]",9.44035393851144,8.571428571428571,9.44035393851144,3.1499999999999937,0,1,0,80.70270071923733,9.44035393851144e-06,189,1,0
13,10,46,0,0,1,9.385318756103516,"[0.0, 9.385318756103516]",9.385318756103516,8.571428571428571,9.385318756103516,3.1499999999999937,0,1,0,80.70274452865124,9.385318756103515e-06,189,1,0
13,11,49,0,0,1,9.356400626046318,"[0.0, 9.356400626046318]",9.356400626046318,8.571428571428571,9.356400626046318,3.1499999999999937,0,1,0,80.70274865627289,9.356400626046318e-06,189,1,0
13,12,14,0,0,1,9.26835196358817,"[0.0, 9.26835196358817]",9.26835196358817,8.571428571428571,9.26835196358817,3.1999999999999935,0,1,0,80.52974458038807,9.26835196358817e-06,192,1,0
13,13,19,0,0,1,9.259381975446429,"[0.0, 9.259381975446429]",9.259381975446429,8.571428571428571,9.259381975446429,3.133333333333327,0,1,0,80.02608641982079,9.259381975446428e-06,188,1,0
13,14,57,0,0,1,9.207932608468191,"[0.0, 9.207932608468191]",9.207932608468191,8.571428571428571,9.207932608468191,3.133333333333327,0,1,0,80.02573147416115,9.20793260846819e-06,188,1,0
13,15,38,0,0,1,9.164981842041016,"[0.0, 9.164981842041016]",9.164981842041016,8.571428571428571,9.164981842041016,3.1499999999999937,0,1,0,80.20396366715431,9.164981842041015e-06,189,1,0
13,16,40,0,0,1,9.151491437639509,"[0.0, 9.151491437639509]",9.151491437639509,8.571428571428571,9.151491437639509,3.133333333333327,0,1,0,80.0260629504919,9.151491437639509e-06,188,1,0
13,17,42,0,0,1,9.141199929373604,"[0.0, 9.141199929373604]",9.141199929373604,8.571428571428571,9.141199929373604,3.2499999999999933,0,1,0,79.43754145503044,9.141199929373605e-06,195,1,0
13,18,22,0,0,1,9.048737117222377,"[0.0, 9.048737117222377]",9.048737117222377,8.571428571428571,9.048737117222377,3.1166666666666605,0,1,0,79.35122013092041,9.048737117222377e-06,187,1,0
13,19,39,0,0,1,9.032799857003349,"[0.0, 9.032799857003349]",9.032799857003349,8.571428571428571,9.032799857003349,3.1999999999999935,0,1,0,79.44635662436485,9.032799857003348e-06,192,1,0
13,20,16,0,0,1,8.946680341448102,"[0.0, 8.946680341448102]",8.946680341448102,8.571428571428571,8.946680341448102,3.099999999999994,0,1,0,78.6794455498457,8.946680341448102e-06,186,1,0
13,21,24,0,0,1,8.939800262451172,"[0.0, 8.939800262451172]",8.939800262451172,8.571428571428571,8.939800262451172,3.099999999999994,0,1,0,78.6786816418171,8.939800262451172e-06,186,1,0
13,22,8,0,0,1,8.91960688999721,"[0.0, 8.91960688999721]",8.91960688999721,8.571428571428571,8.91960688999721,3.099999999999994,0,1,0,78.67930449545383,8.91960688999721e-06,186,1,0
13,23,29,0,0,1,8.898658752441406,"[0.0, 8.898658752441406]",8.898658752441406,8.571428571428571,8.898658752441406,3.099999999999994,0,1,0,78.67920815944672,8.898658752441407e-06,186,1,0
13,24,53,0,0,1,8.860574449811663,"[0.0, 8.860574449811663]",8.860574449811663,8.571428571428571,8.860574449811663,3.099999999999994,0,1,0,78.67878365516663,8.860574449811663e-06,186,1,0
13,25,51,0,0,1,8.851054055350167,"[0.0, 8.851054055350167]",8.851054055350167,8.571428571428571,8.851054055350167,3.099999999999994,0,1,0,78.67882680892944,8.851054055350167e-06,186,1,0
13,26,20,0,0,1,8.842013222830635,"[0.0, 8.842013222830635]",8.842013222830635,8.571428571428571,8.842013222830635,3.099999999999994,0,1,0,78.67881135642529,8.842013222830636e-06,186,1,0
13,27,44,0,0,1,8.762672969273158,"[0.0, 8.762672969273158]",8.762672969273158,8.571428571428571,8.762672969273158,3.0833333333333273,0,1,0,78.00896018743515,8.762672969273158e-06,185,1,0
13,28,41,0,0,1,8.740321568080358,"[0.0, 8.740321568080358]",8.740321568080358,8.571428571428571,8.740321568080358,3.0833333333333273,0,1,0,78.00878162682056,8.740321568080358e-06,185,1,0
13,29,59,0,0,1,8.725615910121373,"[0.0, 8.725615910121373]",8.725615910121373,8.571428571428571,8.725615910121373,3.0833333333333273,0,1,0,78.00867468118668,8.725615910121373e-06,185,1,0
13,30,45,0,0,1,8.66753169468471,"[0.0, 8.66753169468471]",8.66753169468471,8.571428571428571,8.66753169468471,3.0833333333333273,0,1,0,78.00906391441822,8.66753169468471e-06,185,1,0
13,31,61,0,0,1,8.549548557826451,"[0.0, 8.549548557826451]",8.549548557826451,5.714285714285714,8.549548557826451,3.0833333333333273,0,1,0,78.00894711911678,8.54954855782645e-06,185,1,0
13,32,48,0,0,1,8.436595371791295,"[0.0, 8.436595371791295]",8.436595371791295,5.714285714285714,8.436595371791295,3.0666666666666607,0,1,0,77.34138964116573,8.436595371791295e-06,184,1,0
13,33,54,0,0,0,8.416396549769809,"[0.0, 8.416396549769809]",8.416396549769809,5.714285714285714,8.416396549769809,3.0666666666666607,0,1,0,77.34072133898735,8.41639654976981e-06,184,1,0
13,34,58,0,0,0,8.413222176688057,"[0.0, 8.413222176688057]",8.413222176688057,5.714285714285714,8.413222176688057,3.0666666666666607,0,1,0,77.34115290641785,8.413222176688057e-06,184,1,0
13,35,50,0,0,0,8.287827627999441,"[0.0, 8.287827627999441]",8.287827627999441,5.714285714285714,8.287827627999441,3.2833333333333266,0,1,0,76.51642797887325,8.28782762799944e-06,197,1,0
13,36,60,0,0,0,8.268015725272042,"[0.0, 8.268015725272042]",8.268015725272042,5.714285714285714,8.268015725272042,3.049999999999994,0,1,0,76.54008513689041,8.268015725272041e-06,183,1,0
13,37,28,0,0,0,8.267677852085658,"[0.0, 8.267677852085658]",8.267677852085658,5.714285714285714,8.267677852085658,3.049999999999994,0,1,0,76.67591620981693,8.267677852085657e-06,183,1,0
13,38,31,0,0,0,8.207784380231585,"[0.0, 8.207784380231585]",8.207784380231585,5.714285714285714,8.207784380231585,3.049999999999994,0,1,0,76.6757789850235,8.207784380231585e-06,183,1,0
13,39,12,0,0,0,8.161193302699496,"[0.0, 8.161193302699496]",8.161193302699496,5.714285714285714,8.161193302699496,3.049999999999994,0,1,0,76.67580980062485,8.161193302699497e-06,183,1,0
13,40,62,0,0,0,8.030139378138951,"[0.0, 8.030139378138951]",8.030139378138951,5.714285714285714,8.030139378138951,3.016666666666661,0,1,0,75.35232555866241,8.030139378138951e-06,181,1,0
13,41,36,0,0,0,7.983207702636719,"[0.0, 7.983207702636719]",7.983207702636719,5.714285714285714,7.983207702636719,3.016666666666661,0,1,0,75.35220405459404,7.98320770263672e-06,181,1,0
13,42,13,0,0,0,7.836856842041015,"[0.0, 7.836856842041015]",7.836856842041015,5.714285714285714,7.836856842041015,2.9999999999999942,0,1,0,74.69368973374367,7.836856842041015e-06,180,1,0
13,43,17,0,0,0,7.704865591866629,"[0.0, 7.704865591866629]",7.704865591866629,5.714285714285714,7.704865591866629,2.9833333333333276,0,1,0,74.03754217922688,7.704865591866629e-06,179,1,0
13,44,10,0,0,0,7.5524493626185825,"[0.0, 7.5524493626185825]",7.5524493626185825,5.714285714285714,7.5524493626185825,2.966666666666661,0,1,0,73.3839090615511,7.552449362618582e-06,178,1,0
13,45,35,0,0,0,7.256431579589844,"[0.0, 7.256431579589844]",7.256431579589844,5.714285714285714,7.256431579589844,2.916666666666661,0,1,0,71.436218470335,7.256431579589844e-06,175,1,0
13,46,9,0,0,0,7.188519069126674,"[0.0, 7.188519069126674]",7.188519069126674,5.714285714285714,7.188519069126674,2.8999999999999946,0,1,0,70.79162070155144,7.188519069126673e-06,174,1,0
13,47,15,0,0,0,7.142857142857142,"[0.0, 7.142857142857142]",7.142857142857142,5.714285714285714,7.142857142857142,2.833333333333328,0,1,0,68.23775321245193,7.142857142857143e-06,170,1,0
13,48,11,0,0,0,5.767064775739398,"[0.0, 5.767064775739398]",5.767064775739398,5.714285714285714,5.767064775739398,2.33333333333333,0,1,0,50.31286573410034,5.767064775739398e-06,140,1,0
13,49,32,0,0,0,5.719784327915737,"[0.0, 5.719784327915737]",5.719784327915737,5.714285714285714,5.719784327915737,2.3166666666666633,0,1,0,49.758653566241264,5.719784327915737e-06,139,1,0
13,50,27,0,0,0,5.669141496930804,"[0.0, 5.669141496930804]",5.669141496930804,2.857142857142857,5.669141496930804,2.2999999999999967,0,1,0,49.20258416235447,5.669141496930804e-06,138,1,0
13,51,63,0,0,0,5.4752349853515625,"[0.0, 5.4752349853515625]",5.4752349853515625,2.857142857142857,5.4752349853515625,2.2333333333333303,0,1,0,47.003803953528404,5.475234985351563e-06,134,1,0
13,52,30,0,0,0,5.469229561941964,"[0.0, 5.469229561941964]",5.469229561941964,2.857142857142857,5.469229561941964,6.21666666666665,0,1,0,45.86879068345297,5.469229561941964e-06,373,1,0
13,53,55,0,0,0,5.464929853166852,"[0.0, 5.464929853166852]",5.464929853166852,2.857142857142857,5.464929853166852,2.2333333333333303,0,1,0,47.00370793044567,5.4649298531668525e-06,134,1,0
13,54,37,0,0,0,5.350641523088727,"[0.0, 5.350641523088727]",5.350641523088727,2.857142857142857,5.350641523088727,2.199999999999997,0,1,0,45.92010363936424,5.3506415230887276e-06,132,1,0
13,55,33,0,0,0,5.212391444614956,"[0.0, 5.212391444614956]",5.212391444614956,2.857142857142857,5.212391444614956,2.1499999999999972,0,1,0,44.31353195011616,5.212391444614955e-06,129,1,0
13,56,21,0,0,0,5.116942269461496,"[0.0, 5.116942269461496]",5.116942269461496,2.857142857142857,5.116942269461496,2.116666666666664,0,1,0,43.25593051314354,5.116942269461496e-06,127,1,0
13,57,52,0,0,0,4.972948346819196,"[0.0, 4.972948346819196]",4.972948346819196,2.857142857142857,4.972948346819196,2.066666666666664,0,1,0,41.68934492766857,4.972948346819196e-06,124,1,0
13,58,26,0,0,0,4.879695347377233,"[0.0, 4.879695347377233]",4.879695347377233,2.857142857142857,4.879695347377233,2.033333333333331,0,1,0,40.65831571817398,4.879695347377232e-06,122,1,0
13,59,43,0,0,0,4.629178728376116,"[0.0, 4.629178728376116]",4.629178728376116,2.857142857142857,4.629178728376116,6.249999999999983,0,1,0,36.57056610960717,4.629178728376116e-06,375,1,0
13,60,47,0,0,0,2.3613793509347096,"[0.0, 2.3613793509347096]",2.3613793509347096,0.0,2.3613793509347096,5.016666666666654,0,1,0,12.12594700610498,2.3613793509347096e-06,301,1,0
13,61,25,0,0,0,2.1791567121233255,"[0.0, 2.1791567121233255]",2.1791567121233255,0.0,2.1791567121233255,5.049999999999987,0,1,0,8.72201194891386,2.1791567121233254e-06,303,1,0
13,62,18,0,0,0,2.1397290910993303,"[0.0, 2.1397290910993303]",2.1397290910993303,0.0,2.1397290910993303,5.016666666666654,0,1,0,8.041120392663288,2.1397290910993305e-06,301,1,0
13,63,56,0,0,0,2.1092987060546875,"[0.0, 2.1092987060546875]",2.1092987060546875,0.0,2.1092987060546875,5.016666666666654,0,1,0,7.706188248572289,2.1092987060546875e-06,301,1,0
13,64,34,0,0,0,1.8748365129743303,"[0.0, 1.8748365129743303]",1.8748365129743303,0.0,1.8748365129743303,5.016666666666654,0,1,0,5.175447944435291,1.8748365129743303e-06,301,1,0
14,1,0,0,1,1,9.736240931919642,"[0.0, 9.736240931919642]",9.736240931919642,8.571428571428571,9.736240931919642,6.183333333333317,0,1,0,82.92309748381376,9.736240931919643e-06,371,1,0
14,2,1,0,1,1,9.644216809953962,"[0.0, 9.644216809953962]",9.644216809953962,8.571428571428571,9.644216809953962,3.21666666666666,0,1,0,82.16188035905361,9.644216809953962e-06,193,1,0
14,3,18,0,1,1,9.621554783412387,"[0.0, 9.621554783412387]",9.621554783412387,8.571428571428571,9.621554783412387,3.183333333333327,0,1,0,82.06295163929462,9.621554783412388e-06,191,1,0
14,4,2,0,1,1,9.594612121582031,"[0.0, 9.594612121582031]",9.594612121582031,8.571428571428571,9.594612121582031,3.183333333333327,0,1,0,82.06295016407967,9.594612121582031e-06,191,1,0
14,5,3,0,1,1,9.547533307756696,"[0.0, 9.547533307756696]",9.547533307756696,8.571428571428571,9.547533307756696,3.1666666666666603,0,1,0,81.3817297667265,9.547533307756695e-06,190,1,0
14,6,4,0,1,1,9.544481549944196,"[0.0, 9.544481549944196]",9.544481549944196,8.571428571428571,9.544481549944196,3.1666666666666603,0,1,0,81.38164280354977,9.544481549944196e-06,190,1,0
14,7,5,0,1,1,9.513056618826731,"[0.0, 9.513056618826731]",9.513056618826731,8.571428571428571,9.513056618826731,3.21666666666666,0,1,0,81.32755456864834,9.513056618826732e-06,193,1,0
14,8,60,0,1,1,9.506173815046036,"[0.0, 9.506173815046036]",9.506173815046036,8.571428571428571,9.506173815046036,3.1999999999999935,0,1,0,81.32374338805676,9.506173815046037e-06,192,1,0
14,9,57,0,0,1,9.496874128069196,"[0.0, 9.496874128069196]",9.496874128069196,8.571428571428571,9.496874128069196,3.1666666666666603,0,1,0,81.38151475787163,9.496874128069196e-06,190,1,0
14,10,8,0,0,1,9.49582508632115,"[0.0, 9.49582508632115]",9.49582508632115,8.571428571428571,9.49582508632115,3.1666666666666603,0,1,0,81.38196796178818,9.49582508632115e-06,190,1,0
14,11,6,0,0,1,9.462827954973493,"[0.0, 9.462827954973493]",9.462827954973493,8.571428571428571,9.462827954973493,3.1666666666666603,0,1,0,81.38143150508404,9.462827954973492e-06,190,1,0
14,12,7,0,0,1,9.440422058105469,"[0.0, 9.440422058105469]",9.440422058105469,8.571428571428571,9.440422058105469,3.1499999999999937,0,1,0,80.70297828316689,9.440422058105468e-06,189,1,0
14,13,23,0,0,1,9.385945456368583,"[0.0, 9.385945456368583]",9.385945456368583,8.571428571428571,9.385945456368583,3.1499999999999937,0,1,0,80.70287561416626,9.385945456368583e-06,189,1,0
14,14,56,0,0,1,9.070750645228795,"[0.0, 9.070750645228795]",9.070750645228795,8.571428571428571,9.070750645228795,3.1166666666666605,0,1,0,79.35079266130924,9.070750645228796e-06,187,1,0
14,15,17,0,0,1,9.015876225062778,"[0.0, 9.015876225062778]",9.015876225062778,8.571428571428571,9.015876225062778,3.1166666666666605,0,1,0,79.35149811208248,9.015876225062777e-06,187,1,0
14,16,52,0,0,1,8.981345040457589,"[0.0, 8.981345040457589]",8.981345040457589,8.571428571428571,8.981345040457589,3.1166666666666605,0,1,0,79.35113802552223,8.981345040457588e-06,187,1,0
14,17,43,0,0,1,8.973195212227958,"[0.0, 8.973195212227958]",8.973195212227958,8.571428571428571,8.973195212227958,3.516666666666659,0,1,0,79.0305522531271,8.973195212227958e-06,211,1,0
14,18,38,0,0,1,8.963666643415179,"[0.0, 8.963666643415179]",8.963666643415179,8.571428571428571,8.963666643415179,3.099999999999994,0,1,0,78.67926408350468,8.963666643415179e-06,186,1,0
14,19,45,0,0,1,8.944644927978516,"[0.0, 8.944644927978516]",8.944644927978516,8.571428571428571,8.944644927978516,3.1166666666666605,0,1,0,79.35077607631683,8.944644927978515e-06,187,1,0
14,20,34,0,0,1,8.915244511195592,"[0.0, 8.915244511195592]",8.915244511195592,8.571428571428571,8.915244511195592,3.1166666666666605,0,1,0,79.05479121208191,8.915244511195593e-06,187,1,0
14,21,14,0,0,1,8.670989445277623,"[0.0, 8.670989445277623]",8.670989445277623,8.571428571428571,8.670989445277623,3.0833333333333273,0,1,0,78.00874048471451,8.670989445277623e-06,185,1,0
14,22,47,0,0,1,8.620940617152623,"[0.0, 8.620940617152623]",8.620940617152623,8.571428571428571,8.620940617152623,3.299999999999993,0,1,0,78.06250564754009,8.620940617152624e-06,198,1,0
14,23,49,0,0,1,8.61837387084961,"[0.0, 8.61837387084961]",8.61837387084961,8.571428571428571,8.61837387084961,3.0833333333333273,0,1,0,77.79706881940365,8.61837387084961e-06,185,1,0
14,24,33,0,0,1,8.456551688058035,"[0.0, 8.456551688058035]",8.456551688058035,5.714285714285714,8.456551688058035,3.0666666666666607,0,1,0,77.34146347641945,8.456551688058035e-06,184,1,0
14,25,22,0,0,1,8.406140463692802,"[0.0, 8.406140463692802]",8.406140463692802,5.714285714285714,8.406140463692802,3.0666666666666607,0,1,0,76.98183143138885,8.406140463692802e-06,184,1,0
14,26,63,0,0,1,8.397587367466517,"[0.0, 8.397587367466517]",8.397587367466517,5.714285714285714,8.397587367466517,3.0666666666666607,0,1,0,77.34141346812248,8.397587367466518e-06,184,1,0
14,27,10,0,0,1,8.366900852748325,"[0.0, 8.366900852748325]",8.366900852748325,5.714285714285714,8.366900852748325,3.049999999999994,0,1,0,76.67588579654694,8.366900852748325e-06,183,1,0
14,28,44,0,0,1,8.283920288085938,"[0.0, 8.283920288085938]",8.283920288085938,5.714285714285714,8.283920288085938,3.049999999999994,0,1,0,76.67635494470596,8.283920288085938e-06,183,1,0
14,29,24,0,0,1,8.260934012276785,"[0.0, 8.260934012276785]",8.260934012276785,5.714285714285714,8.260934012276785,3.049999999999994,0,1,0,76.67634062469006,8.260934012276784e-06,183,1,0
14,30,42,0,0,1,8.224713461739675,"[0.0, 8.224713461739675]",8.224713461739675,5.714285714285714,8.224713461739675,3.0666666666666607,0,1,0,76.6751606464386,8.224713461739676e-06,184,1,0
14,31,48,0,0,1,8.215203966413226,"[0.0, 8.215203966413226]",8.215203966413226,5.714285714285714,8.215203966413226,3.049999999999994,0,1,0,76.67585571110249,8.215203966413226e-06,183,1,0
14,32,29,0,0,1,8.04443359375,"[0.0, 8.04443359375]",8.04443359375,5.714285714285714,8.04443359375,3.0333333333333274,0,1,0,76.01294068992138,8.04443359375e-06,182,1,0
14,33,9,0,0,0,8.00187247140067,"[0.0, 8.00187247140067]",8.00187247140067,5.714285714285714,8.00187247140067,3.016666666666661,0,1,0,75.35207630693913,8.00187247140067e-06,181,1,0
14,34,31,0,0,0,7.881477900913783,"[0.0, 7.881477900913783]",7.881477900913783,5.714285714285714,7.881477900913783,2.9999999999999942,0,1,0,74.69356954097748,7.881477900913783e-06,180,1,0
14,35,21,0,0,0,7.783254895891462,"[0.0, 7.783254895891462]",7.783254895891462,5.714285714285714,7.783254895891462,3.1666666666666603,0,1,0,74.29992784559727,7.783254895891462e-06,190,1,0
14,36,59,0,0,0,7.581204005650112,"[0.0, 7.581204005650112]",7.581204005650112,5.714285714285714,7.581204005650112,2.966666666666661,0,1,0,73.3835821300745,7.581204005650112e-06,178,1,0
14,37,12,0,0,0,7.142857142857142,"[0.0, 7.142857142857142]",7.142857142857142,5.714285714285714,7.142857142857142,2.8499999999999948,0,1,0,68.87243995070457,7.142857142857143e-06,171,1,0
14,38,58,0,0,0,7.142857142857142,"[0.0, 7.142857142857142]",7.142857142857142,5.714285714285714,7.142857142857142,2.883333333333328,0,1,0,70.14961385726929,7.142857142857143e-06,173,1,0
14,39,32,0,0,0,6.948748997279576,"[0.0, 6.948748997279576]",6.948748997279576,5.714285714285714,6.948748997279576,2.6999999999999953,0,1,0,62.464823856949806,6.948748997279577e-06,162,1,0
14,40,54,0,0,0,6.258741106305804,"[0.0, 6.258741106305804]",6.258741106305804,5.714285714285714,6.258741106305804,2.4833333333333294,0,1,0,55.459590047597885,6.258741106305804e-06,149,1,0
14,41,13,0,0,0,5.816050938197544,"[0.0, 5.816050938197544]",5.816050938197544,5.714285714285714,5.816050938197544,2.3499999999999965,0,1,0,50.87885670363903,5.816050938197544e-06,141,1,0
14,42,41,0,0,0,5.718051365443638,"[0.0, 5.718051365443638]",5.718051365443638,5.714285714285714,5.718051365443638,2.3166666666666633,0,1,0,49.75863429903984,5.718051365443638e-06,139,1,0
14,43,11,0,0,0,5.713174002511161,"[0.0, 5.713174002511161]",5.713174002511161,2.857142857142857,5.713174002511161,2.3166666666666633,0,1,0,49.69937264919281,5.713174002511161e-06,139,1,0
14,44,40,0,0,0,5.670558384486607,"[0.0, 5.670558384486607]",5.670558384486607,2.857142857142857,5.670558384486607,2.2999999999999967,0,1,0,49.20298182964325,5.670558384486607e-06,138,1,0
14,45,62,0,0,0,5.569496154785156,"[0.0, 5.569496154785156]",5.569496154785156,2.857142857142857,5.569496154785156,2.2666666666666635,0,1,0,48.09797918796539,5.569496154785156e-06,136,1,0
14,46,50,0,0,0,5.56938716343471,"[0.0, 5.56938716343471]",5.56938716343471,2.857142857142857,5.56938716343471,2.2666666666666635,0,1,0,48.09802947938442,5.56938716343471e-06,136,1,0
14,47,51,0,0,0,5.520330156598773,"[0.0, 5.520330156598773]",5.520330156598773,2.857142857142857,5.520330156598773,2.249999999999997,0,1,0,47.54970785975456,5.520330156598773e-06,135,1,0
14,48,27,0,0,0,5.368123735700335,"[0.0, 5.368123735700335]",5.368123735700335,2.857142857142857,5.368123735700335,2.199999999999997,0,1,0,45.92042137682438,5.368123735700335e-06,132,1,0
14,49,61,0,0,0,5.3577423095703125,"[0.0, 5.3577423095703125]",5.3577423095703125,2.857142857142857,5.3577423095703125,2.199999999999997,0,1,0,45.92046266794205,5.357742309570313e-06,132,1,0
14,50,55,0,0,0,5.319709777832031,"[0.0, 5.319709777832031]",5.319709777832031,2.857142857142857,5.319709777832031,2.199999999999997,0,1,0,45.473358392715454,5.3197097778320314e-06,132,1,0
14,51,35,0,0,0,5.21439688546317,"[0.0, 5.21439688546317]",5.21439688546317,2.857142857142857,5.21439688546317,2.1499999999999972,0,1,0,44.313811495900154,5.21439688546317e-06,129,1,0
14,52,20,0,0,0,5.207764761788504,"[0.0, 5.207764761788504]",5.207764761788504,2.857142857142857,5.207764761788504,2.1499999999999972,0,1,0,44.31390917301178,5.2077647617885046e-06,129,1,0
14,53,37,0,0,0,5.205056326729911,"[0.0, 5.205056326729911]",5.205056326729911,2.857142857142857,5.205056326729911,2.933333333333328,0,1,0,44.28220100700855,5.205056326729911e-06,176,1,0
14,54,19,0,0,0,5.178958347865514,"[0.0, 5.178958347865514]",5.178958347865514,2.857142857142857,5.178958347865514,2.8499999999999948,0,1,0,43.989697739481926,5.178958347865514e-06,171,1,0
14,55,46,0,0,0,5.162102835518973,"[0.0, 5.162102835518973]",5.162102835518973,2.857142857142857,5.162102835518973,2.1333333333333306,0,1,0,43.78377743065357,5.162102835518973e-06,128,1,0
14,56,26,0,0,0,5.114435468401227,"[0.0, 5.114435468401227]",5.114435468401227,2.857142857142857,5.114435468401227,2.116666666666664,0,1,0,43.25649678707123,5.114435468401228e-06,127,1,0
14,57,16,0,0,0,5.015525817871094,"[0.0, 5.015525817871094]",5.015525817871094,2.857142857142857,5.015525817871094,2.083333333333331,0,1,0,42.2087764441967,5.015525817871093e-06,125,1,0
14,58,30,0,0,0,4.87015860421317,"[0.0, 4.87015860421317]",4.87015860421317,2.857142857142857,4.87015860421317,2.033333333333331,0,1,0,40.65835551917553,4.87015860421317e-06,122,1,0
14,59,36,0,0,0,2.110873631068638,"[0.0, 2.110873631068638]",2.110873631068638,0.0,2.110873631068638,5.016666666666654,0,1,0,7.7058965317337424,2.110873631068638e-06,301,1,0
14,60,28,0,0,0,2.108949933733259,"[0.0, 2.108949933733259]",2.108949933733259,0.0,2.108949933733259,5.016666666666654,0,1,0,7.70626378434099,2.108949933733259e-06,301,1,0
14,61,15,0,0,0,1.928373064313616,"[0.0, 1.928373064313616]",1.928373064313616,0.0,1.928373064313616,5.016666666666654,0,1,0,5.787457208018168,1.9283730643136162e-06,301,1,0
14,62,25,0,0,0,1.9282804216657365,"[0.0, 1.9282804216657365]",1.9282804216657365,0.0,1.9282804216657365,5.016666666666654,0,1,0,5.73771113724797,1.9282804216657364e-06,301,1,0
14,63,39,0,0,0,1.8757901872907365,"[0.0, 1.8757901872907365]",1.8757901872907365,0.0,1.8757901872907365,5.016666666666654,0,1,0,5.1737414198578335,1.8757901872907366e-06,301,1,0
14,64,53,0,0,0,1.874950953892299,"[0.0, 1.874950953892299]",1.874950953892299,0.0,1.874950953892299,5.016666666666654,0,1,0,5.175203541002702,1.8749509538922991e-06,301,1,0
15,1,0,0,1,1,9.736240931919642,"[0.0, 9.736240931919642]",9.736240931919642,8.571428571428571,9.736240931919642,6.183333333333317,0,1,0,82.92309748381376,9.736240931919643e-06,371,1,0
15,2,16,0,1,1,9.732627868652344,"[0.0, 9.732627868652344]",9.732627868652344,8.571428571428571,9.732627868652344,5.199999999999987,0,1,0,82.78314466774464,9.732627868652343e-06,312,1,0
15,3,1,0,1,1,9.644216809953962,"[0.0, 9.644216809953962]",9.644216809953962,8.571428571428571,9.644216809953962,3.21666666666666,0,1,0,82.16188035905361,9.644216809953962e-06,193,1,0
15,4,2,0,1,1,9.621554783412387,"[0.0, 9.621554783412387]",9.621554783412387,8.571428571428571,9.621554783412387,3.183333333333327,0,1,0,82.06295163929462,9.621554783412388e-06,191,1,0
15,5,3,0,1,1,9.594612121582031,"[0.0, 9.594612121582031]",9.594612121582031,8.571428571428571,9.594612121582031,3.183333333333327,0,1,0,82.06295016407967,9.594612121582031e-06,191,1,0
15,6,63,0,1,1,9.588958195277623,"[0.0, 9.588958195277623]",9.588958195277623,8.571428571428571,9.588958195277623,3.183333333333327,0,1,0,82.06250220537186,9.588958195277623e-06,191,1,0
15,7,4,0,1,1,9.547533307756696,"[0.0, 9.547533307756696]",9.547533307756696,8.571428571428571,9.547533307756696,3.1666666666666603,0,1,0,81.3817297667265,9.547533307756695e-06,190,1,0
15,8,5,0,1,1,9.544481549944196,"[0.0, 9.544481549944196]",9.544481549944196,8.571428571428571,9.544481549944196,3.1666666666666603,0,1,0,81.38164280354977,9.544481549944196e-06,190,1,0
15,9,6,0,0,1,9.513056618826731,"[0.0, 9.513056618826731]",9.513056618826731,8.571428571428571,9.513056618826731,3.21666666666666,0,1,0,81.32755456864834,9.513056618826732e-06,193,1,0
15,10,7,0,0,1,9.506173815046036,"[0.0, 9.506173815046036]",9.506173815046036,8.571428571428571,9.506173815046036,3.1999999999999935,0,1,0,81.32374338805676,9.506173815046037e-06,192,1,0
15,11,13,0,0,1,9.41084725516183,"[0.0, 9.41084725516183]",9.41084725516183,8.571428571428571,9.41084725516183,3.3166666666666598,0,1,0,80.97881105542183,9.41084725516183e-06,199,1,0
15,12,38,0,0,1,9.355850219726562,"[0.0, 9.355850219726562]",9.355850219726562,8.571428571428571,9.355850219726562,3.1499999999999937,0,1,0,80.70255237817764,9.355850219726563e-06,189,1,0
15,13,36,0,0,1,9.26196779523577,"[0.0, 9.26196779523577]",9.26196779523577,8.571428571428571,9.26196779523577,3.133333333333327,0,1,0,80.02567914128304,9.261967795235771e-06,188,1,0
15,14,42,0,0,1,9.223801749093193,"[0.0, 9.223801749093193]",9.223801749093193,8.571428571428571,9.223801749093193,3.433333333333326,0,1,0,80.06152699887753,9.223801749093193e-06,206,1,0
15,15,59,0,0,1,9.12445068359375,"[0.0, 9.12445068359375]",9.12445068359375,8.571428571428571,9.12445068359375,3.1166666666666605,0,1,0,79.3510344773531,9.12445068359375e-06,187,1,0
15,16,26,0,0,1,9.076192038399833,"[0.0, 9.076192038399833]",9.076192038399833,8.571428571428571,9.076192038399833,3.3166666666666598,0,1,0,79.5747976154089,9.076192038399833e-06,199,1,0
15,17,27,0,0,1,9.007432120186943,"[0.0, 9.007432120186943]",9.007432120186943,8.571428571428571,9.007432120186943,3.1166666666666605,0,1,0,79.35118302702904,9.007432120186944e-06,187,1,0
15,18,47,0,0,1,9.006786346435547,"[0.0, 9.006786346435547]",9.006786346435547,8.571428571428571,9.006786346435547,3.133333333333327,0,1,0,79.2917175590992,9.006786346435547e-06,188,1,0
15,19,62,0,0,1,9.005522046770368,"[0.0, 9.005522046770368]",9.005522046770368,8.571428571428571,9.005522046770368,3.1166666666666605,0,1,0,79.3512122631073,9.005522046770368e-06,187,1,0
15,20,35,0,0,1,8.95134517124721,"[0.0, 8.95134517124721]",8.95134517124721,8.571428571428571,8.95134517124721,3.099999999999994,0,1,0,78.67924571037292,8.95134517124721e-06,186,1,0
15,21,51,0,0,1,8.886756896972656,"[0.0, 8.886756896972656]",8.886756896972656,8.571428571428571,8.886756896972656,3.099999999999994,0,1,0,78.6788294762373,8.886756896972657e-06,186,1,0
15,22,19,0,0,1,8.864397321428571,"[0.0, 8.864397321428571]",8.864397321428571,8.571428571428571,8.864397321428571,3.099999999999994,0,1,0,78.67881993949413,8.86439732142857e-06,186,1,0
15,23,31,0,0,1,8.83565902709961,"[0.0, 8.83565902709961]",8.83565902709961,8.571428571428571,8.83565902709961,3.099999999999994,0,1,0,78.47153031826019,8.83565902709961e-06,186,1,0
15,24,20,0,0,1,8.821765354701451,"[0.0, 8.821765354701451]",8.821765354701451,8.571428571428571,8.821765354701451,3.099999999999994,0,1,0,78.67868010699749,8.821765354701452e-06,186,1,0
15,25,57,0,0,1,8.765476771763394,"[0.0, 8.765476771763394]",8.765476771763394,8.571428571428571,8.765476771763394,3.099999999999994,0,1,0,78.67880004644394,8.765476771763394e-06,186,1,0
15,26,29,0,0,1,8.675752367292132,"[0.0, 8.675752367292132]",8.675752367292132,8.571428571428571,8.675752367292132,3.0833333333333273,0,1,0,78.0086385756731,8.675752367292132e-06,185,1,0
15,27,40,0,0,1,8.600234985351562,"[0.0, 8.600234985351562]",8.600234985351562,8.571428571428571,8.600234985351562,3.21666666666666,0,1,0,77.71695724129677,8.600234985351563e-06,193,1,0
15,28,12,0,0,1,8.592210497174944,"[0.0, 8.592210497174944]",8.592210497174944,8.571428571428571,8.592210497174944,3.0833333333333273,0,1,0,78.00874663889408,8.592210497174944e-06,185,1,0
15,29,44,0,0,1,8.573038918631418,"[0.0, 8.573038918631418]",8.573038918631418,8.571428571428571,8.573038918631418,3.0666666666666607,0,1,0,77.3411750793457,8.573038918631419e-06,184,1,0
15,30,55,0,0,1,8.549622126988002,"[0.0, 8.549622126988002]",8.549622126988002,5.714285714285714,8.549622126988002,3.0666666666666607,0,1,0,77.34102681279182,8.549622126988002e-06,184,1,0
15,31,34,0,0,1,8.430186680385045,"[0.0, 8.430186680385045]",8.430186680385045,5.714285714285714,8.430186680385045,3.0666666666666607,0,1,0,77.34176164865494,8.430186680385045e-06,184,1,0
15,32,48,0,0,1,8.364426749093191,"[0.0, 8.364426749093191]",8.364426749093191,5.714285714285714,8.364426749093191,3.0666666666666607,0,1,0,77.3414908349514,8.36442674909319e-06,184,1,0
15,33,53,0,0,0,8.352963583809988,"[0.0, 8.352963583809988]",8.352963583809988,5.714285714285714,8.352963583809988,3.049999999999994,0,1,0,76.67546638846397,8.352963583809988e-06,183,1,0
15,34,49,0,0,0,8.351037161690849,"[0.0, 8.351037161690849]",8.351037161690849,5.714285714285714,8.351037161690849,7.316666666666646,0,1,0,57.63318544266804,8.35103716169085e-06,439,1,0
15,35,17,0,0,0,8.328846522739955,"[0.0, 8.328846522739955]",8.328846522739955,5.714285714285714,8.328846522739955,3.2333333333333267,0,1,0,76.70853450894356,8.328846522739954e-06,194,1,0
15,36,8,0,0,0,8.290506090436663,"[0.0, 8.290506090436663]",8.290506090436663,5.714285714285714,8.290506090436663,3.049999999999994,0,1,0,76.67575259506702,8.290506090436664e-06,183,1,0
15,37,37,0,0,0,8.281963893345425,"[0.0, 8.281963893345425]",8.281963893345425,5.714285714285714,8.281963893345425,3.099999999999994,0,1,0,76.47686314582825,8.281963893345426e-06,186,1,0
15,38,52,0,0,0,8.119585854666573,"[0.0, 8.119585854666573]",8.119585854666573,5.714285714285714,8.119585854666573,3.0333333333333274,0,1,0,76.0130866765976,8.119585854666572e-06,182,1,0
15,39,33,0,0,0,8.113068171909879,"[0.0, 8.113068171909879]",8.113068171909879,5.714285714285714,8.113068171909879,3.0333333333333274,0,1,0,76.01272013783455,8.113068171909878e-06,182,1,0
15,40,22,0,0,0,8.07600838797433,"[0.0, 8.07600838797433]",8.07600838797433,5.714285714285714,8.07600838797433,3.0333333333333274,0,1,0,76.01334856450558,8.07600838797433e-06,182,1,0
15,41,56,0,0,0,8.05011204310826,"[0.0, 8.05011204310826]",8.05011204310826,5.714285714285714,8.05011204310826,3.0333333333333274,0,1,0,76.01308631896973,8.05011204310826e-06,182,1,0
15,42,15,0,0,0,7.955880846296037,"[0.0, 7.955880846296037]",7.955880846296037,5.714285714285714,7.955880846296037,3.016666666666661,0,1,0,75.35226276516914,7.955880846296037e-06,181,1,0
15,43,24,0,0,0,7.922142573765346,"[0.0, 7.922142573765346]",7.922142573765346,5.714285714285714,7.922142573765346,3.016666666666661,0,1,0,75.35218128561974,7.922142573765346e-06,181,1,0
15,44,43,0,0,0,7.889338902064733,"[0.0, 7.889338902064733]",7.889338902064733,5.714285714285714,7.889338902064733,3.016666666666661,0,1,0,74.95162709057331,7.889338902064732e-06,181,1,0
15,45,10,0,0,0,7.712023598807198,"[0.0, 7.712023598807198]",7.712023598807198,5.714285714285714,7.712023598807198,2.9833333333333276,0,1,0,74.03716863691807,7.712023598807197e-06,179,1,0
15,46,45,0,0,0,7.680555071149553,"[0.0, 7.680555071149553]",7.680555071149553,5.714285714285714,7.680555071149553,2.9833333333333276,0,1,0,74.0373655706644,7.680555071149552e-06,179,1,0
15,47,11,0,0,0,7.496525900704521,"[0.0, 7.496525900704521]",7.496525900704521,5.714285714285714,7.496525900704521,2.9499999999999944,0,1,0,72.7321567684412,7.496525900704521e-06,177,1,0
15,48,41,0,0,0,7.495223454066685,"[0.0, 7.495223454066685]",7.495223454066685,5.714285714285714,7.495223454066685,2.9499999999999944,0,1,0,72.73218680918217,7.495223454066685e-06,177,1,0
15,49,30,0,0,0,7.142857142857142,"[0.0, 7.142857142857142]",7.142857142857142,5.714285714285714,7.142857142857142,2.833333333333328,0,1,0,68.23757034540176,7.142857142857143e-06,170,1,0
15,50,32,0,0,0,5.670078822544642,"[0.0, 5.670078822544642]",5.670078822544642,2.857142857142857,5.670078822544642,2.2999999999999967,0,1,0,49.20273533463478,5.670078822544642e-06,138,1,0
15,51,18,0,0,0,5.620226178850447,"[0.0, 5.620226178850447]",5.620226178850447,2.857142857142857,5.620226178850447,2.28333333333333,0,1,0,48.64887194335461,5.620226178850447e-06,137,1,0
15,52,61,0,0,0,5.567054748535156,"[0.0, 5.567054748535156]",5.567054748535156,2.857142857142857,5.567054748535156,2.2666666666666635,0,1,0,48.09813651442528,5.5670547485351565e-06,136,1,0
15,53,50,0,0,0,5.565180097307477,"[0.0, 5.565180097307477]",5.565180097307477,2.857142857142857,5.565180097307477,2.2666666666666635,0,1,0,48.098249703645706,5.565180097307478e-06,136,1,0
15,54,54,0,0,0,5.4788698468889505,"[0.0, 5.4788698468889505]",5.4788698468889505,2.857142857142857,5.4788698468889505,6.21666666666665,0,1,0,45.87425773841096,5.47886984688895e-06,373,1,0
15,55,25,0,0,0,5.467638288225447,"[0.0, 5.467638288225447]",5.467638288225447,2.857142857142857,5.467638288225447,2.2333333333333303,0,1,0,47.00391240417957,5.467638288225447e-06,134,1,0
15,56,28,0,0,0,5.458128792898996,"[0.0, 5.458128792898996]",5.458128792898996,2.857142857142857,5.458128792898996,2.2333333333333303,0,1,0,47.00387008488178,5.458128792898996e-06,134,1,0
15,57,60,0,0,0,5.418330601283483,"[0.0, 5.418330601283483]",5.418330601283483,2.857142857142857,5.418330601283483,3.099999999999994,0,1,0,46.58787998557091,5.418330601283482e-06,186,1,0
15,58,9,0,0,0,5.283895220075334,"[0.0, 5.283895220075334]",5.283895220075334,2.857142857142857,5.283895220075334,3.2833333333333266,0,1,0,45.192061230540276,5.283895220075334e-06,197,1,0
15,59,21,0,0,0,5.266903468540737,"[0.0, 5.266903468540737]",5.266903468540737,2.857142857142857,5.266903468540737,2.1833333333333305,0,1,0,44.87717242538929,5.266903468540737e-06,131,1,0
15,60,23,0,0,0,4.588405064174108,"[0.0, 4.588405064174108]",4.588405064174108,2.857142857142857,4.588405064174108,1.9333333333333313,0,1,0,37.628423392772675,4.588405064174107e-06,116,1,0
15,61,14,0,0,0,2.1730804443359375,"[0.0, 2.1730804443359375]",2.1730804443359375,0.0,2.1730804443359375,5.016666666666654,0,1,0,8.40186365145928,2.1730804443359377e-06,301,1,0
15,62,39,0,0,0,2.1434238978794644,"[0.0, 2.1434238978794644]",2.1434238978794644,0.0,2.1434238978794644,5.016666666666654,0,1,0,8.135110380761034,2.1434238978794644e-06,301,1,0
15,63,46,0,0,0,1.8757465907505582,"[0.0, 1.8757465907505582]",1.8757465907505582,0.0,1.8757465907505582,5.016666666666654,0,1,0,5.174533627810888,1.8757465907505581e-06,301,1,0
15,64,58,0,0,0,1.874476841517857,"[0.0, 1.874476841517857]",1.874476841517857,0.0,1.874476841517857,5.016666666666654,0,1,0,5.175084457267076,1.874476841517857e-06,301,1,0
16,1,0,0,1,1,9.736240931919642,"[0.0, 9.736240931919642]",9.736240931919642,8.571428571428571,9.736240931919642,6.183333333333317,0,1,0,82.92309748381376,9.736240931919643e-06,371,1,0
16,2,1,0,1,1,9.732627868652344,"[0.0, 9.732627868652344]",9.732627868652344,8.571428571428571,9.732627868652344,5.199999999999987,0,1,0,82.78314466774464,9.732627868652343e-06,312,1,0
16,3,2,0,1,1,9.644216809953962,"[0.0, 9.644216809953962]",9.644216809953962,8.571428571428571,9.644216809953962,3.21666666666666,0,1,0,82.16188035905361,9.644216809953962e-06,193,1,0
16,4,3,0,1,1,9.621554783412387,"[0.0, 9.621554783412387]",9.621554783412387,8.571428571428571,9.621554783412387,3.183333333333327,0,1,0,82.06295163929462,9.621554783412388e-06,191,1,0
16,5,4,0,1,1,9.594612121582031,"[0.0, 9.594612121582031]",9.594612121582031,8.571428571428571,9.594612121582031,3.183333333333327,0,1,0,82.06295016407967,9.594612121582031e-06,191,1,0
16,6,5,0,1,1,9.588958195277623,"[0.0, 9.588958195277623]",9.588958195277623,8.571428571428571,9.588958195277623,3.183333333333327,0,1,0,82.06250220537186,9.588958195277623e-06,191,1,0
16,7,6,0,1,1,9.547533307756696,"[0.0, 9.547533307756696]",9.547533307756696,8.571428571428571,9.547533307756696,3.1666666666666603,0,1,0,81.3817297667265,9.547533307756695e-06,190,1,0
16,8,7,0,1,1,9.544481549944196,"[0.0, 9.544481549944196]",9.544481549944196,8.571428571428571,9.544481549944196,3.1666666666666603,0,1,0,81.38164280354977,9.544481549944196e-06,190,1,0
16,9,44,0,0,1,9.473302023751396,"[0.0, 9.473302023751396]",9.473302023751396,8.571428571428571,9.473302023751396,3.1666666666666603,0,1,0,81.38194687664509,9.473302023751395e-06,190,1,0
16,10,20,0,0,1,9.447757175990514,"[0.0, 9.447757175990514]",9.447757175990514,8.571428571428571,9.447757175990514,3.1666666666666603,0,1,0,81.3819454908371,9.447757175990514e-06,190,1,0
16,11,46,0,0,1,9.375395093645368,"[0.0, 9.375395093645368]",9.375395093645368,8.571428571428571,9.375395093645368,3.1499999999999937,0,1,0,80.70255303382874,9.375395093645369e-06,189,1,0
16,12,24,0,0,1,9.363318852015905,"[0.0, 9.363318852015905]",9.363318852015905,8.571428571428571,9.363318852015905,3.1499999999999937,0,1,0,80.70228917896748,9.363318852015905e-06,189,1,0
16,13,49,0,0,1,9.308953966413224,"[0.0, 9.308953966413224]",9.308953966413224,8.571428571428571,9.308953966413224,3.133333333333327,0,1,0,80.0260040462017,9.308953966413224e-06,188,1,0
16,14,10,0,0,1,9.260504586356026,"[0.0, 9.260504586356026]",9.260504586356026,8.571428571428571,9.260504586356026,3.133333333333327,0,1,0,80.0259860008955,9.260504586356027e-06,188,1,0
16,15,23,0,0,1,9.23166002546038,"[0.0, 9.23166002546038]",9.23166002546038,8.571428571428571,9.23166002546038,3.133333333333327,0,1,0,80.02550457417965,9.23166002546038e-06,188,1,0
16,16,62,0,0,1,9.15433611188616,"[0.0, 9.15433611188616]",9.15433611188616,8.571428571428571,9.15433611188616,3.133333333333327,0,1,0,80.02574291825294,9.154336111886159e-06,188,1,0
16,17,58,0,0,1,9.14755140032087,"[0.0, 9.14755140032087]",9.14755140032087,8.571428571428571,9.14755140032087,3.133333333333327,0,1,0,80.02606947720051,9.147551400320869e-06,188,1,0
16,18,42,0,0,1,9.086156572614398,"[0.0, 9.086156572614398]",9.086156572614398,8.571428571428571,9.086156572614398,3.1166666666666605,0,1,0,79.35095162689686,9.086156572614397e-06,187,1,0
16,19,59,0,0,1,9.07372338431222,"[0.0, 9.07372338431222]",9.07372338431222,8.571428571428571,9.07372338431222,3.1166666666666605,0,1,0,79.35101599991322,9.07372338431222e-06,187,1,0
16,20,31,0,0,1,9.02710233415876,"[0.0, 9.02710233415876]",9.02710233415876,8.571428571428571,9.02710233415876,3.1166666666666605,0,1,0,79.35155214369297,9.02710233415876e-06,187,1,0
16,21,28,0,0,1,8.970086233956472,"[0.0, 8.970086233956472]",8.970086233956472,8.571428571428571,8.970086233956472,3.1166666666666605,0,1,0,79.35146304965019,8.970086233956472e-06,187,1,0
16,22,43,0,0,1,8.957854679652623,"[0.0, 8.957854679652623]",8.957854679652623,8.571428571428571,8.957854679652623,3.099999999999994,0,1,0,78.678861156106,8.957854679652623e-06,186,1,0
16,23,17,0,0,1,8.944372449602401,"[0.0, 8.944372449602401]",8.944372449602401,8.571428571428571,8.944372449602401,3.1166666666666605,0,1,0,79.11924549937248,8.9443724496024e-06,187,1,0
16,24,38,0,0,1,8.875672476632253,"[0.0, 8.875672476632253]",8.875672476632253,8.571428571428571,8.875672476632253,3.099999999999994,0,1,0,78.6789586097002,8.875672476632253e-06,186,1,0
16,25,11,0,0,1,8.829939705984934,"[0.0, 8.829939705984934]",8.829939705984934,8.571428571428571,8.829939705984934,3.099999999999994,0,1,0,78.47177563607693,8.829939705984934e-06,186,1,0
16,26,34,0,0,1,8.701171875,"[0.0, 8.701171875]",8.701171875,8.571428571428571,8.701171875,3.0833333333333273,0,1,0,78.00845681130886,8.701171875e-06,185,1,0
16,27,26,0,0,1,8.698468889508929,"[0.0, 8.698468889508929]",8.698468889508929,8.571428571428571,8.698468889508929,3.099999999999994,0,1,0,78.63052882254124,8.69846888950893e-06,186,1,0
16,28,39,0,0,1,8.689828600202286,"[0.0, 8.689828600202286]",8.689828600202286,8.571428571428571,8.689828600202286,3.0833333333333273,0,1,0,78.0091455578804,8.689828600202286e-06,185,1,0
16,29,56,0,0,1,8.676142011369977,"[0.0, 8.676142011369977]",8.676142011369977,8.571428571428571,8.676142011369977,3.0833333333333273,0,1,0,78.00951290130615,8.676142011369977e-06,185,1,0
16,30,57,0,0,1,8.666349138532366,"[0.0, 8.666349138532366]",8.666349138532366,8.571428571428571,8.666349138532366,3.0833333333333273,0,1,0,78.0089898109436,8.666349138532367e-06,185,1,0
16,31,41,0,0,1,8.611463819231306,"[0.0, 8.611463819231306]",8.611463819231306,8.571428571428571,8.611463819231306,3.0833333333333273,0,1,0,78.00906430184841,8.611463819231306e-06,185,1,0
16,32,55,0,0,1,8.521017347063337,"[0.0, 8.521017347063337]",8.521017347063337,5.714285714285714,8.521017347063337,3.0666666666666607,0,1,0,77.18065276741982,8.521017347063337e-06,184,1,0
16,33,15,0,0,0,8.45930916922433,"[0.0, 8.45930916922433]",8.45930916922433,5.714285714285714,8.45930916922433,3.0666666666666607,0,1,0,77.34102819859982,8.45930916922433e-06,184,1,0
16,34,19,0,0,0,8.450091225760325,"[0.0, 8.450091225760325]",8.450091225760325,5.714285714285714,8.450091225760325,3.0666666666666607,0,1,0,77.24630051851273,8.450091225760324e-06,184,1,0
16,35,32,0,0,0,8.44710213797433,"[0.0, 8.44710213797433]",8.44710213797433,5.714285714285714,8.44710213797433,3.0666666666666607,0,1,0,77.3413643091917,8.44710213797433e-06,184,1,0
16,36,12,0,0,0,8.317388807024274,"[0.0, 8.317388807024274]",8.317388807024274,5.714285714285714,8.317388807024274,3.0666666666666607,0,1,0,76.61024495959282,8.317388807024274e-06,184,1,0
16,37,54,0,0,0,8.317184448242188,"[0.0, 8.317184448242188]",8.317184448242188,5.714285714285714,8.317184448242188,3.049999999999994,0,1,0,76.67616388201714,8.317184448242187e-06,183,1,0
16,38,33,0,0,0,8.18030493600028,"[0.0, 8.18030493600028]",8.18030493600028,5.714285714285714,8.18030493600028,3.049999999999994,0,1,0,76.45825460553169,8.18030493600028e-06,183,1,0
16,39,8,0,0,0,8.177888052804128,"[0.0, 8.177888052804128]",8.177888052804128,5.714285714285714,8.177888052804128,3.26666666666666,0,1,0,76.3163532614708,8.177888052804128e-06,196,1,0
16,40,37,0,0,0,8.162547520228795,"[0.0, 8.162547520228795]",8.162547520228795,5.714285714285714,8.162547520228795,3.0333333333333274,0,1,0,76.01287366449833,8.162547520228795e-06,182,1,0
16,41,35,0,0,0,8.161384037562778,"[0.0, 8.161384037562778]",8.161384037562778,5.714285714285714,8.161384037562778,3.0333333333333274,0,1,0,76.013209477067,8.161384037562778e-06,182,1,0
16,42,47,0,0,0,8.149901798793248,"[0.0, 8.149901798793248]",8.149901798793248,5.714285714285714,8.149901798793248,3.0333333333333274,0,1,0,76.01290722191334,8.149901798793248e-06,182,1,0
16,43,30,0,0,0,8.143762860979354,"[0.0, 8.143762860979354]",8.143762860979354,5.714285714285714,8.143762860979354,3.0333333333333274,0,1,0,76.01281206309795,8.143762860979354e-06,182,1,0
16,44,50,0,0,0,8.055166516985214,"[0.0, 8.055166516985214]",8.055166516985214,5.714285714285714,8.055166516985214,3.099999999999994,0,1,0,75.73781383037567,8.055166516985213e-06,186,1,0
16,45,48,0,0,0,8.034218379429408,"[0.0, 8.034218379429408]",8.034218379429408,5.714285714285714,8.034218379429408,3.049999999999994,0,1,0,75.54474660754204,8.034218379429408e-06,183,1,0
16,46,53,0,0,0,8.01964351109096,"[0.0, 8.01964351109096]",8.01964351109096,5.714285714285714,8.01964351109096,3.0333333333333274,0,1,0,76.0130350291729,8.01964351109096e-06,182,1,0
16,47,27,0,0,0,8.00224576677595,"[0.0, 8.00224576677595]",8.00224576677595,5.714285714285714,8.00224576677595,3.016666666666661,0,1,0,75.35213486850262,8.00224576677595e-06,181,1,0
16,48,40,0,0,0,7.824341910226004,"[0.0, 7.824341910226004]",7.824341910226004,5.714285714285714,7.824341910226004,2.9999999999999942,0,1,0,74.69347603619099,7.824341910226004e-06,180,1,0
16,49,13,0,0,0,7.677089146205357,"[0.0, 7.677089146205357]",7.677089146205357,5.714285714285714,7.677089146205357,2.9833333333333276,0,1,0,74.03733070194721,7.677089146205357e-06,179,1,0
16,50,18,0,0,0,7.249507904052735,"[0.0, 7.249507904052735]",7.249507904052735,5.714285714285714,7.249507904052735,2.916666666666661,0,1,0,71.43637850880623,7.249507904052735e-06,175,1,0
16,51,45,0,0,0,6.098540169852121,"[0.0, 6.098540169852121]",6.098540169852121,5.714285714285714,6.098540169852121,2.4333333333333296,0,1,0,53.722786873579025,6.098540169852121e-06,146,1,0
16,52,52,0,0,0,5.724231175013951,"[0.0, 5.724231175013951]",5.724231175013951,5.714285714285714,5.724231175013951,2.3166666666666633,0,1,0,49.75901062786579,5.724231175013952e-06,139,1,0
16,53,63,0,0,0,5.508248465401786,"[0.0, 5.508248465401786]",5.508248465401786,2.857142857142857,5.508248465401786,2.249999999999997,0,1,0,47.54976524412632,5.508248465401786e-06,135,1,0
16,54,21,0,0,0,5.366123744419643,"[0.0, 5.366123744419643]",5.366123744419643,2.857142857142857,5.366123744419643,2.199999999999997,0,1,0,45.92023332417011,5.366123744419643e-06,132,1,0
16,55,60,0,0,0,5.364548819405692,"[0.0, 5.364548819405692]",5.364548819405692,2.857142857142857,5.364548819405692,2.199999999999997,0,1,0,45.920189052820206,5.364548819405692e-06,132,1,0
16,56,61,0,0,0,5.313998631068639,"[0.0, 5.313998631068639]",5.313998631068639,2.857142857142857,5.313998631068639,2.1833333333333305,0,1,0,45.381913527846336,5.3139986310686385e-06,131,1,0
16,57,29,0,0,0,4.923357282366071,"[0.0, 4.923357282366071]",4.923357282366071,2.857142857142857,4.923357282366071,2.0499999999999976,0,1,0,41.17246234416962,4.9233572823660715e-06,123,1,0
16,58,25,0,0,0,2.82684326171875,"[0.0, 2.82684326171875]",2.82684326171875,0.0,2.82684326171875,5.083333333333321,0,1,0,40.88036516366992,2.82684326171875e-06,305,1,0
16,59,9,0,0,0,2.155538286481585,"[0.0, 2.155538286481585]",2.155538286481585,0.0,2.155538286481585,5.016666666666654,0,1,0,8.214110568413162,2.155538286481585e-06,301,1,0
16,60,51,0,0,0,2.143353053501674,"[0.0, 2.143353053501674]",2.143353053501674,0.0,2.143353053501674,5.016666666666654,0,1,0,8.108578265135293,2.143353053501674e-06,301,1,0
16,61,22,0,0,0,2.106067112513951,"[0.0, 2.106067112513951]",2.106067112513951,0.0,2.106067112513951,5.016666666666654,0,1,0,7.705665461457102,2.106067112513951e-06,301,1,0
16,62,36,0,0,0,1.8753978184291296,"[0.0, 1.8753978184291296]",1.8753978184291296,0.0,1.8753978184291296,5.016666666666654,0,1,0,5.174668132094666,1.8753978184291295e-06,301,1,0
16,63,14,0,0,0,1.8748365129743303,"[0.0, 1.8748365129743303]",1.8748365129743303,0.0,1.8748365129743303,5.016666666666654,0,1,0,5.175403789849952,1.8748365129743303e-06,301,1,0
16,64,16,0,0,0,1.8713433401925224,"[0.0, 1.8713433401925224]",1.8713433401925224,0.0,1.8713433401925224,5.016666666666654,0,1,0,5.199040048697498,1.8713433401925224e-06,301,1,0
17,1,0,0,1,1,9.736240931919642,"[0.0, 9.736240931919642]",9.736240931919642,8.571428571428571,9.736240931919642,6.183333333333317,0,1,0,82.92309748381376,9.736240931919643e-06,371,1,0
17,2,1,0,1,1,9.732627868652344,"[0.0, 9.732627868652344]",9.732627868652344,8.571428571428571,9.732627868652344,5.199999999999987,0,1,0,82.78314466774464,9.732627868652343e-06,312,1,0
17,3,50,0,1,1,9.650859832763672,"[0.0, 9.650859832763672]",9.650859832763672,8.571428571428571,9.650859832763672,3.183333333333327,0,1,0,82.06306131184101,9.650859832763672e-06,191,1,0
17,4,2,0,1,1,9.644216809953962,"[0.0, 9.644216809953962]",9.644216809953962,8.571428571428571,9.644216809953962,3.21666666666666,0,1,0,82.16188035905361,9.644216809953962e-06,193,1,0
17,5,3,0,1,1,9.621554783412387,"[0.0, 9.621554783412387]",9.621554783412387,8.571428571428571,9.621554783412387,3.183333333333327,0,1,0,82.06295163929462,9.621554783412388e-06,191,1,0
17,6,4,0,1,1,9.594612121582031,"[0.0, 9.594612121582031]",9.594612121582031,8.571428571428571,9.594612121582031,3.183333333333327,0,1,0,82.06295016407967,9.594612121582031e-06,191,1,0
17,7,5,0,1,1,9.588958195277623,"[0.0, 9.588958195277623]",9.588958195277623,8.571428571428571,9.588958195277623,3.183333333333327,0,1,0,82.06250220537186,9.588958195277623e-06,191,1,0
17,8,56,0,1,1,9.555792127336774,"[0.0, 9.555792127336774]",9.555792127336774,8.571428571428571,9.555792127336774,3.1666666666666603,0,1,0,81.38195049762726,9.555792127336774e-06,190,1,0
17,9,6,0,0,1,9.547533307756696,"[0.0, 9.547533307756696]",9.547533307756696,8.571428571428571,9.547533307756696,3.1666666666666603,0,1,0,81.3817297667265,9.547533307756695e-06,190,1,0
17,10,7,0,0,1,9.544481549944196,"[0.0, 9.544481549944196]",9.544481549944196,8.571428571428571,9.544481549944196,3.1666666666666603,0,1,0,81.38164280354977,9.544481549944196e-06,190,1,0
17,11,23,0,0,1,9.503070286342076,"[0.0, 9.503070286342076]",9.503070286342076,8.571428571428571,9.503070286342076,3.1666666666666603,0,1,0,81.38174887001514,9.503070286342076e-06,190,1,0
17,12,59,0,0,1,9.385801042829241,"[0.0, 9.385801042829241]",9.385801042829241,8.571428571428571,9.385801042829241,3.1499999999999937,0,1,0,80.70268893241882,9.385801042829242e-06,189,1,0
17,13,57,0,0,1,9.362395150320872,"[0.0, 9.362395150320872]",9.362395150320872,8.571428571428571,9.362395150320872,3.1499999999999937,0,1,0,80.70262078940868,9.362395150320872e-06,189,1,0
17,14,31,0,0,1,9.331972939627512,"[0.0, 9.331972939627512]",9.331972939627512,8.571428571428571,9.331972939627512,3.1499999999999937,0,1,0,80.70278033614159,9.331972939627512e-06,189,1,0
17,15,30,0,0,1,9.300883156912668,"[0.0, 9.300883156912668]",9.300883156912668,8.571428571428571,9.300883156912668,3.1499999999999937,0,1,0,80.70290085673332,9.300883156912668e-06,189,1,0
17,16,32,0,0,1,9.284839630126953,"[0.0, 9.284839630126953]",9.284839630126953,8.571428571428571,9.284839630126953,3.1499999999999937,0,1,0,80.70277665555477,9.284839630126954e-06,189,1,0
17,17,42,0,0,1,9.276153019496373,"[0.0, 9.276153019496373]",9.276153019496373,8.571428571428571,9.276153019496373,3.133333333333327,0,1,0,80.02606445550919,9.276153019496373e-06,188,1,0
17,18,16,0,0,1,9.269915989467076,"[0.0, 9.269915989467076]",9.269915989467076,8.571428571428571,9.269915989467076,3.133333333333327,0,1,0,80.02567064762115,9.269915989467077e-06,188,1,0
17,19,35,0,0,1,9.222229548863002,"[0.0, 9.222229548863002]",9.222229548863002,8.571428571428571,9.222229548863002,3.133333333333327,0,1,0,80.02611544728279,9.222229548863002e-06,188,1,0
17,20,26,0,0,1,9.148428780691964,"[0.0, 9.148428780691964]",9.148428780691964,8.571428571428571,9.148428780691964,3.133333333333327,0,1,0,80.0258669257164,9.148428780691963e-06,188,1,0
17,21,13,0,0,1,9.143919263567243,"[0.0, 9.143919263567243]",9.143919263567243,8.571428571428571,9.143919263567243,3.1166666666666605,0,1,0,79.35122793912888,9.143919263567243e-06,187,1,0
17,22,18,0,0,1,8.994710104806082,"[0.0, 8.994710104806082]",8.994710104806082,8.571428571428571,8.994710104806082,3.1166666666666605,0,1,0,79.35124991834164,8.994710104806081e-06,187,1,0
17,23,54,0,0,1,8.863836015973773,"[0.0, 8.863836015973773]",8.863836015973773,8.571428571428571,8.863836015973773,3.099999999999994,0,1,0,78.67924746870995,8.863836015973772e-06,186,1,0
17,24,17,0,0,1,8.838582720075335,"[0.0, 8.838582720075335]",8.838582720075335,8.571428571428571,8.838582720075335,3.099999999999994,0,1,0,78.67893275618553,8.838582720075335e-06,186,1,0
17,25,43,0,0,1,8.838498251778738,"[0.0, 8.838498251778738]",8.838498251778738,8.571428571428571,8.838498251778738,3.099999999999994,0,1,0,78.6793567687273,8.838498251778737e-06,186,1,0
17,26,41,0,0,1,8.745438711983818,"[0.0, 8.745438711983818]",8.745438711983818,8.571428571428571,8.745438711983818,3.0833333333333273,0,1,0,78.00886173546314,8.745438711983818e-06,185,1,0
17,27,52,0,0,1,8.73328617640904,"[0.0, 8.73328617640904]",8.73328617640904,8.571428571428571,8.73328617640904,3.0833333333333273,0,1,0,78.00883077085018,8.73328617640904e-06,185,1,0
17,28,34,0,0,1,8.720460619245257,"[0.0, 8.720460619245257]",8.720460619245257,8.571428571428571,8.720460619245257,3.0833333333333273,0,1,0,78.00920647382736,8.720460619245257e-06,185,1,0
17,29,63,0,0,1,8.65530558994838,"[0.0, 8.65530558994838]",8.65530558994838,8.571428571428571,8.65530558994838,3.0833333333333273,0,1,0,78.00907889008522,8.65530558994838e-06,185,1,0
17,30,61,0,0,1,8.649839673723493,"[0.0, 8.649839673723493]",8.649839673723493,8.571428571428571,8.649839673723493,3.0833333333333273,0,1,0,78.00928963720798,8.649839673723492e-06,185,1,0
17,31,9,0,0,1,8.58069556100028,"[0.0, 8.58069556100028]",8.58069556100028,8.571428571428571,8.58069556100028,3.0833333333333273,0,1,0,78.00892375409603,8.580695561000279e-06,185,1,0
17,32,39,0,0,1,8.48834718976702,"[0.0, 8.48834718976702]",8.48834718976702,5.714285714285714,8.48834718976702,3.0666666666666607,0,1,0,77.34126368165016,8.48834718976702e-06,184,1,0
17,33,22,0,0,0,8.326685769217356,"[0.0, 8.326685769217356]",8.326685769217356,5.714285714285714,8.326685769217356,3.0666666666666607,0,1,0,76.93589024245739,8.326685769217355e-06,184,1,0
17,34,25,0,0,0,8.318898337227958,"[0.0, 8.318898337227958]",8.318898337227958,5.714285714285714,8.318898337227958,3.099999999999994,0,1,0,76.6950770765543,8.318898337227959e-06,186,1,0
17,35,58,0,0,0,8.308775765555247,"[0.0, 8.308775765555247]",8.308775765555247,5.714285714285714,8.308775765555247,3.049999999999994,0,1,0,76.67623448371887,8.308775765555246e-06,183,1,0
17,36,47,0,0,0,8.282604217529297,"[0.0, 8.282604217529297]",8.282604217529297,5.714285714285714,8.282604217529297,7.316666666666646,0,1,0,57.63206508422445,8.282604217529296e-06,439,1,0
17,37,19,0,0,0,8.2437379019601,"[0.0, 8.2437379019601]",8.2437379019601,5.714285714285714,8.2437379019601,3.049999999999994,0,1,0,76.67563632130623,8.243737901960101e-06,183,1,0
17,38,53,0,0,0,8.228370121547155,"[0.0, 8.228370121547155]",8.228370121547155,5.714285714285714,8.228370121547155,3.049999999999994,0,1,0,76.67593508958817,8.228370121547155e-06,183,1,0
17,39,28,0,0,0,8.168958936418806,"[0.0, 8.168958936418806]",8.168958936418806,5.714285714285714,8.168958936418806,3.0333333333333274,0,1,0,76.01277434825897,8.168958936418805e-06,182,1,0
17,40,60,0,0,0,8.086193629673549,"[0.0, 8.086193629673549]",8.086193629673549,5.714285714285714,8.086193629673549,3.2499999999999933,0,1,0,75.92310853302479,8.086193629673549e-06,195,1,0
17,41,10,0,0,0,8.030177525111608,"[0.0, 8.030177525111608]",8.030177525111608,5.714285714285714,8.030177525111608,3.016666666666661,0,1,0,75.35217474400997,8.030177525111608e-06,181,1,0
17,42,40,0,0,0,7.882600511823382,"[0.0, 7.882600511823382]",7.882600511823382,5.714285714285714,7.882600511823382,3.0333333333333274,0,1,0,75.29425396025181,7.882600511823382e-06,182,1,0
17,43,48,0,0,0,7.7267319815499445,"[0.0, 7.7267319815499445]",7.7267319815499445,5.714285714285714,7.7267319815499445,2.9833333333333276,0,1,0,74.03731113672256,7.726731981549945e-06,179,1,0
17,44,14,0,0,0,7.48497554234096,"[0.0, 7.48497554234096]",7.48497554234096,5.714285714285714,7.48497554234096,2.966666666666661,0,1,0,72.9214430898428,7.48497554234096e-06,178,1,0
17,45,15,0,0,0,7.23010744367327,"[0.0, 7.23010744367327]",7.23010744367327,5.714285714285714,7.23010744367327,2.916666666666661,0,1,0,71.19035847485065,7.23010744367327e-06,175,1,0
17,46,51,0,0,0,7.142857142857142,"[0.0, 7.142857142857142]",7.142857142857142,5.714285714285714,7.142857142857142,2.833333333333328,0,1,0,68.23769107460976,7.142857142857143e-06,170,1,0
17,47,8,0,0,0,6.849964686802455,"[0.0, 6.849964686802455]",6.849964686802455,5.714285714285714,6.849964686802455,2.6499999999999955,0,1,0,61.410231575369835,6.849964686802455e-06,159,1,0
17,48,45,0,0,0,5.723577226911273,"[0.0, 5.723577226911273]",5.723577226911273,5.714285714285714,5.723577226911273,2.3166666666666633,0,1,0,49.758671656250954,5.723577226911273e-06,139,1,0
17,49,11,0,0,0,5.67650386265346,"[0.0, 5.67650386265346]",5.67650386265346,2.857142857142857,5.67650386265346,2.2999999999999967,0,1,0,49.20247618854046,5.67650386265346e-06,138,1,0
17,50,20,0,0,0,5.67605699811663,"[0.0, 5.67605699811663]",5.67605699811663,2.857142857142857,5.67605699811663,2.2999999999999967,0,1,0,49.202812895178795,5.67605699811663e-06,138,1,0
17,51,38,0,0,0,5.620198931012835,"[0.0, 5.620198931012835]",5.620198931012835,2.857142857142857,5.620198931012835,2.28333333333333,0,1,0,48.649211034178734,5.620198931012835e-06,137,1,0
17,52,49,0,0,0,5.566542489188058,"[0.0, 5.566542489188058]",5.566542489188058,2.857142857142857,5.566542489188058,2.2666666666666635,0,1,0,48.09792444109917,5.5665424891880585e-06,136,1,0
17,53,12,0,0,0,5.36419459751674,"[0.0, 5.36419459751674]",5.36419459751674,2.857142857142857,5.36419459751674,2.199999999999997,0,1,0,45.91990706324577,5.36419459751674e-06,132,1,0
17,54,27,0,0,0,4.620617457798549,"[0.0, 4.620617457798549]",4.620617457798549,2.857142857142857,4.620617457798549,1.949999999999998,0,1,0,38.12668623030186,4.620617457798548e-06,117,1,0
17,55,33,0,0,0,4.490421840122768,"[0.0, 4.490421840122768]",4.490421840122768,2.857142857142857,4.490421840122768,1.8999999999999981,0,1,0,36.6399265229702,4.490421840122768e-06,114,1,0
17,56,37,0,0,0,3.463647024972098,"[0.0, 3.463647024972098]",3.463647024972098,2.857142857142857,3.463647024972098,5.399999999999986,0,1,0,22.82497590823914,3.4636470249720983e-06,324,1,0
17,57,44,0,0,0,3.2502474103655135,"[0.0, 3.2502474103655135]",3.2502474103655135,2.857142857142857,3.2502474103655135,8.433333333333332,0,1,0,20.745661845692666,3.2502474103655134e-06,506,1,0
17,58,55,0,0,0,3.116673060825893,"[0.0, 3.116673060825893]",3.116673060825893,2.857142857142857,3.116673060825893,7.699999999999978,0,1,0,54.59128833998693,3.116673060825893e-06,462,1,0
17,59,21,0,0,0,2.857142857142857,"[0.0, 2.857142857142857]",2.857142857142857,0.0,2.857142857142857,25.366666666666507,0,1,0,252.2439314450603,2.8571428571428573e-06,1522,1,0
17,60,46,0,0,0,2.1312768118722096,"[0.0, 2.1312768118722096]",2.1312768118722096,0.0,2.1312768118722096,5.016666666666654,0,1,0,7.938551612613082,2.13127681187221e-06,301,1,0
17,61,62,0,0,0,2.123936244419643,"[0.0, 2.123936244419643]",2.123936244419643,0.0,2.123936244419643,5.016666666666654,0,1,0,7.851110415394942,2.123936244419643e-06,301,1,0
17,62,36,0,0,0,2.109309605189732,"[0.0, 2.109309605189732]",2.109309605189732,0.0,2.109309605189732,5.016666666666654,0,1,0,7.7063532055326505,2.1093096051897323e-06,301,1,0
17,63,24,0,0,0,2.0839037214006697,"[0.0, 2.0839037214006697]",2.0839037214006697,0.0,2.0839037214006697,5.016666666666654,0,1,0,7.410682756788447,2.08390372140067e-06,301,1,0
17,64,29,0,0,0,1.8753869192940846,"[0.0, 1.8753869192940846]",1.8753869192940846,0.0,1.8753869192940846,5.016666666666654,0,1,0,5.174597584176809,1.8753869192940847e-06,301,1,0
18,1,61,0,1,1,9.786267961774552,"[0.0, 9.786267961774552]",9.786267961774552,8.571428571428571,9.786267961774552,8.466666666666667,0,1,0,85.24319521477446,9.786267961774552e-06,508,1,0
18,2,0,0,1,1,9.736240931919642,"[0.0, 9.736240931919642]",9.736240931919642,8.571428571428571,9.736240931919642,6.183333333333317,0,1,0,82.92309748381376,9.736240931919643e-06,371,1,0
18,3,1,0,1,1,9.732627868652344,"[0.0, 9.732627868652344]",9.732627868652344,8.571428571428571,9.732627868652344,5.199999999999987,0,1,0,82.78314466774464,9.732627868652343e-06,312,1,0
18,4,2,0,1,1,9.650859832763672,"[0.0, 9.650859832763672]",9.650859832763672,8.571428571428571,9.650859832763672,3.183333333333327,0,1,0,82.06306131184101,9.650859832763672e-06,191,1,0
18,5,3,0,1,1,9.644216809953962,"[0.0, 9.644216809953962]",9.644216809953962,8.571428571428571,9.644216809953962,3.21666666666666,0,1,0,82.16188035905361,9.644216809953962e-06,193,1,0
18,6,4,0,1,1,9.621554783412387,"[0.0, 9.621554783412387]",9.621554783412387,8.571428571428571,9.621554783412387,3.183333333333327,0,1,0,82.06295163929462,9.621554783412388e-06,191,1,0
18,7,29,0,1,1,9.604666573660714,"[0.0, 9.604666573660714]",9.604666573660714,8.571428571428571,9.604666573660714,3.183333333333327,0,1,0,82.06326866149902,9.604666573660714e-06,191,1,0
18,8,5,0,1,1,9.594612121582031,"[0.0, 9.594612121582031]",9.594612121582031,8.571428571428571,9.594612121582031,3.183333333333327,0,1,0,82.06295016407967,9.594612121582031e-06,191,1,0
18,9,6,0,0,1,9.588958195277623,"[0.0, 9.588958195277623]",9.588958195277623,8.571428571428571,9.588958195277623,3.183333333333327,0,1,0,82.06250220537186,9.588958195277623e-06,191,1,0
18,10,7,0,0,1,9.555792127336774,"[0.0, 9.555792127336774]",9.555792127336774,8.571428571428571,9.555792127336774,3.1666666666666603,0,1,0,81.38195049762726,9.555792127336774e-06,190,1,0
18,11,8,0,0,1,9.54200199672154,"[0.0, 9.54200199672154]",9.54200199672154,8.571428571428571,9.54200199672154,3.1666666666666603,0,1,0,81.38188350200653,9.54200199672154e-06,190,1,0
18,12,63,0,0,1,9.513729640415738,"[0.0, 9.513729640415738]",9.513729640415738,8.571428571428571,9.513729640415738,3.1666666666666603,0,1,0,81.38217133283615,9.513729640415737e-06,190,1,0
18,13,20,0,0,1,9.496767861502512,"[0.0, 9.496767861502512]",9.496767861502512,8.571428571428571,9.496767861502512,3.183333333333327,0,1,0,81.38573685288429,9.496767861502513e-06,191,1,0
18,14,48,0,0,1,9.494541713169642,"[0.0, 9.494541713169642]",9.494541713169642,8.571428571428571,9.494541713169642,3.1666666666666603,0,1,0,81.38170051574707,9.494541713169642e-06,190,1,0
18,15,16,0,0,1,9.492337363106863,"[0.0, 9.492337363106863]",9.492337363106863,8.571428571428571,9.492337363106863,3.1666666666666603,0,1,0,81.38170653581619,9.492337363106863e-06,190,1,0
18,16,13,0,0,1,9.44861820765904,"[0.0, 9.44861820765904]",9.44861820765904,8.571428571428571,9.44861820765904,3.1499999999999937,0,1,0,80.70289786159992,9.44861820765904e-06,189,1,0
18,17,39,0,0,1,9.373253413609097,"[0.0, 9.373253413609097]",9.373253413609097,8.571428571428571,9.373253413609097,3.1499999999999937,0,1,0,80.70263788104057,9.373253413609097e-06,189,1,0
18,18,14,0,0,1,9.217853546142578,"[0.0, 9.217853546142578]",9.217853546142578,8.571428571428571,9.217853546142578,3.133333333333327,0,1,0,80.02608904242516,9.217853546142579e-06,188,1,0
18,19,15,0,0,1,9.168273380824496,"[0.0, 9.168273380824496]",9.168273380824496,8.571428571428571,9.168273380824496,3.1999999999999935,0,1,0,79.9370628297329,9.168273380824496e-06,192,1,0
18,20,42,0,0,1,9.163706643240792,"[0.0, 9.163706643240792]",9.163706643240792,8.571428571428571,9.163706643240792,3.1499999999999937,0,1,0,79.60484068095684,9.16370664324079e-06,189,1,0
18,21,62,0,0,1,9.075701577322825,"[0.0, 9.075701577322825]",9.075701577322825,8.571428571428571,9.075701577322825,3.1166666666666605,0,1,0,79.35140526294708,9.075701577322825e-06,187,1,0
18,22,28,0,0,1,9.062576293945312,"[0.0, 9.062576293945312]",9.062576293945312,8.571428571428571,9.062576293945312,3.1166666666666605,0,1,0,79.35141922533512,9.062576293945313e-06,187,1,0
18,23,27,0,0,1,8.918789454868861,"[0.0, 8.918789454868861]",8.918789454868861,8.571428571428571,8.918789454868861,3.099999999999994,0,1,0,78.67908129096031,8.918789454868861e-06,186,1,0
18,24,12,0,0,1,8.877552577427455,"[0.0, 8.877552577427455]",8.877552577427455,8.571428571428571,8.877552577427455,3.099999999999994,0,1,0,78.67861951887608,8.877552577427454e-06,186,1,0
18,25,41,0,0,1,8.570513044084821,"[0.0, 8.570513044084821]",8.570513044084821,5.714285714285714,8.570513044084821,3.21666666666666,0,1,0,77.9694106131792,8.570513044084822e-06,193,1,0
18,26,53,0,0,1,8.566910879952568,"[0.0, 8.566910879952568]",8.566910879952568,5.714285714285714,8.566910879952568,3.0833333333333273,0,1,0,78.00882855057716,8.566910879952568e-06,185,1,0
18,27,19,0,0,1,8.411870683942523,"[0.0, 8.411870683942523]",8.411870683942523,5.714285714285714,8.411870683942523,3.0666666666666607,0,1,0,77.34102383255959,8.411870683942523e-06,184,1,0
18,28,52,0,0,1,8.352249690464566,"[0.0, 8.352249690464566]",8.352249690464566,5.714285714285714,8.352249690464566,3.049999999999994,0,1,0,76.67556507885456,8.352249690464565e-06,183,1,0
18,29,22,0,0,1,8.330026354108538,"[0.0, 8.330026354108538]",8.330026354108538,5.714285714285714,8.330026354108538,3.049999999999994,0,1,0,76.67615489661694,8.330026354108538e-06,183,1,0
18,30,40,0,0,1,8.32359858921596,"[0.0, 8.32359858921596]",8.32359858921596,5.714285714285714,8.32359858921596,3.0666666666666607,0,1,0,76.62488967180252,8.32359858921596e-06,184,1,0
18,31,60,0,0,1,8.316429683140345,"[0.0, 8.316429683140345]",8.316429683140345,5.714285714285714,8.316429683140345,3.299999999999993,0,1,0,76.7633358091116,8.316429683140346e-06,198,1,0
18,32,21,0,0,1,8.275209154401507,"[0.0, 8.275209154401507]",8.275209154401507,5.714285714285714,8.275209154401507,3.049999999999994,0,1,0,76.67603403329849,8.275209154401507e-06,183,1,0
18,33,25,0,0,0,8.191443852015905,"[0.0, 8.191443852015905]",8.191443852015905,5.714285714285714,8.191443852015905,3.0333333333333274,0,1,0,76.0130020827055,8.191443852015905e-06,182,1,0
18,34,44,0,0,0,8.006071363176618,"[0.0, 8.006071363176618]",8.006071363176618,5.714285714285714,8.006071363176618,3.016666666666661,0,1,0,75.35198678076267,8.006071363176618e-06,181,1,0
18,35,9,0,0,0,8.000052315848215,"[0.0, 8.000052315848215]",8.000052315848215,5.714285714285714,8.000052315848215,3.016666666666661,0,1,0,75.35234273970127,8.000052315848215e-06,181,1,0
18,36,35,0,0,0,7.980739048549107,"[0.0, 7.980739048549107]",7.980739048549107,5.714285714285714,7.980739048549107,3.016666666666661,0,1,0,75.35201978683472,7.980739048549108e-06,181,1,0
18,37,51,0,0,0,7.946995326450892,"[0.0, 7.946995326450892]",7.946995326450892,5.714285714285714,7.946995326450892,3.016666666666661,0,1,0,75.3517147153616,7.946995326450892e-06,181,1,0
18,38,36,0,0,0,7.904417855398996,"[0.0, 7.904417855398996]",7.904417855398996,5.714285714285714,7.904417855398996,3.016666666666661,0,1,0,75.35217462480068,7.904417855398995e-06,181,1,0
18,39,10,0,0,0,7.77454103742327,"[0.0, 7.77454103742327]",7.77454103742327,5.714285714285714,7.77454103742327,2.9999999999999942,0,1,0,74.69358703494072,7.77454103742327e-06,180,1,0
18,40,11,0,0,0,7.739486694335937,"[0.0, 7.739486694335937]",7.739486694335937,5.714285714285714,7.739486694335937,2.9833333333333276,0,1,0,74.03768210113049,7.739486694335937e-06,179,1,0
18,41,58,0,0,0,7.5800405229840955,"[0.0, 7.5800405229840955]",7.5800405229840955,5.714285714285714,7.5800405229840955,2.966666666666661,0,1,0,73.38358736038208,7.580040522984095e-06,178,1,0
18,42,18,0,0,0,7.574084145682199,"[0.0, 7.574084145682199]",7.574084145682199,5.714285714285714,7.574084145682199,2.966666666666661,0,1,0,73.38366693258286,7.574084145682199e-06,178,1,0
18,43,43,0,0,0,7.359973362513951,"[0.0, 7.359973362513951]",7.359973362513951,5.714285714285714,7.359973362513951,2.933333333333328,0,1,0,72.08322551846504,7.359973362513951e-06,176,1,0
18,44,34,0,0,0,7.309739249093192,"[0.0, 7.309739249093192]",7.309739249093192,5.714285714285714,7.309739249093192,2.916666666666661,0,1,0,71.43643541634083,7.3097392490931915e-06,175,1,0
18,45,31,0,0,0,7.089811052594866,"[0.0, 7.089811052594866]",7.089811052594866,5.714285714285714,7.089811052594866,2.716666666666662,0,1,0,63.859077751636505,7.089811052594866e-06,163,1,0
18,46,46,0,0,0,5.667533874511719,"[0.0, 5.667533874511719]",5.667533874511719,2.857142857142857,5.667533874511719,2.2999999999999967,0,1,0,49.20268216729164,5.667533874511719e-06,138,1,0
18,47,37,0,0,0,5.621070861816406,"[0.0, 5.621070861816406]",5.621070861816406,2.857142857142857,5.621070861816406,2.28333333333333,0,1,0,48.64906734228134,5.621070861816406e-06,137,1,0
18,48,47,0,0,0,5.61561039515904,"[0.0, 5.61561039515904]",5.61561039515904,2.857142857142857,5.61561039515904,2.28333333333333,0,1,0,48.64909987151623,5.6156103951590395e-06,137,1,0
18,49,50,0,0,0,5.510728018624442,"[0.0, 5.510728018624442]",5.510728018624442,2.857142857142857,5.510728018624442,2.249999999999997,0,1,0,47.54974544048309,5.510728018624442e-06,135,1,0
18,50,26,0,0,0,5.502101353236607,"[0.0, 5.502101353236607]",5.502101353236607,2.857142857142857,5.502101353236607,3.183333333333327,0,1,0,47.38599184155464,5.502101353236607e-06,191,1,0
18,51,32,0,0,0,5.471158708844866,"[0.0, 5.471158708844866]",5.471158708844866,2.857142857142857,5.471158708844866,2.2333333333333303,0,1,0,47.004303604364395,5.471158708844866e-06,134,1,0
18,52,23,0,0,0,5.418303353445871,"[0.0, 5.418303353445871]",5.418303353445871,2.857142857142857,5.418303353445871,2.2166666666666637,0,1,0,46.46087969839573,5.418303353445871e-06,133,1,0
18,53,49,0,0,0,5.403524126325335,"[0.0, 5.403524126325335]",5.403524126325335,2.857142857142857,5.403524126325335,2.2166666666666637,0,1,0,46.460679560899734,5.403524126325335e-06,133,1,0
18,54,38,0,0,0,5.316194806780135,"[0.0, 5.316194806780135]",5.316194806780135,2.857142857142857,5.316194806780135,2.1833333333333305,0,1,0,45.38198459148407,5.316194806780134e-06,131,1,0
18,55,30,0,0,0,5.267007010323661,"[0.0, 5.267007010323661]",5.267007010323661,2.857142857142857,5.267007010323661,2.166666666666664,0,1,0,44.84679175913334,5.267007010323661e-06,130,1,0
18,56,55,0,0,0,5.1643862043108255,"[0.0, 5.1643862043108255]",5.1643862043108255,2.857142857142857,5.1643862043108255,2.1333333333333306,0,1,0,43.78348587453365,5.164386204310826e-06,128,1,0
18,57,57,0,0,0,5.11481693812779,"[0.0, 5.11481693812779]",5.11481693812779,2.857142857142857,5.11481693812779,2.116666666666664,0,1,0,43.25589832663536,5.11481693812779e-06,127,1,0
18,58,59,0,0,0,5.066484723772321,"[0.0, 5.066484723772321]",5.066484723772321,2.857142857142857,5.066484723772321,2.0999999999999974,0,1,0,42.73166972398758,5.0664847237723215e-06,126,1,0
18,59,33,0,0,0,4.876000540597098,"[0.0, 4.876000540597098]",4.876000540597098,2.857142857142857,4.876000540597098,2.033333333333331,0,1,0,40.65812757611275,4.876000540597098e-06,122,1,0
18,60,56,0,0,0,4.824496677943638,"[0.0, 4.824496677943638]",4.824496677943638,2.857142857142857,4.824496677943638,2.0166666666666644,0,1,0,40.14661103487015,4.824496677943638e-06,121,1,0
18,61,17,0,0,0,2.153472900390625,"[0.0, 2.153472900390625]",2.153472900390625,0.0,2.153472900390625,5.016666666666654,0,1,0,8.214477314191754,2.153472900390625e-06,301,1,0
18,62,54,0,0,0,2.1118382045200894,"[0.0, 2.1118382045200894]",2.1118382045200894,0.0,2.1118382045200894,5.016666666666654,0,1,0,7.705685086199082,2.1118382045200896e-06,301,1,0
18,63,24,0,0,0,2.1118327549525673,"[0.0, 2.1118327549525673]",2.1118327549525673,0.0,2.1118327549525673,5.016666666666654,0,1,0,7.705691627721535,2.111832754952567e-06,301,1,0
18,64,45,0,0,0,2.110154288155692,"[0.0, 2.110154288155692]",2.110154288155692,0.0,2.110154288155692,5.016666666666654,0,1,0,7.706168014767172,2.1101542881556918e-06,301,1,0
19,1,0,0,1,1,9.786267961774552,"[0.0, 9.786267961774552]",9.786267961774552,8.571428571428571,9.786267961774552,8.466666666666667,0,1,0,85.24319521477446,9.786267961774552e-06,508,1,0
19,2,35,0,1,1,9.750497000558035,"[0.0, 9.750497000558035]",9.750497000558035,8.571428571428571,9.750497000558035,3.1999999999999935,0,1,0,82.74618946015835,9.750497000558035e-06,192,1,0
19,3,1,0,1,1,9.736240931919642,"[0.0, 9.736240931919642]",9.736240931919642,8.571428571428571,9.736240931919642,6.183333333333317,0,1,0,82.92309748381376,9.736240931919643e-06,371,1,0
19,4,2,0,1,1,9.732627868652344,"[0.0, 9.732627868652344]",9.732627868652344,8.571428571428571,9.732627868652344,5.199999999999987,0,1,0,82.78314466774464,9.732627868652343e-06,312,1,0
19,5,48,0,1,1,9.665562765938896,"[0.0, 9.665562765938896]",9.665562765938896,8.571428571428571,9.665562765938896,3.183333333333327,0,1,0,82.0631161481142,9.665562765938896e-06,191,1,0
19,6,3,0,1,1,9.650859832763672,"[0.0, 9.650859832763672]",9.650859832763672,8.571428571428571,9.650859832763672,3.183333333333327,0,1,0,82.06306131184101,9.650859832763672e-06,191,1,0
19,7,4,0,1,1,9.644216809953962,"[0.0, 9.644216809953962]",9.644216809953962,8.571428571428571,9.644216809953962,3.21666666666666,0,1,0,82.16188035905361,9.644216809953962e-06,193,1,0
19,8,5,0,1,1,9.621554783412387,"[0.0, 9.621554783412387]",9.621554783412387,8.571428571428571,9.621554783412387,3.183333333333327,0,1,0,82.06295163929462,9.621554783412388e-06,191,1,0
19,9,6,0,0,1,9.604666573660714,"[0.0, 9.604666573660714]",9.604666573660714,8.571428571428571,9.604666573660714,3.183333333333327,0,1,0,82.06326866149902,9.604666573660714e-06,191,1,0
19,10,7,0,0,1,9.594612121582031,"[0.0, 9.594612121582031]",9.594612121582031,8.571428571428571,9.594612121582031,3.183333333333327,0,1,0,82.06295016407967,9.594612121582031e-06,191,1,0
19,11,49,0,0,1,9.512078421456472,"[0.0, 9.512078421456472]",9.512078421456472,8.571428571428571,9.512078421456472,3.1666666666666603,0,1,0,81.38173294067383,9.512078421456472e-06,190,1,0
19,12,19,0,0,1,9.451114109584264,"[0.0, 9.451114109584264]",9.451114109584264,8.571428571428571,9.451114109584264,3.1666666666666603,0,1,0,81.3813807964325,9.451114109584264e-06,190,1,0
19,13,14,0,0,1,9.446898869105748,"[0.0, 9.446898869105748]",9.446898869105748,8.571428571428571,9.446898869105748,3.183333333333327,0,1,0,81.41808941960335,9.446898869105749e-06,191,1,0
19,14,30,0,0,1,9.44428035191127,"[0.0, 9.44428035191127]",9.44428035191127,8.571428571428571,9.44428035191127,3.1499999999999937,0,1,0,80.70303483307362,9.44428035191127e-06,189,1,0
19,15,33,0,0,1,9.39305169241769,"[0.0, 9.39305169241769]",9.39305169241769,8.571428571428571,9.39305169241769,3.1499999999999937,0,1,0,80.70267342031002,9.393051692417688e-06,189,1,0
19,16,54,0,0,1,9.324283599853516,"[0.0, 9.324283599853516]",9.324283599853516,8.571428571428571,9.324283599853516,3.1499999999999937,0,1,0,80.7028405815363,9.324283599853515e-06,189,1,0
19,17,44,0,0,1,9.222357613699776,"[0.0, 9.222357613699776]",9.222357613699776,8.571428571428571,9.222357613699776,3.133333333333327,0,1,0,80.02592161297798,9.222357613699776e-06,188,1,0
19,18,24,0,0,1,9.207613808768137,"[0.0, 9.207613808768137]",9.207613808768137,8.571428571428571,9.207613808768137,3.133333333333327,0,1,0,80.02565635740757,9.207613808768138e-06,188,1,0
19,19,13,0,0,1,9.101930345807757,"[0.0, 9.101930345807757]",9.101930345807757,8.571428571428571,9.101930345807757,3.1166666666666605,0,1,0,79.35129339993,9.101930345807757e-06,187,1,0
19,20,34,0,0,1,9.080513545445033,"[0.0, 9.080513545445033]",9.080513545445033,8.571428571428571,9.080513545445033,3.1166666666666605,0,1,0,79.35131648182869,9.080513545445033e-06,187,1,0
19,21,21,0,0,1,9.025718144008092,"[0.0, 9.025718144008092]",9.025718144008092,8.571428571428571,9.025718144008092,3.1166666666666605,0,1,0,79.35102605819702,9.025718144008091e-06,187,1,0
19,22,11,0,0,1,8.998587472098214,"[0.0, 8.998587472098214]",8.998587472098214,8.571428571428571,8.998587472098214,3.1166666666666605,0,1,0,79.35148100554943,8.998587472098214e-06,187,1,0
19,23,9,0,0,1,8.964383261544363,"[0.0, 8.964383261544363]",8.964383261544363,8.571428571428571,8.964383261544363,3.099999999999994,0,1,0,78.67889814078808,8.964383261544362e-06,186,1,0
19,24,10,0,0,1,8.89019284929548,"[0.0, 8.89019284929548]",8.89019284929548,8.571428571428571,8.89019284929548,3.099999999999994,0,1,0,78.6793300807476,8.890192849295479e-06,186,1,0
19,25,41,0,0,1,8.87918472290039,"[0.0, 8.87918472290039]",8.87918472290039,8.571428571428571,8.87918472290039,3.099999999999994,0,1,0,78.67922338843346,8.87918472290039e-06,186,1,0
19,26,36,0,0,1,8.846021379743304,"[0.0, 8.846021379743304]",8.846021379743304,8.571428571428571,8.846021379743304,3.099999999999994,0,1,0,78.67874544858932,8.846021379743304e-06,186,1,0
19,27,31,0,0,1,8.845691680908203,"[0.0, 8.845691680908203]",8.845691680908203,8.571428571428571,8.845691680908203,3.099999999999994,0,1,0,78.67900776863098,8.845691680908203e-06,186,1,0
19,28,57,0,0,1,8.833029610770089,"[0.0, 8.833029610770089]",8.833029610770089,8.571428571428571,8.833029610770089,3.099999999999994,0,1,0,78.67921650409698,8.833029610770089e-06,186,1,0
19,29,62,0,0,1,8.810435703822545,"[0.0, 8.810435703822545]",8.810435703822545,8.571428571428571,8.810435703822545,3.099999999999994,0,1,0,78.67895650863647,8.810435703822544e-06,186,1,0
19,30,40,0,0,1,8.669283730643135,"[0.0, 8.669283730643135]",8.669283730643135,8.571428571428571,8.669283730643135,3.0833333333333273,0,1,0,78.00860653817654,8.669283730643136e-06,185,1,0
19,31,39,0,0,1,8.636725289481028,"[0.0, 8.636725289481028]",8.636725289481028,8.571428571428571,8.636725289481028,3.0833333333333273,0,1,0,78.00893147289753,8.636725289481028e-06,185,1,0
19,32,43,0,0,1,8.577673775809151,"[0.0, 8.577673775809151]",8.577673775809151,8.571428571428571,8.577673775809151,4.9166666666666545,0,1,0,77.94662089645863,8.57767377580915e-06,295,1,0
19,33,61,0,0,0,8.536970955984934,"[0.0, 8.536970955984934]",8.536970955984934,5.714285714285714,8.536970955984934,3.2833333333333266,0,1,0,77.4172777235508,8.536970955984935e-06,197,1,0
19,34,29,0,0,0,8.460900442940849,"[0.0, 8.460900442940849]",8.460900442940849,5.714285714285714,8.460900442940849,3.0666666666666607,0,1,0,77.34111228585243,8.460900442940849e-06,184,1,0
19,35,63,0,0,0,8.417554582868302,"[0.0, 8.417554582868302]",8.417554582868302,5.714285714285714,8.417554582868302,3.0666666666666607,0,1,0,77.34093233942986,8.417554582868302e-06,184,1,0
19,36,50,0,0,0,8.368745531354632,"[0.0, 8.368745531354632]",8.368745531354632,5.714285714285714,8.368745531354632,3.0666666666666607,0,1,0,77.04235100746155,8.368745531354632e-06,184,1,0
19,37,55,0,0,0,8.075665065220424,"[0.0, 8.075665065220424]",8.075665065220424,5.714285714285714,8.075665065220424,3.0333333333333274,0,1,0,76.01239217817783,8.075665065220423e-06,182,1,0
19,38,17,0,0,0,7.733832768031529,"[0.0, 7.733832768031529]",7.733832768031529,5.714285714285714,7.733832768031529,2.9833333333333276,0,1,0,74.03753830492496,7.733832768031529e-06,179,1,0
19,39,45,0,0,0,7.533255985804967,"[0.0, 7.533255985804967]",7.533255985804967,5.714285714285714,7.533255985804967,2.966666666666661,0,1,0,73.38348630070686,7.533255985804967e-06,178,1,0
19,40,46,0,0,0,7.3609161376953125,"[0.0, 7.3609161376953125]",7.3609161376953125,5.714285714285714,7.3609161376953125,2.933333333333328,0,1,0,72.08265894651413,7.360916137695312e-06,176,1,0
19,41,15,0,0,0,7.2189194815499445,"[0.0, 7.2189194815499445]",7.2189194815499445,5.714285714285714,7.2189194815499445,2.8999999999999946,0,1,0,70.79168300330639,7.218919481549944e-06,174,1,0
19,42,51,0,0,0,5.813560485839844,"[0.0, 5.813560485839844]",5.813560485839844,5.714285714285714,5.813560485839844,2.3499999999999965,0,1,0,50.87828178703785,5.813560485839844e-06,141,1,0
19,43,42,0,0,0,5.770296369280134,"[0.0, 5.770296369280134]",5.770296369280134,5.714285714285714,5.770296369280134,2.33333333333333,0,1,0,50.312279522418976,5.770296369280134e-06,140,1,0
19,44,53,0,0,0,5.676776341029576,"[0.0, 5.676776341029576]",5.676776341029576,2.857142857142857,5.676776341029576,2.2999999999999967,0,1,0,49.20291405916214,5.676776341029577e-06,138,1,0
19,45,59,0,0,0,5.672814505440849,"[0.0, 5.672814505440849]",5.672814505440849,2.857142857142857,5.672814505440849,2.2999999999999967,0,1,0,49.20249463617802,5.672814505440849e-06,138,1,0
19,46,22,0,0,0,5.511458260672433,"[0.0, 5.511458260672433]",5.511458260672433,2.857142857142857,5.511458260672433,2.249999999999997,0,1,0,47.54958362877369,5.5114582606724335e-06,135,1,0
19,47,38,0,0,0,5.466722760881696,"[0.0, 5.466722760881696]",5.466722760881696,2.857142857142857,5.466722760881696,2.2333333333333303,0,1,0,47.004170820117,5.466722760881696e-06,134,1,0
19,48,32,0,0,0,5.463676452636719,"[0.0, 5.463676452636719]",5.463676452636719,2.857142857142857,5.463676452636719,2.2333333333333303,0,1,0,47.003717094659805,5.4636764526367185e-06,134,1,0
19,49,27,0,0,0,5.462025233677456,"[0.0, 5.462025233677456]",5.462025233677456,2.857142857142857,5.462025233677456,2.2333333333333303,0,1,0,47.00379538536072,5.462025233677456e-06,134,1,0
19,50,52,0,0,0,5.365796770368304,"[0.0, 5.365796770368304]",5.365796770368304,2.857142857142857,5.365796770368304,2.199999999999997,0,1,0,45.9202645868063,5.365796770368304e-06,132,1,0
19,51,60,0,0,0,5.316009521484375,"[0.0, 5.316009521484375]",5.316009521484375,2.857142857142857,5.316009521484375,2.1833333333333305,0,1,0,45.382163390517235,5.316009521484375e-06,131,1,0
19,52,23,0,0,0,5.2608489990234375,"[0.0, 5.2608489990234375]",5.2608489990234375,2.857142857142857,5.2608489990234375,2.166666666666664,0,1,0,44.84674596786499,5.2608489990234375e-06,130,1,0
19,53,20,0,0,0,5.219851902553013,"[0.0, 5.219851902553013]",5.219851902553013,2.857142857142857,5.219851902553013,2.1499999999999972,0,1,0,44.31389957666397,5.219851902553013e-06,129,1,0
19,54,56,0,0,0,5.108506338936942,"[0.0, 5.108506338936942]",5.108506338936942,2.857142857142857,5.108506338936942,2.116666666666664,0,1,0,43.25579987466335,5.1085063389369415e-06,127,1,0
19,55,58,0,0,0,4.966997419084821,"[0.0, 4.966997419084821]",4.966997419084821,2.857142857142857,4.966997419084821,2.066666666666664,0,1,0,41.68915821611881,4.966997419084821e-06,124,1,0
19,56,26,0,0,0,4.773134504045759,"[0.0, 4.773134504045759]",4.773134504045759,2.857142857142857,4.773134504045759,1.9999999999999978,0,1,0,39.63736191391945,4.773134504045758e-06,120,1,0
19,57,16,0,0,0,4.721254621233259,"[0.0, 4.721254621233259]",4.721254621233259,2.857142857142857,4.721254621233259,1.9833333333333312,0,1,0,39.088208973407745,4.721254621233259e-06,119,1,0
19,58,18,0,0,0,2.1113913399832587,"[0.0, 2.1113913399832587]",2.1113913399832587,0.0,2.1113913399832587,5.016666666666654,0,1,0,7.706000320773455,2.1113913399832586e-06,301,1,0
19,59,12,0,0,0,2.110998971121652,"[0.0, 2.110998971121652]",2.110998971121652,0.0,2.110998971121652,5.016666666666654,0,1,0,7.705541546805762,2.110998971121652e-06,301,1,0
19,60,25,0,0,0,2.1102196829659596,"[0.0, 2.1102196829659596]",2.1102196829659596,0.0,2.1102196829659596,5.016666666666654,0,1,0,7.706114236476424,2.1102196829659595e-06,301,1,0
19,61,8,0,0,0,2.1084867204938615,"[0.0, 2.1084867204938615]",2.1084867204938615,0.0,2.1084867204938615,5.016666666666654,0,1,0,7.706550555376452,2.1084867204938616e-06,301,1,0
19,62,47,0,0,0,2.106524876185826,"[0.0, 2.106524876185826]",2.106524876185826,0.0,2.106524876185826,5.016666666666654,0,1,0,7.705578853041516,2.106524876185826e-06,301,1,0
19,63,28,0,0,0,1.8756158011300224,"[0.0, 1.8756158011300224]",1.8756158011300224,0.0,1.8756158011300224,5.016666666666654,0,1,0,5.175178539240733,1.8756158011300224e-06,301,1,0
19,64,37,0,0,0,0.31538827078683035,"[0.0, 0.31538827078683035]",0.31538827078683035,0.0,0.31538827078683035,5.016666666666654,0,1,0,15.443148650287185,3.1538827078683034e-07,301,1,0
20,1,0,0,1,1,9.786267961774552,"[0.0, 9.786267961774552]",9.786267961774552,8.571428571428571,9.786267961774552,8.466666666666667,0,1,0,85.24319521477446,9.786267961774552e-06,508,1,0
20,2,1,0,1,1,9.750497000558035,"[0.0, 9.750497000558035]",9.750497000558035,8.571428571428571,9.750497000558035,3.1999999999999935,0,1,0,82.74618946015835,9.750497000558035e-06,192,1,0
20,3,2,0,1,1,9.736240931919642,"[0.0, 9.736240931919642]",9.736240931919642,8.571428571428571,9.736240931919642,6.183333333333317,0,1,0,82.92309748381376,9.736240931919643e-06,371,1,0
20,4,3,0,1,1,9.732627868652344,"[0.0, 9.732627868652344]",9.732627868652344,8.571428571428571,9.732627868652344,5.199999999999987,0,1,0,82.78314466774464,9.732627868652343e-06,312,1,0
20,5,4,0,1,1,9.665562765938896,"[0.0, 9.665562765938896]",9.665562765938896,8.571428571428571,9.665562765938896,3.183333333333327,0,1,0,82.0631161481142,9.665562765938896e-06,191,1,0
20,6,5,0,1,1,9.650859832763672,"[0.0, 9.650859832763672]",9.650859832763672,8.571428571428571,9.650859832763672,3.183333333333327,0,1,0,82.06306131184101,9.650859832763672e-06,191,1,0
20,7,6,0,1,1,9.644216809953962,"[0.0, 9.644216809953962]",9.644216809953962,8.571428571428571,9.644216809953962,3.21666666666666,0,1,0,82.16188035905361,9.644216809953962e-06,193,1,0
20,8,7,0,1,1,9.621554783412387,"[0.0, 9.621554783412387]",9.621554783412387,8.571428571428571,9.621554783412387,3.183333333333327,0,1,0,82.06295163929462,9.621554783412388e-06,191,1,0
20,9,49,0,0,1,9.569704873221262,"[0.0, 9.569704873221262]",9.569704873221262,8.571428571428571,9.569704873221262,3.183333333333327,0,1,0,82.06291665136814,9.569704873221261e-06,191,1,0
20,10,18,0,0,1,9.523356301443918,"[0.0, 9.523356301443918]",9.523356301443918,8.571428571428571,9.523356301443918,4.733333333333322,0,1,0,81.62195987999439,9.523356301443919e-06,284,1,0
20,11,60,0,0,1,9.520980290004186,"[0.0, 9.520980290004186]",9.520980290004186,8.571428571428571,9.520980290004186,3.1666666666666603,0,1,0,81.38161394000053,9.520980290004185e-06,190,1,0
20,12,53,0,0,1,9.473367418561661,"[0.0, 9.473367418561661]",9.473367418561661,8.571428571428571,9.473367418561661,3.1666666666666603,0,1,0,81.38156162202358,9.47336741856166e-06,190,1,0
20,13,54,0,0,1,9.426141466413226,"[0.0, 9.426141466413226]",9.426141466413226,8.571428571428571,9.426141466413226,3.433333333333326,0,1,0,81.10997250676155,9.426141466413226e-06,206,1,0
20,14,62,0,0,1,9.364534105573382,"[0.0, 9.364534105573382]",9.364534105573382,8.571428571428571,9.364534105573382,3.1499999999999937,0,1,0,80.70216503739357,9.364534105573381e-06,189,1,0
20,15,26,0,0,1,9.352566855294365,"[0.0, 9.352566855294365]",9.352566855294365,8.571428571428571,9.352566855294365,3.1499999999999937,0,1,0,80.70306646823883,9.352566855294364e-06,189,1,0
20,16,43,0,0,1,9.2373902457101,"[0.0, 9.2373902457101]",9.2373902457101,8.571428571428571,9.2373902457101,3.133333333333327,0,1,0,80.02585136890411,9.2373902457101e-06,188,1,0
20,17,42,0,0,1,9.21736308506557,"[0.0, 9.21736308506557]",9.21736308506557,8.571428571428571,9.21736308506557,3.133333333333327,0,1,0,80.0256882160902,9.217363085065569e-06,188,1,0
20,18,33,0,0,1,9.187158857073102,"[0.0, 9.187158857073102]",9.187158857073102,8.571428571428571,9.187158857073102,3.133333333333327,0,1,0,80.02569660544395,9.187158857073102e-06,188,1,0
20,19,12,0,0,1,9.150946480887278,"[0.0, 9.150946480887278]",9.150946480887278,8.571428571428571,9.150946480887278,3.133333333333327,0,1,0,80.02550506591797,9.150946480887277e-06,188,1,0
20,20,15,0,0,1,9.132840292794365,"[0.0, 9.132840292794365]",9.132840292794365,8.571428571428571,9.132840292794365,3.133333333333327,0,1,0,80.02580550312996,9.132840292794365e-06,188,1,0
20,21,37,0,0,1,9.132393428257533,"[0.0, 9.132393428257533]",9.132393428257533,8.571428571428571,9.132393428257533,3.1166666666666605,0,1,0,79.3509996086359,9.132393428257532e-06,187,1,0
20,22,21,0,0,1,9.121698651994977,"[0.0, 9.121698651994977]",9.121698651994977,8.571428571428571,9.121698651994977,3.133333333333327,0,1,0,80.02577355504036,9.121698651994977e-06,188,1,0
20,23,27,0,0,1,9.080960409981865,"[0.0, 9.080960409981865]",9.080960409981865,8.571428571428571,9.080960409981865,3.1166666666666605,0,1,0,79.35121756792068,9.080960409981865e-06,187,1,0
20,24,11,0,0,1,8.974462236676898,"[0.0, 8.974462236676898]",8.974462236676898,8.571428571428571,8.974462236676898,3.1166666666666605,0,1,0,79.35136030614376,8.974462236676897e-06,187,1,0
20,25,46,0,0,1,8.910495213099887,"[0.0, 8.910495213099887]",8.910495213099887,8.571428571428571,8.910495213099887,3.099999999999994,0,1,0,78.6792411506176,8.910495213099886e-06,186,1,0
20,26,40,0,0,1,8.812757219587052,"[0.0, 8.812757219587052]",8.812757219587052,8.571428571428571,8.812757219587052,3.099999999999994,0,1,0,78.6789920926094,8.812757219587053e-06,186,1,0
20,27,23,0,0,1,8.730324336460658,"[0.0, 8.730324336460658]",8.730324336460658,8.571428571428571,8.730324336460658,3.099999999999994,0,1,0,78.36243624985218,8.730324336460657e-06,186,1,0
20,28,47,0,0,1,8.632888793945312,"[0.0, 8.632888793945312]",8.632888793945312,8.571428571428571,8.632888793945312,3.0833333333333273,0,1,0,78.00883419811726,8.632888793945312e-06,185,1,0
20,29,9,0,0,1,8.616063254220146,"[0.0, 8.616063254220146]",8.616063254220146,8.571428571428571,8.616063254220146,3.0833333333333273,0,1,0,78.00866335630417,8.616063254220145e-06,185,1,0
20,30,48,0,0,1,8.565837315150668,"[0.0, 8.565837315150668]",8.565837315150668,5.714285714285714,8.565837315150668,3.0833333333333273,0,1,0,78.0089302957058,8.565837315150668e-06,185,1,0
20,31,14,0,0,1,8.473151070731026,"[0.0, 8.473151070731026]",8.473151070731026,5.714285714285714,8.473151070731026,3.0666666666666607,0,1,0,77.34125635027885,8.473151070731025e-06,184,1,0
20,32,25,0,0,1,8.452450888497488,"[0.0, 8.452450888497488]",8.452450888497488,5.714285714285714,8.452450888497488,3.0666666666666607,0,1,0,77.34137833118439,8.452450888497488e-06,184,1,0
20,33,45,0,0,0,8.325838361467634,"[0.0, 8.325838361467634]",8.325838361467634,5.714285714285714,8.325838361467634,3.0666666666666607,0,1,0,76.9683380573988,8.325838361467634e-06,184,1,0
20,34,30,0,0,0,8.264037540980748,"[0.0, 8.264037540980748]",8.264037540980748,5.714285714285714,8.264037540980748,3.049999999999994,0,1,0,76.67629450559616,8.264037540980748e-06,183,1,0
20,35,57,0,0,0,8.238307407924108,"[0.0, 8.238307407924108]",8.238307407924108,5.714285714285714,8.238307407924108,7.383333333333312,0,1,0,58.21178330872499,8.238307407924108e-06,443,1,0
20,36,8,0,0,0,8.12201636178153,"[0.0, 8.12201636178153]",8.12201636178153,5.714285714285714,8.12201636178153,3.1166666666666605,0,1,0,76.1511758863926,8.12201636178153e-06,187,1,0
20,37,31,0,0,0,8.10945783342634,"[0.0, 8.10945783342634]",8.10945783342634,5.714285714285714,8.10945783342634,3.0333333333333274,0,1,0,76.01326787471771,8.10945783342634e-06,182,1,0
20,38,32,0,0,0,7.842227390834264,"[0.0, 7.842227390834264]",7.842227390834264,5.714285714285714,7.842227390834264,2.9999999999999942,0,1,0,74.6937909424305,7.842227390834264e-06,180,1,0
20,39,17,0,0,0,7.5599452427455365,"[0.0, 7.5599452427455365]",7.5599452427455365,5.714285714285714,7.5599452427455365,2.966666666666661,0,1,0,73.38350427150726,7.559945242745536e-06,178,1,0
20,40,35,0,0,0,7.428319113595146,"[0.0, 7.428319113595146]",7.428319113595146,5.714285714285714,7.428319113595146,2.9499999999999944,0,1,0,72.43591350317001,7.4283191135951455e-06,177,1,0
20,41,51,0,0,0,7.21118382045201,"[0.0, 7.21118382045201]",7.21118382045201,5.714285714285714,7.21118382045201,2.916666666666661,0,1,0,71.0960992127657,7.21118382045201e-06,175,1,0
20,42,19,0,0,0,5.731103079659598,"[0.0, 5.731103079659598]",5.731103079659598,5.714285714285714,5.731103079659598,2.33333333333333,0,1,0,49.87820564210415,5.731103079659598e-06,140,1,0
20,43,34,0,0,0,5.726416451590402,"[0.0, 5.726416451590402]",5.726416451590402,5.714285714285714,5.726416451590402,2.3166666666666633,0,1,0,49.75874437391758,5.726416451590402e-06,139,1,0
20,44,38,0,0,0,5.717043195452009,"[0.0, 5.717043195452009]",5.717043195452009,5.714285714285714,5.717043195452009,2.3166666666666633,0,1,0,49.758921071887016,5.717043195452009e-06,139,1,0
20,45,55,0,0,0,5.57030269077846,"[0.0, 5.57030269077846]",5.57030269077846,2.857142857142857,5.57030269077846,2.2666666666666635,0,1,0,48.09799003601074,5.57030269077846e-06,136,1,0
20,46,10,0,0,0,5.419415065220424,"[0.0, 5.419415065220424]",5.419415065220424,2.857142857142857,5.419415065220424,2.2166666666666637,0,1,0,46.46058085560799,5.4194150652204234e-06,133,1,0
20,47,24,0,0,0,5.415458679199219,"[0.0, 5.415458679199219]",5.415458679199219,2.857142857142857,5.415458679199219,2.2166666666666637,0,1,0,46.46059140563011,5.4154586791992185e-06,133,1,0
20,48,50,0,0,0,5.3127288818359375,"[0.0, 5.3127288818359375]",5.3127288818359375,2.857142857142857,5.3127288818359375,2.1833333333333305,0,1,0,45.38200202584267,5.312728881835938e-06,131,1,0
20,49,61,0,0,0,5.2798952375139505,"[0.0, 5.2798952375139505]",5.2798952375139505,2.857142857142857,5.2798952375139505,6.183333333333317,0,1,0,44.97137650381774,5.27989523751395e-06,371,1,0
20,50,44,0,0,0,5.1540374755859375,"[0.0, 5.1540374755859375]",5.1540374755859375,2.857142857142857,5.1540374755859375,2.1333333333333306,0,1,0,43.78373682498932,5.154037475585937e-06,128,1,0
20,51,56,0,0,0,5.115639822823661,"[0.0, 5.115639822823661]",5.115639822823661,2.857142857142857,5.115639822823661,2.116666666666664,0,1,0,43.25643411278725,5.11563982282366e-06,127,1,0
20,52,59,0,0,0,5.112827845982143,"[0.0, 5.112827845982143]",5.112827845982143,2.857142857142857,5.112827845982143,2.116666666666664,0,1,0,43.256531894207,5.112827845982143e-06,127,1,0
20,53,16,0,0,0,5.067138671875,"[0.0, 5.067138671875]",5.067138671875,2.857142857142857,5.067138671875,2.0999999999999974,0,1,0,42.73134399950504,5.067138671875e-06,126,1,0
20,54,63,0,0,0,4.968397957938058,"[0.0, 4.968397957938058]",4.968397957938058,2.857142857142857,4.968397957938058,2.066666666666664,0,1,0,41.68964043259621,4.968397957938058e-06,124,1,0
20,55,22,0,0,0,4.777428763253348,"[0.0, 4.777428763253348]",4.777428763253348,2.857142857142857,4.777428763253348,1.9999999999999978,0,1,0,39.63743422925472,4.777428763253348e-06,120,1,0
20,56,36,0,0,0,4.725837707519531,"[0.0, 4.725837707519531]",4.725837707519531,2.857142857142857,4.725837707519531,1.9833333333333312,0,1,0,39.131164476275444,4.725837707519531e-06,119,1,0
20,57,39,0,0,0,4.533293587820871,"[0.0, 4.533293587820871]",4.533293587820871,2.857142857142857,4.533293587820871,1.9166666666666647,0,1,0,37.13280367851257,4.533293587820871e-06,115,1,0
20,58,29,0,0,0,4.355872017996652,"[0.0, 4.355872017996652]",4.355872017996652,2.857142857142857,4.355872017996652,1.8499999999999983,0,1,0,35.17777206003666,4.355872017996652e-06,111,1,0
20,59,20,0,0,0,2.156895228794643,"[0.0, 2.156895228794643]",2.156895228794643,0.0,2.156895228794643,5.016666666666654,0,1,0,8.214662963320734,2.156895228794643e-06,301,1,0
20,60,28,0,0,0,2.1538925170898438,"[0.0, 2.1538925170898438]",2.1538925170898438,0.0,2.1538925170898438,5.016666666666654,0,1,0,8.21460272717377,2.1538925170898436e-06,301,1,0
20,61,13,0,0,0,2.1399034772600447,"[0.0, 2.1399034772600447]",2.1399034772600447,0.0,2.1399034772600447,5.016666666666654,0,1,0,8.047778210551769,2.139903477260045e-06,301,1,0
20,62,58,0,0,0,2.099511282784598,"[0.0, 2.099511282784598]",2.099511282784598,0.0,2.099511282784598,5.016666666666654,0,1,0,7.70567139772902,2.099511282784598e-06,301,1,0
20,63,52,0,0,0,1.910149710518973,"[0.0, 1.910149710518973]",1.910149710518973,0.0,1.910149710518973,5.016666666666654,0,1,0,5.578355108278629,1.910149710518973e-06,301,1,0
20,64,41,0,0,0,0.0,"[0.0, 0.0]",0.0,0.0,0.0,16.40000000000035,0,1,0,152.78489904780872,0.0,984,1,0
21,1,0,0,1,1,9.786267961774552,"[0.0, 9.786267961774552]",9.786267961774552,8.571428571428571,9.786267961774552,8.466666666666667,0,1,0,85.24319521477446,9.786267961774552e-06,508,1,0
21,2,1,0,1,1,9.750497000558035,"[0.0, 9.750497000558035]",9.750497000558035,8.571428571428571,9.750497000558035,3.1999999999999935,0,1,0,82.74618946015835,9.750497000558035e-06,192,1,0
21,3,2,0,1,1,9.736240931919642,"[0.0, 9.736240931919642]",9.736240931919642,8.571428571428571,9.736240931919642,6.183333333333317,0,1,0,82.92309748381376,9.736240931919643e-06,371,1,0
21,4,3,0,1,1,9.732627868652344,"[0.0, 9.732627868652344]",9.732627868652344,8.571428571428571,9.732627868652344,5.199999999999987,0,1,0,82.78314466774464,9.732627868652343e-06,312,1,0
21,5,4,0,1,1,9.665562765938896,"[0.0, 9.665562765938896]",9.665562765938896,8.571428571428571,9.665562765938896,3.183333333333327,0,1,0,82.0631161481142,9.665562765938896e-06,191,1,0
21,6,5,0,1,1,9.650859832763672,"[0.0, 9.650859832763672]",9.650859832763672,8.571428571428571,9.650859832763672,3.183333333333327,0,1,0,82.06306131184101,9.650859832763672e-06,191,1,0
21,7,6,0,1,1,9.644216809953962,"[0.0, 9.644216809953962]",9.644216809953962,8.571428571428571,9.644216809953962,3.21666666666666,0,1,0,82.16188035905361,9.644216809953962e-06,193,1,0
21,8,7,0,1,1,9.621554783412387,"[0.0, 9.621554783412387]",9.621554783412387,8.571428571428571,9.621554783412387,3.183333333333327,0,1,0,82.06295163929462,9.621554783412388e-06,191,1,0
21,9,41,0,0,1,9.596023559570312,"[0.0, 9.596023559570312]",9.596023559570312,8.571428571428571,9.596023559570312,3.183333333333327,0,1,0,81.83851000666618,9.596023559570313e-06,191,1,0
21,10,59,0,0,1,9.489212036132812,"[0.0, 9.489212036132812]",9.489212036132812,8.571428571428571,9.489212036132812,3.1666666666666603,0,1,0,81.38218401372433,9.489212036132813e-06,190,1,0
21,11,45,0,0,1,9.456302097865514,"[0.0, 9.456302097865514]",9.456302097865514,8.571428571428571,9.456302097865514,3.1666666666666603,0,1,0,80.82282111048698,9.456302097865514e-06,190,1,0
21,12,8,0,0,1,9.439552852085658,"[0.0, 9.439552852085658]",9.439552852085658,8.571428571428571,9.439552852085658,3.1666666666666603,0,1,0,81.38127155601978,9.439552852085659e-06,190,1,0
21,13,22,0,0,1,9.370833805629184,"[0.0, 9.370833805629184]",9.370833805629184,8.571428571428571,9.370833805629184,3.1499999999999937,0,1,0,80.70264604687691,9.370833805629184e-06,189,1,0
21,14,37,0,0,1,9.299237387520927,"[0.0, 9.299237387520927]",9.299237387520927,8.571428571428571,9.299237387520927,3.1499999999999937,0,1,0,80.70242276787758,9.299237387520928e-06,189,1,0
21,15,11,0,0,1,9.22530038016183,"[0.0, 9.22530038016183]",9.22530038016183,8.571428571428571,9.22530038016183,3.1499999999999937,0,1,0,80.70259502530098,9.22530038016183e-06,189,1,0
21,16,17,0,0,1,9.215112413678849,"[0.0, 9.215112413678849]",9.215112413678849,8.571428571428571,9.215112413678849,3.133333333333327,0,1,0,80.02550381422043,9.215112413678849e-06,188,1,0
21,17,39,0,0,1,9.196292332240514,"[0.0, 9.196292332240514]",9.196292332240514,8.571428571428571,9.196292332240514,3.133333333333327,0,1,0,80.02543866634369,9.196292332240513e-06,188,1,0
21,18,27,0,0,1,9.191393171037946,"[0.0, 9.191393171037946]",9.191393171037946,8.571428571428571,9.191393171037946,3.133333333333327,0,1,0,80.02570608258247,9.191393171037947e-06,188,1,0
21,19,15,0,0,1,9.102837698800222,"[0.0, 9.102837698800222]",9.102837698800222,8.571428571428571,9.102837698800222,3.1166666666666605,0,1,0,79.35149452090263,9.102837698800223e-06,187,1,0
21,20,23,0,0,1,9.006211417061943,"[0.0, 9.006211417061943]",9.006211417061943,8.571428571428571,9.006211417061943,3.1166666666666605,0,1,0,79.35127134621143,9.006211417061942e-06,187,1,0
21,21,44,0,0,1,8.954407828194755,"[0.0, 8.954407828194755]",8.954407828194755,8.571428571428571,8.954407828194755,3.1166666666666605,0,1,0,79.35087478160858,8.954407828194756e-06,187,1,0
21,22,57,0,0,1,8.923394339425224,"[0.0, 8.923394339425224]",8.923394339425224,8.571428571428571,8.923394339425224,3.1166666666666605,0,1,0,79.3511833101511,8.923394339425225e-06,187,1,0
21,23,42,0,0,1,8.88735089983259,"[0.0, 8.88735089983259]",8.88735089983259,8.571428571428571,8.88735089983259,3.1166666666666605,0,1,0,79.07187810540199,8.88735089983259e-06,187,1,0
21,24,55,0,0,1,8.747724805559432,"[0.0, 8.747724805559432]",8.747724805559432,8.571428571428571,8.747724805559432,3.099999999999994,0,1,0,78.67906612157822,8.747724805559432e-06,186,1,0
21,25,30,0,0,1,8.685564313616071,"[0.0, 8.685564313616071]",8.685564313616071,8.571428571428571,8.685564313616071,3.0833333333333273,0,1,0,78.0089270323515,8.685564313616072e-06,185,1,0
21,26,60,0,0,1,8.678411756243024,"[0.0, 8.678411756243024]",8.678411756243024,8.571428571428571,8.678411756243024,3.0833333333333273,0,1,0,78.00879240036011,8.678411756243024e-06,185,1,0
21,27,10,0,0,1,8.62729481288365,"[0.0, 8.62729481288365]",8.62729481288365,8.571428571428571,8.62729481288365,3.0833333333333273,0,1,0,78.00909139215946,8.62729481288365e-06,185,1,0
21,28,35,0,0,1,8.62022944859096,"[0.0, 8.62022944859096]",8.62022944859096,8.571428571428571,8.62022944859096,3.0833333333333273,0,1,0,78.00910472869873,8.62022944859096e-06,185,1,0
21,29,46,0,0,1,8.484505244663783,"[0.0, 8.484505244663783]",8.484505244663783,5.714285714285714,8.484505244663783,3.0666666666666607,0,1,0,77.3409087061882,8.484505244663783e-06,184,1,0
21,30,47,0,0,1,8.477159227643693,"[0.0, 8.477159227643693]",8.477159227643693,5.714285714285714,8.477159227643693,3.0666666666666607,0,1,0,77.34148380160332,8.477159227643693e-06,184,1,0
21,31,56,0,0,1,8.434336526053292,"[0.0, 8.434336526053292]",8.434336526053292,5.714285714285714,8.434336526053292,3.0666666666666607,0,1,0,77.34133446216583,8.434336526053292e-06,184,1,0
21,32,21,0,0,1,8.366797310965401,"[0.0, 8.366797310965401]",8.366797310965401,5.714285714285714,8.366797310965401,4.649999999999989,0,1,0,76.75069643557072,8.366797310965401e-06,279,1,0
21,33,62,0,0,0,8.36160387311663,"[0.0, 8.36160387311663]",8.36160387311663,5.714285714285714,8.36160387311663,3.0666666666666607,0,1,0,77.34124739468098,8.36160387311663e-06,184,1,0
21,34,58,0,0,0,8.335552215576172,"[0.0, 8.335552215576172]",8.335552215576172,5.714285714285714,8.335552215576172,3.049999999999994,0,1,0,76.67556184530258,8.335552215576172e-06,183,1,0
21,35,31,0,0,0,8.324086325509207,"[0.0, 8.324086325509207]",8.324086325509207,5.714285714285714,8.324086325509207,3.049999999999994,0,1,0,76.67605058848858,8.324086325509207e-06,183,1,0
21,36,33,0,0,0,8.257912227085658,"[0.0, 8.257912227085658]",8.257912227085658,5.714285714285714,8.257912227085658,3.0666666666666607,0,1,0,76.4786097407341,8.257912227085658e-06,184,1,0
21,37,16,0,0,0,8.157713753836497,"[0.0, 8.157713753836497]",8.157713753836497,5.714285714285714,8.157713753836497,3.0333333333333274,0,1,0,76.01300591230392,8.157713753836496e-06,182,1,0
21,38,52,0,0,0,7.9711232866559705,"[0.0, 7.9711232866559705]",7.9711232866559705,5.714285714285714,7.9711232866559705,3.016666666666661,0,1,0,75.35218894481659,7.97112328665597e-06,181,1,0
21,39,26,0,0,0,7.9137148175920755,"[0.0, 7.9137148175920755]",7.9137148175920755,5.714285714285714,7.9137148175920755,3.299999999999993,0,1,0,75.25508470833302,7.913714817592076e-06,198,1,0
21,40,18,0,0,0,7.795159476143973,"[0.0, 7.795159476143973]",7.795159476143973,5.714285714285714,7.795159476143973,2.9999999999999942,0,1,0,74.6933526545763,7.795159476143973e-06,180,1,0
21,41,51,0,0,0,7.68690926688058,"[0.0, 7.68690926688058]",7.68690926688058,5.714285714285714,7.68690926688058,2.9833333333333276,0,1,0,73.85187423229218,7.68690926688058e-06,179,1,0
21,42,24,0,0,0,7.660887581961495,"[0.0, 7.660887581961495]",7.660887581961495,5.714285714285714,7.660887581961495,2.9833333333333276,0,1,0,74.03730377554893,7.660887581961495e-06,179,1,0
21,43,25,0,0,0,7.513553074428013,"[0.0, 7.513553074428013]",7.513553074428013,5.714285714285714,7.513553074428013,2.9499999999999944,0,1,0,72.73192484676838,7.513553074428013e-06,177,1,0
21,44,29,0,0,0,7.213562556675503,"[0.0, 7.213562556675503]",7.213562556675503,5.714285714285714,7.213562556675503,2.916666666666661,0,1,0,71.190200060606,7.213562556675503e-06,175,1,0
21,45,12,0,0,0,7.142857142857142,"[0.0, 7.142857142857142]",7.142857142857142,5.714285714285714,7.142857142857142,2.883333333333328,0,1,0,70.0142587274313,7.142857142857143e-06,173,1,0
21,46,48,0,0,0,7.142857142857142,"[0.0, 7.142857142857142]",7.142857142857142,5.714285714285714,7.142857142857142,2.833333333333328,0,1,0,68.23738479614258,7.142857142857143e-06,170,1,0
21,47,50,0,0,0,5.726983206612724,"[0.0, 5.726983206612724]",5.726983206612724,5.714285714285714,5.726983206612724,2.3166666666666633,0,1,0,49.758831828832626,5.726983206612724e-06,139,1,0
21,48,20,0,0,0,5.665681021554129,"[0.0, 5.665681021554129]",5.665681021554129,2.857142857142857,5.665681021554129,2.2999999999999967,0,1,0,49.20280706882477,5.665681021554129e-06,138,1,0
21,49,36,0,0,0,5.639997209821428,"[0.0, 5.639997209821428]",5.639997209821428,2.857142857142857,5.639997209821428,2.4333333333333296,0,1,0,48.96168652176857,5.639997209821428e-06,146,1,0
21,50,28,0,0,0,5.61377934047154,"[0.0, 5.61377934047154]",5.61377934047154,2.857142857142857,5.61377934047154,2.28333333333333,0,1,0,48.64916415512562,5.61377934047154e-06,137,1,0
21,51,61,0,0,0,5.557152884347098,"[0.0, 5.557152884347098]",5.557152884347098,2.857142857142857,5.557152884347098,2.2666666666666635,0,1,0,48.098402231931686,5.557152884347098e-06,136,1,0
21,52,63,0,0,0,5.516226632254464,"[0.0, 5.516226632254464]",5.516226632254464,2.857142857142857,5.516226632254464,2.249999999999997,0,1,0,47.54988205432892,5.516226632254465e-06,135,1,0
21,53,43,0,0,0,5.509861537388392,"[0.0, 5.509861537388392]",5.509861537388392,2.857142857142857,5.509861537388392,2.249999999999997,0,1,0,47.54977034032345,5.509861537388393e-06,135,1,0
21,54,9,0,0,0,5.4123142787388385,"[0.0, 5.4123142787388385]",5.4123142787388385,2.857142857142857,5.4123142787388385,2.2166666666666637,0,1,0,46.46069414913654,5.412314278738838e-06,133,1,0
21,55,14,0,0,0,5.31689235142299,"[0.0, 5.31689235142299]",5.31689235142299,2.857142857142857,5.31689235142299,2.1833333333333305,0,1,0,45.381950587034225,5.31689235142299e-06,131,1,0
21,56,34,0,0,0,5.314968654087612,"[0.0, 5.314968654087612]",5.314968654087612,2.857142857142857,5.314968654087612,2.1833333333333305,0,1,0,45.38199199736118,5.314968654087612e-06,131,1,0
21,57,40,0,0,0,5.261192321777344,"[0.0, 5.261192321777344]",5.261192321777344,2.857142857142857,5.261192321777344,2.166666666666664,0,1,0,44.84660924971104,5.2611923217773434e-06,130,1,0
21,58,49,0,0,0,5.177252633231027,"[0.0, 5.177252633231027]",5.177252633231027,2.857142857142857,5.177252633231027,2.8499999999999948,0,1,0,43.95390947163105,5.1772526332310265e-06,171,1,0
21,59,54,0,0,0,4.723009381975447,"[0.0, 4.723009381975447]",4.723009381975447,2.857142857142857,4.723009381975447,1.9833333333333312,0,1,0,39.131252616643906,4.723009381975447e-06,119,1,0
21,60,32,0,0,0,4.633979797363281,"[0.0, 4.633979797363281]",4.633979797363281,2.857142857142857,4.633979797363281,1.949999999999998,0,1,0,38.12640719115734,4.633979797363281e-06,117,1,0
21,61,53,0,0,0,4.493130275181362,"[0.0, 4.493130275181362]",4.493130275181362,2.857142857142857,4.493130275181362,1.8999999999999981,0,1,0,36.63993240892887,4.493130275181362e-06,114,1,0
21,62,19,0,0,0,2.11158207484654,"[0.0, 2.11158207484654]",2.11158207484654,0.0,2.11158207484654,5.016666666666654,0,1,0,7.706155499763554,2.1115820748465398e-06,301,1,0
21,63,13,0,0,0,2.1115548270089284,"[0.0, 2.1115548270089284]",2.1115548270089284,0.0,2.1115548270089284,5.016666666666654,0,1,0,7.705899149732431,2.1115548270089285e-06,301,1,0
21,64,38,0,0,0,1.8736648559570312,"[0.0, 1.8736648559570312]",1.8736648559570312,0.0,1.8736648559570312,5.016666666666654,0,1,0,5.18114860879723,1.8736648559570312e-06,301,1,0
22,1,0,0,1,1,9.786267961774552,"[0.0, 9.786267961774552]",9.786267961774552,8.571428571428571,9.786267961774552,8.466666666666667,0,1,0,85.24319521477446,9.786267961774552e-06,508,1,0
22,2,1,0,1,1,9.750497000558035,"[0.0, 9.750497000558035]",9.750497000558035,8.571428571428571,9.750497000558035,3.1999999999999935,0,1,0,82.74618946015835,9.750497000558035e-06,192,1,0
22,3,2,0,1,1,9.736240931919642,"[0.0, 9.736240931919642]",9.736240931919642,8.571428571428571,9.736240931919642,6.183333333333317,0,1,0,82.92309748381376,9.736240931919643e-06,371,1,0
22,4,3,0,1,1,9.732627868652344,"[0.0, 9.732627868652344]",9.732627868652344,8.571428571428571,9.732627868652344,5.199999999999987,0,1,0,82.78314466774464,9.732627868652343e-06,312,1,0
22,5,4,0,1,1,9.665562765938896,"[0.0, 9.665562765938896]",9.665562765938896,8.571428571428571,9.665562765938896,3.183333333333327,0,1,0,82.0631161481142,9.665562765938896e-06,191,1,0
22,6,5,0,1,1,9.650859832763672,"[0.0, 9.650859832763672]",9.650859832763672,8.571428571428571,9.650859832763672,3.183333333333327,0,1,0,82.06306131184101,9.650859832763672e-06,191,1,0
22,7,6,0,1,1,9.644216809953962,"[0.0, 9.644216809953962]",9.644216809953962,8.571428571428571,9.644216809953962,3.21666666666666,0,1,0,82.16188035905361,9.644216809953962e-06,193,1,0
22,8,9,0,1,1,9.629012516566686,"[0.0, 9.629012516566686]",9.629012516566686,8.571428571428571,9.629012516566686,3.183333333333327,0,1,0,82.06340251863003,9.629012516566685e-06,191,1,0
22,9,7,0,0,1,9.621554783412387,"[0.0, 9.621554783412387]",9.621554783412387,8.571428571428571,9.621554783412387,3.183333333333327,0,1,0,82.06295163929462,9.621554783412388e-06,191,1,0
22,10,34,0,0,1,9.49277332850865,"[0.0, 9.49277332850865]",9.49277332850865,8.571428571428571,9.49277332850865,3.1666666666666603,0,1,0,81.38221114873886,9.49277332850865e-06,190,1,0
22,11,8,0,0,1,9.373389652797155,"[0.0, 9.373389652797155]",9.373389652797155,8.571428571428571,9.373389652797155,3.1499999999999937,0,1,0,80.70258748531342,9.373389652797155e-06,189,1,0
22,12,48,0,0,1,9.336133684430802,"[0.0, 9.336133684430802]",9.336133684430802,8.571428571428571,9.336133684430802,3.1499999999999937,0,1,0,80.70260399580002,9.336133684430803e-06,189,1,0
22,13,55,0,0,1,9.322280883789062,"[0.0, 9.322280883789062]",9.322280883789062,8.571428571428571,9.322280883789062,4.3666666666666565,0,1,0,80.38653790950775,9.322280883789062e-06,262,1,0
22,14,43,0,0,1,9.262376512799944,"[0.0, 9.262376512799944]",9.262376512799944,8.571428571428571,9.262376512799944,3.133333333333327,0,1,0,80.02583137154579,9.262376512799944e-06,188,1,0
22,15,24,0,0,1,9.223660060337611,"[0.0, 9.223660060337611]",9.223660060337611,8.571428571428571,9.223660060337611,3.133333333333327,0,1,0,80.02590563893318,9.223660060337611e-06,188,1,0
22,16,59,0,0,1,9.21147210257394,"[0.0, 9.21147210257394]",9.21147210257394,8.571428571428571,9.21147210257394,3.133333333333327,0,1,0,80.02590589225292,9.21147210257394e-06,188,1,0
22,17,33,0,0,1,9.087745121547155,"[0.0, 9.087745121547155]",9.087745121547155,8.571428571428571,9.087745121547155,3.383333333333326,0,1,0,79.33207660913467,9.087745121547155e-06,203,1,0
22,18,27,0,0,1,9.083565303257533,"[0.0, 9.083565303257533]",9.083565303257533,8.571428571428571,9.083565303257533,3.1166666666666605,0,1,0,79.35118541121483,9.083565303257533e-06,187,1,0
22,19,20,0,0,1,9.083145686558316,"[0.0, 9.083145686558316]",9.083145686558316,8.571428571428571,9.083145686558316,3.1166666666666605,0,1,0,79.35115259885788,9.083145686558316e-06,187,1,0
22,20,28,0,0,1,9.029137747628347,"[0.0, 9.029137747628347]",9.029137747628347,8.571428571428571,9.029137747628347,3.1166666666666605,0,1,0,79.35150665044785,9.029137747628348e-06,187,1,0
22,21,35,0,0,1,9.002955300467356,"[0.0, 9.002955300467356]",9.002955300467356,8.571428571428571,9.002955300467356,3.1166666666666605,0,1,0,79.35106819868088,9.002955300467356e-06,187,1,0
22,22,22,0,0,1,8.889762333461217,"[0.0, 8.889762333461217]",8.889762333461217,8.571428571428571,8.889762333461217,3.099999999999994,0,1,0,78.67931613326073,8.889762333461217e-06,186,1,0
22,23,57,0,0,1,8.863716125488281,"[0.0, 8.863716125488281]",8.863716125488281,8.571428571428571,8.863716125488281,3.099999999999994,0,1,0,78.6788161098957,8.863716125488282e-06,186,1,0
22,24,60,0,0,1,8.842361995152064,"[0.0, 8.842361995152064]",8.842361995152064,8.571428571428571,8.842361995152064,3.099999999999994,0,1,0,78.6787527948618,8.842361995152064e-06,186,1,0
22,25,14,0,0,1,8.745381491524833,"[0.0, 8.745381491524833]",8.745381491524833,8.571428571428571,8.745381491524833,3.0833333333333273,0,1,0,78.00857135653496,8.745381491524833e-06,185,1,0
22,26,54,0,0,1,8.685874938964844,"[0.0, 8.685874938964844]",8.685874938964844,8.571428571428571,8.685874938964844,3.0833333333333273,0,1,0,78.00917164981365,8.685874938964843e-06,185,1,0
22,27,15,0,0,1,8.67410387311663,"[0.0, 8.67410387311663]",8.67410387311663,8.571428571428571,8.67410387311663,3.0833333333333273,0,1,0,78.0090222209692,8.674103873116631e-06,185,1,0
22,28,19,0,0,1,8.649324689592634,"[0.0, 8.649324689592634]",8.649324689592634,8.571428571428571,8.649324689592634,3.0833333333333273,0,1,0,78.00931741297245,8.649324689592634e-06,185,1,0
22,29,32,0,0,1,8.549417768205915,"[0.0, 8.549417768205915]",8.549417768205915,5.714285714285714,8.549417768205915,3.0833333333333273,0,1,0,78.00949853658676,8.549417768205914e-06,185,1,0
22,30,10,0,0,1,8.51797103881836,"[0.0, 8.51797103881836]",8.51797103881836,5.714285714285714,8.51797103881836,3.0666666666666607,0,1,0,77.34122121334076,8.517971038818359e-06,184,1,0
22,31,53,0,0,1,8.45653806413923,"[0.0, 8.45653806413923]",8.45653806413923,5.714285714285714,8.45653806413923,3.0666666666666607,0,1,0,77.34193655848503,8.456538064139229e-06,184,1,0
22,32,37,0,0,1,8.419595445905413,"[0.0, 8.419595445905413]",8.419595445905413,5.714285714285714,8.419595445905413,3.0666666666666607,0,1,0,77.34152781963348,8.419595445905414e-06,184,1,0
22,33,36,0,0,0,8.395039694649832,"[0.0, 8.395039694649832]",8.395039694649832,5.714285714285714,8.395039694649832,3.0666666666666607,0,1,0,77.34114031493664,8.395039694649831e-06,184,1,0
22,34,23,0,0,0,8.384620121547155,"[0.0, 8.384620121547155]",8.384620121547155,5.714285714285714,8.384620121547155,3.049999999999994,0,1,0,76.67600193619728,8.384620121547155e-06,183,1,0
22,35,62,0,0,0,8.310628618512835,"[0.0, 8.310628618512835]",8.310628618512835,5.714285714285714,8.310628618512835,3.049999999999994,0,1,0,76.67646323144436,8.310628618512834e-06,183,1,0
22,36,45,0,0,0,8.26066425868443,"[0.0, 8.26066425868443]",8.26066425868443,5.714285714285714,8.26066425868443,3.049999999999994,0,1,0,76.67628309130669,8.26066425868443e-06,183,1,0
22,37,39,0,0,0,8.260511670793806,"[0.0, 8.260511670793806]",8.260511670793806,5.714285714285714,8.260511670793806,3.049999999999994,0,1,0,76.67626316845417,8.260511670793806e-06,183,1,0
22,38,44,0,0,0,8.20288794381278,"[0.0, 8.20288794381278]",8.20288794381278,5.714285714285714,8.20288794381278,3.049999999999994,0,1,0,76.67590267956257,8.202887943812779e-06,183,1,0
22,39,42,0,0,0,8.17239761352539,"[0.0, 8.17239761352539]",8.17239761352539,5.714285714285714,8.17239761352539,3.0333333333333274,0,1,0,76.01283858716488,8.172397613525391e-06,182,1,0
22,40,31,0,0,0,8.117286137172155,"[0.0, 8.117286137172155]",8.117286137172155,5.714285714285714,8.117286137172155,3.0333333333333274,0,1,0,76.01306056976318,8.117286137172154e-06,182,1,0
22,41,61,0,0,0,8.100779397147043,"[0.0, 8.100779397147043]",8.100779397147043,5.714285714285714,8.100779397147043,3.0333333333333274,0,1,0,76.01224502921104,8.100779397147043e-06,182,1,0
22,42,51,0,0,0,7.952681950160436,"[0.0, 7.952681950160436]",7.952681950160436,5.714285714285714,7.952681950160436,3.016666666666661,0,1,0,75.35256317257881,7.952681950160436e-06,181,1,0
22,43,18,0,0,0,7.915030888148716,"[0.0, 7.915030888148716]",7.915030888148716,5.714285714285714,7.915030888148716,3.016666666666661,0,1,0,75.35173818469048,7.915030888148716e-06,181,1,0
22,44,56,0,0,0,7.8452845982142865,"[0.0, 7.8452845982142865]",7.8452845982142865,5.714285714285714,7.8452845982142865,2.9999999999999942,0,1,0,74.69365075230598,7.845284598214287e-06,180,1,0
22,45,13,0,0,0,7.823810577392579,"[0.0, 7.823810577392579]",7.823810577392579,5.714285714285714,7.823810577392579,2.9999999999999942,0,1,0,74.69383716583252,7.823810577392579e-06,180,1,0
22,46,26,0,0,0,7.781644548688615,"[0.0, 7.781644548688615]",7.781644548688615,5.714285714285714,7.781644548688615,2.9999999999999942,0,1,0,74.69379490613937,7.781644548688616e-06,180,1,0
22,47,12,0,0,0,7.679707663399833,"[0.0, 7.679707663399833]",7.679707663399833,5.714285714285714,7.679707663399833,2.9833333333333276,0,1,0,74.03775185346603,7.679707663399834e-06,179,1,0
22,48,29,0,0,0,7.142857142857142,"[0.0, 7.142857142857142]",7.142857142857142,5.714285714285714,7.142857142857142,2.8499999999999948,0,1,0,68.87279532849789,7.142857142857143e-06,171,1,0
22,49,11,0,0,0,5.66937037876674,"[0.0, 5.66937037876674]",5.66937037876674,2.857142857142857,5.66937037876674,2.2999999999999967,0,1,0,49.20275351405144,5.66937037876674e-06,138,1,0
22,50,49,0,0,0,5.664465767996651,"[0.0, 5.664465767996651]",5.664465767996651,2.857142857142857,5.664465767996651,2.2999999999999967,0,1,0,49.20295302569866,5.664465767996651e-06,138,1,0
22,51,16,0,0,0,5.60737064906529,"[0.0, 5.60737064906529]",5.60737064906529,2.857142857142857,5.60737064906529,2.28333333333333,0,1,0,48.648747727274895,5.60737064906529e-06,137,1,0
22,52,58,0,0,0,5.56610107421875,"[0.0, 5.56610107421875]",5.56610107421875,2.857142857142857,5.56610107421875,2.2666666666666635,0,1,0,48.09833098948002,5.56610107421875e-06,136,1,0
22,53,38,0,0,0,5.5638885498046875,"[0.0, 5.5638885498046875]",5.5638885498046875,2.857142857142857,5.5638885498046875,2.2666666666666635,0,1,0,48.09801994264126,5.563888549804687e-06,136,1,0
22,54,40,0,0,0,5.561801365443638,"[0.0, 5.561801365443638]",5.561801365443638,2.857142857142857,5.561801365443638,2.2666666666666635,0,1,0,48.098484098911285,5.561801365443638e-06,136,1,0
22,55,30,0,0,0,5.559479849679129,"[0.0, 5.559479849679129]",5.559479849679129,2.857142857142857,5.559479849679129,2.2666666666666635,0,1,0,48.097927287220955,5.559479849679129e-06,136,1,0
22,56,50,0,0,0,5.52696772984096,"[0.0, 5.52696772984096]",5.52696772984096,2.857142857142857,5.52696772984096,2.249999999999997,0,1,0,47.549815610051155,5.5269677298409605e-06,135,1,0
22,57,47,0,0,0,5.524106706891741,"[0.0, 5.524106706891741]",5.524106706891741,2.857142857142857,5.524106706891741,2.249999999999997,0,1,0,47.54979105293751,5.524106706891742e-06,135,1,0
22,58,25,0,0,0,5.514215741838727,"[0.0, 5.514215741838727]",5.514215741838727,2.857142857142857,5.514215741838727,2.249999999999997,0,1,0,47.549851790070534,5.514215741838728e-06,135,1,0
22,59,21,0,0,0,5.5130767822265625,"[0.0, 5.5130767822265625]",5.5130767822265625,2.857142857142857,5.5130767822265625,2.249999999999997,0,1,0,47.54956702888012,5.513076782226562e-06,135,1,0
22,60,52,0,0,0,5.110860552106585,"[0.0, 5.110860552106585]",5.110860552106585,2.857142857142857,5.110860552106585,2.116666666666664,0,1,0,43.256340339779854,5.110860552106585e-06,127,1,0
22,61,46,0,0,0,4.776763916015625,"[0.0, 4.776763916015625]",4.776763916015625,2.857142857142857,4.776763916015625,1.9999999999999978,0,1,0,39.637483179569244,4.776763916015625e-06,120,1,0
22,62,63,0,0,0,4.345239911760602,"[0.0, 4.345239911760602]",4.345239911760602,2.857142857142857,4.345239911760602,1.8499999999999983,0,1,0,35.177546203136444,4.3452399117606025e-06,111,1,0
22,63,17,0,0,0,2.109178815569196,"[0.0, 2.109178815569196]",2.109178815569196,0.0,2.109178815569196,5.016666666666654,0,1,0,7.706213160614425,2.1091788155691964e-06,301,1,0
22,64,41,0,0,0,2.1088790893554688,"[0.0, 2.1088790893554688]",2.1088790893554688,0.0,2.1088790893554688,5.016666666666654,0,1,0,7.70603443775326,2.108879089355469e-06,301,1,0
23,1,0,0,1,1,9.786267961774552,"[0.0, 9.786267961774552]",9.786267961774552,8.571428571428571,9.786267961774552,8.466666666666667,0,1,0,85.24319521477446,9.786267961774552e-06,508,1,0
23,2,1,0,1,1,9.750497000558035,"[0.0, 9.750497000558035]",9.750497000558035,8.571428571428571,9.750497000558035,3.1999999999999935,0,1,0,82.74618946015835,9.750497000558035e-06,192,1,0
23,3,2,0,1,1,9.736240931919642,"[0.0, 9.736240931919642]",9.736240931919642,8.571428571428571,9.736240931919642,6.183333333333317,0,1,0,82.92309748381376,9.736240931919643e-06,371,1,0
23,4,3,0,1,1,9.732627868652344,"[0.0, 9.732627868652344]",9.732627868652344,8.571428571428571,9.732627868652344,5.199999999999987,0,1,0,82.78314466774464,9.732627868652343e-06,312,1,0
23,5,4,0,1,1,9.665562765938896,"[0.0, 9.665562765938896]",9.665562765938896,8.571428571428571,9.665562765938896,3.183333333333327,0,1,0,82.0631161481142,9.665562765938896e-06,191,1,0
23,6,5,0,1,1,9.650859832763672,"[0.0, 9.650859832763672]",9.650859832763672,8.571428571428571,9.650859832763672,3.183333333333327,0,1,0,82.06306131184101,9.650859832763672e-06,191,1,0
23,7,6,0,1,1,9.644216809953962,"[0.0, 9.644216809953962]",9.644216809953962,8.571428571428571,9.644216809953962,3.21666666666666,0,1,0,82.16188035905361,9.644216809953962e-06,193,1,0
23,8,7,0,1,1,9.629012516566686,"[0.0, 9.629012516566686]",9.629012516566686,8.571428571428571,9.629012516566686,3.183333333333327,0,1,0,82.06340251863003,9.629012516566685e-06,191,1,0
23,9,14,0,0,1,9.6121461050851,"[0.0, 9.6121461050851]",9.6121461050851,8.571428571428571,9.6121461050851,3.183333333333327,0,1,0,82.06338968873024,9.612146105085101e-06,191,1,0
23,10,44,0,0,1,9.538961138044085,"[0.0, 9.538961138044085]",9.538961138044085,8.571428571428571,9.538961138044085,3.1666666666666603,0,1,0,81.38171976804733,9.538961138044085e-06,190,1,0
23,11,16,0,0,1,9.524765014648438,"[0.0, 9.524765014648438]",9.524765014648438,8.571428571428571,9.524765014648438,3.1666666666666603,0,1,0,81.3819848895073,9.524765014648437e-06,190,1,0
23,12,25,0,0,1,9.423634665352958,"[0.0, 9.423634665352958]",9.423634665352958,8.571428571428571,9.423634665352958,3.3166666666666598,0,1,0,80.95740796625614,9.423634665352958e-06,199,1,0
23,13,48,0,0,1,9.39659936087472,"[0.0, 9.39659936087472]",9.39659936087472,8.571428571428571,9.39659936087472,3.1666666666666603,0,1,0,81.38155719637871,9.396599360874721e-06,190,1,0
23,14,17,0,0,1,9.386741093226842,"[0.0, 9.386741093226842]",9.386741093226842,8.571428571428571,9.386741093226842,3.1499999999999937,0,1,0,80.70209009945393,9.386741093226842e-06,189,1,0
23,15,57,0,0,1,9.371713910784042,"[0.0, 9.371713910784042]",9.371713910784042,8.571428571428571,9.371713910784042,3.1499999999999937,0,1,0,80.70270302891731,9.371713910784041e-06,189,1,0
23,16,30,0,0,1,9.365476880754743,"[0.0, 9.365476880754743]",9.365476880754743,8.571428571428571,9.365476880754743,4.483333333333323,0,1,0,81.32975250482559,9.365476880754743e-06,269,1,0
23,17,63,0,0,1,9.243512834821429,"[0.0, 9.243512834821429]",9.243512834821429,8.571428571428571,9.243512834821429,3.133333333333327,0,1,0,80.02578313648701,9.243512834821429e-06,188,1,0
23,18,35,0,0,1,9.23675537109375,"[0.0, 9.23675537109375]",9.23675537109375,8.571428571428571,9.23675537109375,3.133333333333327,0,1,0,80.02605056762695,9.23675537109375e-06,188,1,0
23,19,59,0,0,1,9.197889055524554,"[0.0, 9.197889055524554]",9.197889055524554,8.571428571428571,9.197889055524554,3.133333333333327,0,1,0,80.02591973543167,9.197889055524553e-06,188,1,0
23,20,60,0,0,1,9.184720175606865,"[0.0, 9.184720175606865]",9.184720175606865,8.571428571428571,9.184720175606865,3.133333333333327,0,1,0,80.02597597241402,9.184720175606864e-06,188,1,0
23,21,43,0,0,1,9.17588642665318,"[0.0, 9.17588642665318]",9.17588642665318,8.571428571428571,9.17588642665318,3.133333333333327,0,1,0,80.02560842037201,9.17588642665318e-06,188,1,0
23,22,9,0,0,1,9.15128435407366,"[0.0, 9.15128435407366]",9.15128435407366,8.571428571428571,9.15128435407366,3.133333333333327,0,1,0,80.02537074685097,9.15128435407366e-06,188,1,0
23,23,8,0,0,1,9.145840236118861,"[0.0, 9.145840236118861]",9.145840236118861,8.571428571428571,9.145840236118861,3.133333333333327,0,1,0,80.02556031942368,9.145840236118861e-06,188,1,0
23,24,34,0,0,1,9.136150905064174,"[0.0, 9.136150905064174]",9.136150905064174,8.571428571428571,9.136150905064174,3.133333333333327,0,1,0,80.02581851184368,9.136150905064173e-06,188,1,0
23,25,24,0,0,1,9.09735543387277,"[0.0, 9.09735543387277]",9.09735543387277,8.571428571428571,9.09735543387277,3.1166666666666605,0,1,0,79.35143728554249,9.097355433872768e-06,187,1,0
23,26,28,0,0,1,9.043020520891462,"[0.0, 9.043020520891462]",9.043020520891462,8.571428571428571,9.043020520891462,3.133333333333327,0,1,0,79.22921764850616,9.043020520891462e-06,188,1,0
23,27,13,0,0,1,9.017451150076731,"[0.0, 9.017451150076731]",9.017451150076731,8.571428571428571,9.017451150076731,3.1166666666666605,0,1,0,79.35155314207077,9.01745115007673e-06,187,1,0
23,28,37,0,0,1,9.006483895438059,"[0.0, 9.006483895438059]",9.006483895438059,8.571428571428571,9.006483895438059,3.1166666666666605,0,1,0,79.35133241117,9.006483895438059e-06,187,1,0
23,29,41,0,0,1,8.996691022600446,"[0.0, 8.996691022600446]",8.996691022600446,8.571428571428571,8.996691022600446,3.1166666666666605,0,1,0,79.35137052834034,8.996691022600447e-06,187,1,0
23,30,50,0,0,1,8.993857247488839,"[0.0, 8.993857247488839]",8.993857247488839,8.571428571428571,8.993857247488839,3.1166666666666605,0,1,0,79.35078001022339,8.993857247488839e-06,187,1,0
23,31,61,0,0,1,8.99207523890904,"[0.0, 8.99207523890904]",8.99207523890904,8.571428571428571,8.99207523890904,3.1166666666666605,0,1,0,79.35051016509533,8.99207523890904e-06,187,1,0
23,32,22,0,0,1,8.928721291678292,"[0.0, 8.928721291678292]",8.928721291678292,8.571428571428571,8.928721291678292,3.099999999999994,0,1,0,78.67903305590153,8.928721291678291e-06,186,1,0
23,33,49,0,0,0,8.82897240774972,"[0.0, 8.82897240774972]",8.82897240774972,8.571428571428571,8.82897240774972,3.099999999999994,0,1,0,78.67916449904442,8.82897240774972e-06,186,1,0
23,34,15,0,0,0,8.827386583600726,"[0.0, 8.827386583600726]",8.827386583600726,8.571428571428571,8.827386583600726,3.099999999999994,0,1,0,78.39483119547367,8.827386583600726e-06,186,1,0
23,35,47,0,0,0,8.82568086896624,"[0.0, 8.82568086896624]",8.82568086896624,8.571428571428571,8.82568086896624,3.099999999999994,0,1,0,78.67891730368137,8.82568086896624e-06,186,1,0
23,36,39,0,0,0,8.723163604736328,"[0.0, 8.723163604736328]",8.723163604736328,8.571428571428571,8.723163604736328,3.099999999999994,0,1,0,78.67905923724174,8.723163604736329e-06,186,1,0
23,37,12,0,0,0,8.703460693359375,"[0.0, 8.703460693359375]",8.703460693359375,8.571428571428571,8.703460693359375,3.0833333333333273,0,1,0,78.00917087495327,8.703460693359374e-06,185,1,0
23,38,53,0,0,0,8.694122859409877,"[0.0, 8.694122859409877]",8.694122859409877,8.571428571428571,8.694122859409877,3.0833333333333273,0,1,0,78.00901952385902,8.694122859409876e-06,185,1,0
23,39,26,0,0,0,8.661060333251953,"[0.0, 8.661060333251953]",8.661060333251953,8.571428571428571,8.661060333251953,3.0833333333333273,0,1,0,78.00886833667755,8.661060333251953e-06,185,1,0
23,40,27,0,0,0,8.650185721261161,"[0.0, 8.650185721261161]",8.650185721261161,8.571428571428571,8.650185721261161,3.0833333333333273,0,1,0,78.0088612139225,8.650185721261161e-06,185,1,0
23,41,10,0,0,0,8.476121085030693,"[0.0, 8.476121085030693]",8.476121085030693,5.714285714285714,8.476121085030693,3.0666666666666607,0,1,0,77.34139083325863,8.476121085030692e-06,184,1,0
23,42,32,0,0,0,8.4694698878697,"[0.0, 8.4694698878697]",8.4694698878697,5.714285714285714,8.4694698878697,3.0666666666666607,0,1,0,77.3413283675909,8.4694698878697e-06,184,1,0
23,43,23,0,0,0,8.339726584298269,"[0.0, 8.339726584298269]",8.339726584298269,5.714285714285714,8.339726584298269,6.949999999999981,0,1,0,77.00572366834967,8.339726584298269e-06,417,1,0
23,44,52,0,0,0,8.317149026053293,"[0.0, 8.317149026053293]",8.317149026053293,5.714285714285714,8.317149026053293,3.049999999999994,0,1,0,76.67565985023975,8.317149026053293e-06,183,1,0
23,45,62,0,0,0,8.084436144147599,"[0.0, 8.084436144147599]",8.084436144147599,5.714285714285714,8.084436144147599,3.0333333333333274,0,1,0,76.01267485320568,8.0844361441476e-06,182,1,0
23,46,33,0,0,0,8.053439004080635,"[0.0, 8.053439004080635]",8.053439004080635,5.714285714285714,8.053439004080635,3.0333333333333274,0,1,0,76.01275737583637,8.053439004080635e-06,182,1,0
23,47,21,0,0,0,7.944684709821429,"[0.0, 7.944684709821429]",7.944684709821429,5.714285714285714,7.944684709821429,3.016666666666661,0,1,0,75.35199588537216,7.94468470982143e-06,181,1,0
23,48,38,0,0,0,7.902663094656807,"[0.0, 7.902663094656807]",7.902663094656807,5.714285714285714,7.902663094656807,3.016666666666661,0,1,0,75.35232098400593,7.902663094656808e-06,181,1,0
23,49,58,0,0,0,7.772094181605747,"[0.0, 7.772094181605747]",7.772094181605747,5.714285714285714,7.772094181605747,2.9999999999999942,0,1,0,74.69358487427235,7.772094181605748e-06,180,1,0
23,50,42,0,0,0,7.76989528111049,"[0.0, 7.76989528111049]",7.76989528111049,5.714285714285714,7.76989528111049,2.9999999999999942,0,1,0,74.69359520077705,7.76989528111049e-06,180,1,0
23,51,18,0,0,0,7.519997188023159,"[0.0, 7.519997188023159]",7.519997188023159,5.714285714285714,7.519997188023159,2.9499999999999944,0,1,0,72.73219411075115,7.519997188023159e-06,177,1,0
23,52,31,0,0,0,7.284690311976842,"[0.0, 7.284690311976842]",7.284690311976842,5.714285714285714,7.284690311976842,2.916666666666661,0,1,0,71.43630343675613,7.2846903119768424e-06,175,1,0
23,53,20,0,0,0,5.767544337681361,"[0.0, 5.767544337681361]",5.767544337681361,5.714285714285714,5.767544337681361,2.33333333333333,0,1,0,50.31766329705715,5.767544337681361e-06,140,1,0
23,54,45,0,0,0,5.7146181379045755,"[0.0, 5.7146181379045755]",5.7146181379045755,5.714285714285714,5.7146181379045755,2.3166666666666633,0,1,0,49.758954629302025,5.714618137904576e-06,139,1,0
23,55,29,0,0,0,5.623501368931361,"[0.0, 5.623501368931361]",5.623501368931361,2.857142857142857,5.623501368931361,2.28333333333333,0,1,0,48.648793414235115,5.623501368931361e-06,137,1,0
23,56,11,0,0,0,5.615648542131697,"[0.0, 5.615648542131697]",5.615648542131697,2.857142857142857,5.615648542131697,2.28333333333333,0,1,0,48.649376556277275,5.615648542131697e-06,137,1,0
23,57,36,0,0,0,5.570444379534041,"[0.0, 5.570444379534041]",5.570444379534041,2.857142857142857,5.570444379534041,2.2666666666666635,0,1,0,48.09820099174976,5.570444379534041e-06,136,1,0
23,58,40,0,0,0,5.565496172223773,"[0.0, 5.565496172223773]",5.565496172223773,2.857142857142857,5.565496172223773,2.2666666666666635,0,1,0,48.0979230850935,5.565496172223773e-06,136,1,0
23,59,56,0,0,0,5.255611964634486,"[0.0, 5.255611964634486]",5.255611964634486,2.857142857142857,5.255611964634486,2.166666666666664,0,1,0,44.846665024757385,5.255611964634486e-06,130,1,0
23,60,55,0,0,0,5.209519522530693,"[0.0, 5.209519522530693]",5.209519522530693,2.857142857142857,5.209519522530693,2.1499999999999972,0,1,0,44.31406234204769,5.2095195225306925e-06,129,1,0
23,61,54,0,0,0,5.065601893833705,"[0.0, 5.065601893833705]",5.065601893833705,2.857142857142857,5.065601893833705,2.0999999999999974,0,1,0,42.73120264708996,5.065601893833705e-06,126,1,0
23,62,46,0,0,0,2.1115875244140625,"[0.0, 2.1115875244140625]",2.1115875244140625,0.0,2.1115875244140625,5.016666666666654,0,1,0,7.70607908515376,2.1115875244140626e-06,301,1,0
23,63,19,0,0,0,2.1073477608816966,"[0.0, 2.1073477608816966]",2.1073477608816966,0.0,2.1073477608816966,5.016666666666654,0,1,0,7.705556295753922,2.1073477608816967e-06,301,1,0
23,64,51,0,0,0,1.8754414149693082,"[0.0, 1.8754414149693082]",1.8754414149693082,0.0,1.8754414149693082,5.016666666666654,0,1,0,5.174600965634454,1.8754414149693083e-06,301,1,0
24,1,0,0,1,1,9.786267961774552,"[0.0, 9.786267961774552]",9.786267961774552,8.571428571428571,9.786267961774552,8.466666666666667,0,1,0,85.24319521477446,9.786267961774552e-06,508,1,0
24,2,1,0,1,1,9.750497000558035,"[0.0, 9.750497000558035]",9.750497000558035,8.571428571428571,9.750497000558035,3.1999999999999935,0,1,0,82.74618946015835,9.750497000558035e-06,192,1,0
24,3,2,0,1,1,9.736240931919642,"[0.0, 9.736240931919642]",9.736240931919642,8.571428571428571,9.736240931919642,6.183333333333317,0,1,0,82.92309748381376,9.736240931919643e-06,371,1,0
24,4,3,0,1,1,9.732627868652344,"[0.0, 9.732627868652344]",9.732627868652344,8.571428571428571,9.732627868652344,5.199999999999987,0,1,0,82.78314466774464,9.732627868652343e-06,312,1,0
24,5,4,0,1,1,9.665562765938896,"[0.0, 9.665562765938896]",9.665562765938896,8.571428571428571,9.665562765938896,3.183333333333327,0,1,0,82.0631161481142,9.665562765938896e-06,191,1,0
24,6,5,0,1,1,9.650859832763672,"[0.0, 9.650859832763672]",9.650859832763672,8.571428571428571,9.650859832763672,3.183333333333327,0,1,0,82.06306131184101,9.650859832763672e-06,191,1,0
24,7,6,0,1,1,9.644216809953962,"[0.0, 9.644216809953962]",9.644216809953962,8.571428571428571,9.644216809953962,3.21666666666666,0,1,0,82.16188035905361,9.644216809953962e-06,193,1,0
24,8,7,0,1,1,9.629012516566686,"[0.0, 9.629012516566686]",9.629012516566686,8.571428571428571,9.629012516566686,3.183333333333327,0,1,0,82.06340251863003,9.629012516566685e-06,191,1,0
24,9,47,0,0,1,9.592399597167969,"[0.0, 9.592399597167969]",9.592399597167969,8.571428571428571,9.592399597167969,7.333333333333313,0,1,0,82.40101231634617,9.592399597167969e-06,440,1,0
24,10,53,0,0,1,9.589816502162389,"[0.0, 9.589816502162389]",9.589816502162389,8.571428571428571,9.589816502162389,3.183333333333327,0,1,0,82.0631061643362,9.589816502162388e-06,191,1,0
24,11,28,0,0,1,9.539879390171595,"[0.0, 9.539879390171595]",9.539879390171595,8.571428571428571,9.539879390171595,3.183333333333327,0,1,0,81.54088923335075,9.539879390171596e-06,191,1,0
24,12,24,0,0,1,9.528615134102958,"[0.0, 9.528615134102958]",9.528615134102958,8.571428571428571,9.528615134102958,3.1666666666666603,0,1,0,81.38145749270916,9.52861513410296e-06,190,1,0
24,13,30,0,0,1,9.47477068219866,"[0.0, 9.47477068219866]",9.47477068219866,8.571428571428571,9.47477068219866,3.1666666666666603,0,1,0,81.38166408240795,9.47477068219866e-06,190,1,0
24,14,54,0,0,1,9.46495601109096,"[0.0, 9.46495601109096]",9.46495601109096,8.571428571428571,9.46495601109096,3.1666666666666603,0,1,0,81.38173492252827,9.46495601109096e-06,190,1,0
24,15,14,0,0,1,9.297806876046318,"[0.0, 9.297806876046318]",9.297806876046318,8.571428571428571,9.297806876046318,3.1499999999999937,0,1,0,80.70258796215057,9.297806876046318e-06,189,1,0
24,16,33,0,0,1,9.10881859915597,"[0.0, 9.10881859915597]",9.10881859915597,8.571428571428571,9.10881859915597,3.133333333333327,0,1,0,80.02589526772499,9.108818599155971e-06,188,1,0
24,17,63,0,0,1,9.10292216709682,"[0.0, 9.10292216709682]",9.10292216709682,8.571428571428571,9.10292216709682,3.133333333333327,0,1,0,80.02567264437675,9.10292216709682e-06,188,1,0
24,18,20,0,0,1,9.060341971261161,"[0.0, 9.060341971261161]",9.060341971261161,8.571428571428571,9.060341971261161,3.1166666666666605,0,1,0,79.35128776729107,9.060341971261162e-06,187,1,0
24,19,62,0,0,1,9.055173056466238,"[0.0, 9.055173056466238]",9.055173056466238,8.571428571428571,9.055173056466238,3.1166666666666605,0,1,0,79.35146903991699,9.055173056466237e-06,187,1,0
24,20,43,0,0,1,9.023045131138392,"[0.0, 9.023045131138392]",9.023045131138392,8.571428571428571,9.023045131138392,3.1499999999999937,0,1,0,79.23113550245762,9.023045131138393e-06,189,1,0
24,21,23,0,0,1,8.886797768729075,"[0.0, 8.886797768729075]",8.886797768729075,8.571428571428571,8.886797768729075,3.099999999999994,0,1,0,78.67920595407486,8.886797768729074e-06,186,1,0
24,22,35,0,0,1,8.882675170898438,"[0.0, 8.882675170898438]",8.882675170898438,8.571428571428571,8.882675170898438,3.099999999999994,0,1,0,78.67918033897877,8.882675170898437e-06,186,1,0
24,23,22,0,0,1,8.88176509312221,"[0.0, 8.88176509312221]",8.88176509312221,8.571428571428571,8.88176509312221,3.099999999999994,0,1,0,78.67872004210949,8.88176509312221e-06,186,1,0
24,24,37,0,0,1,8.868977682931083,"[0.0, 8.868977682931083]",8.868977682931083,8.571428571428571,8.868977682931083,3.1166666666666605,0,1,0,78.91078527271748,8.868977682931083e-06,187,1,0
24,25,46,0,0,1,8.865656171526227,"[0.0, 8.865656171526227]",8.865656171526227,8.571428571428571,8.865656171526227,3.099999999999994,0,1,0,78.6787483394146,8.865656171526227e-06,186,1,0
24,26,25,0,0,1,8.80183356148856,"[0.0, 8.80183356148856]",8.80183356148856,8.571428571428571,8.80183356148856,3.099999999999994,0,1,0,78.67901504039764,8.80183356148856e-06,186,1,0
24,27,16,0,0,1,8.717212677001953,"[0.0, 8.717212677001953]",8.717212677001953,8.571428571428571,8.717212677001953,3.0833333333333273,0,1,0,78.00931857526302,8.717212677001954e-06,185,1,0
24,28,61,0,0,1,8.656005859375,"[0.0, 8.656005859375]",8.656005859375,8.571428571428571,8.656005859375,3.0833333333333273,0,1,0,78.00893458724022,8.656005859375e-06,185,1,0
24,29,17,0,0,1,8.617523738316127,"[0.0, 8.617523738316127]",8.617523738316127,8.571428571428571,8.617523738316127,3.0833333333333273,0,1,0,78.00887736678123,8.617523738316128e-06,185,1,0
24,30,48,0,0,1,8.532469613211495,"[0.0, 8.532469613211495]",8.532469613211495,5.714285714285714,8.532469613211495,3.0833333333333273,0,1,0,78.00899995863438,8.532469613211495e-06,185,1,0
24,31,10,0,0,1,8.24495588030134,"[0.0, 8.24495588030134]",8.24495588030134,5.714285714285714,8.24495588030134,3.049999999999994,0,1,0,76.67586329579353,8.24495588030134e-06,183,1,0
24,32,57,0,0,1,8.213991437639509,"[0.0, 8.213991437639509]",8.213991437639509,5.714285714285714,8.213991437639509,3.049999999999994,0,1,0,76.67602744698524,8.213991437639508e-06,183,1,0
24,33,19,0,0,0,8.06931904384068,"[0.0, 8.06931904384068]",8.06931904384068,5.714285714285714,8.06931904384068,3.0333333333333274,0,1,0,76.01229041814804,8.06931904384068e-06,182,1,0
24,34,31,0,0,0,8.065874917166575,"[0.0, 8.065874917166575]",8.065874917166575,5.714285714285714,8.065874917166575,3.0333333333333274,0,1,0,76.01296661794186,8.065874917166575e-06,182,1,0
24,35,38,0,0,0,7.98513684953962,"[0.0, 7.98513684953962]",7.98513684953962,5.714285714285714,7.98513684953962,3.1166666666666605,0,1,0,75.43137368559837,7.98513684953962e-06,187,1,0
24,36,45,0,0,0,7.88271495274135,"[0.0, 7.88271495274135]",7.88271495274135,5.714285714285714,7.88271495274135,3.016666666666661,0,1,0,75.35180051624775,7.88271495274135e-06,181,1,0
24,37,34,0,0,0,7.844360896519252,"[0.0, 7.844360896519252]",7.844360896519252,5.714285714285714,7.844360896519252,2.9999999999999942,0,1,0,74.69372484087944,7.844360896519251e-06,180,1,0
24,38,52,0,0,0,6.721916198730468,"[0.0, 6.721916198730468]",6.721916198730468,5.714285714285714,6.721916198730468,2.6166666666666623,0,1,0,60.20055370032787,6.721916198730468e-06,157,1,0
24,39,29,0,0,0,6.157444545200893,"[0.0, 6.157444545200893]",6.157444545200893,5.714285714285714,6.157444545200893,2.449999999999996,0,1,0,54.29902999103069,6.157444545200893e-06,147,1,0
24,40,12,0,0,0,5.701206752232143,"[0.0, 5.701206752232143]",5.701206752232143,2.857142857142857,5.701206752232143,2.583333333333329,0,1,0,49.56639917194843,5.7012067522321434e-06,155,1,0
24,41,11,0,0,0,5.669740949358259,"[0.0, 5.669740949358259]",5.669740949358259,2.857142857142857,5.669740949358259,2.2999999999999967,0,1,0,49.202359437942505,5.669740949358259e-06,138,1,0
24,42,36,0,0,0,5.615376063755581,"[0.0, 5.615376063755581]",5.615376063755581,2.857142857142857,5.615376063755581,2.28333333333333,0,1,0,48.64915756881237,5.615376063755581e-06,137,1,0
24,43,41,0,0,0,5.570471627371652,"[0.0, 5.570471627371652]",5.570471627371652,2.857142857142857,5.570471627371652,2.28333333333333,0,1,0,48.24464374780655,5.570471627371652e-06,137,1,0
24,44,39,0,0,0,5.568602425711496,"[0.0, 5.568602425711496]",5.568602425711496,2.857142857142857,5.568602425711496,2.2666666666666635,0,1,0,48.09812591969967,5.568602425711496e-06,136,1,0
24,45,9,0,0,0,5.551948547363281,"[0.0, 5.551948547363281]",5.551948547363281,2.857142857142857,5.551948547363281,6.299999999999983,0,1,0,47.43618480692385,5.551948547363282e-06,378,1,0
24,46,49,0,0,0,5.505992344447544,"[0.0, 5.505992344447544]",5.505992344447544,2.857142857142857,5.505992344447544,2.249999999999997,0,1,0,47.5498410910368,5.505992344447544e-06,135,1,0
24,47,50,0,0,0,5.467191423688615,"[0.0, 5.467191423688615]",5.467191423688615,2.857142857142857,5.467191423688615,2.2333333333333303,0,1,0,47.00387801229954,5.467191423688616e-06,134,1,0
24,48,13,0,0,0,5.456679207938058,"[0.0, 5.456679207938058]",5.456679207938058,2.857142857142857,5.456679207938058,2.2333333333333303,0,1,0,47.003885835409164,5.456679207938058e-06,134,1,0
24,49,40,0,0,0,5.453245980398996,"[0.0, 5.453245980398996]",5.453245980398996,2.857142857142857,5.453245980398996,2.2333333333333303,0,1,0,47.004175797104836,5.453245980398996e-06,134,1,0
24,50,55,0,0,0,5.42776380266462,"[0.0, 5.42776380266462]",5.42776380266462,2.857142857142857,5.42776380266462,6.21666666666665,0,1,0,45.88245352046215,5.42776380266462e-06,373,1,0
24,51,32,0,0,0,5.368919372558594,"[0.0, 5.368919372558594]",5.368919372558594,2.857142857142857,5.368919372558594,2.199999999999997,0,1,0,45.92015169560909,5.368919372558594e-06,132,1,0
24,52,59,0,0,0,5.318690708705357,"[0.0, 5.318690708705357]",5.318690708705357,2.857142857142857,5.318690708705357,2.1833333333333305,0,1,0,45.38225939869881,5.318690708705357e-06,131,1,0
24,53,8,0,0,0,5.318211146763393,"[0.0, 5.318211146763393]",5.318211146763393,2.857142857142857,5.318211146763393,2.1833333333333305,0,1,0,45.38225392997265,5.318211146763393e-06,131,1,0
24,54,27,0,0,0,5.261993408203125,"[0.0, 5.261993408203125]",5.261993408203125,2.857142857142857,5.261993408203125,2.166666666666664,0,1,0,44.84647813439369,5.261993408203125e-06,130,1,0
24,55,58,0,0,0,5.167688642229352,"[0.0, 5.167688642229352]",5.167688642229352,2.857142857142857,5.167688642229352,2.1333333333333306,0,1,0,43.78379353880882,5.1676886422293526e-06,128,1,0
24,56,18,0,0,0,4.965340750558036,"[0.0, 4.965340750558036]",4.965340750558036,2.857142857142857,4.965340750558036,2.066666666666664,0,1,0,41.689657002687454,4.965340750558036e-06,124,1,0
24,57,60,0,0,0,4.959934779575892,"[0.0, 4.959934779575892]",4.959934779575892,2.857142857142857,4.959934779575892,2.066666666666664,0,1,0,41.68933156132698,4.959934779575892e-06,124,1,0
24,58,56,0,0,0,4.775543212890625,"[0.0, 4.775543212890625]",4.775543212890625,2.857142857142857,4.775543212890625,1.9999999999999978,0,1,0,39.603942915797234,4.775543212890625e-06,120,1,0
24,59,44,0,0,0,4.674442836216517,"[0.0, 4.674442836216517]",4.674442836216517,2.857142857142857,4.674442836216517,1.9666666666666646,0,1,0,38.627472177147865,4.674442836216517e-06,118,1,0
24,60,15,0,0,0,4.635892595563616,"[0.0, 4.635892595563616]",4.635892595563616,2.857142857142857,4.635892595563616,1.949999999999998,0,1,0,38.126722142100334,4.635892595563616e-06,117,1,0
24,61,21,0,0,0,4.486089433942523,"[0.0, 4.486089433942523]",4.486089433942523,2.857142857142857,4.486089433942523,1.8999999999999981,0,1,0,36.63996043801308,4.486089433942523e-06,114,1,0
24,62,51,0,0,0,2.1537562779017856,"[0.0, 2.1537562779017856]",2.1537562779017856,0.0,2.1537562779017856,5.016666666666654,0,1,0,8.214390382127021,2.1537562779017857e-06,301,1,0
24,63,26,0,0,0,2.1117837088448663,"[0.0, 2.1117837088448663]",2.1117837088448663,0.0,2.1117837088448663,5.016666666666654,0,1,0,7.70582659781212,2.1117837088448663e-06,301,1,0
24,64,42,0,0,0,2.1092333112444197,"[0.0, 2.1092333112444197]",2.1092333112444197,0.0,2.1092333112444197,5.016666666666654,0,1,0,7.706592270864348,2.1092333112444197e-06,301,1,0
25,1,0,0,1,1,9.786267961774552,"[0.0, 9.786267961774552]",9.786267961774552,8.571428571428571,9.786267961774552,8.466666666666667,0,1,0,85.24319521477446,9.786267961774552e-06,508,1,0
25,2,1,0,1,1,9.750497000558035,"[0.0, 9.750497000558035]",9.750497000558035,8.571428571428571,9.750497000558035,3.1999999999999935,0,1,0,82.74618946015835,9.750497000558035e-06,192,1,0
25,3,2,0,1,1,9.736240931919642,"[0.0, 9.736240931919642]",9.736240931919642,8.571428571428571,9.736240931919642,6.183333333333317,0,1,0,82.92309748381376,9.736240931919643e-06,371,1,0
25,4,3,0,1,1,9.732627868652344,"[0.0, 9.732627868652344]",9.732627868652344,8.571428571428571,9.732627868652344,5.199999999999987,0,1,0,82.78314466774464,9.732627868652343e-06,312,1,0
25,5,4,0,1,1,9.665562765938896,"[0.0, 9.665562765938896]",9.665562765938896,8.571428571428571,9.665562765938896,3.183333333333327,0,1,0,82.0631161481142,9.665562765938896e-06,191,1,0
25,6,5,0,1,1,9.650859832763672,"[0.0, 9.650859832763672]",9.650859832763672,8.571428571428571,9.650859832763672,3.183333333333327,0,1,0,82.06306131184101,9.650859832763672e-06,191,1,0
25,7,6,0,1,1,9.644216809953962,"[0.0, 9.644216809953962]",9.644216809953962,8.571428571428571,9.644216809953962,3.21666666666666,0,1,0,82.16188035905361,9.644216809953962e-06,193,1,0
25,8,7,0,1,1,9.629012516566686,"[0.0, 9.629012516566686]",9.629012516566686,8.571428571428571,9.629012516566686,3.183333333333327,0,1,0,82.06340251863003,9.629012516566685e-06,191,1,0
25,9,40,0,0,1,9.61050306047712,"[0.0, 9.61050306047712]",9.61050306047712,8.571428571428571,9.61050306047712,3.183333333333327,0,1,0,81.82567264139652,9.61050306047712e-06,191,1,0
25,10,34,0,0,1,9.445669991629464,"[0.0, 9.445669991629464]",9.445669991629464,8.571428571428571,9.445669991629464,3.1666666666666603,0,1,0,81.38192120194435,9.445669991629464e-06,190,1,0
25,11,55,0,0,1,9.444078717912946,"[0.0, 9.444078717912946]",9.444078717912946,8.571428571428571,9.444078717912946,3.1666666666666603,0,1,0,81.38159127533436,9.444078717912945e-06,190,1,0
25,12,37,0,0,1,9.387144361223493,"[0.0, 9.387144361223493]",9.387144361223493,8.571428571428571,9.387144361223493,3.1499999999999937,0,1,0,80.70252501964569,9.387144361223493e-06,189,1,0
25,13,25,0,0,1,9.361915588378906,"[0.0, 9.361915588378906]",9.361915588378906,8.571428571428571,9.361915588378906,3.1499999999999937,0,1,0,80.7025328874588,9.361915588378906e-06,189,1,0
25,14,58,0,0,1,9.342787606375557,"[0.0, 9.342787606375557]",9.342787606375557,8.571428571428571,9.342787606375557,3.1499999999999937,0,1,0,80.70335571467876,9.342787606375556e-06,189,1,0
25,15,56,0,0,1,9.340182713099889,"[0.0, 9.340182713099889]",9.340182713099889,8.571428571428571,9.340182713099889,3.1666666666666603,0,1,0,80.67825604975224,9.340182713099889e-06,190,1,0
25,16,59,0,0,1,9.31037630353655,"[0.0, 9.31037630353655]",9.31037630353655,8.571428571428571,9.31037630353655,3.1499999999999937,0,1,0,80.702661678195,9.31037630353655e-06,189,1,0
25,17,41,0,0,1,9.276368277413505,"[0.0, 9.276368277413505]",9.276368277413505,8.571428571428571,9.276368277413505,3.133333333333327,0,1,0,80.0257198214531,9.276368277413506e-06,188,1,0
25,18,38,0,0,1,9.236417497907366,"[0.0, 9.236417497907366]",9.236417497907366,8.571428571428571,9.236417497907366,3.133333333333327,0,1,0,80.02602417767048,9.236417497907366e-06,188,1,0
25,19,61,0,0,1,9.231346675327847,"[0.0, 9.231346675327847]",9.231346675327847,8.571428571428571,9.231346675327847,3.133333333333327,0,1,0,80.02574960887432,9.231346675327848e-06,188,1,0
25,20,42,0,0,1,9.133799416678293,"[0.0, 9.133799416678293]",9.133799416678293,8.571428571428571,9.133799416678293,3.133333333333327,0,1,0,80.02526558935642,9.133799416678293e-06,188,1,0
25,21,16,0,0,1,9.061404636928014,"[0.0, 9.061404636928014]",9.061404636928014,8.571428571428571,9.061404636928014,3.1166666666666605,0,1,0,79.35167402029037,9.061404636928014e-06,187,1,0
25,22,39,0,0,1,9.06020028250558,"[0.0, 9.06020028250558]",9.06020028250558,8.571428571428571,9.06020028250558,3.1166666666666605,0,1,0,79.35125532746315,9.06020028250558e-06,187,1,0
25,23,31,0,0,1,9.038451058523995,"[0.0, 9.038451058523995]",9.038451058523995,8.571428571428571,9.038451058523995,3.1166666666666605,0,1,0,79.35171853005886,9.038451058523994e-06,187,1,0
25,24,45,0,0,1,8.988080705915179,"[0.0, 8.988080705915179]",8.988080705915179,8.571428571428571,8.988080705915179,3.1166666666666605,0,1,0,79.35121983289719,8.98808070591518e-06,187,1,0
25,25,10,0,0,1,8.967541285923549,"[0.0, 8.967541285923549]",8.967541285923549,8.571428571428571,8.967541285923549,3.1166666666666605,0,1,0,79.35099717974663,8.967541285923548e-06,187,1,0
25,26,30,0,0,1,8.914386204310826,"[0.0, 8.914386204310826]",8.914386204310826,8.571428571428571,8.914386204310826,3.1166666666666605,0,1,0,79.35109794139862,8.914386204310826e-06,187,1,0
25,27,60,0,0,1,8.883966718401227,"[0.0, 8.883966718401227]",8.883966718401227,8.571428571428571,8.883966718401227,3.099999999999994,0,1,0,78.67915038764477,8.883966718401228e-06,186,1,0
25,28,15,0,0,1,8.797340393066406,"[0.0, 8.797340393066406]",8.797340393066406,8.571428571428571,8.797340393066406,3.099999999999994,0,1,0,78.67921045422554,8.797340393066406e-06,186,1,0
25,29,19,0,0,1,8.792675563267299,"[0.0, 8.792675563267299]",8.792675563267299,8.571428571428571,8.792675563267299,3.099999999999994,0,1,0,78.67882932722569,8.792675563267299e-06,186,1,0
25,30,28,0,0,1,8.698147365025113,"[0.0, 8.698147365025113]",8.698147365025113,8.571428571428571,8.698147365025113,3.0833333333333273,0,1,0,78.00868171453476,8.698147365025112e-06,185,1,0
25,31,52,0,0,1,8.64368166242327,"[0.0, 8.64368166242327]",8.64368166242327,8.571428571428571,8.64368166242327,3.0833333333333273,0,1,0,78.00933192670345,8.643681662423271e-06,185,1,0
25,32,57,0,0,1,8.636651720319476,"[0.0, 8.636651720319476]",8.636651720319476,8.571428571428571,8.636651720319476,3.0833333333333273,0,1,0,78.0093572884798,8.636651720319475e-06,185,1,0
25,33,43,0,0,0,8.607188633510045,"[0.0, 8.607188633510045]",8.607188633510045,8.571428571428571,8.607188633510045,3.0833333333333273,0,1,0,78.00886003673077,8.607188633510044e-06,185,1,0
25,34,49,0,0,0,8.372671944754465,"[0.0, 8.372671944754465]",8.372671944754465,5.714285714285714,8.372671944754465,3.0666666666666607,0,1,0,76.99999457597733,8.372671944754465e-06,184,1,0
25,35,21,0,0,0,8.283645084926059,"[0.0, 8.283645084926059]",8.283645084926059,5.714285714285714,8.283645084926059,3.0666666666666607,0,1,0,76.99632069468498,8.283645084926059e-06,184,1,0
25,36,11,0,0,0,8.156089782714844,"[0.0, 8.156089782714844]",8.156089782714844,5.714285714285714,8.156089782714844,3.0333333333333274,0,1,0,76.0127761811018,8.156089782714843e-06,182,1,0
25,37,53,0,0,0,8.095967429024832,"[0.0, 8.095967429024832]",8.095967429024832,5.714285714285714,8.095967429024832,3.133333333333327,0,1,0,75.9657444357872,8.095967429024832e-06,188,1,0
25,38,23,0,0,0,8.090872083391462,"[0.0, 8.090872083391462]",8.090872083391462,5.714285714285714,8.090872083391462,3.0333333333333274,0,1,0,76.01304507255554,8.090872083391462e-06,182,1,0
25,39,46,0,0,0,7.9289109366280695,"[0.0, 7.9289109366280695]",7.9289109366280695,5.714285714285714,7.9289109366280695,4.599999999999989,0,1,0,75.40823021531105,7.92891093662807e-06,276,1,0
25,40,44,0,0,0,7.702530452183315,"[0.0, 7.702530452183315]",7.702530452183315,5.714285714285714,7.702530452183315,2.9833333333333276,0,1,0,74.03748066723347,7.702530452183314e-06,179,1,0
25,41,14,0,0,0,7.5890704563685825,"[0.0, 7.5890704563685825]",7.5890704563685825,5.714285714285714,7.5890704563685825,2.966666666666661,0,1,0,73.38350073993206,7.5890704563685825e-06,178,1,0
25,42,36,0,0,0,7.360431126185826,"[0.0, 7.360431126185826]",7.360431126185826,5.714285714285714,7.360431126185826,2.933333333333328,0,1,0,72.0830864906311,7.360431126185827e-06,176,1,0
25,43,29,0,0,0,7.238796779087611,"[0.0, 7.238796779087611]",7.238796779087611,5.714285714285714,7.238796779087611,2.916666666666661,0,1,0,71.43624521791935,7.2387967790876115e-06,175,1,0
25,44,8,0,0,0,7.142857142857142,"[0.0, 7.142857142857142]",7.142857142857142,5.714285714285714,7.142857142857142,4.566666666666656,0,1,0,70.1142288595438,7.142857142857143e-06,274,1,0
25,45,24,0,0,0,7.142857142857142,"[0.0, 7.142857142857142]",7.142857142857142,5.714285714285714,7.142857142857142,2.8666666666666614,0,1,0,69.51012191176414,7.142857142857143e-06,172,1,0
25,46,13,0,0,0,6.522647312709264,"[0.0, 6.522647312709264]",6.522647312709264,5.714285714285714,6.522647312709264,7.316666666666646,0,1,0,57.63285759006976,6.522647312709264e-06,439,1,0
25,47,47,0,0,0,5.767642429896763,"[0.0, 5.767642429896763]",5.767642429896763,5.714285714285714,5.767642429896763,2.33333333333333,0,1,0,50.31791616976261,5.767642429896763e-06,140,1,0
25,48,32,0,0,0,5.718776157924107,"[0.0, 5.718776157924107]",5.718776157924107,5.714285714285714,5.718776157924107,2.3166666666666633,0,1,0,49.7589081376791,5.718776157924107e-06,139,1,0
25,49,18,0,0,0,5.6735719953264505,"[0.0, 5.6735719953264505]",5.6735719953264505,2.857142857142857,5.6735719953264505,2.2999999999999967,0,1,0,49.20287150144577,5.67357199532645e-06,138,1,0
25,50,27,0,0,0,5.668400355747768,"[0.0, 5.668400355747768]",5.668400355747768,2.857142857142857,5.668400355747768,2.2999999999999967,0,1,0,49.202793657779694,5.668400355747769e-06,138,1,0
25,51,22,0,0,0,5.662547520228794,"[0.0, 5.662547520228794]",5.662547520228794,2.857142857142857,5.662547520228794,2.2999999999999967,0,1,0,49.202966794371605,5.662547520228795e-06,138,1,0
25,52,12,0,0,0,5.61568123953683,"[0.0, 5.61568123953683]",5.61568123953683,2.857142857142857,5.61568123953683,2.28333333333333,0,1,0,48.64902286231518,5.61568123953683e-06,137,1,0
25,53,20,0,0,0,5.575670514787946,"[0.0, 5.575670514787946]",5.575670514787946,2.857142857142857,5.575670514787946,2.2666666666666635,0,1,0,48.098357662558556,5.575670514787946e-06,136,1,0
25,54,9,0,0,0,5.515463692801339,"[0.0, 5.515463692801339]",5.515463692801339,2.857142857142857,5.515463692801339,2.249999999999997,0,1,0,47.549862548708916,5.51546369280134e-06,135,1,0
25,55,17,0,0,0,5.413186209542411,"[0.0, 5.413186209542411]",5.413186209542411,2.857142857142857,5.413186209542411,2.2166666666666637,0,1,0,46.4609247893095,5.413186209542411e-06,133,1,0
25,56,62,0,0,0,5.399823869977679,"[0.0, 5.399823869977679]",5.399823869977679,2.857142857142857,5.399823869977679,6.21666666666665,0,1,0,45.86905624694191,5.399823869977679e-06,373,1,0
25,57,63,0,0,0,5.268271309988839,"[0.0, 5.268271309988839]",5.268271309988839,2.857142857142857,5.268271309988839,2.166666666666664,0,1,0,44.84672924876213,5.268271309988839e-06,130,1,0
25,58,50,0,0,0,5.189775739397321,"[0.0, 5.189775739397321]",5.189775739397321,2.857142857142857,5.189775739397321,2.8499999999999948,0,1,0,44.18832668662071,5.189775739397321e-06,171,1,0
25,59,54,0,0,0,5.060332162039621,"[0.0, 5.060332162039621]",5.060332162039621,2.857142857142857,5.060332162039621,2.0999999999999974,0,1,0,42.73120829463005,5.060332162039621e-06,126,1,0
25,60,33,0,0,0,5.055122375488281,"[0.0, 5.055122375488281]",5.055122375488281,2.857142857142857,5.055122375488281,2.0999999999999974,0,1,0,42.731153681874275,5.055122375488281e-06,126,1,0
25,61,51,0,0,0,2.111527579171317,"[0.0, 2.111527579171317]",2.111527579171317,0.0,2.111527579171317,5.016666666666654,0,1,0,7.705993245297577,2.111527579171317e-06,301,1,0
25,62,26,0,0,0,2.1103668212890625,"[0.0, 2.1103668212890625]",2.1103668212890625,0.0,2.1103668212890625,5.016666666666654,0,1,0,7.7063284904070315,2.1103668212890627e-06,301,1,0
25,63,48,0,0,0,2.1097292218889505,"[0.0, 2.1097292218889505]",2.1097292218889505,0.0,2.1097292218889505,5.016666666666654,0,1,0,7.70560272064904,2.1097292218889504e-06,301,1,0
25,64,35,0,0,0,2.109424046107701,"[0.0, 2.109424046107701]",2.109424046107701,0.0,2.109424046107701,5.016666666666654,0,1,0,7.705970256021828,2.109424046107701e-06,301,1,0
26,1,0,0,1,1,9.786267961774552,"[0.0, 9.786267961774552]",9.786267961774552,8.571428571428571,9.786267961774552,8.466666666666667,0,1,0,85.24319521477446,9.786267961774552e-06,508,1,0
26,2,1,0,1,1,9.750497000558035,"[0.0, 9.750497000558035]",9.750497000558035,8.571428571428571,9.750497000558035,3.1999999999999935,0,1,0,82.74618946015835,9.750497000558035e-06,192,1,0
26,3,2,0,1,1,9.736240931919642,"[0.0, 9.736240931919642]",9.736240931919642,8.571428571428571,9.736240931919642,6.183333333333317,0,1,0,82.92309748381376,9.736240931919643e-06,371,1,0
26,4,3,0,1,1,9.732627868652344,"[0.0, 9.732627868652344]",9.732627868652344,8.571428571428571,9.732627868652344,5.199999999999987,0,1,0,82.78314466774464,9.732627868652343e-06,312,1,0
26,5,31,0,1,1,9.668587275913783,"[0.0, 9.668587275913783]",9.668587275913783,8.571428571428571,9.668587275913783,3.1999999999999935,0,1,0,82.74678865075111,9.668587275913783e-06,192,1,0
26,6,4,0,1,1,9.665562765938896,"[0.0, 9.665562765938896]",9.665562765938896,8.571428571428571,9.665562765938896,3.183333333333327,0,1,0,82.0631161481142,9.665562765938896e-06,191,1,0
26,7,21,0,1,1,9.651140485491073,"[0.0, 9.651140485491073]",9.651140485491073,8.571428571428571,9.651140485491073,3.183333333333327,0,1,0,82.06304323673248,9.651140485491073e-06,191,1,0
26,8,5,0,1,1,9.650859832763672,"[0.0, 9.650859832763672]",9.650859832763672,8.571428571428571,9.650859832763672,3.183333333333327,0,1,0,82.06306131184101,9.650859832763672e-06,191,1,0
26,9,6,0,0,1,9.644216809953962,"[0.0, 9.644216809953962]",9.644216809953962,8.571428571428571,9.644216809953962,3.21666666666666,0,1,0,82.16188035905361,9.644216809953962e-06,193,1,0
26,10,57,0,0,1,9.640680040631976,"[0.0, 9.640680040631976]",9.640680040631976,8.571428571428571,9.640680040631976,3.183333333333327,0,1,0,82.06299805641174,9.640680040631975e-06,191,1,0
26,11,7,0,0,1,9.629012516566686,"[0.0, 9.629012516566686]",9.629012516566686,8.571428571428571,9.629012516566686,3.183333333333327,0,1,0,82.06340251863003,9.629012516566685e-06,191,1,0
26,12,39,0,0,1,9.505108424595424,"[0.0, 9.505108424595424]",9.505108424595424,8.571428571428571,9.505108424595424,3.1666666666666603,0,1,0,81.3818803280592,9.505108424595424e-06,190,1,0
26,13,24,0,0,1,9.494269234793528,"[0.0, 9.494269234793528]",9.494269234793528,8.571428571428571,9.494269234793528,3.1666666666666603,0,1,0,81.38186497986317,9.494269234793528e-06,190,1,0
26,14,55,0,0,1,9.494258335658483,"[0.0, 9.494258335658483]",9.494258335658483,8.571428571428571,9.494258335658483,3.1666666666666603,0,1,0,81.3817553371191,9.494258335658483e-06,190,1,0
26,15,32,0,0,1,9.483612605503627,"[0.0, 9.483612605503627]",9.483612605503627,8.571428571428571,9.483612605503627,3.1666666666666603,0,1,0,81.38223667442799,9.483612605503626e-06,190,1,0
26,16,15,0,0,1,9.360054561070033,"[0.0, 9.360054561070033]",9.360054561070033,8.571428571428571,9.360054561070033,3.1499999999999937,0,1,0,80.70274080336094,9.360054561070033e-06,189,1,0
26,17,13,0,0,1,9.292300088065012,"[0.0, 9.292300088065012]",9.292300088065012,8.571428571428571,9.292300088065012,3.1499999999999937,0,1,0,80.70270982384682,9.292300088065012e-06,189,1,0
26,18,8,0,0,1,9.225469316755023,"[0.0, 9.225469316755023]",9.225469316755023,8.571428571428571,9.225469316755023,3.133333333333327,0,1,0,80.02594794332981,9.225469316755023e-06,188,1,0
26,19,43,0,0,1,9.181246076311384,"[0.0, 9.181246076311384]",9.181246076311384,8.571428571428571,9.181246076311384,3.133333333333327,0,1,0,80.02586203813553,9.181246076311384e-06,188,1,0
26,20,12,0,0,1,9.145371573311941,"[0.0, 9.145371573311941]",9.145371573311941,8.571428571428571,9.145371573311941,3.133333333333327,0,1,0,80.02589522302151,9.145371573311941e-06,188,1,0
26,21,63,0,0,1,9.14064952305385,"[0.0, 9.14064952305385]",9.14064952305385,8.571428571428571,9.14064952305385,3.133333333333327,0,1,0,80.02581869065762,9.14064952305385e-06,188,1,0
26,22,20,0,0,1,9.027069636753629,"[0.0, 9.027069636753629]",9.027069636753629,8.571428571428571,9.027069636753629,3.1166666666666605,0,1,0,79.35110428929329,9.027069636753629e-06,187,1,0
26,23,16,0,0,1,8.972029004778182,"[0.0, 8.972029004778182]",8.972029004778182,8.571428571428571,8.972029004778182,3.1166666666666605,0,1,0,79.35119968652725,8.972029004778183e-06,187,1,0
26,24,58,0,0,1,8.947391510009766,"[0.0, 8.947391510009766]",8.947391510009766,8.571428571428571,8.947391510009766,3.383333333333326,0,1,0,78.98435653746128,8.947391510009766e-06,203,1,0
26,25,36,0,0,1,8.875078473772321,"[0.0, 8.875078473772321]",8.875078473772321,8.571428571428571,8.875078473772321,3.099999999999994,0,1,0,78.67923134565353,8.875078473772321e-06,186,1,0
26,26,10,0,0,1,8.860773359026227,"[0.0, 8.860773359026227]",8.860773359026227,8.571428571428571,8.860773359026227,3.099999999999994,0,1,0,78.67939668893814,8.860773359026227e-06,186,1,0
26,27,61,0,0,1,8.832015991210938,"[0.0, 8.832015991210938]",8.832015991210938,8.571428571428571,8.832015991210938,3.099999999999994,0,1,0,78.6791659295559,8.832015991210937e-06,186,1,0
26,28,17,0,0,1,8.763716561453682,"[0.0, 8.763716561453682]",8.763716561453682,8.571428571428571,8.763716561453682,3.1166666666666605,0,1,0,78.61952215433121,8.763716561453683e-06,187,1,0
26,29,59,0,0,1,8.75870568411691,"[0.0, 8.75870568411691]",8.75870568411691,8.571428571428571,8.75870568411691,3.099999999999994,0,1,0,78.67900423705578,8.75870568411691e-06,186,1,0
26,30,35,0,0,1,8.725109100341797,"[0.0, 8.725109100341797]",8.725109100341797,8.571428571428571,8.725109100341797,3.0833333333333273,0,1,0,78.00881890952587,8.725109100341797e-06,185,1,0
26,31,60,0,0,1,8.707005637032646,"[0.0, 8.707005637032646]",8.707005637032646,8.571428571428571,8.707005637032646,3.0833333333333273,0,1,0,78.00893986225128,8.707005637032646e-06,185,1,0
26,32,28,0,0,1,8.67750985281808,"[0.0, 8.67750985281808]",8.67750985281808,8.571428571428571,8.67750985281808,3.0833333333333273,0,1,0,78.00894050300121,8.67750985281808e-06,185,1,0
26,33,23,0,0,0,8.663978576660156,"[0.0, 8.663978576660156]",8.663978576660156,8.571428571428571,8.663978576660156,3.0833333333333273,0,1,0,78.00919049978256,8.663978576660156e-06,185,1,0
26,34,42,0,0,0,8.627196720668248,"[0.0, 8.627196720668248]",8.627196720668248,8.571428571428571,8.627196720668248,3.0833333333333273,0,1,0,78.00899468362331,8.627196720668249e-06,185,1,0
26,35,51,0,0,0,8.565355028424944,"[0.0, 8.565355028424944]",8.565355028424944,5.714285714285714,8.565355028424944,3.0833333333333273,0,1,0,78.00896535813808,8.565355028424945e-06,185,1,0
26,36,48,0,0,0,8.51377214704241,"[0.0, 8.51377214704241]",8.51377214704241,5.714285714285714,8.51377214704241,3.0666666666666607,0,1,0,77.3411945104599,8.51377214704241e-06,184,1,0
26,37,34,0,0,0,8.510178157261441,"[0.0, 8.510178157261441]",8.510178157261441,5.714285714285714,8.510178157261441,3.0666666666666607,0,1,0,77.34142571687698,8.510178157261442e-06,184,1,0
26,38,44,0,0,0,8.490235464913505,"[0.0, 8.490235464913505]",8.490235464913505,5.714285714285714,8.490235464913505,3.0666666666666607,0,1,0,77.34085021913052,8.490235464913506e-06,184,1,0
26,39,45,0,0,0,8.470262799944196,"[0.0, 8.470262799944196]",8.470262799944196,5.714285714285714,8.470262799944196,3.0666666666666607,0,1,0,77.3412926197052,8.470262799944196e-06,184,1,0
26,40,11,0,0,0,8.42627934047154,"[0.0, 8.42627934047154]",8.42627934047154,5.714285714285714,8.42627934047154,3.133333333333327,0,1,0,77.05346363782883,8.426279340471539e-06,188,1,0
26,41,25,0,0,0,8.268653324672155,"[0.0, 8.268653324672155]",8.268653324672155,5.714285714285714,8.268653324672155,3.049999999999994,0,1,0,76.67581591010094,8.268653324672154e-06,183,1,0
26,42,40,0,0,0,8.08210917881557,"[0.0, 8.08210917881557]",8.08210917881557,5.714285714285714,8.08210917881557,3.099999999999994,0,1,0,75.91406977176666,8.08210917881557e-06,186,1,0
26,43,22,0,0,0,7.922248840332031,"[0.0, 7.922248840332031]",7.922248840332031,5.714285714285714,7.922248840332031,3.016666666666661,0,1,0,75.35219548642635,7.92224884033203e-06,181,1,0
26,44,62,0,0,0,7.745895385742188,"[0.0, 7.745895385742188]",7.745895385742188,5.714285714285714,7.745895385742188,2.9833333333333276,0,1,0,74.03741762042046,7.745895385742188e-06,179,1,0
26,45,46,0,0,0,6.671763828822545,"[0.0, 6.671763828822545]",6.671763828822545,5.714285714285714,6.671763828822545,2.5999999999999956,0,1,0,59.59897927939892,6.671763828822545e-06,156,1,0
26,46,41,0,0,0,5.80925532749721,"[0.0, 5.80925532749721]",5.80925532749721,5.714285714285714,5.80925532749721,2.3499999999999965,0,1,0,50.87870015203953,5.80925532749721e-06,141,1,0
26,47,19,0,0,0,5.7232666015625,"[0.0, 5.7232666015625]",5.7232666015625,5.714285714285714,5.7232666015625,2.3166666666666633,0,1,0,49.75877992808819,5.7232666015625e-06,139,1,0
26,48,50,0,0,0,5.7153810773577005,"[0.0, 5.7153810773577005]",5.7153810773577005,5.714285714285714,5.7153810773577005,2.3166666666666633,0,1,0,49.75856080651283,5.7153810773577005e-06,139,1,0
26,49,54,0,0,0,5.710618155343192,"[0.0, 5.710618155343192]",5.710618155343192,2.857142857142857,5.710618155343192,2.3166666666666633,0,1,0,49.75886727869511,5.710618155343192e-06,139,1,0
26,50,53,0,0,0,5.677947998046875,"[0.0, 5.677947998046875]",5.677947998046875,2.857142857142857,5.677947998046875,2.2999999999999967,0,1,0,49.20270811021328,5.677947998046875e-06,138,1,0
26,51,52,0,0,0,5.669337681361608,"[0.0, 5.669337681361608]",5.669337681361608,2.857142857142857,5.669337681361608,2.2999999999999967,0,1,0,49.202381670475006,5.6693376813616076e-06,138,1,0
26,52,33,0,0,0,5.665768214634487,"[0.0, 5.665768214634487]",5.665768214634487,2.857142857142857,5.665768214634487,2.2999999999999967,0,1,0,49.202841594815254,5.665768214634487e-06,138,1,0
26,53,27,0,0,0,5.664482116699219,"[0.0, 5.664482116699219]",5.664482116699219,2.857142857142857,5.664482116699219,2.2999999999999967,0,1,0,49.20262025296688,5.6644821166992186e-06,138,1,0
26,54,56,0,0,0,5.661762782505581,"[0.0, 5.661762782505581]",5.661762782505581,2.857142857142857,5.661762782505581,2.2999999999999967,0,1,0,49.20247167348862,5.661762782505581e-06,138,1,0
26,55,14,0,0,0,5.559501647949219,"[0.0, 5.559501647949219]",5.559501647949219,2.857142857142857,5.559501647949219,2.2666666666666635,0,1,0,48.09832984209061,5.559501647949219e-06,136,1,0
26,56,29,0,0,0,5.516308375767299,"[0.0, 5.516308375767299]",5.516308375767299,2.857142857142857,5.516308375767299,2.249999999999997,0,1,0,47.54973551630974,5.516308375767299e-06,135,1,0
26,57,18,0,0,0,5.461562020438058,"[0.0, 5.461562020438058]",5.461562020438058,2.857142857142857,5.461562020438058,2.2333333333333303,0,1,0,47.00407311320305,5.4615620204380586e-06,134,1,0
26,58,30,0,0,0,5.414036342075893,"[0.0, 5.414036342075893]",5.414036342075893,2.857142857142857,5.414036342075893,2.2166666666666637,0,1,0,46.460618019104004,5.414036342075893e-06,133,1,0
26,59,9,0,0,0,5.319698878696986,"[0.0, 5.319698878696986]",5.319698878696986,2.857142857142857,5.319698878696986,2.1833333333333305,0,1,0,45.38230146467686,5.319698878696986e-06,131,1,0
26,60,38,0,0,0,5.306140354701451,"[0.0, 5.306140354701451]",5.306140354701451,2.857142857142857,5.306140354701451,2.1833333333333305,0,1,0,45.38199043273926,5.306140354701451e-06,131,1,0
26,61,37,0,0,0,4.874578203473772,"[0.0, 4.874578203473772]",4.874578203473772,2.857142857142857,4.874578203473772,2.033333333333331,0,1,0,40.658243864774704,4.8745782034737715e-06,122,1,0
26,62,49,0,0,0,4.820376804896764,"[0.0, 4.820376804896764]",4.820376804896764,2.857142857142857,4.820376804896764,2.0166666666666644,0,1,0,40.145958319306374,4.820376804896764e-06,121,1,0
26,63,47,0,0,0,4.260771615164621,"[0.0, 4.260771615164621]",4.260771615164621,2.857142857142857,4.260771615164621,1.816666666666665,0,1,0,34.21714401245117,4.260771615164621e-06,109,1,0
26,64,26,0,0,0,2.156780787876674,"[0.0, 2.156780787876674]",2.156780787876674,0.0,2.156780787876674,5.016666666666654,0,1,0,8.214232515674667,2.156780787876674e-06,301,1,0
27,1,0,0,1,1,9.786267961774552,"[0.0, 9.786267961774552]",9.786267961774552,8.571428571428571,9.786267961774552,8.466666666666667,0,1,0,85.24319521477446,9.786267961774552e-06,508,1,0
27,2,19,0,1,1,9.764690399169922,"[0.0, 9.764690399169922]",9.764690399169922,8.571428571428571,9.764690399169922,3.1999999999999935,0,1,0,82.74645590782166,9.764690399169922e-06,192,1,0
27,3,1,0,1,1,9.750497000558035,"[0.0, 9.750497000558035]",9.750497000558035,8.571428571428571,9.750497000558035,3.1999999999999935,0,1,0,82.74618946015835,9.750497000558035e-06,192,1,0
27,4,2,0,1,1,9.736240931919642,"[0.0, 9.736240931919642]",9.736240931919642,8.571428571428571,9.736240931919642,6.183333333333317,0,1,0,82.92309748381376,9.736240931919643e-06,371,1,0
27,5,3,0,1,1,9.732627868652344,"[0.0, 9.732627868652344]",9.732627868652344,8.571428571428571,9.732627868652344,5.199999999999987,0,1,0,82.78314466774464,9.732627868652343e-06,312,1,0
27,6,41,0,1,1,9.728385380336217,"[0.0, 9.728385380336217]",9.728385380336217,8.571428571428571,9.728385380336217,3.1999999999999935,0,1,0,82.7466474622488,9.728385380336217e-06,192,1,0
27,7,4,0,1,1,9.668587275913783,"[0.0, 9.668587275913783]",9.668587275913783,8.571428571428571,9.668587275913783,3.1999999999999935,0,1,0,82.74678865075111,9.668587275913783e-06,192,1,0
27,8,5,0,1,1,9.665562765938896,"[0.0, 9.665562765938896]",9.665562765938896,8.571428571428571,9.665562765938896,3.183333333333327,0,1,0,82.0631161481142,9.665562765938896e-06,191,1,0
27,9,6,0,0,1,9.651140485491073,"[0.0, 9.651140485491073]",9.651140485491073,8.571428571428571,9.651140485491073,3.183333333333327,0,1,0,82.06304323673248,9.651140485491073e-06,191,1,0
27,10,7,0,0,1,9.650859832763672,"[0.0, 9.650859832763672]",9.650859832763672,8.571428571428571,9.650859832763672,3.183333333333327,0,1,0,82.06306131184101,9.650859832763672e-06,191,1,0
27,11,31,0,0,1,9.645366668701172,"[0.0, 9.645366668701172]",9.645366668701172,8.571428571428571,9.645366668701172,3.2333333333333267,0,1,0,82.39924535155296,9.645366668701171e-06,194,1,0
27,12,55,0,0,1,9.612693786621094,"[0.0, 9.612693786621094]",9.612693786621094,8.571428571428571,9.612693786621094,3.299999999999993,0,1,0,82.00844445824623,9.612693786621093e-06,198,1,0
27,13,60,0,0,1,9.61029052734375,"[0.0, 9.61029052734375]",9.61029052734375,8.571428571428571,9.61029052734375,3.183333333333327,0,1,0,82.06298762559891,9.61029052734375e-06,191,1,0
27,14,50,0,0,1,9.560105460030693,"[0.0, 9.560105460030693]",9.560105460030693,8.571428571428571,9.560105460030693,3.1666666666666603,0,1,0,81.38196747004986,9.560105460030692e-06,190,1,0
27,15,38,0,0,1,9.50941903250558,"[0.0, 9.50941903250558]",9.50941903250558,8.571428571428571,9.50941903250558,3.1666666666666603,0,1,0,81.381869956851,9.50941903250558e-06,190,1,0
27,16,24,0,0,1,9.483637128557477,"[0.0, 9.483637128557477]",9.483637128557477,8.571428571428571,9.483637128557477,3.1666666666666603,0,1,0,81.38163258135319,9.483637128557478e-06,190,1,0
27,17,32,0,0,1,9.481337411063057,"[0.0, 9.481337411063057]",9.481337411063057,8.571428571428571,9.481337411063057,3.1666666666666603,0,1,0,81.38143642246723,9.481337411063058e-06,190,1,0
27,18,51,0,0,1,9.266880580357142,"[0.0, 9.266880580357142]",9.266880580357142,8.571428571428571,9.266880580357142,3.133333333333327,0,1,0,80.02553822100163,9.266880580357143e-06,188,1,0
27,19,28,0,0,1,9.1973876953125,"[0.0, 9.1973876953125]",9.1973876953125,8.571428571428571,9.1973876953125,3.133333333333327,0,1,0,80.02549885213375,9.1973876953125e-06,188,1,0
27,20,39,0,0,1,9.195406777518137,"[0.0, 9.195406777518137]",9.195406777518137,8.571428571428571,9.195406777518137,3.133333333333327,0,1,0,80.02560952305794,9.195406777518137e-06,188,1,0
27,21,59,0,0,1,9.18177740914481,"[0.0, 9.18177740914481]",9.18177740914481,8.571428571428571,9.18177740914481,3.133333333333327,0,1,0,80.02579186856747,9.181777409144811e-06,188,1,0
27,22,40,0,0,1,9.113276345389231,"[0.0, 9.113276345389231]",9.113276345389231,8.571428571428571,9.113276345389231,3.1166666666666605,0,1,0,79.35144102573395,9.113276345389232e-06,187,1,0
27,23,54,0,0,1,9.106783185686385,"[0.0, 9.106783185686385]",9.106783185686385,8.571428571428571,9.106783185686385,3.1166666666666605,0,1,0,79.35124506056309,9.106783185686386e-06,187,1,0
27,24,47,0,0,1,9.06052725655692,"[0.0, 9.06052725655692]",9.06052725655692,8.571428571428571,9.06052725655692,3.1166666666666605,0,1,0,79.3514159321785,9.06052725655692e-06,187,1,0
27,25,33,0,0,1,9.056968688964844,"[0.0, 9.056968688964844]",9.056968688964844,8.571428571428571,9.056968688964844,3.133333333333327,0,1,0,80.0255897641182,9.056968688964843e-06,188,1,0
27,26,35,0,0,1,9.036805289132255,"[0.0, 9.036805289132255]",9.036805289132255,8.571428571428571,9.036805289132255,3.1166666666666605,0,1,0,79.35137298703194,9.036805289132255e-06,187,1,0
27,27,15,0,0,1,9.03207778930664,"[0.0, 9.03207778930664]",9.03207778930664,8.571428571428571,9.03207778930664,3.26666666666666,0,1,0,79.28147564828396,9.03207778930664e-06,196,1,0
27,28,16,0,0,1,9.023925236293248,"[0.0, 9.023925236293248]",9.023925236293248,8.571428571428571,9.023925236293248,3.299999999999993,0,1,0,79.42581081390381,9.023925236293248e-06,198,1,0
27,29,49,0,0,1,8.9901978628976,"[0.0, 8.9901978628976]",8.9901978628976,8.571428571428571,8.9901978628976,3.299999999999993,0,1,0,79.28255216777325,8.9901978628976e-06,198,1,0
27,30,62,0,0,1,8.962827410016741,"[0.0, 8.962827410016741]",8.962827410016741,8.571428571428571,8.962827410016741,3.1166666666666605,0,1,0,79.35104873776436,8.962827410016741e-06,187,1,0
27,31,57,0,0,1,8.911021096365793,"[0.0, 8.911021096365793]",8.911021096365793,8.571428571428571,8.911021096365793,3.099999999999994,0,1,0,78.6789320409298,8.911021096365794e-06,186,1,0
27,32,22,0,0,1,8.894904000418528,"[0.0, 8.894904000418528]",8.894904000418528,8.571428571428571,8.894904000418528,3.1166666666666605,0,1,0,79.13877250254154,8.894904000418529e-06,187,1,0
27,33,18,0,0,0,8.891419001988002,"[0.0, 8.891419001988002]",8.891419001988002,8.571428571428571,8.891419001988002,3.099999999999994,0,1,0,78.67896735668182,8.891419001988001e-06,186,1,0
27,34,21,0,0,0,8.887293679373604,"[0.0, 8.887293679373604]",8.887293679373604,8.571428571428571,8.887293679373604,3.1166666666666605,0,1,0,79.35140393674374,8.887293679373603e-06,187,1,0
27,35,11,0,0,0,8.832272120884486,"[0.0, 8.832272120884486]",8.832272120884486,8.571428571428571,8.832272120884486,3.099999999999994,0,1,0,78.67894530296326,8.832272120884487e-06,186,1,0
27,36,45,0,0,0,8.801501137869698,"[0.0, 8.801501137869698]",8.801501137869698,8.571428571428571,8.801501137869698,3.3333333333333264,0,1,0,78.60255642235279,8.801501137869698e-06,200,1,0
27,37,53,0,0,0,8.794664655412946,"[0.0, 8.794664655412946]",8.794664655412946,8.571428571428571,8.794664655412946,3.099999999999994,0,1,0,78.67916202545166,8.794664655412946e-06,186,1,0
27,38,58,0,0,0,8.792751857212613,"[0.0, 8.792751857212613]",8.792751857212613,8.571428571428571,8.792751857212613,3.099999999999994,0,1,0,78.67954328656197,8.792751857212612e-06,186,1,0
27,39,27,0,0,0,8.760316031319755,"[0.0, 8.760316031319755]",8.760316031319755,8.571428571428571,8.760316031319755,3.099999999999994,0,1,0,78.67909352481365,8.760316031319755e-06,186,1,0
27,40,61,0,0,0,8.595164162772043,"[0.0, 8.595164162772043]",8.595164162772043,8.571428571428571,8.595164162772043,3.0666666666666607,0,1,0,77.34140819311142,8.595164162772043e-06,184,1,0
27,41,34,0,0,0,8.58931405203683,"[0.0, 8.58931405203683]",8.58931405203683,8.571428571428571,8.58931405203683,3.0833333333333273,0,1,0,77.89195191860199,8.58931405203683e-06,185,1,0
27,42,43,0,0,0,8.556368691580635,"[0.0, 8.556368691580635]",8.556368691580635,5.714285714285714,8.556368691580635,4.783333333333322,0,1,0,78.00542612373829,8.556368691580635e-06,287,1,0
27,43,9,0,0,0,8.549728393554688,"[0.0, 8.549728393554688]",8.549728393554688,5.714285714285714,8.549728393554688,3.133333333333327,0,1,0,77.97142665088177,8.549728393554688e-06,188,1,0
27,44,36,0,0,0,8.442516326904297,"[0.0, 8.442516326904297]",8.442516326904297,5.714285714285714,8.442516326904297,3.26666666666666,0,1,0,77.3027940839529,8.442516326904297e-06,196,1,0
27,45,26,0,0,0,8.307301657540457,"[0.0, 8.307301657540457]",8.307301657540457,5.714285714285714,8.307301657540457,3.049999999999994,0,1,0,76.67599542438984,8.307301657540456e-06,183,1,0
27,46,20,0,0,0,8.04199491228376,"[0.0, 8.04199491228376]",8.04199491228376,5.714285714285714,8.04199491228376,3.0333333333333274,0,1,0,76.01240013539791,8.04199491228376e-06,182,1,0
27,47,17,0,0,0,7.950292314801898,"[0.0, 7.950292314801898]",7.950292314801898,5.714285714285714,7.950292314801898,3.016666666666661,0,1,0,75.3521219342947,7.950292314801898e-06,181,1,0
27,48,42,0,0,0,7.767628261021205,"[0.0, 7.767628261021205]",7.767628261021205,5.714285714285714,7.767628261021205,4.716666666666655,0,1,0,74.27423052489758,7.767628261021205e-06,283,1,0
27,49,14,0,0,0,7.142857142857142,"[0.0, 7.142857142857142]",7.142857142857142,5.714285714285714,7.142857142857142,2.799999999999995,0,1,0,65.72798426449299,7.142857142857143e-06,168,1,0
27,50,12,0,0,0,6.332157679966517,"[0.0, 6.332157679966517]",6.332157679966517,5.714285714285714,6.332157679966517,2.499999999999996,0,1,0,56.04330933094025,6.3321576799665176e-06,150,1,0
27,51,10,0,0,0,5.720351082938057,"[0.0, 5.720351082938057]",5.720351082938057,5.714285714285714,5.720351082938057,2.3166666666666633,0,1,0,49.758593901991844,5.720351082938057e-06,139,1,0
27,52,23,0,0,0,5.366407121930804,"[0.0, 5.366407121930804]",5.366407121930804,2.857142857142857,5.366407121930804,2.199999999999997,0,1,0,45.92050401866436,5.3664071219308035e-06,132,1,0
27,53,44,0,0,0,5.28942653111049,"[0.0, 5.28942653111049]",5.28942653111049,2.857142857142857,5.28942653111049,3.8333333333333246,0,1,0,45.062179345230106,5.289426531110491e-06,230,1,0
27,54,8,0,0,0,5.257791791643415,"[0.0, 5.257791791643415]",5.257791791643415,2.857142857142857,5.257791791643415,2.166666666666664,0,1,0,44.84675559401512,5.257791791643415e-06,130,1,0
27,55,37,0,0,0,5.1981081281389505,"[0.0, 5.1981081281389505]",5.1981081281389505,2.857142857142857,5.1981081281389505,2.1499999999999972,0,1,0,44.313848212361336,5.198108128138951e-06,129,1,0
27,56,13,0,0,0,5.1131984165736615,"[0.0, 5.1131984165736615]",5.1131984165736615,2.857142857142857,5.1131984165736615,2.116666666666664,0,1,0,43.25626155734062,5.113198416573661e-06,127,1,0
27,57,29,0,0,0,5.018893650599889,"[0.0, 5.018893650599889]",5.018893650599889,2.857142857142857,5.018893650599889,2.083333333333331,0,1,0,42.208878979086876,5.018893650599889e-06,125,1,0
27,58,56,0,0,0,5.0106321062360495,"[0.0, 5.0106321062360495]",5.0106321062360495,2.857142857142857,5.0106321062360495,2.0999999999999974,0,1,0,42.247711315751076,5.01063210623605e-06,126,1,0
27,59,46,0,0,0,4.977738516671317,"[0.0, 4.977738516671317]",4.977738516671317,2.857142857142857,4.977738516671317,2.066666666666664,0,1,0,41.689489871263504,4.977738516671317e-06,124,1,0
27,60,52,0,0,0,4.960147312709264,"[0.0, 4.960147312709264]",4.960147312709264,2.857142857142857,4.960147312709264,2.066666666666664,0,1,0,41.68942165374756,4.960147312709264e-06,124,1,0
27,61,25,0,0,0,4.533963884626116,"[0.0, 4.533963884626116]",4.533963884626116,2.857142857142857,4.533963884626116,1.9166666666666647,0,1,0,37.13323795795441,4.5339638846261166e-06,115,1,0
27,62,48,0,0,0,2.1118763514927457,"[0.0, 2.1118763514927457]",2.1118763514927457,0.0,2.1118763514927457,5.016666666666654,0,1,0,7.705627858638763,2.1118763514927457e-06,301,1,0
27,63,63,0,0,0,2.1077728271484375,"[0.0, 2.1077728271484375]",2.1077728271484375,0.0,2.1077728271484375,5.016666666666654,0,1,0,7.705760024415213,2.1077728271484376e-06,301,1,0
27,64,30,0,0,0,1.8757029942103796,"[0.0, 1.8757029942103796]",1.8757029942103796,0.0,1.8757029942103796,5.016666666666654,0,1,0,5.175176707969513,1.8757029942103796e-06,301,1,0
28,1,20,0,1,1,9.973997388567243,"[0.0, 9.973997388567243]",9.973997388567243,8.571428571428571,9.973997388567243,5.28333333333332,0,1,0,84.50228805840015,9.973997388567244e-06,317,1,0
28,2,0,0,1,1,9.786267961774552,"[0.0, 9.786267961774552]",9.786267961774552,8.571428571428571,9.786267961774552,8.466666666666667,0,1,0,85.24319521477446,9.786267961774552e-06,508,1,0
28,3,1,0,1,1,9.764690399169922,"[0.0, 9.764690399169922]",9.764690399169922,8.571428571428571,9.764690399169922,3.1999999999999935,0,1,0,82.74645590782166,9.764690399169922e-06,192,1,0
28,4,2,0,1,1,9.750497000558035,"[0.0, 9.750497000558035]",9.750497000558035,8.571428571428571,9.750497000558035,3.1999999999999935,0,1,0,82.74618946015835,9.750497000558035e-06,192,1,0
28,5,3,0,1,1,9.736240931919642,"[0.0, 9.736240931919642]",9.736240931919642,8.571428571428571,9.736240931919642,6.183333333333317,0,1,0,82.92309748381376,9.736240931919643e-06,371,1,0
28,6,4,0,1,1,9.732627868652344,"[0.0, 9.732627868652344]",9.732627868652344,8.571428571428571,9.732627868652344,5.199999999999987,0,1,0,82.78314466774464,9.732627868652343e-06,312,1,0
28,7,5,0,1,1,9.728385380336217,"[0.0, 9.728385380336217]",9.728385380336217,8.571428571428571,9.728385380336217,3.1999999999999935,0,1,0,82.7466474622488,9.728385380336217e-06,192,1,0
28,8,6,0,1,1,9.668587275913783,"[0.0, 9.668587275913783]",9.668587275913783,8.571428571428571,9.668587275913783,3.1999999999999935,0,1,0,82.74678865075111,9.668587275913783e-06,192,1,0
28,9,7,0,0,1,9.665562765938896,"[0.0, 9.665562765938896]",9.665562765938896,8.571428571428571,9.665562765938896,3.183333333333327,0,1,0,82.0631161481142,9.665562765938896e-06,191,1,0
28,10,54,0,0,1,9.633587428501674,"[0.0, 9.633587428501674]",9.633587428501674,8.571428571428571,9.633587428501674,3.183333333333327,0,1,0,82.06319363415241,9.633587428501674e-06,191,1,0
28,11,47,0,0,1,9.61367198399135,"[0.0, 9.61367198399135]",9.61367198399135,8.571428571428571,9.61367198399135,3.183333333333327,0,1,0,82.06308349967003,9.613671983991351e-06,191,1,0
28,12,9,0,0,1,9.607361384800502,"[0.0, 9.607361384800502]",9.607361384800502,8.571428571428571,9.607361384800502,3.183333333333327,0,1,0,82.06270045042038,9.607361384800502e-06,191,1,0
28,13,58,0,0,1,9.598977225167411,"[0.0, 9.598977225167411]",9.598977225167411,8.571428571428571,9.598977225167411,3.183333333333327,0,1,0,82.06262384355068,9.598977225167412e-06,191,1,0
28,14,35,0,0,1,9.588118961879186,"[0.0, 9.588118961879186]",9.588118961879186,8.571428571428571,9.588118961879186,3.183333333333327,0,1,0,82.06337334215641,9.588118961879187e-06,191,1,0
28,15,19,0,0,1,9.500296456473215,"[0.0, 9.500296456473215]",9.500296456473215,8.571428571428571,9.500296456473215,3.1666666666666603,0,1,0,81.38224603235722,9.500296456473215e-06,190,1,0
28,16,33,0,0,1,9.454479217529297,"[0.0, 9.454479217529297]",9.454479217529297,8.571428571428571,9.454479217529297,3.1666666666666603,0,1,0,81.38185530900955,9.454479217529298e-06,190,1,0
28,17,46,0,0,1,9.110614231654576,"[0.0, 9.110614231654576]",9.110614231654576,8.571428571428571,9.110614231654576,3.1166666666666605,0,1,0,79.35109469294548,9.110614231654577e-06,187,1,0
28,18,38,0,0,1,9.094126565115793,"[0.0, 9.094126565115793]",9.094126565115793,8.571428571428571,9.094126565115793,3.1166666666666605,0,1,0,79.35152558982372,9.094126565115794e-06,187,1,0
28,19,45,0,0,1,9.085102081298828,"[0.0, 9.085102081298828]",9.085102081298828,8.571428571428571,9.085102081298828,3.133333333333327,0,1,0,80.02594189345837,9.085102081298828e-06,188,1,0
28,20,30,0,0,1,9.07067162649972,"[0.0, 9.07067162649972]",9.07067162649972,8.571428571428571,9.07067162649972,3.1166666666666605,0,1,0,79.3513243496418,9.07067162649972e-06,187,1,0
28,21,36,0,0,1,9.036669049944196,"[0.0, 9.036669049944196]",9.036669049944196,8.571428571428571,9.036669049944196,3.1166666666666605,0,1,0,79.3511521667242,9.036669049944196e-06,187,1,0
28,22,11,0,0,1,9.033827100481307,"[0.0, 9.033827100481307]",9.033827100481307,8.571428571428571,9.033827100481307,3.1166666666666605,0,1,0,79.35136185586452,9.033827100481308e-06,187,1,0
28,23,28,0,0,1,9.009268624441964,"[0.0, 9.009268624441964]",9.009268624441964,8.571428571428571,9.009268624441964,3.1166666666666605,0,1,0,79.35136534273624,9.009268624441963e-06,187,1,0
28,24,48,0,0,1,8.978900909423828,"[0.0, 8.978900909423828]",8.978900909423828,8.571428571428571,8.978900909423828,3.133333333333327,0,1,0,78.93393760919571,8.978900909423829e-06,188,1,0
28,25,62,0,0,1,8.923704964773997,"[0.0, 8.923704964773997]",8.923704964773997,8.571428571428571,8.923704964773997,3.1166666666666605,0,1,0,79.35095988214016,8.923704964773996e-06,187,1,0
28,26,59,0,0,1,8.797389439174106,"[0.0, 8.797389439174106]",8.797389439174106,8.571428571428571,8.797389439174106,3.2833333333333266,0,1,0,78.43446403741837,8.797389439174106e-06,197,1,0
28,27,49,0,0,1,8.779111589704241,"[0.0, 8.779111589704241]",8.779111589704241,8.571428571428571,8.779111589704241,3.299999999999993,0,1,0,78.14334315061569,8.779111589704242e-06,198,1,0
28,28,42,0,0,1,8.770310538155691,"[0.0, 8.770310538155691]",8.770310538155691,8.571428571428571,8.770310538155691,3.099999999999994,0,1,0,78.67908219993114,8.77031053815569e-06,186,1,0
28,29,12,0,0,1,8.763705662318639,"[0.0, 8.763705662318639]",8.763705662318639,8.571428571428571,8.763705662318639,3.099999999999994,0,1,0,78.67919972538948,8.763705662318639e-06,186,1,0
28,30,34,0,0,1,8.680926731654576,"[0.0, 8.680926731654576]",8.680926731654576,8.571428571428571,8.680926731654576,3.0833333333333273,0,1,0,78.00912536680698,8.680926731654576e-06,185,1,0
28,31,8,0,0,1,8.458736964634486,"[0.0, 8.458736964634486]",8.458736964634486,5.714285714285714,8.458736964634486,3.0666666666666607,0,1,0,77.34139640629292,8.458736964634486e-06,184,1,0
28,32,43,0,0,1,8.45494134085519,"[0.0, 8.45494134085519]",8.45494134085519,5.714285714285714,8.45494134085519,3.0666666666666607,0,1,0,77.34134167432785,8.454941340855189e-06,184,1,0
28,33,15,0,0,0,8.120247977120536,"[0.0, 8.120247977120536]",8.120247977120536,5.714285714285714,8.120247977120536,3.0333333333333274,0,1,0,76.01253373920918,8.120247977120536e-06,182,1,0
28,34,16,0,0,0,7.920385088239397,"[0.0, 7.920385088239397]",7.920385088239397,5.714285714285714,7.920385088239397,3.016666666666661,0,1,0,75.35214725136757,7.920385088239397e-06,181,1,0
28,35,32,0,0,0,7.757938929966518,"[0.0, 7.757938929966518]",7.757938929966518,5.714285714285714,7.757938929966518,2.9999999999999942,0,1,0,74.69335642457008,7.757938929966519e-06,180,1,0
28,36,63,0,0,0,7.734622955322265,"[0.0, 7.734622955322265]",7.734622955322265,5.714285714285714,7.734622955322265,3.1666666666666603,0,1,0,74.21988087892532,7.734622955322265e-06,190,1,0
28,37,55,0,0,0,7.142857142857142,"[0.0, 7.142857142857142]",7.142857142857142,5.714285714285714,7.142857142857142,2.749999999999995,0,1,0,65.09827433526516,7.142857142857143e-06,165,1,0
28,38,13,0,0,0,5.673103332519531,"[0.0, 5.673103332519531]",5.673103332519531,2.857142857142857,5.673103332519531,2.2999999999999967,0,1,0,49.20274971425533,5.673103332519532e-06,138,1,0
28,39,57,0,0,0,5.659773690359933,"[0.0, 5.659773690359933]",5.659773690359933,2.857142857142857,5.659773690359933,3.383333333333326,0,1,0,49.246743246912956,5.659773690359933e-06,203,1,0
28,40,56,0,0,0,5.61323983328683,"[0.0, 5.61323983328683]",5.61323983328683,2.857142857142857,5.61323983328683,2.28333333333333,0,1,0,48.63956645131111,5.61323983328683e-06,137,1,0
28,41,21,0,0,0,5.612989153180804,"[0.0, 5.612989153180804]",5.612989153180804,2.857142857142857,5.612989153180804,2.28333333333333,0,1,0,48.64925004541874,5.612989153180804e-06,137,1,0
28,42,50,0,0,0,5.510749816894531,"[0.0, 5.510749816894531]",5.510749816894531,2.857142857142857,5.510749816894531,2.249999999999997,0,1,0,47.54958663880825,5.510749816894531e-06,135,1,0
28,43,60,0,0,0,5.509044102260044,"[0.0, 5.509044102260044]",5.509044102260044,2.857142857142857,5.509044102260044,2.249999999999997,0,1,0,47.54957802593708,5.509044102260044e-06,135,1,0
28,44,25,0,0,0,5.463245936802456,"[0.0, 5.463245936802456]",5.463245936802456,2.857142857142857,5.463245936802456,2.2333333333333303,0,1,0,47.00403495132923,5.4632459368024555e-06,134,1,0
28,45,18,0,0,0,5.411867414202009,"[0.0, 5.411867414202009]",5.411867414202009,2.857142857142857,5.411867414202009,2.2166666666666637,0,1,0,46.46064780652523,5.4118674142020084e-06,133,1,0
28,46,26,0,0,0,5.361213684082031,"[0.0, 5.361213684082031]",5.361213684082031,2.857142857142857,5.361213684082031,2.199999999999997,0,1,0,45.919807061553,5.3612136840820314e-06,132,1,0
28,47,40,0,0,0,5.266282217843192,"[0.0, 5.266282217843192]",5.266282217843192,2.857142857142857,5.266282217843192,2.166666666666664,0,1,0,44.8467343300581,5.266282217843192e-06,130,1,0
28,48,23,0,0,0,5.263241359165736,"[0.0, 5.263241359165736]",5.263241359165736,2.857142857142857,5.263241359165736,2.166666666666664,0,1,0,44.84662960469723,5.263241359165736e-06,130,1,0
28,49,14,0,0,0,5.214811052594866,"[0.0, 5.214811052594866]",5.214811052594866,2.857142857142857,5.214811052594866,2.1499999999999972,0,1,0,44.314028188586235,5.2148110525948665e-06,129,1,0
28,50,24,0,0,0,5.11908939906529,"[0.0, 5.11908939906529]",5.11908939906529,2.857142857142857,5.11908939906529,2.116666666666664,0,1,0,43.25610725581646,5.11908939906529e-06,127,1,0
28,51,37,0,0,0,5.119024004255023,"[0.0, 5.119024004255023]",5.119024004255023,2.857142857142857,5.119024004255023,2.116666666666664,0,1,0,43.25597433745861,5.119024004255023e-06,127,1,0
28,52,31,0,0,0,5.090054103306361,"[0.0, 5.090054103306361]",5.090054103306361,2.857142857142857,5.090054103306361,3.21666666666666,0,1,0,43.15336833149195,5.0900541033063615e-06,193,1,0
28,53,17,0,0,0,5.069029671805246,"[0.0, 5.069029671805246]",5.069029671805246,2.857142857142857,5.069029671805246,2.0999999999999974,0,1,0,42.73130589723587,5.069029671805245e-06,126,1,0
28,54,29,0,0,0,4.976795741489956,"[0.0, 4.976795741489956]",4.976795741489956,2.857142857142857,4.976795741489956,2.066666666666664,0,1,0,41.689428210258484,4.976795741489956e-06,124,1,0
28,55,27,0,0,0,4.8185239519391745,"[0.0, 4.8185239519391745]",4.8185239519391745,2.857142857142857,4.8185239519391745,2.0166666666666644,0,1,0,40.14650450646877,4.818523951939175e-06,121,1,0
28,56,61,0,0,0,4.769674028669084,"[0.0, 4.769674028669084]",4.769674028669084,2.857142857142857,4.769674028669084,1.9999999999999978,0,1,0,39.63734693825245,4.7696740286690845e-06,120,1,0
28,57,51,0,0,0,4.673712594168527,"[0.0, 4.673712594168527]",4.673712594168527,2.857142857142857,4.673712594168527,1.9666666666666646,0,1,0,38.627719447016716,4.673712594168527e-06,118,1,0
28,58,52,0,0,0,4.619598388671875,"[0.0, 4.619598388671875]",4.619598388671875,2.857142857142857,4.619598388671875,1.949999999999998,0,1,0,38.126427069306374,4.619598388671875e-06,117,1,0
28,59,22,0,0,0,4.388776506696428,"[0.0, 4.388776506696428]",4.388776506696428,2.857142857142857,4.388776506696428,1.866666666666665,0,1,0,35.66257241368294,4.388776506696428e-06,112,1,0
28,60,44,0,0,0,2.134944370814732,"[0.0, 2.134944370814732]",2.134944370814732,0.0,2.134944370814732,5.016666666666654,0,1,0,7.980362590511504,2.134944370814732e-06,301,1,0
28,61,53,0,0,0,2.108475821358817,"[0.0, 2.108475821358817]",2.108475821358817,0.0,2.108475821358817,5.016666666666654,0,1,0,7.706340057397028,2.1084758213588168e-06,301,1,0
28,62,41,0,0,0,2.1068464006696432,"[0.0, 2.1068464006696432]",2.1068464006696432,0.0,2.1068464006696432,5.016666666666654,0,1,0,7.705340961241745,2.106846400669643e-06,301,1,0
28,63,39,0,0,0,2.1051570347377235,"[0.0, 2.1051570347377235]",2.1051570347377235,0.0,2.1051570347377235,5.016666666666654,0,1,0,7.706027554078901,2.1051570347377237e-06,301,1,0
28,64,10,0,0,0,2.102911812918527,"[0.0, 2.102911812918527]",2.102911812918527,0.0,2.102911812918527,5.016666666666654,0,1,0,7.705665693189076,2.102911812918527e-06,301,1,0
29,1,0,0,1,1,9.973997388567243,"[0.0, 9.973997388567243]",9.973997388567243,8.571428571428571,9.973997388567243,5.28333333333332,0,1,0,84.50228805840015,9.973997388567244e-06,317,1,0
29,2,1,0,1,1,9.786267961774552,"[0.0, 9.786267961774552]",9.786267961774552,8.571428571428571,9.786267961774552,8.466666666666667,0,1,0,85.24319521477446,9.786267961774552e-06,508,1,0
29,3,2,0,1,1,9.764690399169922,"[0.0, 9.764690399169922]",9.764690399169922,8.571428571428571,9.764690399169922,3.1999999999999935,0,1,0,82.74645590782166,9.764690399169922e-06,192,1,0
29,4,3,0,1,1,9.750497000558035,"[0.0, 9.750497000558035]",9.750497000558035,8.571428571428571,9.750497000558035,3.1999999999999935,0,1,0,82.74618946015835,9.750497000558035e-06,192,1,0
29,5,4,0,1,1,9.736240931919642,"[0.0, 9.736240931919642]",9.736240931919642,8.571428571428571,9.736240931919642,6.183333333333317,0,1,0,82.92309748381376,9.736240931919643e-06,371,1,0
29,6,5,0,1,1,9.732627868652344,"[0.0, 9.732627868652344]",9.732627868652344,8.571428571428571,9.732627868652344,5.199999999999987,0,1,0,82.78314466774464,9.732627868652343e-06,312,1,0
29,7,6,0,1,1,9.728385380336217,"[0.0, 9.728385380336217]",9.728385380336217,8.571428571428571,9.728385380336217,3.1999999999999935,0,1,0,82.7466474622488,9.728385380336217e-06,192,1,0
29,8,7,0,1,1,9.668587275913783,"[0.0, 9.668587275913783]",9.668587275913783,8.571428571428571,9.668587275913783,3.1999999999999935,0,1,0,82.74678865075111,9.668587275913783e-06,192,1,0
29,9,59,0,0,1,9.430127825055804,"[0.0, 9.430127825055804]",9.430127825055804,8.571428571428571,9.430127825055804,3.1666666666666603,0,1,0,81.38136701285839,9.430127825055804e-06,190,1,0
29,10,11,0,0,1,9.365795680454799,"[0.0, 9.365795680454799]",9.365795680454799,8.571428571428571,9.365795680454799,3.1499999999999937,0,1,0,80.70259107649326,9.365795680454798e-06,189,1,0
29,11,23,0,0,1,9.361425127301898,"[0.0, 9.361425127301898]",9.361425127301898,8.571428571428571,9.361425127301898,3.1499999999999937,0,1,0,80.70278587937355,9.361425127301898e-06,189,1,0
29,12,31,0,0,1,9.312926701136998,"[0.0, 9.312926701136998]",9.312926701136998,8.571428571428571,9.312926701136998,3.1499999999999937,0,1,0,80.70254170894623,9.312926701136999e-06,189,1,0
29,13,37,0,0,1,9.30654525756836,"[0.0, 9.30654525756836]",9.30654525756836,8.571428571428571,9.30654525756836,3.1499999999999937,0,1,0,80.70269165933132,9.30654525756836e-06,189,1,0
29,14,43,0,0,1,9.252166748046875,"[0.0, 9.252166748046875]",9.252166748046875,8.571428571428571,9.252166748046875,3.133333333333327,0,1,0,80.02552834153175,9.252166748046874e-06,188,1,0
29,15,29,0,0,1,9.219485691615512,"[0.0, 9.219485691615512]",9.219485691615512,8.571428571428571,9.219485691615512,3.133333333333327,0,1,0,80.02603536844254,9.219485691615513e-06,188,1,0
29,16,45,0,0,1,9.199624742780413,"[0.0, 9.199624742780413]",9.199624742780413,8.571428571428571,9.199624742780413,3.133333333333327,0,1,0,80.02605557441711,9.199624742780413e-06,188,1,0
29,17,48,0,0,1,9.16832515171596,"[0.0, 9.16832515171596]",9.16832515171596,8.571428571428571,9.16832515171596,3.133333333333327,0,1,0,80.02553282678127,9.16832515171596e-06,188,1,0
29,18,22,0,0,1,9.057630811418806,"[0.0, 9.057630811418806]",9.057630811418806,8.571428571428571,9.057630811418806,3.1166666666666605,0,1,0,79.35149504244328,9.057630811418805e-06,187,1,0
29,19,63,0,0,1,9.048881530761719,"[0.0, 9.048881530761719]",9.048881530761719,8.571428571428571,9.048881530761719,3.1166666666666605,0,1,0,79.35121667385101,9.04888153076172e-06,187,1,0
29,20,50,0,0,1,9.025350298200335,"[0.0, 9.025350298200335]",9.025350298200335,8.571428571428571,9.025350298200335,3.299999999999993,0,1,0,79.48296476900578,9.025350298200334e-06,198,1,0
29,21,10,0,0,1,8.975137983049665,"[0.0, 8.975137983049665]",8.975137983049665,8.571428571428571,8.975137983049665,3.099999999999994,0,1,0,78.67909815907478,8.975137983049665e-06,186,1,0
29,22,27,0,0,1,8.883604322160993,"[0.0, 8.883604322160993]",8.883604322160993,8.571428571428571,8.883604322160993,3.1166666666666605,0,1,0,79.35127358138561,8.883604322160992e-06,187,1,0
29,23,46,0,0,1,8.854748862130302,"[0.0, 8.854748862130302]",8.854748862130302,8.571428571428571,8.854748862130302,3.099999999999994,0,1,0,78.67922928929329,8.854748862130301e-06,186,1,0
29,24,47,0,0,1,8.646188463483538,"[0.0, 8.646188463483538]",8.646188463483538,8.571428571428571,8.646188463483538,3.0833333333333273,0,1,0,78.00923559069633,8.646188463483538e-06,185,1,0
29,25,44,0,0,1,8.51715087890625,"[0.0, 8.51715087890625]",8.51715087890625,5.714285714285714,8.51715087890625,3.21666666666666,0,1,0,77.58601298928261,8.51715087890625e-06,193,1,0
29,26,15,0,0,1,8.4696170261928,"[0.0, 8.4696170261928]",8.4696170261928,5.714285714285714,8.4696170261928,3.0666666666666607,0,1,0,77.34157925844193,8.4696170261928e-06,184,1,0
29,27,14,0,0,1,8.21387427193778,"[0.0, 8.21387427193778]",8.21387427193778,5.714285714285714,8.21387427193778,3.6999999999999917,0,1,0,76.4674753844738,8.21387427193778e-06,222,1,0
29,28,39,0,0,1,7.945096152169364,"[0.0, 7.945096152169364]",7.945096152169364,5.714285714285714,7.945096152169364,3.0333333333333274,0,1,0,75.2032679617405,7.945096152169364e-06,182,1,0
29,29,49,0,0,1,7.754331316266741,"[0.0, 7.754331316266741]",7.754331316266741,5.714285714285714,7.754331316266741,2.9999999999999942,0,1,0,74.6938242316246,7.754331316266742e-06,180,1,0
29,30,32,0,0,1,7.701813834054129,"[0.0, 7.701813834054129]",7.701813834054129,5.714285714285714,7.701813834054129,2.9833333333333276,0,1,0,74.0378106534481,7.70181383405413e-06,179,1,0
29,31,12,0,0,1,7.2601100376674115,"[0.0, 7.2601100376674115]",7.2601100376674115,5.714285714285714,7.2601100376674115,4.616666666666656,0,1,0,71.33766701817513,7.260110037667411e-06,277,1,0
29,32,17,0,0,1,7.142857142857142,"[0.0, 7.142857142857142]",7.142857142857142,5.714285714285714,7.142857142857142,2.883333333333328,0,1,0,70.14920867979527,7.142857142857143e-06,173,1,0
29,33,58,0,0,0,5.780149187360491,"[0.0, 5.780149187360491]",5.780149187360491,5.714285714285714,5.780149187360491,3.399999999999993,0,1,0,50.43624171614647,5.780149187360491e-06,204,1,0
29,34,21,0,0,0,5.718176705496652,"[0.0, 5.718176705496652]",5.718176705496652,5.714285714285714,5.718176705496652,2.3166666666666633,0,1,0,49.75872579216957,5.718176705496652e-06,139,1,0
29,35,18,0,0,0,5.6739589146205365,"[0.0, 5.6739589146205365]",5.6739589146205365,2.857142857142857,5.6739589146205365,2.2999999999999967,0,1,0,49.20264694094658,5.673958914620536e-06,138,1,0
29,36,30,0,0,0,5.663839067731584,"[0.0, 5.663839067731584]",5.663839067731584,2.857142857142857,5.663839067731584,2.2999999999999967,0,1,0,49.20283058285713,5.663839067731584e-06,138,1,0
29,37,40,0,0,0,5.656623840332031,"[0.0, 5.656623840332031]",5.656623840332031,2.857142857142857,5.656623840332031,2.2999999999999967,0,1,0,49.20269837975502,5.656623840332031e-06,138,1,0
29,38,34,0,0,0,5.614367893763951,"[0.0, 5.614367893763951]",5.614367893763951,2.857142857142857,5.614367893763951,2.28333333333333,0,1,0,48.64902676641941,5.614367893763951e-06,137,1,0
29,39,25,0,0,0,5.563022068568638,"[0.0, 5.563022068568638]",5.563022068568638,2.857142857142857,5.563022068568638,2.2666666666666635,0,1,0,48.09821309149265,5.563022068568638e-06,136,1,0
29,40,54,0,0,0,5.560248238699777,"[0.0, 5.560248238699777]",5.560248238699777,2.857142857142857,5.560248238699777,2.2666666666666635,0,1,0,48.0985024869442,5.560248238699777e-06,136,1,0
29,41,53,0,0,0,5.51532200404576,"[0.0, 5.51532200404576]",5.51532200404576,2.857142857142857,5.51532200404576,2.249999999999997,0,1,0,47.55011446774006,5.515322004045759e-06,135,1,0
29,42,28,0,0,0,5.515174865722656,"[0.0, 5.515174865722656]",5.515174865722656,2.857142857142857,5.515174865722656,2.249999999999997,0,1,0,47.549672305583954,5.515174865722656e-06,135,1,0
29,43,62,0,0,0,5.50361088344029,"[0.0, 5.50361088344029]",5.50361088344029,2.857142857142857,5.50361088344029,2.249999999999997,0,1,0,47.54956740140915,5.50361088344029e-06,135,1,0
29,44,52,0,0,0,5.463409423828125,"[0.0, 5.463409423828125]",5.463409423828125,2.857142857142857,5.463409423828125,2.2333333333333303,0,1,0,47.00382173061371,5.463409423828125e-06,134,1,0
29,45,19,0,0,0,5.462766374860491,"[0.0, 5.462766374860491]",5.462766374860491,2.857142857142857,5.462766374860491,2.2333333333333303,0,1,0,47.00409670174122,5.462766374860491e-06,134,1,0
29,46,26,0,0,0,5.418782915387835,"[0.0, 5.418782915387835]",5.418782915387835,2.857142857142857,5.418782915387835,2.2166666666666637,0,1,0,46.460667848587036,5.418782915387835e-06,133,1,0
29,47,41,0,0,0,5.411725725446429,"[0.0, 5.411725725446429]",5.411725725446429,2.857142857142857,5.411725725446429,2.2166666666666637,0,1,0,46.460802391171455,5.411725725446429e-06,133,1,0
29,48,61,0,0,0,5.3519984654017865,"[0.0, 5.3519984654017865]",5.3519984654017865,2.857142857142857,5.3519984654017865,2.199999999999997,0,1,0,45.919789761304855,5.351998465401786e-06,132,1,0
29,49,55,0,0,0,5.21653311593192,"[0.0, 5.21653311593192]",5.21653311593192,2.857142857142857,5.21653311593192,2.1499999999999972,0,1,0,44.31388480961323,5.21653311593192e-06,129,1,0
29,50,36,0,0,0,5.206129891531807,"[0.0, 5.206129891531807]",5.206129891531807,2.857142857142857,5.206129891531807,2.1499999999999972,0,1,0,44.31361839175224,5.206129891531807e-06,129,1,0
29,51,42,0,0,0,5.204783848353794,"[0.0, 5.204783848353794]",5.204783848353794,2.857142857142857,5.204783848353794,2.1499999999999972,0,1,0,44.31353183090687,5.204783848353794e-06,129,1,0
29,52,16,0,0,0,5.0142397199358255,"[0.0, 5.0142397199358255]",5.0142397199358255,2.857142857142857,5.0142397199358255,2.083333333333331,0,1,0,42.20887206494808,5.014239719935826e-06,125,1,0
29,53,35,0,0,0,5.012948172433036,"[0.0, 5.012948172433036]",5.012948172433036,2.857142857142857,5.012948172433036,2.083333333333331,0,1,0,42.209072679281235,5.012948172433036e-06,125,1,0
29,54,24,0,0,0,4.915509905133929,"[0.0, 4.915509905133929]",4.915509905133929,2.857142857142857,4.915509905133929,2.0499999999999976,0,1,0,41.17240911722183,4.915509905133929e-06,123,1,0
29,55,13,0,0,0,4.871439252580915,"[0.0, 4.871439252580915]",4.871439252580915,2.857142857142857,4.871439252580915,2.033333333333331,0,1,0,40.65807397663593,4.871439252580915e-06,122,1,0
29,56,51,0,0,0,4.784496852329799,"[0.0, 4.784496852329799]",4.784496852329799,2.857142857142857,4.784496852329799,1.9999999999999978,0,1,0,39.63741692900658,4.784496852329799e-06,120,1,0
29,57,60,0,0,0,4.731178283691406,"[0.0, 4.731178283691406]",4.731178283691406,2.857142857142857,4.731178283691406,1.9833333333333312,0,1,0,39.13140328228474,4.7311782836914065e-06,119,1,0
29,58,38,0,0,0,2.1687589372907365,"[0.0, 2.1687589372907365]",2.1687589372907365,0.0,2.1687589372907365,5.016666666666654,0,1,0,8.351964040506573,2.1687589372907363e-06,301,1,0
29,59,33,0,0,0,2.142557416643415,"[0.0, 2.142557416643415]",2.142557416643415,0.0,2.142557416643415,5.016666666666654,0,1,0,8.142993608671532,2.142557416643415e-06,301,1,0
29,60,8,0,0,0,2.1118000575474327,"[0.0, 2.1118000575474327]",2.1118000575474327,0.0,2.1118000575474327,5.016666666666654,0,1,0,7.705634232872399,2.1118000575474327e-06,301,1,0
29,61,56,0,0,0,2.1113368443080356,"[0.0, 2.1113368443080356]",2.1113368443080356,0.0,2.1113368443080356,5.016666666666654,0,1,0,7.705819697715924,2.1113368443080356e-06,301,1,0
29,62,9,0,0,0,2.1094894409179688,"[0.0, 2.1094894409179688]",2.1094894409179688,0.0,2.1094894409179688,5.016666666666654,0,1,0,7.705738554490381,2.1094894409179687e-06,301,1,0
29,63,20,0,0,0,2.10899897984096,"[0.0, 2.10899897984096]",2.10899897984096,0.0,2.10899897984096,5.016666666666654,0,1,0,7.706141280323209,2.10899897984096e-06,301,1,0
29,64,57,0,0,0,2.1088354928152904,"[0.0, 2.1088354928152904]",2.1088354928152904,0.0,2.1088354928152904,5.016666666666654,0,1,0,7.706195838574786,2.1088354928152904e-06,301,1,0
30,1,0,0,1,1,9.973997388567243,"[0.0, 9.973997388567243]",9.973997388567243,8.571428571428571,9.973997388567243,5.28333333333332,0,1,0,84.50228805840015,9.973997388567244e-06,317,1,0
30,2,1,0,1,1,9.786267961774552,"[0.0, 9.786267961774552]",9.786267961774552,8.571428571428571,9.786267961774552,8.466666666666667,0,1,0,85.24319521477446,9.786267961774552e-06,508,1,0
30,3,2,0,1,1,9.764690399169922,"[0.0, 9.764690399169922]",9.764690399169922,8.571428571428571,9.764690399169922,3.1999999999999935,0,1,0,82.74645590782166,9.764690399169922e-06,192,1,0
30,4,3,0,1,1,9.750497000558035,"[0.0, 9.750497000558035]",9.750497000558035,8.571428571428571,9.750497000558035,3.1999999999999935,0,1,0,82.74618946015835,9.750497000558035e-06,192,1,0
30,5,4,0,1,1,9.736240931919642,"[0.0, 9.736240931919642]",9.736240931919642,8.571428571428571,9.736240931919642,6.183333333333317,0,1,0,82.92309748381376,9.736240931919643e-06,371,1,0
30,6,5,0,1,1,9.732627868652344,"[0.0, 9.732627868652344]",9.732627868652344,8.571428571428571,9.732627868652344,5.199999999999987,0,1,0,82.78314466774464,9.732627868652343e-06,312,1,0
30,7,6,0,1,1,9.728385380336217,"[0.0, 9.728385380336217]",9.728385380336217,8.571428571428571,9.728385380336217,3.1999999999999935,0,1,0,82.7466474622488,9.728385380336217e-06,192,1,0
30,8,42,0,1,1,9.71146992274693,"[0.0, 9.71146992274693]",9.71146992274693,8.571428571428571,9.71146992274693,3.1999999999999935,0,1,0,82.74614195525646,9.71146992274693e-06,192,1,0
30,9,7,0,0,1,9.668587275913783,"[0.0, 9.668587275913783]",9.668587275913783,8.571428571428571,9.668587275913783,3.1999999999999935,0,1,0,82.74678865075111,9.668587275913783e-06,192,1,0
30,10,57,0,0,1,9.64545658656529,"[0.0, 9.64545658656529]",9.64545658656529,8.571428571428571,9.64545658656529,3.183333333333327,0,1,0,82.06370837986469,9.64545658656529e-06,191,1,0
30,11,62,0,0,1,9.573007311139788,"[0.0, 9.573007311139788]",9.573007311139788,8.571428571428571,9.573007311139788,3.183333333333327,0,1,0,82.06281960010529,9.573007311139788e-06,191,1,0
30,12,20,0,0,1,9.451828002929688,"[0.0, 9.451828002929688]",9.451828002929688,8.571428571428571,9.451828002929688,3.1666666666666603,0,1,0,81.3813408613205,9.451828002929687e-06,190,1,0
30,13,53,0,0,1,9.244046892438616,"[0.0, 9.244046892438616]",9.244046892438616,8.571428571428571,9.244046892438616,3.133333333333327,0,1,0,80.0257688909769,9.244046892438617e-06,188,1,0
30,14,8,0,0,1,9.192453111921038,"[0.0, 9.192453111921038]",9.192453111921038,8.571428571428571,9.192453111921038,3.133333333333327,0,1,0,80.02595074474812,9.192453111921039e-06,188,1,0
30,15,61,0,0,1,9.16161400931222,"[0.0, 9.16161400931222]",9.16161400931222,8.571428571428571,9.16161400931222,3.133333333333327,0,1,0,79.73984785377979,9.16161400931222e-06,188,1,0
30,16,36,0,0,1,8.963358742850168,"[0.0, 8.963358742850168]",8.963358742850168,8.571428571428571,8.963358742850168,3.1166666666666605,0,1,0,79.35141243040562,8.963358742850168e-06,187,1,0
30,17,39,0,0,1,8.890634264264788,"[0.0, 8.890634264264788]",8.890634264264788,8.571428571428571,8.890634264264788,3.1166666666666605,0,1,0,79.35109347105026,8.890634264264788e-06,187,1,0
30,18,48,0,0,1,8.821231297084262,"[0.0, 8.821231297084262]",8.821231297084262,8.571428571428571,8.821231297084262,3.099999999999994,0,1,0,78.67909449338913,8.821231297084263e-06,186,1,0
30,19,41,0,0,1,8.748389652797155,"[0.0, 8.748389652797155]",8.748389652797155,8.571428571428571,8.748389652797155,3.0833333333333273,0,1,0,78.00881633162498,8.748389652797155e-06,185,1,0
30,20,14,0,0,1,8.69218281337193,"[0.0, 8.69218281337193]",8.69218281337193,8.571428571428571,8.69218281337193,3.0833333333333273,0,1,0,78.0092258900404,8.692182813371931e-06,185,1,0
30,21,47,0,0,1,8.6892454964774,"[0.0, 8.6892454964774]",8.6892454964774,8.571428571428571,8.6892454964774,3.0833333333333273,0,1,0,78.00943690538406,8.6892454964774e-06,185,1,0
30,22,46,0,0,1,8.676725115094866,"[0.0, 8.676725115094866]",8.676725115094866,8.571428571428571,8.676725115094866,3.1166666666666605,0,1,0,78.05541369318962,8.676725115094867e-06,187,1,0
30,23,58,0,0,1,8.650534493582589,"[0.0, 8.650534493582589]",8.650534493582589,8.571428571428571,8.650534493582589,3.099999999999994,0,1,0,78.10804872214794,8.65053449358259e-06,186,1,0
30,24,35,0,0,1,8.641700744628906,"[0.0, 8.641700744628906]",8.641700744628906,8.571428571428571,8.641700744628906,3.0833333333333273,0,1,0,77.7166855186224,8.641700744628906e-06,185,1,0
30,25,37,0,0,1,8.579213278634208,"[0.0, 8.579213278634208]",8.579213278634208,8.571428571428571,8.579213278634208,3.0833333333333273,0,1,0,78.00929747521877,8.579213278634208e-06,185,1,0
30,26,9,0,0,1,8.495423453194755,"[0.0, 8.495423453194755]",8.495423453194755,5.714285714285714,8.495423453194755,3.0666666666666607,0,1,0,77.34141068160534,8.495423453194756e-06,184,1,0
30,27,30,0,0,1,8.47921371459961,"[0.0, 8.47921371459961]",8.47921371459961,5.714285714285714,8.47921371459961,3.9999999999999907,0,1,0,77.37393414974213,8.47921371459961e-06,240,1,0
30,28,32,0,0,1,8.42054912022182,"[0.0, 8.42054912022182]",8.42054912022182,5.714285714285714,8.42054912022182,3.0666666666666607,0,1,0,77.34134416282177,8.42054912022182e-06,184,1,0
30,29,25,0,0,1,8.332579476492745,"[0.0, 8.332579476492745]",8.332579476492745,5.714285714285714,8.332579476492745,3.0666666666666607,0,1,0,77.34113411605358,8.332579476492745e-06,184,1,0
30,30,34,0,0,1,8.274380820138113,"[0.0, 8.274380820138113]",8.274380820138113,5.714285714285714,8.274380820138113,3.0666666666666607,0,1,0,77.3415510058403,8.274380820138113e-06,184,1,0
30,31,27,0,0,1,8.185116904122488,"[0.0, 8.185116904122488]",8.185116904122488,5.714285714285714,8.185116904122488,3.049999999999994,0,1,0,76.67604120075703,8.185116904122488e-06,183,1,0
30,32,17,0,0,1,8.145185198102677,"[0.0, 8.145185198102677]",8.145185198102677,5.714285714285714,8.145185198102677,3.0333333333333274,0,1,0,76.01319552958012,8.145185198102677e-06,182,1,0
30,33,29,0,0,0,8.142877306256976,"[0.0, 8.142877306256976]",8.142877306256976,5.714285714285714,8.142877306256976,3.0333333333333274,0,1,0,76.01289583742619,8.142877306256976e-06,182,1,0
30,34,60,0,0,0,8.106588636125837,"[0.0, 8.106588636125837]",8.106588636125837,5.714285714285714,8.106588636125837,3.0333333333333274,0,1,0,76.01279498636723,8.106588636125836e-06,182,1,0
30,35,19,0,0,0,8.016891479492188,"[0.0, 8.016891479492188]",8.016891479492188,5.714285714285714,8.016891479492188,3.016666666666661,0,1,0,75.35255032777786,8.016891479492187e-06,181,1,0
30,36,50,0,0,0,8.00173350742885,"[0.0, 8.00173350742885]",8.00173350742885,5.714285714285714,8.00173350742885,3.1999999999999935,0,1,0,75.58869490027428,8.00173350742885e-06,192,1,0
30,37,31,0,0,0,7.990319388253349,"[0.0, 7.990319388253349]",7.990319388253349,5.714285714285714,7.990319388253349,3.0333333333333274,0,1,0,76.01251876354218,7.99031938825335e-06,182,1,0
30,38,24,0,0,0,7.985482897077288,"[0.0, 7.985482897077288]",7.985482897077288,5.714285714285714,7.985482897077288,3.016666666666661,0,1,0,75.35217313468456,7.985482897077288e-06,181,1,0
30,39,11,0,0,0,7.912633078438895,"[0.0, 7.912633078438895]",7.912633078438895,5.714285714285714,7.912633078438895,3.016666666666661,0,1,0,75.35215863585472,7.912633078438895e-06,181,1,0
30,40,54,0,0,0,7.869061061314174,"[0.0, 7.869061061314174]",7.869061061314174,5.714285714285714,7.869061061314174,3.6333333333333253,0,1,0,75.17921860516071,7.869061061314173e-06,218,1,0
30,41,59,0,0,0,7.839568001883371,"[0.0, 7.839568001883371]",7.839568001883371,5.714285714285714,7.839568001883371,3.1166666666666605,0,1,0,74.70794706046581,7.83956800188337e-06,187,1,0
30,42,63,0,0,0,7.478068215506417,"[0.0, 7.478068215506417]",7.478068215506417,5.714285714285714,7.478068215506417,2.9499999999999944,0,1,0,72.73242999613285,7.4780682155064165e-06,177,1,0
30,43,21,0,0,0,7.4355316162109375,"[0.0, 7.4355316162109375]",7.4355316162109375,5.714285714285714,7.4355316162109375,2.9499999999999944,0,1,0,72.73206403851509,7.435531616210937e-06,177,1,0
30,44,51,0,0,0,7.389300210135323,"[0.0, 7.389300210135323]",7.389300210135323,5.714285714285714,7.389300210135323,2.933333333333328,0,1,0,72.08324432373047,7.389300210135323e-06,176,1,0
30,45,10,0,0,0,7.359918866838727,"[0.0, 7.359918866838727]",7.359918866838727,5.714285714285714,7.359918866838727,2.933333333333328,0,1,0,72.08258251845837,7.359918866838727e-06,176,1,0
30,46,44,0,0,0,7.253728594098773,"[0.0, 7.253728594098773]",7.253728594098773,5.714285714285714,7.253728594098773,2.916666666666661,0,1,0,71.43613564968109,7.253728594098772e-06,175,1,0
30,47,18,0,0,0,7.142857142857142,"[0.0, 7.142857142857142]",7.142857142857142,5.714285714285714,7.142857142857142,2.749999999999995,0,1,0,65.09782356023788,7.142857142857143e-06,165,1,0
30,48,16,0,0,0,5.716645377022879,"[0.0, 5.716645377022879]",5.716645377022879,5.714285714285714,5.716645377022879,2.3166666666666633,0,1,0,49.75883446633816,5.716645377022879e-06,139,1,0
30,49,26,0,0,0,5.668373107910156,"[0.0, 5.668373107910156]",5.668373107910156,2.857142857142857,5.668373107910156,2.2999999999999967,0,1,0,49.20278134942055,5.668373107910156e-06,138,1,0
30,50,22,0,0,0,5.6665802001953125,"[0.0, 5.6665802001953125]",5.6665802001953125,2.857142857142857,5.6665802001953125,2.2999999999999967,0,1,0,49.202915236353874,5.6665802001953125e-06,138,1,0
30,51,15,0,0,0,5.652618408203125,"[0.0, 5.652618408203125]",5.652618408203125,2.857142857142857,5.652618408203125,2.2999999999999967,0,1,0,49.202667474746704,5.652618408203125e-06,138,1,0
30,52,12,0,0,0,5.62248774937221,"[0.0, 5.62248774937221]",5.62248774937221,2.857142857142857,5.62248774937221,2.28333333333333,0,1,0,48.64893537759781,5.62248774937221e-06,137,1,0
30,53,55,0,0,0,5.573877607073103,"[0.0, 5.573877607073103]",5.573877607073103,2.857142857142857,5.573877607073103,3.2833333333333266,0,1,0,48.29974840581417,5.573877607073103e-06,197,1,0
30,54,40,0,0,0,5.570640563964844,"[0.0, 5.570640563964844]",5.570640563964844,2.857142857142857,5.570640563964844,2.2666666666666635,0,1,0,48.09803666174412,5.570640563964844e-06,136,1,0
30,55,23,0,0,0,5.260146004813058,"[0.0, 5.260146004813058]",5.260146004813058,2.857142857142857,5.260146004813058,2.166666666666664,0,1,0,44.84668681025505,5.260146004813058e-06,130,1,0
30,56,49,0,0,0,5.154615129743304,"[0.0, 5.154615129743304]",5.154615129743304,2.857142857142857,5.154615129743304,2.1333333333333306,0,1,0,43.784014120697975,5.1546151297433035e-06,128,1,0
30,57,52,0,0,0,5.109165736607143,"[0.0, 5.109165736607143]",5.109165736607143,2.857142857142857,5.109165736607143,2.116666666666664,0,1,0,43.256124421954155,5.109165736607143e-06,127,1,0
30,58,56,0,0,0,4.645521981375558,"[0.0, 4.645521981375558]",4.645521981375558,2.857142857142857,4.645521981375558,8.216666666666654,0,1,0,36.99135023630515,4.645521981375558e-06,493,1,0
30,59,45,0,0,0,4.445582798549108,"[0.0, 4.445582798549108]",4.445582798549108,2.857142857142857,4.445582798549108,1.8833333333333315,0,1,0,36.14985775947571,4.445582798549108e-06,113,1,0
30,60,33,0,0,0,2.1109063284737726,"[0.0, 2.1109063284737726]",2.1109063284737726,0.0,2.1109063284737726,5.016666666666654,0,1,0,7.706074706169602,2.1109063284737727e-06,301,1,0
30,61,28,0,0,0,2.1103123256138394,"[0.0, 2.1103123256138394]",2.1103123256138394,0.0,2.1103123256138394,5.016666666666654,0,1,0,7.706338480951672,2.1103123256138393e-06,301,1,0
30,62,13,0,0,0,2.1069553920200894,"[0.0, 2.1069553920200894]",2.1069553920200894,0.0,2.1069553920200894,5.016666666666654,0,1,0,7.705515707377344,2.1069553920200894e-06,301,1,0
30,63,38,0,0,0,1.875288827078683,"[0.0, 1.875288827078683]",1.875288827078683,0.0,1.875288827078683,5.016666666666654,0,1,0,5.174885812564753,1.8752888270786829e-06,301,1,0
30,64,43,0,0,0,0.8235767909458706,"[0.0, 0.8235767909458706]",0.8235767909458706,0.0,0.8235767909458706,5.016666666666654,0,1,0,19.24927550733264,8.235767909458706e-07,301,1,0
31,1,0,0,1,1,9.973997388567243,"[0.0, 9.973997388567243]",9.973997388567243,8.571428571428571,9.973997388567243,5.28333333333332,0,1,0,84.50228805840015,9.973997388567244e-06,317,1,0
31,2,1,0,1,1,9.786267961774552,"[0.0, 9.786267961774552]",9.786267961774552,8.571428571428571,9.786267961774552,8.466666666666667,0,1,0,85.24319521477446,9.786267961774552e-06,508,1,0
31,3,2,0,1,1,9.764690399169922,"[0.0, 9.764690399169922]",9.764690399169922,8.571428571428571,9.764690399169922,3.1999999999999935,0,1,0,82.74645590782166,9.764690399169922e-06,192,1,0
31,4,3,0,1,1,9.750497000558035,"[0.0, 9.750497000558035]",9.750497000558035,8.571428571428571,9.750497000558035,3.1999999999999935,0,1,0,82.74618946015835,9.750497000558035e-06,192,1,0
31,5,4,0,1,1,9.736240931919642,"[0.0, 9.736240931919642]",9.736240931919642,8.571428571428571,9.736240931919642,6.183333333333317,0,1,0,82.92309748381376,9.736240931919643e-06,371,1,0
31,6,5,0,1,1,9.732627868652344,"[0.0, 9.732627868652344]",9.732627868652344,8.571428571428571,9.732627868652344,5.199999999999987,0,1,0,82.78314466774464,9.732627868652343e-06,312,1,0
31,7,6,0,1,1,9.728385380336217,"[0.0, 9.728385380336217]",9.728385380336217,8.571428571428571,9.728385380336217,3.1999999999999935,0,1,0,82.7466474622488,9.728385380336217e-06,192,1,0
31,8,8,0,1,1,9.725290025983538,"[0.0, 9.725290025983538]",9.725290025983538,8.571428571428571,9.725290025983538,3.1999999999999935,0,1,0,82.747024461627,9.725290025983538e-06,192,1,0
31,9,7,0,0,1,9.71146992274693,"[0.0, 9.71146992274693]",9.71146992274693,8.571428571428571,9.71146992274693,3.1999999999999935,0,1,0,82.74614195525646,9.71146992274693e-06,192,1,0
31,10,38,0,0,1,9.612560272216797,"[0.0, 9.612560272216797]",9.612560272216797,8.571428571428571,9.612560272216797,3.183333333333327,0,1,0,82.06314587593079,9.612560272216796e-06,191,1,0
31,11,40,0,0,1,9.539429800851003,"[0.0, 9.539429800851003]",9.539429800851003,8.571428571428571,9.539429800851003,3.1666666666666603,0,1,0,81.38156981766224,9.539429800851003e-06,190,1,0
31,12,36,0,0,1,9.53380857195173,"[0.0, 9.53380857195173]",9.53380857195173,8.571428571428571,9.53380857195173,3.183333333333327,0,1,0,81.48000384867191,9.533808571951729e-06,191,1,0
31,13,53,0,0,1,9.485370091029575,"[0.0, 9.485370091029575]",9.485370091029575,8.571428571428571,9.485370091029575,3.1666666666666603,0,1,0,81.38131780922413,9.485370091029574e-06,190,1,0
31,14,44,0,0,1,9.390711103166852,"[0.0, 9.390711103166852]",9.390711103166852,8.571428571428571,9.390711103166852,3.1499999999999937,0,1,0,80.70252087712288,9.390711103166853e-06,189,1,0
31,15,13,0,0,1,9.234365735735212,"[0.0, 9.234365735735212]",9.234365735735212,8.571428571428571,9.234365735735212,3.2833333333333266,0,1,0,80.37232095003128,9.234365735735212e-06,197,1,0
31,16,47,0,0,1,9.061298370361328,"[0.0, 9.061298370361328]",9.061298370361328,8.571428571428571,9.061298370361328,3.1166666666666605,0,1,0,79.35109655559063,9.061298370361328e-06,187,1,0
31,17,10,0,0,1,8.993560246058871,"[0.0, 8.993560246058871]",8.993560246058871,8.571428571428571,8.993560246058871,3.1166666666666605,0,1,0,79.35137870907784,8.993560246058872e-06,187,1,0
31,18,23,0,0,1,8.960091727120535,"[0.0, 8.960091727120535]",8.960091727120535,8.571428571428571,8.960091727120535,3.099999999999994,0,1,0,78.67894460260868,8.960091727120535e-06,186,1,0
31,19,61,0,0,1,8.90965325491769,"[0.0, 8.90965325491769]",8.90965325491769,8.571428571428571,8.90965325491769,3.1166666666666605,0,1,0,79.35140873491764,8.90965325491769e-06,187,1,0
31,20,63,0,0,1,8.787967136928014,"[0.0, 8.787967136928014]",8.787967136928014,8.571428571428571,8.787967136928014,3.099999999999994,0,1,0,78.67871476709843,8.787967136928013e-06,186,1,0
31,21,56,0,0,1,8.688569750104632,"[0.0, 8.688569750104632]",8.688569750104632,8.571428571428571,8.688569750104632,3.099999999999994,0,1,0,77.97586537897587,8.688569750104631e-06,186,1,0
31,22,31,0,0,1,8.603940691266741,"[0.0, 8.603940691266741]",8.603940691266741,8.571428571428571,8.603940691266741,3.099999999999994,0,1,0,78.67895421385765,8.603940691266741e-06,186,1,0
31,23,59,0,0,1,8.592774527413505,"[0.0, 8.592774527413505]",8.592774527413505,8.571428571428571,8.592774527413505,3.0833333333333273,0,1,0,78.00866635143757,8.592774527413505e-06,185,1,0
31,24,58,0,0,1,8.584600176130023,"[0.0, 8.584600176130023]",8.584600176130023,8.571428571428571,8.584600176130023,3.0833333333333273,0,1,0,78.00917294621468,8.584600176130023e-06,185,1,0
31,25,33,0,0,1,8.56130599975586,"[0.0, 8.56130599975586]",8.56130599975586,5.714285714285714,8.56130599975586,3.0833333333333273,0,1,0,78.00914391875267,8.56130599975586e-06,185,1,0
31,26,34,0,0,1,8.53736332484654,"[0.0, 8.53736332484654]",8.53736332484654,5.714285714285714,8.53736332484654,3.0666666666666607,0,1,0,77.34142583608627,8.53736332484654e-06,184,1,0
31,27,18,0,0,1,8.534251621791295,"[0.0, 8.534251621791295]",8.534251621791295,5.714285714285714,8.534251621791295,3.0833333333333273,0,1,0,78.00907838344574,8.534251621791296e-06,185,1,0
31,28,45,0,0,1,8.526924678257533,"[0.0, 8.526924678257533]",8.526924678257533,5.714285714285714,8.526924678257533,3.0666666666666607,0,1,0,77.34144814312458,8.526924678257533e-06,184,1,0
31,29,46,0,0,1,8.480712345668248,"[0.0, 8.480712345668248]",8.480712345668248,5.714285714285714,8.480712345668248,3.0666666666666607,0,1,0,77.3415747731924,8.480712345668248e-06,184,1,0
31,30,9,0,0,1,8.444578988211497,"[0.0, 8.444578988211497]",8.444578988211497,5.714285714285714,8.444578988211497,3.0666666666666607,0,1,0,77.3415712416172,8.444578988211497e-06,184,1,0
31,31,14,0,0,1,8.329039982386996,"[0.0, 8.329039982386996]",8.329039982386996,5.714285714285714,8.329039982386996,3.049999999999994,0,1,0,76.6760860979557,8.329039982386997e-06,183,1,0
31,32,51,0,0,1,8.324405125209264,"[0.0, 8.324405125209264]",8.324405125209264,5.714285714285714,8.324405125209264,3.049999999999994,0,1,0,76.67610740661621,8.324405125209264e-06,183,1,0
31,33,25,0,0,0,8.310762132917132,"[0.0, 8.310762132917132]",8.310762132917132,5.714285714285714,8.310762132917132,7.316666666666646,0,1,0,57.63281058441498,8.310762132917131e-06,439,1,0
31,34,11,0,0,0,8.223841530936104,"[0.0, 8.223841530936104]",8.223841530936104,5.714285714285714,8.223841530936104,3.049999999999994,0,1,0,76.67587521672249,8.223841530936104e-06,183,1,0
31,35,16,0,0,0,8.21608134678432,"[0.0, 8.21608134678432]",8.21608134678432,5.714285714285714,8.21608134678432,3.049999999999994,0,1,0,76.67584659159184,8.21608134678432e-06,183,1,0
31,36,24,0,0,0,8.199476514543806,"[0.0, 8.199476514543806]",8.199476514543806,5.714285714285714,8.199476514543806,3.049999999999994,0,1,0,76.67585815489292,8.199476514543805e-06,183,1,0
31,37,37,0,0,0,7.953428540910994,"[0.0, 7.953428540910994]",7.953428540910994,5.714285714285714,7.953428540910994,3.016666666666661,0,1,0,75.35251376032829,7.953428540910994e-06,181,1,0
31,38,41,0,0,0,7.944330487932477,"[0.0, 7.944330487932477]",7.944330487932477,5.714285714285714,7.944330487932477,3.016666666666661,0,1,0,75.35207398235798,7.944330487932477e-06,181,1,0
31,39,55,0,0,0,7.935450417654854,"[0.0, 7.935450417654854]",7.935450417654854,5.714285714285714,7.935450417654854,3.016666666666661,0,1,0,75.35248254239559,7.935450417654854e-06,181,1,0
31,40,20,0,0,0,7.899216243198939,"[0.0, 7.899216243198939]",7.899216243198939,5.714285714285714,7.899216243198939,3.016666666666661,0,1,0,75.3524716347456,7.899216243198939e-06,181,1,0
31,41,52,0,0,0,7.8021648951939175,"[0.0, 7.8021648951939175]",7.8021648951939175,5.714285714285714,7.8021648951939175,7.316666666666646,0,1,0,57.63264153023192,7.802164895193917e-06,439,1,0
31,42,39,0,0,0,7.5009645734514505,"[0.0, 7.5009645734514505]",7.5009645734514505,5.714285714285714,7.5009645734514505,2.9499999999999944,0,1,0,72.73214223980904,7.500964573451451e-06,177,1,0
31,43,12,0,0,0,7.387292044503348,"[0.0, 7.387292044503348]",7.387292044503348,5.714285714285714,7.387292044503348,2.933333333333328,0,1,0,72.08331117033958,7.387292044503348e-06,176,1,0
31,44,30,0,0,0,7.2076007298060825,"[0.0, 7.2076007298060825]",7.2076007298060825,5.714285714285714,7.2076007298060825,2.8999999999999946,0,1,0,70.79172560572624,7.207600729806082e-06,174,1,0
31,45,19,0,0,0,5.725969587053571,"[0.0, 5.725969587053571]",5.725969587053571,5.714285714285714,5.725969587053571,2.3166666666666633,0,1,0,49.75876200199127,5.725969587053571e-06,139,1,0
31,46,49,0,0,0,5.715675354003906,"[0.0, 5.715675354003906]",5.715675354003906,5.714285714285714,5.715675354003906,2.3166666666666633,0,1,0,49.75897990167141,5.715675354003906e-06,139,1,0
31,47,21,0,0,0,5.670313153948102,"[0.0, 5.670313153948102]",5.670313153948102,2.857142857142857,5.670313153948102,2.2999999999999967,0,1,0,49.20275704562664,5.670313153948102e-06,138,1,0
31,48,28,0,0,0,5.607174464634487,"[0.0, 5.607174464634487]",5.607174464634487,2.857142857142857,5.607174464634487,2.28333333333333,0,1,0,48.64907495677471,5.607174464634487e-06,137,1,0
31,49,57,0,0,0,5.57220458984375,"[0.0, 5.57220458984375]",5.57220458984375,2.857142857142857,5.57220458984375,2.2666666666666635,0,1,0,48.09822152554989,5.57220458984375e-06,136,1,0
31,50,48,0,0,0,5.55950709751674,"[0.0, 5.55950709751674]",5.55950709751674,2.857142857142857,5.55950709751674,2.2666666666666635,0,1,0,48.09844985604286,5.559507097516741e-06,136,1,0
31,51,17,0,0,0,5.505076817103795,"[0.0, 5.505076817103795]",5.505076817103795,2.857142857142857,5.505076817103795,3.1999999999999935,0,1,0,47.5416452139616,5.5050768171037955e-06,192,1,0
31,52,26,0,0,0,5.313219342912946,"[0.0, 5.313219342912946]",5.313219342912946,2.857142857142857,5.313219342912946,2.1833333333333305,0,1,0,45.38186013698578,5.313219342912946e-06,131,1,0
31,53,27,0,0,0,5.208113534109933,"[0.0, 5.208113534109933]",5.208113534109933,2.857142857142857,5.208113534109933,2.1499999999999972,0,1,0,44.313648760318756,5.208113534109933e-06,129,1,0
31,54,29,0,0,0,5.144124712262835,"[0.0, 5.144124712262835]",5.144124712262835,2.857142857142857,5.144124712262835,3.4666666666666592,0,1,0,43.78482220321894,5.1441247122628355e-06,208,1,0
31,55,15,0,0,0,4.905815124511719,"[0.0, 4.905815124511719]",4.905815124511719,2.857142857142857,4.905815124511719,2.0499999999999976,0,1,0,41.1726408302784,4.905815124511719e-06,123,1,0
31,56,42,0,0,0,4.7632598876953125,"[0.0, 4.7632598876953125]",4.7632598876953125,2.857142857142857,4.7632598876953125,1.9999999999999978,0,1,0,39.637514531612396,4.763259887695313e-06,120,1,0
31,57,43,0,0,0,4.747161865234375,"[0.0, 4.747161865234375]",4.747161865234375,2.857142857142857,4.747161865234375,3.6999999999999917,0,1,0,39.163936952129006,4.747161865234375e-06,222,1,0
31,58,54,0,0,0,4.70930916922433,"[0.0, 4.70930916922433]",4.70930916922433,2.857142857142857,4.70930916922433,2.4333333333333296,0,1,0,39.05795042216778,4.7093091692243296e-06,146,1,0
31,59,60,0,0,0,4.493397303989955,"[0.0, 4.493397303989955]",4.493397303989955,2.857142857142857,4.493397303989955,1.8999999999999981,0,1,0,36.64006292819977,4.493397303989955e-06,114,1,0
31,60,62,0,0,0,2.1841703142438615,"[0.0, 2.1841703142438615]",2.1841703142438615,0.0,2.1841703142438615,5.016666666666654,0,1,0,8.540103645842464,2.1841703142438615e-06,301,1,0
31,61,35,0,0,0,2.1425410679408485,"[0.0, 2.1425410679408485]",2.1425410679408485,0.0,2.1425410679408485,5.016666666666654,0,1,0,8.099812109299819,2.1425410679408484e-06,301,1,0
31,62,32,0,0,0,2.110988071986607,"[0.0, 2.110988071986607]",2.110988071986607,0.0,2.110988071986607,5.016666666666654,0,1,0,7.705650360119762,2.1109880719866073e-06,301,1,0
31,63,50,0,0,0,2.1102196829659596,"[0.0, 2.1102196829659596]",2.1102196829659596,0.0,2.1102196829659596,5.016666666666654,0,1,0,7.706267056208162,2.1102196829659595e-06,301,1,0
31,64,22,0,0,0,2.1080616542271207,"[0.0, 2.1080616542271207]",2.1080616542271207,0.0,2.1080616542271207,5.016666666666654,0,1,0,7.705829468584852,2.1080616542271207e-06,301,1,0
32,1,0,0,1,1,9.973997388567243,"[0.0, 9.973997388567243]",9.973997388567243,8.571428571428571,9.973997388567243,5.28333333333332,0,1,0,84.50228805840015,9.973997388567244e-06,317,1,0
32,2,1,0,1,1,9.786267961774552,"[0.0, 9.786267961774552]",9.786267961774552,8.571428571428571,9.786267961774552,8.466666666666667,0,1,0,85.24319521477446,9.786267961774552e-06,508,1,0
32,3,2,0,1,1,9.764690399169922,"[0.0, 9.764690399169922]",9.764690399169922,8.571428571428571,9.764690399169922,3.1999999999999935,0,1,0,82.74645590782166,9.764690399169922e-06,192,1,0
32,4,3,0,1,1,9.750497000558035,"[0.0, 9.750497000558035]",9.750497000558035,8.571428571428571,9.750497000558035,3.1999999999999935,0,1,0,82.74618946015835,9.750497000558035e-06,192,1,0
32,5,4,0,1,1,9.736240931919642,"[0.0, 9.736240931919642]",9.736240931919642,8.571428571428571,9.736240931919642,6.183333333333317,0,1,0,82.92309748381376,9.736240931919643e-06,371,1,0
32,6,5,0,1,1,9.732627868652344,"[0.0, 9.732627868652344]",9.732627868652344,8.571428571428571,9.732627868652344,5.199999999999987,0,1,0,82.78314466774464,9.732627868652343e-06,312,1,0
32,7,6,0,1,1,9.728385380336217,"[0.0, 9.728385380336217]",9.728385380336217,8.571428571428571,9.728385380336217,3.1999999999999935,0,1,0,82.7466474622488,9.728385380336217e-06,192,1,0
32,8,7,0,1,1,9.725290025983538,"[0.0, 9.725290025983538]",9.725290025983538,8.571428571428571,9.725290025983538,3.1999999999999935,0,1,0,82.747024461627,9.725290025983538e-06,192,1,0
32,9,44,0,0,1,9.630622863769531,"[0.0, 9.630622863769531]",9.630622863769531,8.571428571428571,9.630622863769531,3.183333333333327,0,1,0,82.06309032440186,9.630622863769531e-06,191,1,0
32,10,51,0,0,1,9.60329600742885,"[0.0, 9.60329600742885]",9.60329600742885,8.571428571428571,9.60329600742885,3.183333333333327,0,1,0,82.06312522292137,9.60329600742885e-06,191,1,0
32,11,43,0,0,1,9.49920926775251,"[0.0, 9.49920926775251]",9.49920926775251,8.571428571428571,9.49920926775251,3.1666666666666603,0,1,0,81.38182710111141,9.49920926775251e-06,190,1,0
32,12,52,0,0,1,9.345594133649554,"[0.0, 9.345594133649554]",9.345594133649554,8.571428571428571,9.345594133649554,3.1499999999999937,0,1,0,80.7024504095316,9.345594133649554e-06,189,1,0
32,13,58,0,0,1,9.297894069126674,"[0.0, 9.297894069126674]",9.297894069126674,8.571428571428571,9.297894069126674,3.1499999999999937,0,1,0,80.70284821093082,9.297894069126674e-06,189,1,0
32,14,54,0,0,1,9.277608054024833,"[0.0, 9.277608054024833]",9.277608054024833,8.571428571428571,9.277608054024833,3.299999999999993,0,1,0,80.36649222671986,9.277608054024833e-06,198,1,0
32,15,59,0,0,1,9.230570111955917,"[0.0, 9.230570111955917]",9.230570111955917,8.571428571428571,9.230570111955917,3.133333333333327,0,1,0,80.02573524415493,9.230570111955916e-06,188,1,0
32,16,9,0,0,1,9.145965576171875,"[0.0, 9.145965576171875]",9.145965576171875,8.571428571428571,9.145965576171875,3.1499999999999937,0,1,0,80.70277477800846,9.145965576171875e-06,189,1,0
32,17,55,0,0,1,9.122668675013951,"[0.0, 9.122668675013951]",9.122668675013951,8.571428571428571,9.122668675013951,3.133333333333327,0,1,0,80.02590653300285,9.122668675013951e-06,188,1,0
32,18,20,0,0,1,9.051895141601562,"[0.0, 9.051895141601562]",9.051895141601562,8.571428571428571,9.051895141601562,3.1166666666666605,0,1,0,79.35130950808525,9.051895141601563e-06,187,1,0
32,19,15,0,0,1,8.962214333670481,"[0.0, 8.962214333670481]",8.962214333670481,8.571428571428571,8.962214333670481,3.1166666666666605,0,1,0,79.35128225386143,8.962214333670481e-06,187,1,0
32,20,14,0,0,1,8.91561780657087,"[0.0, 8.91561780657087]",8.91561780657087,8.571428571428571,8.91561780657087,3.099999999999994,0,1,0,78.67957976460457,8.915617806570869e-06,186,1,0
32,21,46,0,0,1,8.907266344342911,"[0.0, 8.907266344342911]",8.907266344342911,8.571428571428571,8.907266344342911,3.1166666666666605,0,1,0,78.61356373131275,8.907266344342912e-06,187,1,0
32,22,21,0,0,1,8.856860569545201,"[0.0, 8.856860569545201]",8.856860569545201,8.571428571428571,8.856860569545201,3.1166666666666605,0,1,0,78.86325377225876,8.856860569545202e-06,187,1,0
32,23,19,0,0,1,8.774264199393137,"[0.0, 8.774264199393137]",8.774264199393137,8.571428571428571,8.774264199393137,3.099999999999994,0,1,0,78.67918272316456,8.774264199393138e-06,186,1,0
32,24,31,0,0,1,8.75744410923549,"[0.0, 8.75744410923549]",8.75744410923549,8.571428571428571,8.75744410923549,3.0833333333333273,0,1,0,78.00896017253399,8.757444109235489e-06,185,1,0
32,25,41,0,0,1,8.696888514927455,"[0.0, 8.696888514927455]",8.696888514927455,8.571428571428571,8.696888514927455,3.0833333333333273,0,1,0,78.00945356488228,8.696888514927455e-06,185,1,0
32,26,50,0,0,1,8.687705993652344,"[0.0, 8.687705993652344]",8.687705993652344,8.571428571428571,8.687705993652344,3.099999999999994,0,1,0,78.67906431853771,8.687705993652343e-06,186,1,0
32,27,29,0,0,1,8.614065987723214,"[0.0, 8.614065987723214]",8.614065987723214,8.571428571428571,8.614065987723214,3.099999999999994,0,1,0,77.98951490223408,8.614065987723214e-06,186,1,0
32,28,18,0,0,1,8.59980719430106,"[0.0, 8.59980719430106]",8.59980719430106,8.571428571428571,8.59980719430106,3.0833333333333273,0,1,0,78.00917752087116,8.59980719430106e-06,185,1,0
32,29,24,0,0,1,8.460897718157087,"[0.0, 8.460897718157087]",8.460897718157087,5.714285714285714,8.460897718157087,3.0666666666666607,0,1,0,77.34095062315464,8.460897718157087e-06,184,1,0
32,30,26,0,0,1,8.442358289446151,"[0.0, 8.442358289446151]",8.442358289446151,5.714285714285714,8.442358289446151,3.0666666666666607,0,1,0,77.34155535697937,8.442358289446151e-06,184,1,0
32,31,39,0,0,1,8.439685276576451,"[0.0, 8.439685276576451]",8.439685276576451,5.714285714285714,8.439685276576451,3.0666666666666607,0,1,0,77.34160704910755,8.439685276576451e-06,184,1,0
32,32,13,0,0,1,8.410595485142299,"[0.0, 8.410595485142299]",8.410595485142299,5.714285714285714,8.410595485142299,7.316666666666646,0,1,0,57.63288546219701,8.410595485142298e-06,439,1,0
32,33,23,0,0,0,8.357255118233816,"[0.0, 8.357255118233816]",8.357255118233816,5.714285714285714,8.357255118233816,3.0666666666666607,0,1,0,77.34159661829472,8.357255118233816e-06,184,1,0
32,34,62,0,0,0,8.23075430733817,"[0.0, 8.23075430733817]",8.23075430733817,5.714285714285714,8.23075430733817,3.049999999999994,0,1,0,76.67589139938354,8.23075430733817e-06,183,1,0
32,35,48,0,0,0,8.19671358380999,"[0.0, 8.19671358380999]",8.19671358380999,5.714285714285714,8.19671358380999,3.049999999999994,0,1,0,76.67597322165966,8.19671358380999e-06,183,1,0
32,36,35,0,0,0,8.133596692766462,"[0.0, 8.133596692766462]",8.133596692766462,5.714285714285714,8.133596692766462,7.316666666666646,0,1,0,57.63261923873506,8.133596692766462e-06,439,1,0
32,37,47,0,0,0,8.08652605329241,"[0.0, 8.08652605329241]",8.08652605329241,5.714285714285714,8.08652605329241,3.099999999999994,0,1,0,76.10087676346302,8.08652605329241e-06,186,1,0
32,38,25,0,0,0,8.014019557407924,"[0.0, 8.014019557407924]",8.014019557407924,5.714285714285714,8.014019557407924,3.0333333333333274,0,1,0,76.01292587816715,8.014019557407924e-06,182,1,0
32,39,33,0,0,0,8.007398332868304,"[0.0, 8.007398332868304]",8.007398332868304,5.714285714285714,8.007398332868304,3.016666666666661,0,1,0,75.35190261900425,8.007398332868304e-06,181,1,0
32,40,57,0,0,0,7.813164847237723,"[0.0, 7.813164847237723]",7.813164847237723,5.714285714285714,7.813164847237723,2.9999999999999942,0,1,0,74.69380208849907,7.813164847237722e-06,180,1,0
32,41,11,0,0,0,7.782235826764788,"[0.0, 7.782235826764788]",7.782235826764788,5.714285714285714,7.782235826764788,3.1666666666666603,0,1,0,74.72005520761013,7.782235826764788e-06,190,1,0
32,42,12,0,0,0,7.640748705182757,"[0.0, 7.640748705182757]",7.640748705182757,5.714285714285714,7.640748705182757,2.9833333333333276,0,1,0,74.03799158334732,7.640748705182756e-06,179,1,0
32,43,34,0,0,0,7.433248247419084,"[0.0, 7.433248247419084]",7.433248247419084,5.714285714285714,7.433248247419084,2.9499999999999944,0,1,0,72.73227475583553,7.433248247419084e-06,177,1,0
32,44,38,0,0,0,7.142857142857142,"[0.0, 7.142857142857142]",7.142857142857142,5.714285714285714,7.142857142857142,2.8666666666666614,0,1,0,69.51003213226795,7.142857142857143e-06,172,1,0
32,45,45,0,0,0,7.142857142857142,"[0.0, 7.142857142857142]",7.142857142857142,5.714285714285714,7.142857142857142,2.8666666666666614,0,1,0,69.509367659688,7.142857142857143e-06,172,1,0
32,46,49,0,0,0,7.142857142857142,"[0.0, 7.142857142857142]",7.142857142857142,5.714285714285714,7.142857142857142,2.8166666666666615,0,1,0,67.60479438304901,7.142857142857143e-06,169,1,0
32,47,30,0,0,0,5.420357840401786,"[0.0, 5.420357840401786]",5.420357840401786,2.857142857142857,5.420357840401786,6.21666666666665,0,1,0,45.663179874944035,5.420357840401785e-06,373,1,0
32,48,16,0,0,0,5.404853820800781,"[0.0, 5.404853820800781]",5.404853820800781,2.857142857142857,5.404853820800781,2.2166666666666637,0,1,0,46.46091340482235,5.404853820800781e-06,133,1,0
32,49,42,0,0,0,5.371769496372767,"[0.0, 5.371769496372767]",5.371769496372767,2.857142857142857,5.371769496372767,2.199999999999997,0,1,0,45.92013739049435,5.371769496372768e-06,132,1,0
32,50,36,0,0,0,5.353894914899553,"[0.0, 5.353894914899553]",5.353894914899553,2.857142857142857,5.353894914899553,7.533333333333312,0,1,0,44.48662575663184,5.353894914899553e-06,452,1,0
32,51,63,0,0,0,5.282538277762277,"[0.0, 5.282538277762277]",5.282538277762277,2.857142857142857,5.282538277762277,2.966666666666661,0,1,0,45.2412133961916,5.282538277762277e-06,178,1,0
32,52,28,0,0,0,5.274876185825892,"[0.0, 5.274876185825892]",5.274876185825892,2.857142857142857,5.274876185825892,2.166666666666664,0,1,0,44.84643429517746,5.274876185825892e-06,130,1,0
32,53,40,0,0,0,5.21996089390346,"[0.0, 5.21996089390346]",5.21996089390346,2.857142857142857,5.21996089390346,2.1499999999999972,0,1,0,44.313893005251884,5.21996089390346e-06,129,1,0
32,54,32,0,0,0,5.212140764508929,"[0.0, 5.212140764508929]",5.212140764508929,2.857142857142857,5.212140764508929,2.1499999999999972,0,1,0,44.31394296884537,5.212140764508928e-06,129,1,0
32,55,53,0,0,0,5.1613071986607135,"[0.0, 5.1613071986607135]",5.1613071986607135,2.857142857142857,5.1613071986607135,2.1333333333333306,0,1,0,43.78364585340023,5.161307198660714e-06,128,1,0
32,56,22,0,0,0,5.114130292619977,"[0.0, 5.114130292619977]",5.114130292619977,2.857142857142857,5.114130292619977,2.116666666666664,0,1,0,43.256202325224876,5.114130292619977e-06,127,1,0
32,57,56,0,0,0,5.054566519601004,"[0.0, 5.054566519601004]",5.054566519601004,2.857142857142857,5.054566519601004,2.0999999999999974,0,1,0,42.73139888048172,5.054566519601005e-06,126,1,0
32,58,60,0,0,0,5.012054443359375,"[0.0, 5.012054443359375]",5.012054443359375,2.857142857142857,5.012054443359375,2.083333333333331,0,1,0,42.20911344885826,5.012054443359375e-06,125,1,0
32,59,17,0,0,0,4.914556230817523,"[0.0, 4.914556230817523]",4.914556230817523,2.857142857142857,4.914556230817523,2.0499999999999976,0,1,0,41.17252376675606,4.9145562308175225e-06,123,1,0
32,60,37,0,0,0,4.860676356724331,"[0.0, 4.860676356724331]",4.860676356724331,2.857142857142857,4.860676356724331,2.033333333333331,0,1,0,40.657926231622696,4.860676356724331e-06,122,1,0
32,61,10,0,0,0,4.79240962437221,"[0.0, 4.79240962437221]",4.79240962437221,2.857142857142857,4.79240962437221,2.6166666666666623,0,1,0,39.77537053078413,4.79240962437221e-06,157,1,0
32,62,27,0,0,0,4.720262799944196,"[0.0, 4.720262799944196]",4.720262799944196,2.857142857142857,4.720262799944196,1.9833333333333312,0,1,0,39.13114953041077,4.720262799944196e-06,119,1,0
32,63,61,0,0,0,2.111058916364397,"[0.0, 2.111058916364397]",2.111058916364397,0.0,2.111058916364397,5.016666666666654,0,1,0,7.7056393615785055,2.111058916364397e-06,301,1,0
32,64,8,0,0,0,2.1102741786411827,"[0.0, 2.1102741786411827]",2.1102741786411827,0.0,2.1102741786411827,5.016666666666654,0,1,0,7.706008256172936,2.110274178641183e-06,301,1,0
33,1,0,0,1,1,9.973997388567243,"[0.0, 9.973997388567243]",9.973997388567243,8.571428571428571,9.973997388567243,5.28333333333332,0,1,0,84.50228805840015,9.973997388567244e-06,317,1,0
33,2,1,0,1,1,9.786267961774552,"[0.0, 9.786267961774552]",9.786267961774552,8.571428571428571,9.786267961774552,8.466666666666667,0,1,0,85.24319521477446,9.786267961774552e-06,508,1,0
33,3,2,0,1,1,9.764690399169922,"[0.0, 9.764690399169922]",9.764690399169922,8.571428571428571,9.764690399169922,3.1999999999999935,0,1,0,82.74645590782166,9.764690399169922e-06,192,1,0
33,4,3,0,1,1,9.750497000558035,"[0.0, 9.750497000558035]",9.750497000558035,8.571428571428571,9.750497000558035,3.1999999999999935,0,1,0,82.74618946015835,9.750497000558035e-06,192,1,0
33,5,32,0,1,1,9.74621091570173,"[0.0, 9.74621091570173]",9.74621091570173,8.571428571428571,9.74621091570173,3.1999999999999935,0,1,0,82.74707110226154,9.74621091570173e-06,192,1,0
33,6,4,0,1,1,9.736240931919642,"[0.0, 9.736240931919642]",9.736240931919642,8.571428571428571,9.736240931919642,6.183333333333317,0,1,0,82.92309748381376,9.736240931919643e-06,371,1,0
33,7,5,0,1,1,9.732627868652344,"[0.0, 9.732627868652344]",9.732627868652344,8.571428571428571,9.732627868652344,5.199999999999987,0,1,0,82.78314466774464,9.732627868652343e-06,312,1,0
33,8,6,0,1,1,9.728385380336217,"[0.0, 9.728385380336217]",9.728385380336217,8.571428571428571,9.728385380336217,3.1999999999999935,0,1,0,82.7466474622488,9.728385380336217e-06,192,1,0
33,9,7,0,0,1,9.725290025983538,"[0.0, 9.725290025983538]",9.725290025983538,8.571428571428571,9.725290025983538,3.1999999999999935,0,1,0,82.747024461627,9.725290025983538e-06,192,1,0
33,10,22,0,0,1,9.669568198067802,"[0.0, 9.669568198067802]",9.669568198067802,8.571428571428571,9.669568198067802,3.2833333333333266,0,1,0,82.2946397215128,9.669568198067801e-06,197,1,0
33,11,46,0,0,1,9.521181924002512,"[0.0, 9.521181924002512]",9.521181924002512,8.571428571428571,9.521181924002512,3.183333333333327,0,1,0,82.06304951012135,9.521181924002512e-06,191,1,0
33,12,42,0,0,1,9.379869188581194,"[0.0, 9.379869188581194]",9.379869188581194,8.571428571428571,9.379869188581194,3.1666666666666603,0,1,0,80.74981561303139,9.379869188581194e-06,190,1,0
33,13,62,0,0,1,9.343291691371373,"[0.0, 9.343291691371373]",9.343291691371373,8.571428571428571,9.343291691371373,3.1499999999999937,0,1,0,80.70251904428005,9.343291691371373e-06,189,1,0
33,14,36,0,0,1,9.341558728899274,"[0.0, 9.341558728899274]",9.341558728899274,8.571428571428571,9.341558728899274,3.1499999999999937,0,1,0,80.70228961110115,9.341558728899274e-06,189,1,0
33,15,54,0,0,1,9.312973022460938,"[0.0, 9.312973022460938]",9.312973022460938,8.571428571428571,9.312973022460938,3.1499999999999937,0,1,0,80.70264980196953,9.312973022460937e-06,189,1,0
33,16,63,0,0,1,9.267161233084542,"[0.0, 9.267161233084542]",9.267161233084542,8.571428571428571,9.267161233084542,3.1499999999999937,0,1,0,80.70279240608215,9.267161233084541e-06,189,1,0
33,17,51,0,0,1,9.219226837158203,"[0.0, 9.219226837158203]",9.219226837158203,8.571428571428571,9.219226837158203,3.133333333333327,0,1,0,80.0257153660059,9.219226837158202e-06,188,1,0
33,18,61,0,0,1,9.159505026681082,"[0.0, 9.159505026681082]",9.159505026681082,8.571428571428571,9.159505026681082,3.133333333333327,0,1,0,80.0257907062769,9.159505026681082e-06,188,1,0
33,19,20,0,0,1,9.141622270856585,"[0.0, 9.141622270856585]",9.141622270856585,8.571428571428571,9.141622270856585,3.133333333333327,0,1,0,80.0258464962244,9.141622270856585e-06,188,1,0
33,20,19,0,0,1,9.136036464146205,"[0.0, 9.136036464146205]",9.136036464146205,8.571428571428571,9.136036464146205,3.133333333333327,0,1,0,80.02577579021454,9.136036464146205e-06,188,1,0
33,21,40,0,0,1,9.130652291434153,"[0.0, 9.130652291434153]",9.130652291434153,8.571428571428571,9.130652291434153,3.133333333333327,0,1,0,80.02560596168041,9.130652291434153e-06,188,1,0
33,22,24,0,0,1,9.063445499965123,"[0.0, 9.063445499965123]",9.063445499965123,8.571428571428571,9.063445499965123,3.1166666666666605,0,1,0,79.35099138319492,9.063445499965124e-06,187,1,0
33,23,41,0,0,1,9.058595384870257,"[0.0, 9.058595384870257]",9.058595384870257,8.571428571428571,9.058595384870257,3.133333333333327,0,1,0,80.0252296179533,9.058595384870256e-06,188,1,0
33,24,17,0,0,1,8.968636648995536,"[0.0, 8.968636648995536]",8.968636648995536,8.571428571428571,8.968636648995536,3.1166666666666605,0,1,0,79.35129423439503,8.968636648995537e-06,187,1,0
33,25,45,0,0,1,8.943061828613281,"[0.0, 8.943061828613281]",8.943061828613281,8.571428571428571,8.943061828613281,3.133333333333327,0,1,0,78.58951449394226,8.943061828613281e-06,188,1,0
33,26,33,0,0,1,8.91394751412528,"[0.0, 8.91394751412528]",8.91394751412528,8.571428571428571,8.91394751412528,3.099999999999994,0,1,0,78.67894253134727,8.91394751412528e-06,186,1,0
33,27,56,0,0,1,8.90298843383789,"[0.0, 8.90298843383789]",8.90298843383789,8.571428571428571,8.90298843383789,3.099999999999994,0,1,0,78.67893169820309,8.90298843383789e-06,186,1,0
33,28,52,0,0,1,8.85371344430106,"[0.0, 8.85371344430106]",8.85371344430106,8.571428571428571,8.85371344430106,3.099999999999994,0,1,0,78.67885740101337,8.853713444301061e-06,186,1,0
33,29,48,0,0,1,8.754119873046875,"[0.0, 8.754119873046875]",8.754119873046875,8.571428571428571,8.754119873046875,3.099999999999994,0,1,0,78.6787706464529,8.754119873046876e-06,186,1,0
33,30,23,0,0,1,8.624725341796875,"[0.0, 8.624725341796875]",8.624725341796875,8.571428571428571,8.624725341796875,3.0833333333333273,0,1,0,78.00862656533718,8.624725341796875e-06,185,1,0
33,31,53,0,0,1,8.59428950718471,"[0.0, 8.59428950718471]",8.59428950718471,8.571428571428571,8.59428950718471,3.0833333333333273,0,1,0,78.00871177017689,8.59428950718471e-06,185,1,0
33,32,60,0,0,1,8.566829136439733,"[0.0, 8.566829136439733]",8.566829136439733,5.714285714285714,8.566829136439733,3.0833333333333273,0,1,0,78.0093494951725,8.566829136439733e-06,185,1,0
33,33,34,0,0,0,8.539774758475167,"[0.0, 8.539774758475167]",8.539774758475167,5.714285714285714,8.539774758475167,3.0666666666666607,0,1,0,77.34065280854702,8.539774758475166e-06,184,1,0
33,34,10,0,0,0,8.51426260811942,"[0.0, 8.51426260811942]",8.51426260811942,5.714285714285714,8.51426260811942,3.0666666666666607,0,1,0,77.17571584880352,8.51426260811942e-06,184,1,0
33,35,12,0,0,0,8.511063711983818,"[0.0, 8.511063711983818]",8.511063711983818,5.714285714285714,8.511063711983818,3.0833333333333273,0,1,0,78.00905655324459,8.511063711983818e-06,185,1,0
33,36,39,0,0,0,8.494758605957031,"[0.0, 8.494758605957031]",8.494758605957031,5.714285714285714,8.494758605957031,3.0666666666666607,0,1,0,77.34128724038601,8.494758605957032e-06,184,1,0
33,37,29,0,0,0,8.428423745291573,"[0.0, 8.428423745291573]",8.428423745291573,5.714285714285714,8.428423745291573,3.816666666666658,0,1,0,77.04728336632252,8.428423745291573e-06,229,1,0
33,38,47,0,0,0,8.372677394321986,"[0.0, 8.372677394321986]",8.372677394321986,5.714285714285714,8.372677394321986,3.0666666666666607,0,1,0,77.01219065487385,8.372677394321986e-06,184,1,0
33,39,57,0,0,0,8.355903625488281,"[0.0, 8.355903625488281]",8.355903625488281,5.714285714285714,8.355903625488281,3.049999999999994,0,1,0,76.66111734509468,8.35590362548828e-06,183,1,0
33,40,16,0,0,0,8.344601222446986,"[0.0, 8.344601222446986]",8.344601222446986,5.714285714285714,8.344601222446986,3.1666666666666603,0,1,0,77.06660082936287,8.344601222446985e-06,190,1,0
33,41,28,0,0,0,8.314843858991349,"[0.0, 8.314843858991349]",8.314843858991349,5.714285714285714,8.314843858991349,3.0666666666666607,0,1,0,77.34175077080727,8.31484385899135e-06,184,1,0
33,42,13,0,0,0,8.263201032366071,"[0.0, 8.263201032366071]",8.263201032366071,5.714285714285714,8.263201032366071,3.049999999999994,0,1,0,76.67592120170593,8.263201032366071e-06,183,1,0
33,43,55,0,0,0,8.072199140276227,"[0.0, 8.072199140276227]",8.072199140276227,5.714285714285714,8.072199140276227,3.0333333333333274,0,1,0,76.01260364055634,8.072199140276228e-06,182,1,0
33,44,21,0,0,0,8.023302895682198,"[0.0, 8.023302895682198]",8.023302895682198,5.714285714285714,8.023302895682198,3.0333333333333274,0,1,0,76.01274779438972,8.023302895682199e-06,182,1,0
33,45,11,0,0,0,7.930859157017299,"[0.0, 7.930859157017299]",7.930859157017299,5.714285714285714,7.930859157017299,3.016666666666661,0,1,0,75.3519856929779,7.930859157017298e-06,181,1,0
33,46,31,0,0,0,7.352450234549386,"[0.0, 7.352450234549386]",7.352450234549386,5.714285714285714,7.352450234549386,2.9833333333333276,0,1,0,71.72231973707676,7.3524502345493864e-06,179,1,0
33,47,43,0,0,0,6.55853271484375,"[0.0, 6.55853271484375]",6.55853271484375,5.714285714285714,6.55853271484375,7.316666666666646,0,1,0,57.63286558157415,6.55853271484375e-06,439,1,0
33,48,26,0,0,0,5.759969438825334,"[0.0, 5.759969438825334]",5.759969438825334,5.714285714285714,5.759969438825334,3.5333333333333257,0,1,0,50.42568689584732,5.759969438825334e-06,212,1,0
33,49,9,0,0,0,5.60936519077846,"[0.0, 5.60936519077846]",5.60936519077846,2.857142857142857,5.60936519077846,3.3166666666666598,0,1,0,48.59357838332653,5.60936519077846e-06,199,1,0
33,50,35,0,0,0,5.568057468959264,"[0.0, 5.568057468959264]",5.568057468959264,2.857142857142857,5.568057468959264,2.2666666666666635,0,1,0,48.09838765859604,5.5680574689592635e-06,136,1,0
33,51,27,0,0,0,5.564264569963727,"[0.0, 5.564264569963727]",5.564264569963727,2.857142857142857,5.564264569963727,2.2666666666666635,0,1,0,48.09781317412853,5.564264569963728e-06,136,1,0
33,52,58,0,0,0,5.518330165318081,"[0.0, 5.518330165318081]",5.518330165318081,2.857142857142857,5.518330165318081,2.249999999999997,0,1,0,47.549713894724846,5.518330165318081e-06,135,1,0
33,53,59,0,0,0,5.458488464355469,"[0.0, 5.458488464355469]",5.458488464355469,2.857142857142857,5.458488464355469,2.2333333333333303,0,1,0,47.00367534160614,5.458488464355468e-06,134,1,0
33,54,14,0,0,0,5.419344220842634,"[0.0, 5.419344220842634]",5.419344220842634,2.857142857142857,5.419344220842634,2.2166666666666637,0,1,0,46.46086905896664,5.419344220842633e-06,133,1,0
33,55,38,0,0,0,5.411921909877232,"[0.0, 5.411921909877232]",5.411921909877232,2.857142857142857,5.411921909877232,2.2166666666666637,0,1,0,46.460527300834656,5.411921909877232e-06,133,1,0
33,56,49,0,0,0,5.375540597098214,"[0.0, 5.375540597098214]",5.375540597098214,2.857142857142857,5.375540597098214,2.199999999999997,0,1,0,45.91979517042637,5.3755405970982145e-06,132,1,0
33,57,8,0,0,0,5.361982073102679,"[0.0, 5.361982073102679]",5.361982073102679,2.857142857142857,5.361982073102679,2.199999999999997,0,1,0,45.920224487781525,5.361982073102679e-06,132,1,0
33,58,50,0,0,0,5.2528871808733255,"[0.0, 5.2528871808733255]",5.2528871808733255,2.857142857142857,5.2528871808733255,2.166666666666664,0,1,0,44.84665687382221,5.2528871808733255e-06,130,1,0
33,59,15,0,0,0,5.217835562569754,"[0.0, 5.217835562569754]",5.217835562569754,2.857142857142857,5.217835562569754,2.1499999999999972,0,1,0,44.31374463438988,5.2178355625697545e-06,129,1,0
33,60,18,0,0,0,5.071661812918526,"[0.0, 5.071661812918526]",5.071661812918526,2.857142857142857,5.071661812918526,2.0999999999999974,0,1,0,42.731335654854774,5.071661812918526e-06,126,1,0
33,61,37,0,0,0,4.908332824707031,"[0.0, 4.908332824707031]",4.908332824707031,2.857142857142857,4.908332824707031,2.0499999999999976,0,1,0,41.1725699454546,4.908332824707031e-06,123,1,0
33,62,44,0,0,0,2.1114458356584818,"[0.0, 2.1114458356584818]",2.1114458356584818,0.0,2.1114458356584818,5.016666666666654,0,1,0,7.72426685760729,2.111445835658482e-06,301,1,0
33,63,30,0,0,0,2.109478541782924,"[0.0, 2.109478541782924]",2.109478541782924,0.0,2.109478541782924,5.016666666666654,0,1,0,7.705675603312557,2.109478541782924e-06,301,1,0
33,64,25,0,0,0,1.8639755249023438,"[0.0, 1.8639755249023438]",1.8639755249023438,0.0,1.8639755249023438,5.016666666666654,0,1,0,5.028271849791054,1.8639755249023438e-06,301,1,0
34,1,0,0,1,1,9.973997388567243,"[0.0, 9.973997388567243]",9.973997388567243,8.571428571428571,9.973997388567243,5.28333333333332,0,1,0,84.50228805840015,9.973997388567244e-06,317,1,0
34,2,1,0,1,1,9.786267961774552,"[0.0, 9.786267961774552]",9.786267961774552,8.571428571428571,9.786267961774552,8.466666666666667,0,1,0,85.24319521477446,9.786267961774552e-06,508,1,0
34,3,2,0,1,1,9.764690399169922,"[0.0, 9.764690399169922]",9.764690399169922,8.571428571428571,9.764690399169922,3.1999999999999935,0,1,0,82.74645590782166,9.764690399169922e-06,192,1,0
34,4,3,0,1,1,9.750497000558035,"[0.0, 9.750497000558035]",9.750497000558035,8.571428571428571,9.750497000558035,3.1999999999999935,0,1,0,82.74618946015835,9.750497000558035e-06,192,1,0
34,5,4,0,1,1,9.74621091570173,"[0.0, 9.74621091570173]",9.74621091570173,8.571428571428571,9.74621091570173,3.1999999999999935,0,1,0,82.74707110226154,9.74621091570173e-06,192,1,0
34,6,5,0,1,1,9.736240931919642,"[0.0, 9.736240931919642]",9.736240931919642,8.571428571428571,9.736240931919642,6.183333333333317,0,1,0,82.92309748381376,9.736240931919643e-06,371,1,0
34,7,6,0,1,1,9.732627868652344,"[0.0, 9.732627868652344]",9.732627868652344,8.571428571428571,9.732627868652344,5.199999999999987,0,1,0,82.78314466774464,9.732627868652343e-06,312,1,0
34,8,7,0,1,1,9.728385380336217,"[0.0, 9.728385380336217]",9.728385380336217,8.571428571428571,9.728385380336217,3.1999999999999935,0,1,0,82.7466474622488,9.728385380336217e-06,192,1,0
34,9,14,0,0,1,9.565413338797434,"[0.0, 9.565413338797434]",9.565413338797434,8.571428571428571,9.565413338797434,3.183333333333327,0,1,0,82.0631182640791,9.565413338797435e-06,191,1,0
34,10,25,0,0,1,9.472263881138392,"[0.0, 9.472263881138392]",9.472263881138392,8.571428571428571,9.472263881138392,3.1666666666666603,0,1,0,81.38134224712849,9.472263881138393e-06,190,1,0
34,11,59,0,0,1,9.452830723353795,"[0.0, 9.452830723353795]",9.452830723353795,8.571428571428571,9.452830723353795,3.1666666666666603,0,1,0,81.38135828077793,9.452830723353795e-06,190,1,0
34,12,53,0,0,1,9.349169049944196,"[0.0, 9.349169049944196]",9.349169049944196,8.571428571428571,9.349169049944196,3.1499999999999937,0,1,0,80.70240044593811,9.349169049944197e-06,189,1,0
34,13,49,0,0,1,9.282049451555524,"[0.0, 9.282049451555524]",9.282049451555524,8.571428571428571,9.282049451555524,3.1499999999999937,0,1,0,80.70265793800354,9.282049451555525e-06,189,1,0
34,14,42,0,0,1,9.216692788260323,"[0.0, 9.216692788260323]",9.216692788260323,8.571428571428571,9.216692788260323,3.133333333333327,0,1,0,79.81873120367527,9.216692788260324e-06,188,1,0
34,15,18,0,0,1,9.191968100411552,"[0.0, 9.191968100411552]",9.191968100411552,8.571428571428571,9.191968100411552,3.133333333333327,0,1,0,80.02585665881634,9.191968100411551e-06,188,1,0
34,16,36,0,0,1,9.176079886300222,"[0.0, 9.176079886300222]",9.176079886300222,8.571428571428571,9.176079886300222,3.133333333333327,0,1,0,80.02566954493523,9.176079886300222e-06,188,1,0
34,17,32,0,0,1,9.081802368164062,"[0.0, 9.081802368164062]",9.081802368164062,8.571428571428571,9.081802368164062,6.683333333333315,0,1,0,79.59328002101392,9.081802368164062e-06,401,1,0
34,18,22,0,0,1,9.07566887991769,"[0.0, 9.07566887991769]",9.07566887991769,8.571428571428571,9.07566887991769,3.1166666666666605,0,1,0,79.35116845369339,9.07566887991769e-06,187,1,0
34,19,16,0,0,1,9.05242374965123,"[0.0, 9.05242374965123]",9.05242374965123,8.571428571428571,9.05242374965123,3.1166666666666605,0,1,0,79.35144191980362,9.052423749651229e-06,187,1,0
34,20,50,0,0,1,9.03512954711914,"[0.0, 9.03512954711914]",9.03512954711914,8.571428571428571,9.03512954711914,3.1166666666666605,0,1,0,79.35120582580566,9.03512954711914e-06,187,1,0
34,21,12,0,0,1,9.03214863368443,"[0.0, 9.03214863368443]",9.03214863368443,8.571428571428571,9.03214863368443,3.133333333333327,0,1,0,80.0258406996727,9.03214863368443e-06,188,1,0
34,22,28,0,0,1,8.997603825160436,"[0.0, 8.997603825160436]",8.997603825160436,8.571428571428571,8.997603825160436,3.2833333333333266,0,1,0,79.15135726332664,8.997603825160436e-06,197,1,0
34,23,34,0,0,1,8.988666534423828,"[0.0, 8.988666534423828]",8.988666534423828,8.571428571428571,8.988666534423828,3.1166666666666605,0,1,0,79.35129688680172,8.988666534423828e-06,187,1,0
34,24,54,0,0,1,8.908756801060267,"[0.0, 8.908756801060267]",8.908756801060267,8.571428571428571,8.908756801060267,3.099999999999994,0,1,0,78.67863696813583,8.908756801060268e-06,186,1,0
34,25,8,0,0,1,8.853176661900111,"[0.0, 8.853176661900111]",8.853176661900111,8.571428571428571,8.853176661900111,3.099999999999994,0,1,0,78.67851911485195,8.853176661900112e-06,186,1,0
34,26,15,0,0,1,8.849500928606306,"[0.0, 8.849500928606306]",8.849500928606306,8.571428571428571,8.849500928606306,3.099999999999994,0,1,0,78.67924252152443,8.849500928606305e-06,186,1,0
34,27,29,0,0,1,8.84356907435826,"[0.0, 8.84356907435826]",8.84356907435826,8.571428571428571,8.84356907435826,3.099999999999994,0,1,0,78.67911984026432,8.84356907435826e-06,186,1,0
34,28,26,0,0,1,8.822100503104073,"[0.0, 8.822100503104073]",8.822100503104073,8.571428571428571,8.822100503104073,3.099999999999994,0,1,0,78.67914831638336,8.822100503104074e-06,186,1,0
34,29,9,0,0,1,8.697727748325892,"[0.0, 8.697727748325892]",8.697727748325892,8.571428571428571,8.697727748325892,3.349999999999993,0,1,0,78.24500413239002,8.697727748325893e-06,201,1,0
34,30,11,0,0,1,8.694286346435547,"[0.0, 8.694286346435547]",8.694286346435547,8.571428571428571,8.694286346435547,3.0833333333333273,0,1,0,78.00925590097904,8.694286346435546e-06,185,1,0
34,31,21,0,0,1,8.68553979056222,"[0.0, 8.68553979056222]",8.68553979056222,8.571428571428571,8.68553979056222,3.0833333333333273,0,1,0,78.00859858095646,8.685539790562221e-06,185,1,0
34,32,62,0,0,1,8.672065734863281,"[0.0, 8.672065734863281]",8.672065734863281,8.571428571428571,8.672065734863281,3.0833333333333273,0,1,0,78.00887614488602,8.672065734863282e-06,185,1,0
34,33,46,0,0,0,8.606703622000559,"[0.0, 8.606703622000559]",8.606703622000559,8.571428571428571,8.606703622000559,3.0833333333333273,0,1,0,78.00929920375347,8.606703622000559e-06,185,1,0
34,34,41,0,0,0,8.55661392211914,"[0.0, 8.55661392211914]",8.55661392211914,5.714285714285714,8.55661392211914,3.0833333333333273,0,1,0,78.00883069634438,8.556613922119141e-06,185,1,0
34,35,17,0,0,0,8.547442299979073,"[0.0, 8.547442299979073]",8.547442299979073,5.714285714285714,8.547442299979073,3.2333333333333267,0,1,0,77.44192072749138,8.547442299979073e-06,194,1,0
34,36,51,0,0,0,8.487606048583984,"[0.0, 8.487606048583984]",8.487606048583984,5.714285714285714,8.487606048583984,3.0666666666666607,0,1,0,77.3413247615099,8.487606048583985e-06,184,1,0
34,37,23,0,0,0,8.44735826764788,"[0.0, 8.44735826764788]",8.44735826764788,5.714285714285714,8.44735826764788,3.0666666666666607,0,1,0,77.34086075425148,8.44735826764788e-06,184,1,0
34,38,40,0,0,0,8.43257086617606,"[0.0, 8.43257086617606]",8.43257086617606,5.714285714285714,8.43257086617606,3.0666666666666607,0,1,0,77.34113647043705,8.43257086617606e-06,184,1,0
34,39,57,0,0,0,8.36360113961356,"[0.0, 8.36360113961356]",8.36360113961356,5.714285714285714,8.36360113961356,3.0666666666666607,0,1,0,77.34172999858856,8.363601139613561e-06,184,1,0
34,40,24,0,0,0,8.260255541120257,"[0.0, 8.260255541120257]",8.260255541120257,5.714285714285714,8.260255541120257,3.049999999999994,0,1,0,76.67619571089745,8.260255541120257e-06,183,1,0
34,41,37,0,0,0,7.966477530343193,"[0.0, 7.966477530343193]",7.966477530343193,5.714285714285714,7.966477530343193,3.016666666666661,0,1,0,75.35245330631733,7.966477530343193e-06,181,1,0
34,42,56,0,0,0,7.876848493303572,"[0.0, 7.876848493303572]",7.876848493303572,5.714285714285714,7.876848493303572,3.016666666666661,0,1,0,75.3519306331873,7.876848493303573e-06,181,1,0
34,43,63,0,0,0,7.382338387625557,"[0.0, 7.382338387625557]",7.382338387625557,5.714285714285714,7.382338387625557,2.933333333333328,0,1,0,72.08288244903088,7.382338387625558e-06,176,1,0
34,44,19,0,0,0,7.142857142857142,"[0.0, 7.142857142857142]",7.142857142857142,5.714285714285714,7.142857142857142,2.8499999999999948,0,1,0,68.8723471313715,7.142857142857143e-06,171,1,0
34,45,35,0,0,0,5.67298344203404,"[0.0, 5.67298344203404]",5.67298344203404,2.857142857142857,5.67298344203404,2.2999999999999967,0,1,0,49.202775716781616,5.67298344203404e-06,138,1,0
34,46,38,0,0,0,5.662503923688615,"[0.0, 5.662503923688615]",5.662503923688615,2.857142857142857,5.662503923688615,2.2999999999999967,0,1,0,49.20277859270573,5.662503923688615e-06,138,1,0
34,47,52,0,0,0,5.614237104143415,"[0.0, 5.614237104143415]",5.614237104143415,2.857142857142857,5.614237104143415,2.28333333333333,0,1,0,48.64902497828007,5.614237104143415e-06,137,1,0
34,48,39,0,0,0,5.611670357840402,"[0.0, 5.611670357840402]",5.611670357840402,2.857142857142857,5.611670357840402,2.28333333333333,0,1,0,48.64937320351601,5.611670357840402e-06,137,1,0
34,49,33,0,0,0,5.608842032296317,"[0.0, 5.608842032296317]",5.608842032296317,2.857142857142857,5.608842032296317,2.28333333333333,0,1,0,48.64888744056225,5.608842032296317e-06,137,1,0
34,50,60,0,0,0,5.41794913155692,"[0.0, 5.41794913155692]",5.41794913155692,2.857142857142857,5.41794913155692,2.2166666666666637,0,1,0,46.460915729403496,5.41794913155692e-06,133,1,0
34,51,58,0,0,0,5.415900094168527,"[0.0, 5.415900094168527]",5.415900094168527,2.857142857142857,5.415900094168527,2.2166666666666637,0,1,0,46.46076379716396,5.415900094168527e-06,133,1,0
34,52,43,0,0,0,5.367486136300223,"[0.0, 5.367486136300223]",5.367486136300223,2.857142857142857,5.367486136300223,2.199999999999997,0,1,0,45.920485466718674,5.367486136300223e-06,132,1,0
34,53,20,0,0,0,5.308576311383929,"[0.0, 5.308576311383929]",5.308576311383929,2.857142857142857,5.308576311383929,2.1833333333333305,0,1,0,45.38206571340561,5.308576311383929e-06,131,1,0
34,54,47,0,0,0,5.167699541364398,"[0.0, 5.167699541364398]",5.167699541364398,2.857142857142857,5.167699541364398,2.1333333333333306,0,1,0,43.78370214998722,5.167699541364397e-06,128,1,0
34,55,44,0,0,0,5.1180267333984375,"[0.0, 5.1180267333984375]",5.1180267333984375,2.857142857142857,5.1180267333984375,2.116666666666664,0,1,0,43.25602899491787,5.118026733398438e-06,127,1,0
34,56,13,0,0,0,5.106729779924665,"[0.0, 5.106729779924665]",5.106729779924665,2.857142857142857,5.106729779924665,2.116666666666664,0,1,0,43.25607141852379,5.106729779924665e-06,127,1,0
34,57,48,0,0,0,4.971711294991629,"[0.0, 4.971711294991629]",4.971711294991629,2.857142857142857,4.971711294991629,2.066666666666664,0,1,0,41.689175337553024,4.971711294991629e-06,124,1,0
34,58,27,0,0,0,4.957062857491629,"[0.0, 4.957062857491629]",4.957062857491629,2.857142857142857,4.957062857491629,2.6166666666666623,0,1,0,41.5792151093483,4.9570628574916296e-06,157,1,0
34,59,30,0,0,0,4.721200125558036,"[0.0, 4.721200125558036]",4.721200125558036,2.857142857142857,4.721200125558036,1.9833333333333312,0,1,0,39.130877301096916,4.721200125558036e-06,119,1,0
34,60,10,0,0,0,4.537854875837054,"[0.0, 4.537854875837054]",4.537854875837054,2.857142857142857,4.537854875837054,1.9166666666666647,0,1,0,37.13256970047951,4.537854875837054e-06,115,1,0
34,61,61,0,0,0,2.187658037458147,"[0.0, 2.187658037458147]",2.187658037458147,0.0,2.187658037458147,5.016666666666654,0,1,0,8.59320171832951,2.187658037458147e-06,301,1,0
34,62,45,0,0,0,2.129260471888951,"[0.0, 2.129260471888951]",2.129260471888951,0.0,2.129260471888951,5.016666666666654,0,1,0,7.913422141966294,2.129260471888951e-06,301,1,0
34,63,55,0,0,0,2.1108572823660716,"[0.0, 2.1108572823660716]",2.1108572823660716,0.0,2.1108572823660716,5.016666666666654,0,1,0,7.706138838133484,2.110857282366072e-06,301,1,0
34,64,31,0,0,0,2.1078600202287947,"[0.0, 2.1078600202287947]",2.1078600202287947,0.0,2.1078600202287947,5.016666666666654,0,1,0,7.705801053387404,2.1078600202287946e-06,301,1,0
35,1,16,0,1,1,10.000465938023158,"[0.0, 10.000465938023158]",10.000465938023158,8.571428571428571,10.000465938023158,3.2499999999999933,0,1,0,84.81068161129951,1.0000465938023157e-05,195,1,0
35,2,0,0,1,1,9.973997388567243,"[0.0, 9.973997388567243]",9.973997388567243,8.571428571428571,9.973997388567243,5.28333333333332,0,1,0,84.50228805840015,9.973997388567244e-06,317,1,0
35,3,1,0,1,1,9.786267961774552,"[0.0, 9.786267961774552]",9.786267961774552,8.571428571428571,9.786267961774552,8.466666666666667,0,1,0,85.24319521477446,9.786267961774552e-06,508,1,0
35,4,2,0,1,1,9.764690399169922,"[0.0, 9.764690399169922]",9.764690399169922,8.571428571428571,9.764690399169922,3.1999999999999935,0,1,0,82.74645590782166,9.764690399169922e-06,192,1,0
35,5,3,0,1,1,9.750497000558035,"[0.0, 9.750497000558035]",9.750497000558035,8.571428571428571,9.750497000558035,3.1999999999999935,0,1,0,82.74618946015835,9.750497000558035e-06,192,1,0
35,6,4,0,1,1,9.74621091570173,"[0.0, 9.74621091570173]",9.74621091570173,8.571428571428571,9.74621091570173,3.1999999999999935,0,1,0,82.74707110226154,9.74621091570173e-06,192,1,0
35,7,5,0,1,1,9.736240931919642,"[0.0, 9.736240931919642]",9.736240931919642,8.571428571428571,9.736240931919642,6.183333333333317,0,1,0,82.92309748381376,9.736240931919643e-06,371,1,0
35,8,6,0,1,1,9.732627868652344,"[0.0, 9.732627868652344]",9.732627868652344,8.571428571428571,9.732627868652344,5.199999999999987,0,1,0,82.78314466774464,9.732627868652343e-06,312,1,0
35,9,7,0,0,1,9.728385380336217,"[0.0, 9.728385380336217]",9.728385380336217,8.571428571428571,9.728385380336217,3.1999999999999935,0,1,0,82.7466474622488,9.728385380336217e-06,192,1,0
35,10,47,0,0,1,9.647369384765625,"[0.0, 9.647369384765625]",9.647369384765625,8.571428571428571,9.647369384765625,3.183333333333327,0,1,0,82.06303618848324,9.647369384765625e-06,191,1,0
35,11,14,0,0,1,9.640658242361887,"[0.0, 9.640658242361887]",9.640658242361887,8.571428571428571,9.640658242361887,3.183333333333327,0,1,0,82.06312848627567,9.640658242361887e-06,191,1,0
35,12,20,0,0,1,9.578868321010045,"[0.0, 9.578868321010045]",9.578868321010045,8.571428571428571,9.578868321010045,3.183333333333327,0,1,0,82.06285938620567,9.578868321010045e-06,191,1,0
35,13,24,0,0,1,9.564195360456194,"[0.0, 9.564195360456194]",9.564195360456194,8.571428571428571,9.564195360456194,3.1666666666666603,0,1,0,81.38214330375195,9.564195360456194e-06,190,1,0
35,14,48,0,0,1,9.494301932198661,"[0.0, 9.494301932198661]",9.494301932198661,8.571428571428571,9.494301932198661,3.1666666666666603,0,1,0,81.38198512792587,9.494301932198662e-06,190,1,0
35,15,18,0,0,1,9.444795336042132,"[0.0, 9.444795336042132]",9.444795336042132,8.571428571428571,9.444795336042132,3.1666666666666603,0,1,0,81.38125136494637,9.444795336042132e-06,190,1,0
35,16,58,0,0,1,9.408841814313616,"[0.0, 9.408841814313616]",9.408841814313616,8.571428571428571,9.408841814313616,3.1666666666666603,0,1,0,81.38151639699936,9.408841814313616e-06,190,1,0
35,17,42,0,0,1,9.31610379900251,"[0.0, 9.31610379900251]",9.31610379900251,8.571428571428571,9.31610379900251,3.1499999999999937,0,1,0,80.70250424742699,9.31610379900251e-06,189,1,0
35,18,40,0,0,1,9.226327623639788,"[0.0, 9.226327623639788]",9.226327623639788,8.571428571428571,9.226327623639788,3.1666666666666603,0,1,0,79.99828262627125,9.226327623639789e-06,190,1,0
35,19,26,0,0,1,9.201649257114955,"[0.0, 9.201649257114955]",9.201649257114955,8.571428571428571,9.201649257114955,3.133333333333327,0,1,0,80.0254734903574,9.201649257114955e-06,188,1,0
35,20,39,0,0,1,9.087952205113002,"[0.0, 9.087952205113002]",9.087952205113002,8.571428571428571,9.087952205113002,4.999999999999988,0,1,0,79.80466435849667,9.087952205113001e-06,300,1,0
35,21,61,0,0,1,9.066238403320312,"[0.0, 9.066238403320312]",9.066238403320312,8.571428571428571,9.066238403320312,3.1166666666666605,0,1,0,79.35127891600132,9.066238403320313e-06,187,1,0
35,22,15,0,0,1,8.997958047049385,"[0.0, 8.997958047049385]",8.997958047049385,8.571428571428571,8.997958047049385,3.1166666666666605,0,1,0,79.35132908821106,8.997958047049385e-06,187,1,0
35,23,29,0,0,1,8.98017065865653,"[0.0, 8.98017065865653]",8.98017065865653,8.571428571428571,8.98017065865653,3.1166666666666605,0,1,0,79.04257188737392,8.98017065865653e-06,187,1,0
35,24,35,0,0,1,8.977650233677455,"[0.0, 8.977650233677455]",8.977650233677455,8.571428571428571,8.977650233677455,3.1166666666666605,0,1,0,79.35094939172268,8.977650233677454e-06,187,1,0
35,25,12,0,0,1,8.948604038783483,"[0.0, 8.948604038783483]",8.948604038783483,8.571428571428571,8.948604038783483,3.099999999999994,0,1,0,78.67857018113136,8.948604038783482e-06,186,1,0
35,26,8,0,0,1,8.91814640590123,"[0.0, 8.91814640590123]",8.91814640590123,8.571428571428571,8.91814640590123,3.099999999999994,0,1,0,78.67872248589993,8.918146405901229e-06,186,1,0
35,27,41,0,0,1,8.864053998674665,"[0.0, 8.864053998674665]",8.864053998674665,8.571428571428571,8.864053998674665,3.099999999999994,0,1,0,78.67901422083378,8.864053998674666e-06,186,1,0
35,28,56,0,0,1,8.800991603306361,"[0.0, 8.800991603306361]",8.800991603306361,8.571428571428571,8.800991603306361,3.099999999999994,0,1,0,78.679123878479,8.800991603306362e-06,186,1,0
35,29,13,0,0,1,8.785433088030134,"[0.0, 8.785433088030134]",8.785433088030134,8.571428571428571,8.785433088030134,3.099999999999994,0,1,0,78.67904478311539,8.785433088030134e-06,186,1,0
35,30,49,0,0,1,8.73553957257952,"[0.0, 8.73553957257952]",8.73553957257952,8.571428571428571,8.73553957257952,3.099999999999994,0,1,0,78.67869439721107,8.73553957257952e-06,186,1,0
35,31,36,0,0,1,8.664845057896205,"[0.0, 8.664845057896205]",8.664845057896205,8.571428571428571,8.664845057896205,3.0833333333333273,0,1,0,78.00900830328465,8.664845057896205e-06,185,1,0
35,32,9,0,0,1,8.630381992885045,"[0.0, 8.630381992885045]",8.630381992885045,8.571428571428571,8.630381992885045,3.0833333333333273,0,1,0,78.00892876088619,8.630381992885046e-06,185,1,0
35,33,23,0,0,0,8.61100605555943,"[0.0, 8.61100605555943]",8.61100605555943,8.571428571428571,8.61100605555943,3.099999999999994,0,1,0,77.85724775493145,8.611006055559431e-06,186,1,0
35,34,51,0,0,0,8.578812735421316,"[0.0, 8.578812735421316]",8.578812735421316,8.571428571428571,8.578812735421316,3.0833333333333273,0,1,0,78.0092400610447,8.578812735421316e-06,185,1,0
35,35,27,0,0,0,8.578322274344307,"[0.0, 8.578322274344307]",8.578322274344307,8.571428571428571,8.578322274344307,3.0833333333333273,0,1,0,77.98953865468502,8.578322274344308e-06,185,1,0
35,36,54,0,0,0,8.555521283830915,"[0.0, 8.555521283830915]",8.555521283830915,5.714285714285714,8.555521283830915,3.0666666666666607,0,1,0,77.34113420546055,8.555521283830915e-06,184,1,0
35,37,31,0,0,0,8.527325221470424,"[0.0, 8.527325221470424]",8.527325221470424,5.714285714285714,8.527325221470424,3.0833333333333273,0,1,0,78.0087733566761,8.527325221470424e-06,185,1,0
35,38,50,0,0,0,8.457614353724889,"[0.0, 8.457614353724889]",8.457614353724889,5.714285714285714,8.457614353724889,3.0666666666666607,0,1,0,77.34175074100494,8.457614353724889e-06,184,1,0
35,39,43,0,0,0,8.449998583112444,"[0.0, 8.449998583112444]",8.449998583112444,5.714285714285714,8.449998583112444,3.0666666666666607,0,1,0,77.34170041978359,8.449998583112445e-06,184,1,0
35,40,28,0,0,0,8.36913790021624,"[0.0, 8.36913790021624]",8.36913790021624,5.714285714285714,8.36913790021624,3.21666666666666,0,1,0,77.25031177699566,8.369137900216239e-06,193,1,0
35,41,60,0,0,0,8.25474875313895,"[0.0, 8.25474875313895]",8.25474875313895,5.714285714285714,8.25474875313895,3.049999999999994,0,1,0,76.67599442601204,8.254748753138949e-06,183,1,0
35,42,44,0,0,0,8.057011195591517,"[0.0, 8.057011195591517]",8.057011195591517,5.714285714285714,8.057011195591517,3.0666666666666607,0,1,0,75.9881862103939,8.057011195591518e-06,184,1,0
35,43,32,0,0,0,7.769671848842076,"[0.0, 7.769671848842076]",7.769671848842076,5.714285714285714,7.769671848842076,2.9999999999999942,0,1,0,74.69348588585854,7.769671848842076e-06,180,1,0
35,44,57,0,0,0,7.641002110072545,"[0.0, 7.641002110072545]",7.641002110072545,5.714285714285714,7.641002110072545,2.9833333333333276,0,1,0,74.03727915883064,7.641002110072545e-06,179,1,0
35,45,63,0,0,0,7.414046696254186,"[0.0, 7.414046696254186]",7.414046696254186,5.714285714285714,7.414046696254186,2.933333333333328,0,1,0,72.08334371447563,7.414046696254186e-06,176,1,0
35,46,46,0,0,0,7.163535526820591,"[0.0, 7.163535526820591]",7.163535526820591,5.714285714285714,7.163535526820591,2.8999999999999946,0,1,0,70.79166743159294,7.163535526820591e-06,174,1,0
35,47,25,0,0,0,7.142857142857142,"[0.0, 7.142857142857142]",7.142857142857142,5.714285714285714,7.142857142857142,2.883333333333328,0,1,0,70.14941675961018,7.142857142857143e-06,173,1,0
35,48,45,0,0,0,5.766181945800781,"[0.0, 5.766181945800781]",5.766181945800781,5.714285714285714,5.766181945800781,2.33333333333333,0,1,0,50.31799325346947,5.7661819458007816e-06,140,1,0
35,49,10,0,0,0,5.76584952218192,"[0.0, 5.76584952218192]",5.76584952218192,5.714285714285714,5.76584952218192,2.33333333333333,0,1,0,50.3173206448555,5.7658495221819204e-06,140,1,0
35,50,21,0,0,0,5.765157427106585,"[0.0, 5.765157427106585]",5.765157427106585,5.714285714285714,5.765157427106585,2.33333333333333,0,1,0,50.31736312806606,5.765157427106585e-06,140,1,0
35,51,38,0,0,0,5.704787118094308,"[0.0, 5.704787118094308]",5.704787118094308,2.857142857142857,5.704787118094308,2.3166666666666633,0,1,0,49.75868743658066,5.704787118094308e-06,139,1,0
35,52,62,0,0,0,5.518967764718192,"[0.0, 5.518967764718192]",5.518967764718192,2.857142857142857,5.518967764718192,2.249999999999997,0,1,0,47.54978133738041,5.518967764718192e-06,135,1,0
35,53,53,0,0,0,5.514063153948102,"[0.0, 5.514063153948102]",5.514063153948102,2.857142857142857,5.514063153948102,2.249999999999997,0,1,0,47.550190165638924,5.5140631539481025e-06,135,1,0
35,54,59,0,0,0,5.513850620814733,"[0.0, 5.513850620814733]",5.513850620814733,2.857142857142857,5.513850620814733,2.249999999999997,0,1,0,47.549753457307816,5.513850620814733e-06,135,1,0
35,55,55,0,0,0,5.24817875453404,"[0.0, 5.24817875453404]",5.24817875453404,2.857142857142857,5.24817875453404,2.166666666666664,0,1,0,44.8468052148819,5.24817875453404e-06,130,1,0
35,56,33,0,0,0,5.108004978724889,"[0.0, 5.108004978724889]",5.108004978724889,2.857142857142857,5.108004978724889,2.116666666666664,0,1,0,43.25643400847912,5.108004978724889e-06,127,1,0
35,57,52,0,0,0,5.068299429757254,"[0.0, 5.068299429757254]",5.068299429757254,2.857142857142857,5.068299429757254,2.0999999999999974,0,1,0,42.73077303171158,5.068299429757254e-06,126,1,0
35,58,22,0,0,0,4.824676513671875,"[0.0, 4.824676513671875]",4.824676513671875,2.857142857142857,4.824676513671875,2.0166666666666644,0,1,0,40.146495163440704,4.824676513671875e-06,121,1,0
35,59,11,0,0,0,4.770867483956473,"[0.0, 4.770867483956473]",4.770867483956473,2.857142857142857,4.770867483956473,1.9999999999999978,0,1,0,39.63748377561569,4.770867483956473e-06,120,1,0
35,60,19,0,0,0,4.728502546037946,"[0.0, 4.728502546037946]",4.728502546037946,2.857142857142857,4.728502546037946,1.9833333333333312,0,1,0,39.09259541332722,4.7285025460379465e-06,119,1,0
35,61,37,0,0,0,2.143282209123884,"[0.0, 2.143282209123884]",2.143282209123884,0.0,2.143282209123884,5.016666666666654,0,1,0,8.123227228446922,2.143282209123884e-06,301,1,0
35,62,34,0,0,0,2.1116583687918524,"[0.0, 2.1116583687918524]",2.1116583687918524,0.0,2.1116583687918524,5.016666666666654,0,1,0,7.705869768135017,2.1116583687918524e-06,301,1,0
35,63,17,0,0,0,2.1095493861607144,"[0.0, 2.1095493861607144]",2.1095493861607144,0.0,2.1095493861607144,5.016666666666654,0,1,0,7.705502638200414,2.1095493861607144e-06,301,1,0
35,64,30,0,0,0,1.8755013602120534,"[0.0, 1.8755013602120534]",1.8755013602120534,0.0,1.8755013602120534,5.016666666666654,0,1,0,5.174716697947588,1.8755013602120534e-06,301,1,0
36,1,0,0,1,1,10.000465938023158,"[0.0, 10.000465938023158]",10.000465938023158,8.571428571428571,10.000465938023158,3.2499999999999933,0,1,0,84.81068161129951,1.0000465938023157e-05,195,1,0
36,2,1,0,1,1,9.973997388567243,"[0.0, 9.973997388567243]",9.973997388567243,8.571428571428571,9.973997388567243,5.28333333333332,0,1,0,84.50228805840015,9.973997388567244e-06,317,1,0
36,3,2,0,1,1,9.786267961774552,"[0.0, 9.786267961774552]",9.786267961774552,8.571428571428571,9.786267961774552,8.466666666666667,0,1,0,85.24319521477446,9.786267961774552e-06,508,1,0
36,4,3,0,1,1,9.764690399169922,"[0.0, 9.764690399169922]",9.764690399169922,8.571428571428571,9.764690399169922,3.1999999999999935,0,1,0,82.74645590782166,9.764690399169922e-06,192,1,0
36,5,4,0,1,1,9.750497000558035,"[0.0, 9.750497000558035]",9.750497000558035,8.571428571428571,9.750497000558035,3.1999999999999935,0,1,0,82.74618946015835,9.750497000558035e-06,192,1,0
36,6,5,0,1,1,9.74621091570173,"[0.0, 9.74621091570173]",9.74621091570173,8.571428571428571,9.74621091570173,3.1999999999999935,0,1,0,82.74707110226154,9.74621091570173e-06,192,1,0
36,7,6,0,1,1,9.736240931919642,"[0.0, 9.736240931919642]",9.736240931919642,8.571428571428571,9.736240931919642,6.183333333333317,0,1,0,82.92309748381376,9.736240931919643e-06,371,1,0
36,8,7,0,1,1,9.732627868652344,"[0.0, 9.732627868652344]",9.732627868652344,8.571428571428571,9.732627868652344,5.199999999999987,0,1,0,82.78314466774464,9.732627868652343e-06,312,1,0
36,9,37,0,0,1,9.626827239990234,"[0.0, 9.626827239990234]",9.626827239990234,8.571428571428571,9.626827239990234,3.1999999999999935,0,1,0,82.7468010187149,9.626827239990234e-06,192,1,0
36,10,39,0,0,1,9.555375235421316,"[0.0, 9.555375235421316]",9.555375235421316,8.571428571428571,9.555375235421316,3.1999999999999935,0,1,0,81.49697813391685,9.555375235421315e-06,192,1,0
36,11,51,0,0,1,9.489449092320033,"[0.0, 9.489449092320033]",9.489449092320033,8.571428571428571,9.489449092320033,3.1666666666666603,0,1,0,81.38247744739056,9.489449092320034e-06,190,1,0
36,12,41,0,0,1,9.439362117222377,"[0.0, 9.439362117222377]",9.439362117222377,8.571428571428571,9.439362117222377,3.1666666666666603,0,1,0,81.38170236349106,9.439362117222376e-06,190,1,0
36,13,49,0,0,1,9.391373225620816,"[0.0, 9.391373225620816]",9.391373225620816,8.571428571428571,9.391373225620816,3.1499999999999937,0,1,0,80.70268277823925,9.391373225620816e-06,189,1,0
36,14,28,0,0,1,9.363735743931361,"[0.0, 9.363735743931361]",9.363735743931361,8.571428571428571,9.363735743931361,3.1499999999999937,0,1,0,80.70286077260971,9.36373574393136e-06,189,1,0
36,15,60,0,0,1,9.348248073032924,"[0.0, 9.348248073032924]",9.348248073032924,8.571428571428571,9.348248073032924,3.1499999999999937,0,1,0,80.70245829224586,9.348248073032923e-06,189,1,0
36,16,46,0,0,1,9.339659554617745,"[0.0, 9.339659554617745]",9.339659554617745,8.571428571428571,9.339659554617745,3.1499999999999937,0,1,0,80.70286738872528,9.339659554617746e-06,189,1,0
36,17,27,0,0,1,9.248826163155693,"[0.0, 9.248826163155693]",9.248826163155693,8.571428571428571,9.248826163155693,3.133333333333327,0,1,0,80.02596116065979,9.248826163155693e-06,188,1,0
36,18,8,0,0,1,9.192652021135602,"[0.0, 9.192652021135602]",9.192652021135602,8.571428571428571,9.192652021135602,3.133333333333327,0,1,0,80.02573485672474,9.192652021135603e-06,188,1,0
36,19,13,0,0,1,9.112022944859095,"[0.0, 9.112022944859095]",9.112022944859095,8.571428571428571,9.112022944859095,3.133333333333327,0,1,0,79.31370089948177,9.112022944859095e-06,188,1,0
36,20,48,0,0,1,9.082987649100167,"[0.0, 9.082987649100167]",9.082987649100167,8.571428571428571,9.082987649100167,3.1166666666666605,0,1,0,79.3513983041048,9.082987649100167e-06,187,1,0
36,21,29,0,0,1,9.05442374093192,"[0.0, 9.05442374093192]",9.05442374093192,8.571428571428571,9.05442374093192,3.1166666666666605,0,1,0,79.35107851028442,9.05442374093192e-06,187,1,0
36,22,42,0,0,1,9.054200308663503,"[0.0, 9.054200308663503]",9.054200308663503,8.571428571428571,9.054200308663503,3.1166666666666605,0,1,0,79.35124476253986,9.054200308663504e-06,187,1,0
36,23,45,0,0,1,9.030753544398715,"[0.0, 9.030753544398715]",9.030753544398715,8.571428571428571,9.030753544398715,3.1166666666666605,0,1,0,79.35112142562866,9.030753544398715e-06,187,1,0
36,24,54,0,0,1,8.982091631208148,"[0.0, 8.982091631208148]",8.982091631208148,8.571428571428571,8.982091631208148,3.1166666666666605,0,1,0,79.35095110535622,8.982091631208148e-06,187,1,0
36,25,53,0,0,1,8.658831460135323,"[0.0, 8.658831460135323]",8.658831460135323,8.571428571428571,8.658831460135323,3.0833333333333273,0,1,0,78.00870649516582,8.658831460135323e-06,185,1,0
36,26,17,0,0,1,8.577439444405693,"[0.0, 8.577439444405693]",8.577439444405693,8.571428571428571,8.577439444405693,3.3333333333333264,0,1,0,77.72191670536995,8.577439444405692e-06,200,1,0
36,27,24,0,0,1,8.521050044468472,"[0.0, 8.521050044468472]",8.521050044468472,5.714285714285714,8.521050044468472,3.483333333333326,0,1,0,77.5235456675291,8.521050044468473e-06,209,1,0
36,28,22,0,0,1,8.389034271240234,"[0.0, 8.389034271240234]",8.389034271240234,5.714285714285714,8.389034271240234,3.0666666666666607,0,1,0,77.34130495786667,8.389034271240235e-06,184,1,0
36,29,52,0,0,1,8.375026157924108,"[0.0, 8.375026157924108]",8.375026157924108,5.714285714285714,8.375026157924108,3.0666666666666607,0,1,0,77.34141175448895,8.375026157924107e-06,184,1,0
36,30,9,0,0,1,8.371849060058594,"[0.0, 8.371849060058594]",8.371849060058594,5.714285714285714,8.371849060058594,3.0666666666666607,0,1,0,77.34118084609509,8.371849060058594e-06,184,1,0
36,31,12,0,0,1,8.239397321428571,"[0.0, 8.239397321428571]",8.239397321428571,5.714285714285714,8.239397321428571,3.049999999999994,0,1,0,76.67621347308159,8.239397321428571e-06,183,1,0
36,32,43,0,0,1,8.2253783089774,"[0.0, 8.2253783089774]",8.2253783089774,5.714285714285714,8.2253783089774,3.049999999999994,0,1,0,76.67595390975475,8.2253783089774e-06,183,1,0
36,33,35,0,0,0,8.14624513898577,"[0.0, 8.14624513898577]",8.14624513898577,5.714285714285714,8.14624513898577,3.0333333333333274,0,1,0,76.01316668093204,8.14624513898577e-06,182,1,0
36,34,55,0,0,0,7.950970785958426,"[0.0, 7.950970785958426]",7.950970785958426,5.714285714285714,7.950970785958426,3.5499999999999923,0,1,0,75.49616412818432,7.950970785958426e-06,213,1,0
36,35,47,0,0,0,7.739077976771763,"[0.0, 7.739077976771763]",7.739077976771763,5.714285714285714,7.739077976771763,3.183333333333327,0,1,0,74.31019505858421,7.739077976771763e-06,191,1,0
36,36,30,0,0,0,7.667762211390904,"[0.0, 7.667762211390904]",7.667762211390904,5.714285714285714,7.667762211390904,2.9833333333333276,0,1,0,74.03712913393974,7.667762211390903e-06,179,1,0
36,37,23,0,0,0,7.570784432547432,"[0.0, 7.570784432547432]",7.570784432547432,5.714285714285714,7.570784432547432,2.966666666666661,0,1,0,73.38351088762283,7.570784432547432e-06,178,1,0
36,38,32,0,0,0,7.557179587227958,"[0.0, 7.557179587227958]",7.557179587227958,5.714285714285714,7.557179587227958,2.966666666666661,0,1,0,73.13712960481644,7.557179587227959e-06,178,1,0
36,39,16,0,0,0,7.142857142857142,"[0.0, 7.142857142857142]",7.142857142857142,5.714285714285714,7.142857142857142,2.7666666666666617,0,1,0,65.72097842395306,7.142857142857143e-06,166,1,0
36,40,18,0,0,0,7.142857142857142,"[0.0, 7.142857142857142]",7.142857142857142,5.714285714285714,7.142857142857142,2.7666666666666617,0,1,0,65.72114393115044,7.142857142857143e-06,166,1,0
36,41,20,0,0,0,7.142857142857142,"[0.0, 7.142857142857142]",7.142857142857142,5.714285714285714,7.142857142857142,2.833333333333328,0,1,0,68.237444922328,7.142857142857143e-06,170,1,0
36,42,63,0,0,0,5.816634041922433,"[0.0, 5.816634041922433]",5.816634041922433,5.714285714285714,5.816634041922433,2.3499999999999965,0,1,0,50.8792305290699,5.816634041922433e-06,141,1,0
36,43,34,0,0,0,5.785031999860491,"[0.0, 5.785031999860491]",5.785031999860491,5.714285714285714,5.785031999860491,2.33333333333333,0,1,0,50.317445173859596,5.785031999860492e-06,140,1,0
36,44,61,0,0,0,5.663599286760602,"[0.0, 5.663599286760602]",5.663599286760602,2.857142857142857,5.663599286760602,2.2999999999999967,0,1,0,49.202894032001495,5.663599286760602e-06,138,1,0
36,45,57,0,0,0,5.612700326102121,"[0.0, 5.612700326102121]",5.612700326102121,2.857142857142857,5.612700326102121,2.28333333333333,0,1,0,48.64916042983532,5.612700326102121e-06,137,1,0
36,46,31,0,0,0,5.608100891113281,"[0.0, 5.608100891113281]",5.608100891113281,2.857142857142857,5.608100891113281,2.28333333333333,0,1,0,48.6491913497448,5.608100891113281e-06,137,1,0
36,47,33,0,0,0,5.575959341866629,"[0.0, 5.575959341866629]",5.575959341866629,2.857142857142857,5.575959341866629,2.2666666666666635,0,1,0,48.09818625450134,5.575959341866629e-06,136,1,0
36,48,36,0,0,0,5.56713649204799,"[0.0, 5.56713649204799]",5.56713649204799,2.857142857142857,5.56713649204799,2.2666666666666635,0,1,0,48.09808659553528,5.567136492047991e-06,136,1,0
36,49,56,0,0,0,5.510624476841517,"[0.0, 5.510624476841517]",5.510624476841517,2.857142857142857,5.510624476841517,2.249999999999997,0,1,0,47.55030117928982,5.5106244768415176e-06,135,1,0
36,50,59,0,0,0,5.468226841517857,"[0.0, 5.468226841517857]",5.468226841517857,2.857142857142857,5.468226841517857,2.2333333333333303,0,1,0,47.00380243360996,5.468226841517857e-06,134,1,0
36,51,21,0,0,0,5.359807695661272,"[0.0, 5.359807695661272]",5.359807695661272,2.857142857142857,5.359807695661272,2.666666666666662,0,1,0,45.90302874147892,5.359807695661271e-06,160,1,0
36,52,50,0,0,0,5.351769583565848,"[0.0, 5.351769583565848]",5.351769583565848,2.857142857142857,5.351769583565848,2.199999999999997,0,1,0,45.92038016021252,5.351769583565848e-06,132,1,0
36,53,19,0,0,0,5.266173226492746,"[0.0, 5.266173226492746]",5.266173226492746,2.857142857142857,5.266173226492746,2.166666666666664,0,1,0,44.84639818966389,5.266173226492746e-06,130,1,0
36,54,38,0,0,0,5.235377720424108,"[0.0, 5.235377720424108]",5.235377720424108,2.857142857142857,5.235377720424108,2.8999999999999946,0,1,0,44.53462168574333,5.235377720424107e-06,174,1,0
36,55,14,0,0,0,5.156440734863281,"[0.0, 5.156440734863281]",5.156440734863281,2.857142857142857,5.156440734863281,2.1333333333333306,0,1,0,43.783599600195885,5.156440734863282e-06,128,1,0
36,56,25,0,0,0,5.1178196498325885,"[0.0, 5.1178196498325885]",5.1178196498325885,2.857142857142857,5.1178196498325885,2.116666666666664,0,1,0,43.256449431180954,5.1178196498325885e-06,127,1,0
36,57,15,0,0,0,5.019236973353794,"[0.0, 5.019236973353794]",5.019236973353794,2.857142857142857,5.019236973353794,2.083333333333331,0,1,0,42.2091084420681,5.019236973353794e-06,125,1,0
36,58,26,0,0,0,4.969237191336495,"[0.0, 4.969237191336495]",4.969237191336495,2.857142857142857,4.969237191336495,2.066666666666664,0,1,0,41.6892876625061,4.9692371913364946e-06,124,1,0
36,59,40,0,0,0,4.96899196079799,"[0.0, 4.96899196079799]",4.96899196079799,2.857142857142857,4.96899196079799,2.066666666666664,0,1,0,41.689464926719666,4.96899196079799e-06,124,1,0
36,60,10,0,0,0,4.946741376604353,"[0.0, 4.946741376604353]",4.946741376604353,2.857142857142857,4.946741376604353,2.066666666666664,0,1,0,41.52897781133652,4.9467413766043535e-06,124,1,0
36,61,62,0,0,0,2.1310152326311385,"[0.0, 2.1310152326311385]",2.1310152326311385,0.0,2.1310152326311385,5.016666666666654,0,1,0,7.933313546360296,2.1310152326311384e-06,301,1,0
36,62,11,0,0,0,2.111696515764509,"[0.0, 2.111696515764509]",2.111696515764509,0.0,2.111696515764509,5.016666666666654,0,1,0,7.705869612545939,2.1116965157645093e-06,301,1,0
36,63,44,0,0,0,2.109838213239397,"[0.0, 2.109838213239397]",2.109838213239397,0.0,2.109838213239397,5.016666666666654,0,1,0,7.7057762483964325,2.109838213239397e-06,301,1,0
36,64,58,0,0,0,1.908471243722098,"[0.0, 1.908471243722098]",1.908471243722098,0.0,1.908471243722098,5.016666666666654,0,1,0,5.56644640857121,1.908471243722098e-06,301,1,0
37,1,0,0,1,1,10.000465938023158,"[0.0, 10.000465938023158]",10.000465938023158,8.571428571428571,10.000465938023158,3.2499999999999933,0,1,0,84.81068161129951,1.0000465938023157e-05,195,1,0
37,2,1,0,1,1,9.973997388567243,"[0.0, 9.973997388567243]",9.973997388567243,8.571428571428571,9.973997388567243,5.28333333333332,0,1,0,84.50228805840015,9.973997388567244e-06,317,1,0
37,3,2,0,1,1,9.786267961774552,"[0.0, 9.786267961774552]",9.786267961774552,8.571428571428571,9.786267961774552,8.466666666666667,0,1,0,85.24319521477446,9.786267961774552e-06,508,1,0
37,4,3,0,1,1,9.764690399169922,"[0.0, 9.764690399169922]",9.764690399169922,8.571428571428571,9.764690399169922,3.1999999999999935,0,1,0,82.74645590782166,9.764690399169922e-06,192,1,0
37,5,4,0,1,1,9.750497000558035,"[0.0, 9.750497000558035]",9.750497000558035,8.571428571428571,9.750497000558035,3.1999999999999935,0,1,0,82.74618946015835,9.750497000558035e-06,192,1,0
37,6,5,0,1,1,9.74621091570173,"[0.0, 9.74621091570173]",9.74621091570173,8.571428571428571,9.74621091570173,3.1999999999999935,0,1,0,82.74707110226154,9.74621091570173e-06,192,1,0
37,7,6,0,1,1,9.736240931919642,"[0.0, 9.736240931919642]",9.736240931919642,8.571428571428571,9.736240931919642,6.183333333333317,0,1,0,82.92309748381376,9.736240931919643e-06,371,1,0
37,8,7,0,1,1,9.732627868652344,"[0.0, 9.732627868652344]",9.732627868652344,8.571428571428571,9.732627868652344,5.199999999999987,0,1,0,82.78314466774464,9.732627868652343e-06,312,1,0
37,9,21,0,0,1,9.675927843366349,"[0.0, 9.675927843366349]",9.675927843366349,8.571428571428571,9.675927843366349,3.1999999999999935,0,1,0,82.2328929901123,9.675927843366349e-06,192,1,0
37,10,38,0,0,1,9.596617562430247,"[0.0, 9.596617562430247]",9.596617562430247,8.571428571428571,9.596617562430247,3.183333333333327,0,1,0,82.06319081783295,9.596617562430247e-06,191,1,0
37,11,39,0,0,1,9.533476148332868,"[0.0, 9.533476148332868]",9.533476148332868,8.571428571428571,9.533476148332868,3.1999999999999935,0,1,0,81.81410139799118,9.533476148332868e-06,192,1,0
37,12,25,0,0,1,9.521149226597377,"[0.0, 9.521149226597377]",9.521149226597377,8.571428571428571,9.521149226597377,3.1666666666666603,0,1,0,81.38168811798096,9.521149226597377e-06,190,1,0
37,13,45,0,0,1,9.32676042829241,"[0.0, 9.32676042829241]",9.32676042829241,8.571428571428571,9.32676042829241,3.3666666666666596,0,1,0,80.47930854558945,9.32676042829241e-06,202,1,0
37,14,58,0,0,1,9.287054879324778,"[0.0, 9.287054879324778]",9.287054879324778,8.571428571428571,9.287054879324778,3.299999999999993,0,1,0,80.47852157056332,9.287054879324778e-06,198,1,0
37,15,62,0,0,1,9.271458217075892,"[0.0, 9.271458217075892]",9.271458217075892,8.571428571428571,9.271458217075892,3.133333333333327,0,1,0,80.02594451606274,9.271458217075892e-06,188,1,0
37,16,56,0,0,1,9.251752580915179,"[0.0, 9.251752580915179]",9.251752580915179,8.571428571428571,9.251752580915179,3.133333333333327,0,1,0,80.02578768134117,9.251752580915179e-06,188,1,0
37,17,47,0,0,1,9.209951673235212,"[0.0, 9.209951673235212]",9.209951673235212,8.571428571428571,9.209951673235212,3.26666666666666,0,1,0,79.80115297436714,9.209951673235211e-06,196,1,0
37,18,52,0,0,1,9.169657570975168,"[0.0, 9.169657570975168]",9.169657570975168,8.571428571428571,9.169657570975168,3.133333333333327,0,1,0,80.02590289711952,9.16965757097517e-06,188,1,0
37,19,35,0,0,1,9.134227207728793,"[0.0, 9.134227207728793]",9.134227207728793,8.571428571428571,9.134227207728793,3.133333333333327,0,1,0,80.02581518888474,9.134227207728793e-06,188,1,0
37,20,26,0,0,1,9.133546011788503,"[0.0, 9.133546011788503]",9.133546011788503,8.571428571428571,9.133546011788503,3.133333333333327,0,1,0,80.0257685482502,9.133546011788504e-06,188,1,0
37,21,51,0,0,1,9.0017454964774,"[0.0, 9.0017454964774]",9.0017454964774,8.571428571428571,9.0017454964774,3.1166666666666605,0,1,0,79.35139708220959,9.0017454964774e-06,187,1,0
37,22,54,0,0,1,8.988380432128906,"[0.0, 8.988380432128906]",8.988380432128906,8.571428571428571,8.988380432128906,3.1166666666666605,0,1,0,79.35122871398926,8.988380432128907e-06,187,1,0
37,23,63,0,0,1,8.980350494384766,"[0.0, 8.980350494384766]",8.980350494384766,8.571428571428571,8.980350494384766,3.1166666666666605,0,1,0,79.35099187493324,8.980350494384765e-06,187,1,0
37,24,29,0,0,1,8.958661215645925,"[0.0, 8.958661215645925]",8.958661215645925,8.571428571428571,8.958661215645925,3.099999999999994,0,1,0,78.67875865101814,8.958661215645926e-06,186,1,0
37,25,46,0,0,1,8.926808493477957,"[0.0, 8.926808493477957]",8.926808493477957,8.571428571428571,8.926808493477957,3.1166666666666605,0,1,0,79.15305788815022,8.926808493477957e-06,187,1,0
37,26,15,0,0,1,8.895062037876674,"[0.0, 8.895062037876674]",8.895062037876674,8.571428571428571,8.895062037876674,3.1166666666666605,0,1,0,79.35107870399952,8.895062037876674e-06,187,1,0
37,27,61,0,0,1,8.768523080008372,"[0.0, 8.768523080008372]",8.768523080008372,8.571428571428571,8.768523080008372,3.099999999999994,0,1,0,78.67849753797054,8.768523080008371e-06,186,1,0
37,28,13,0,0,1,8.727585928780691,"[0.0, 8.727585928780691]",8.727585928780691,8.571428571428571,8.727585928780691,3.0833333333333273,0,1,0,78.00899147987366,8.727585928780692e-06,185,1,0
37,29,41,0,0,1,8.726752144949778,"[0.0, 8.726752144949778]",8.726752144949778,8.571428571428571,8.726752144949778,3.0833333333333273,0,1,0,78.00877398252487,8.726752144949778e-06,185,1,0
37,30,31,0,0,1,8.685509817940847,"[0.0, 8.685509817940847]",8.685509817940847,8.571428571428571,8.685509817940847,3.0833333333333273,0,1,0,78.00930669903755,8.685509817940847e-06,185,1,0
37,31,43,0,0,1,8.576180594308036,"[0.0, 8.576180594308036]",8.576180594308036,8.571428571428571,8.576180594308036,7.516666666666645,0,1,0,59.02959487586486,8.576180594308036e-06,451,1,0
37,32,53,0,0,1,8.52433613368443,"[0.0, 8.52433613368443]",8.52433613368443,5.714285714285714,8.52433613368443,3.0666666666666607,0,1,0,77.34137021005154,8.524336133684431e-06,184,1,0
37,33,49,0,0,0,8.395415714808871,"[0.0, 8.395415714808871]",8.395415714808871,5.714285714285714,8.395415714808871,3.0666666666666607,0,1,0,77.34100541472435,8.395415714808872e-06,184,1,0
37,34,22,0,0,0,8.379238673618863,"[0.0, 8.379238673618863]",8.379238673618863,5.714285714285714,8.379238673618863,3.049999999999994,0,1,0,76.67620821297169,8.379238673618864e-06,183,1,0
37,35,44,0,0,0,8.333489554268974,"[0.0, 8.333489554268974]",8.333489554268974,5.714285714285714,8.333489554268974,3.049999999999994,0,1,0,76.67582033574581,8.333489554268974e-06,183,1,0
37,36,37,0,0,0,8.242111206054688,"[0.0, 8.242111206054688]",8.242111206054688,5.714285714285714,8.242111206054688,3.049999999999994,0,1,0,76.67638608813286,8.242111206054688e-06,183,1,0
37,37,34,0,0,0,8.012311117989675,"[0.0, 8.012311117989675]",8.012311117989675,5.714285714285714,8.012311117989675,3.016666666666661,0,1,0,75.35227853059769,8.012311117989675e-06,181,1,0
37,38,27,0,0,0,7.960052490234375,"[0.0, 7.960052490234375]",7.960052490234375,5.714285714285714,7.960052490234375,3.383333333333326,0,1,0,75.27107182145119,7.960052490234374e-06,203,1,0
37,39,9,0,0,0,7.777971540178571,"[0.0, 7.777971540178571]",7.777971540178571,5.714285714285714,7.777971540178571,2.9999999999999942,0,1,0,74.6937391012907,7.777971540178572e-06,180,1,0
37,40,14,0,0,0,7.766001565115792,"[0.0, 7.766001565115792]",7.766001565115792,5.714285714285714,7.766001565115792,2.9999999999999942,0,1,0,74.69410187005997,7.766001565115792e-06,180,1,0
37,41,19,0,0,0,7.664890289306641,"[0.0, 7.664890289306641]",7.664890289306641,5.714285714285714,7.664890289306641,2.9833333333333276,0,1,0,74.03726418316364,7.66489028930664e-06,179,1,0
37,42,60,0,0,0,7.2538266863141745,"[0.0, 7.2538266863141745]",7.2538266863141745,5.714285714285714,7.2538266863141745,2.916666666666661,0,1,0,71.43613994121552,7.253826686314174e-06,175,1,0
37,43,36,0,0,0,7.142857142857142,"[0.0, 7.142857142857142]",7.142857142857142,5.714285714285714,7.142857142857142,2.8666666666666614,0,1,0,69.50995141267776,7.142857142857143e-06,172,1,0
37,44,48,0,0,0,7.142857142857142,"[0.0, 7.142857142857142]",7.142857142857142,5.714285714285714,7.142857142857142,2.8666666666666614,0,1,0,69.5096156746149,7.142857142857143e-06,172,1,0
37,45,17,0,0,0,6.315078735351562,"[0.0, 6.315078735351562]",6.315078735351562,5.714285714285714,6.315078735351562,2.499999999999996,0,1,0,56.043950378894806,6.315078735351561e-06,150,1,0
37,46,33,0,0,0,5.677294049944196,"[0.0, 5.677294049944196]",5.677294049944196,2.857142857142857,5.677294049944196,2.3166666666666633,0,1,0,49.3312299400568,5.677294049944196e-06,139,1,0
37,47,12,0,0,0,5.674678257533483,"[0.0, 5.674678257533483]",5.674678257533483,2.857142857142857,5.674678257533483,2.2999999999999967,0,1,0,49.20224119722843,5.674678257533483e-06,138,1,0
37,48,57,0,0,0,5.619359697614398,"[0.0, 5.619359697614398]",5.619359697614398,2.857142857142857,5.619359697614398,2.28333333333333,0,1,0,48.64939659833908,5.619359697614398e-06,137,1,0
37,49,40,0,0,0,5.615452357700893,"[0.0, 5.615452357700893]",5.615452357700893,2.857142857142857,5.615452357700893,2.28333333333333,0,1,0,48.64898210763931,5.615452357700893e-06,137,1,0
37,50,28,0,0,0,5.368744986397879,"[0.0, 5.368744986397879]",5.368744986397879,2.857142857142857,5.368744986397879,2.199999999999997,0,1,0,45.91990692913532,5.36874498639788e-06,132,1,0
37,51,8,0,0,0,5.3157533918108255,"[0.0, 5.3157533918108255]",5.3157533918108255,2.857142857142857,5.3157533918108255,2.9833333333333276,0,1,0,45.41421499848366,5.315753391810826e-06,179,1,0
37,52,50,0,0,0,5.260587419782366,"[0.0, 5.260587419782366]",5.260587419782366,2.857142857142857,5.260587419782366,2.166666666666664,0,1,0,44.846468180418015,5.2605874197823665e-06,130,1,0
37,53,10,0,0,0,5.168337140764509,"[0.0, 5.168337140764509]",5.168337140764509,2.857142857142857,5.168337140764509,2.1333333333333306,0,1,0,43.783728405833244,5.168337140764509e-06,128,1,0
37,54,23,0,0,0,4.967242649623326,"[0.0, 4.967242649623326]",4.967242649623326,2.857142857142857,4.967242649623326,2.066666666666664,0,1,0,41.6893367767334,4.967242649623326e-06,124,1,0
37,55,20,0,0,0,4.923117501395089,"[0.0, 4.923117501395089]",4.923117501395089,2.857142857142857,4.923117501395089,2.0499999999999976,0,1,0,41.17278003692627,4.923117501395089e-06,123,1,0
37,56,59,0,0,0,4.73198481968471,"[0.0, 4.73198481968471]",4.73198481968471,2.857142857142857,4.73198481968471,1.9833333333333312,0,1,0,39.13101826608181,4.73198481968471e-06,119,1,0
37,57,18,0,0,0,2.6310838971819197,"[0.0, 2.6310838971819197]",2.6310838971819197,0.0,2.6310838971819197,30.016666666666243,0,0,1,293.6231870362535,2.63108389718192e-06,1801,0,1
37,58,11,0,0,0,2.157598223005022,"[0.0, 2.157598223005022]",2.157598223005022,0.0,2.157598223005022,5.016666666666654,0,1,0,8.214457783207763,2.157598223005022e-06,301,1,0
37,59,30,0,0,0,2.1118327549525673,"[0.0, 2.1118327549525673]",2.1118327549525673,0.0,2.1118327549525673,5.016666666666654,0,1,0,7.705731422029203,2.111832754952567e-06,301,1,0
37,60,24,0,0,0,2.1108954293387274,"[0.0, 2.1108954293387274]",2.1108954293387274,0.0,2.1108954293387274,5.016666666666654,0,1,0,7.705998470722989,2.1108954293387274e-06,301,1,0
37,61,16,0,0,0,2.1092987060546875,"[0.0, 2.1092987060546875]",2.1092987060546875,0.0,2.1092987060546875,5.016666666666654,0,1,0,7.706340091586753,2.1092987060546875e-06,301,1,0
37,62,55,0,0,0,2.1064158848353793,"[0.0, 2.1064158848353793]",2.1064158848353793,0.0,2.1064158848353793,5.016666666666654,0,1,0,7.705476162969717,2.1064158848353793e-06,301,1,0
37,63,42,0,0,0,2.0997728620256697,"[0.0, 2.0997728620256697]",2.0997728620256697,0.0,2.0997728620256697,5.016666666666654,0,1,0,7.705390908355184,2.0997728620256696e-06,301,1,0
37,64,32,0,0,0,1.3031823294503349,"[0.0, 1.3031823294503349]",1.3031823294503349,0.0,1.3031823294503349,5.016666666666654,0,1,0,4.2821872987478855,1.3031823294503348e-06,301,1,0
38,1,0,0,1,1,10.000465938023158,"[0.0, 10.000465938023158]",10.000465938023158,8.571428571428571,10.000465938023158,3.2499999999999933,0,1,0,84.81068161129951,1.0000465938023157e-05,195,1,0
38,2,1,0,1,1,9.973997388567243,"[0.0, 9.973997388567243]",9.973997388567243,8.571428571428571,9.973997388567243,5.28333333333332,0,1,0,84.50228805840015,9.973997388567244e-06,317,1,0
38,3,34,0,1,1,9.810177939278738,"[0.0, 9.810177939278738]",9.810177939278738,8.571428571428571,9.810177939278738,3.21666666666666,0,1,0,83.43252511322498,9.810177939278738e-06,193,1,0
38,4,2,0,1,1,9.786267961774552,"[0.0, 9.786267961774552]",9.786267961774552,8.571428571428571,9.786267961774552,8.466666666666667,0,1,0,85.24319521477446,9.786267961774552e-06,508,1,0
38,5,3,0,1,1,9.764690399169922,"[0.0, 9.764690399169922]",9.764690399169922,8.571428571428571,9.764690399169922,3.1999999999999935,0,1,0,82.74645590782166,9.764690399169922e-06,192,1,0
38,6,4,0,1,1,9.750497000558035,"[0.0, 9.750497000558035]",9.750497000558035,8.571428571428571,9.750497000558035,3.1999999999999935,0,1,0,82.74618946015835,9.750497000558035e-06,192,1,0
38,7,5,0,1,1,9.74621091570173,"[0.0, 9.74621091570173]",9.74621091570173,8.571428571428571,9.74621091570173,3.1999999999999935,0,1,0,82.74707110226154,9.74621091570173e-06,192,1,0
38,8,6,0,1,1,9.736240931919642,"[0.0, 9.736240931919642]",9.736240931919642,8.571428571428571,9.736240931919642,6.183333333333317,0,1,0,82.92309748381376,9.736240931919643e-06,371,1,0
38,9,7,0,0,1,9.732627868652344,"[0.0, 9.732627868652344]",9.732627868652344,8.571428571428571,9.732627868652344,5.199999999999987,0,1,0,82.78314466774464,9.732627868652343e-06,312,1,0
38,10,48,0,0,1,9.61035864693778,"[0.0, 9.61035864693778]",9.61035864693778,8.571428571428571,9.61035864693778,3.183333333333327,0,1,0,82.06281717121601,9.61035864693778e-06,191,1,0
38,11,38,0,0,1,9.511991228376115,"[0.0, 9.511991228376115]",9.511991228376115,8.571428571428571,9.511991228376115,3.1666666666666603,0,1,0,81.38157118856907,9.511991228376115e-06,190,1,0
38,12,21,0,0,1,9.496220179966517,"[0.0, 9.496220179966517]",9.496220179966517,8.571428571428571,9.496220179966517,3.1666666666666603,0,1,0,81.38218165934086,9.496220179966517e-06,190,1,0
38,13,40,0,0,1,9.417830875941686,"[0.0, 9.417830875941686]",9.417830875941686,8.571428571428571,9.417830875941686,3.1666666666666603,0,1,0,81.1399772465229,9.417830875941686e-06,190,1,0
38,14,61,0,0,1,9.417119707380023,"[0.0, 9.417119707380023]",9.417119707380023,8.571428571428571,9.417119707380023,3.183333333333327,0,1,0,80.72064331173897,9.417119707380022e-06,191,1,0
38,15,44,0,0,1,9.307188306535993,"[0.0, 9.307188306535993]",9.307188306535993,8.571428571428571,9.307188306535993,3.1499999999999937,0,1,0,80.70275056362152,9.307188306535992e-06,189,1,0
38,16,55,0,0,1,9.280591692243304,"[0.0, 9.280591692243304]",9.280591692243304,8.571428571428571,9.280591692243304,3.133333333333327,0,1,0,80.02575232088566,9.280591692243303e-06,188,1,0
38,17,13,0,0,1,9.264798845563615,"[0.0, 9.264798845563615]",9.264798845563615,8.571428571428571,9.264798845563615,3.133333333333327,0,1,0,80.02558062970638,9.264798845563614e-06,188,1,0
38,18,32,0,0,1,9.258640834263392,"[0.0, 9.258640834263392]",9.258640834263392,8.571428571428571,9.258640834263392,5.033333333333321,0,1,0,80.41267743706703,9.258640834263393e-06,302,1,0
38,19,39,0,0,1,9.201504843575615,"[0.0, 9.201504843575615]",9.201504843575615,8.571428571428571,9.201504843575615,3.133333333333327,0,1,0,80.02583679556847,9.201504843575615e-06,188,1,0
38,20,12,0,0,1,9.200147901262557,"[0.0, 9.200147901262557]",9.200147901262557,8.571428571428571,9.200147901262557,3.133333333333327,0,1,0,80.02593275904655,9.200147901262557e-06,188,1,0
38,21,23,0,0,1,9.187540326799665,"[0.0, 9.187540326799665]",9.187540326799665,8.571428571428571,9.187540326799665,3.133333333333327,0,1,0,80.02579706907272,9.187540326799666e-06,188,1,0
38,22,43,0,0,1,9.057715279715401,"[0.0, 9.057715279715401]",9.057715279715401,8.571428571428571,9.057715279715401,3.1166666666666605,0,1,0,79.3507402986288,9.057715279715401e-06,187,1,0
38,23,24,0,0,1,9.0255982535226,"[0.0, 9.0255982535226]",9.0255982535226,8.571428571428571,9.0255982535226,3.1166666666666605,0,1,0,79.35119663178921,9.0255982535226e-06,187,1,0
38,24,25,0,0,1,8.90259061540876,"[0.0, 8.90259061540876]",8.90259061540876,8.571428571428571,8.90259061540876,3.099999999999994,0,1,0,78.67902132868767,8.90259061540876e-06,186,1,0
38,25,16,0,0,1,8.815116882324219,"[0.0, 8.815116882324219]",8.815116882324219,8.571428571428571,8.815116882324219,3.099999999999994,0,1,0,78.67905293405056,8.81511688232422e-06,186,1,0
38,26,42,0,0,1,8.77211162022182,"[0.0, 8.77211162022182]",8.77211162022182,8.571428571428571,8.77211162022182,3.099999999999994,0,1,0,78.67905621230602,8.772111620221819e-06,186,1,0
38,27,15,0,0,1,8.750114440917969,"[0.0, 8.750114440917969]",8.750114440917969,8.571428571428571,8.750114440917969,3.099999999999994,0,1,0,78.6573234051466,8.750114440917969e-06,186,1,0
38,28,36,0,0,1,8.728569575718472,"[0.0, 8.728569575718472]",8.728569575718472,8.571428571428571,8.728569575718472,3.099999999999994,0,1,0,78.61932745575905,8.728569575718472e-06,186,1,0
38,29,62,0,0,1,8.721141815185547,"[0.0, 8.721141815185547]",8.721141815185547,8.571428571428571,8.721141815185547,3.099999999999994,0,1,0,78.67890714108944,8.721141815185548e-06,186,1,0
38,30,26,0,0,1,8.681212833949498,"[0.0, 8.681212833949498]",8.681212833949498,8.571428571428571,8.681212833949498,3.0833333333333273,0,1,0,78.00896818935871,8.681212833949499e-06,185,1,0
38,31,59,0,0,1,8.639853341238839,"[0.0, 8.639853341238839]",8.639853341238839,8.571428571428571,8.639853341238839,3.0833333333333273,0,1,0,78.00902496278286,8.639853341238839e-06,185,1,0
38,32,35,0,0,1,8.562799181256974,"[0.0, 8.562799181256974]",8.562799181256974,5.714285714285714,8.562799181256974,5.249999999999987,0,1,0,77.5302677154541,8.562799181256974e-06,315,1,0
38,33,22,0,0,0,8.50396020071847,"[0.0, 8.50396020071847]",8.50396020071847,5.714285714285714,8.50396020071847,3.0666666666666607,0,1,0,77.34122224152088,8.503960200718471e-06,184,1,0
38,34,33,0,0,0,8.412023271833146,"[0.0, 8.412023271833146]",8.412023271833146,5.714285714285714,8.412023271833146,3.0666666666666607,0,1,0,77.34191678464413,8.412023271833145e-06,184,1,0
38,35,53,0,0,0,8.332391466413224,"[0.0, 8.332391466413224]",8.332391466413224,5.714285714285714,8.332391466413224,3.049999999999994,0,1,0,76.67601196467876,8.332391466413224e-06,183,1,0
38,36,20,0,0,0,8.300854819161552,"[0.0, 8.300854819161552]",8.300854819161552,5.714285714285714,8.300854819161552,7.316666666666646,0,1,0,57.63324595191807,8.300854819161551e-06,439,1,0
38,37,63,0,0,0,8.181076049804688,"[0.0, 8.181076049804688]",8.181076049804688,5.714285714285714,8.181076049804688,3.049999999999994,0,1,0,76.67593479156494,8.181076049804688e-06,183,1,0
38,38,8,0,0,0,8.136272430419922,"[0.0, 8.136272430419922]",8.136272430419922,5.714285714285714,8.136272430419922,3.0666666666666607,0,1,0,76.21308328211308,8.136272430419921e-06,184,1,0
38,39,10,0,0,0,7.941886356898717,"[0.0, 7.941886356898717]",7.941886356898717,5.714285714285714,7.941886356898717,3.016666666666661,0,1,0,75.35214029252529,7.941886356898717e-06,181,1,0
38,40,45,0,0,0,7.788426535470146,"[0.0, 7.788426535470146]",7.788426535470146,5.714285714285714,7.788426535470146,2.9999999999999942,0,1,0,74.69362969696522,7.788426535470146e-06,180,1,0
38,41,27,0,0,0,7.7039064679827005,"[0.0, 7.7039064679827005]",7.7039064679827005,5.714285714285714,7.7039064679827005,2.9999999999999942,0,1,0,74.3161389529705,7.7039064679827e-06,180,1,0
38,42,41,0,0,0,7.631329127720424,"[0.0, 7.631329127720424]",7.631329127720424,5.714285714285714,7.631329127720424,3.5499999999999923,0,1,0,73.48796877264977,7.631329127720424e-06,213,1,0
38,43,49,0,0,0,7.5845827375139505,"[0.0, 7.5845827375139505]",7.5845827375139505,5.714285714285714,7.5845827375139505,2.966666666666661,0,1,0,73.38364031910896,7.5845827375139505e-06,178,1,0
38,44,19,0,0,0,7.30621610369001,"[0.0, 7.30621610369001]",7.30621610369001,5.714285714285714,7.30621610369001,2.916666666666661,0,1,0,71.43652026355267,7.30621610369001e-06,175,1,0
38,45,47,0,0,0,7.161121368408203,"[0.0, 7.161121368408203]",7.161121368408203,5.714285714285714,7.161121368408203,2.8999999999999946,0,1,0,70.79151153564453,7.161121368408203e-06,174,1,0
38,46,29,0,0,0,7.142857142857142,"[0.0, 7.142857142857142]",7.142857142857142,5.714285714285714,7.142857142857142,2.883333333333328,0,1,0,70.14979669451714,7.142857142857143e-06,173,1,0
38,47,11,0,0,0,5.713669913155692,"[0.0, 5.713669913155692]",5.713669913155692,2.857142857142857,5.713669913155692,2.3166666666666633,0,1,0,49.75865510106087,5.713669913155692e-06,139,1,0
38,48,37,0,0,0,5.621337890625,"[0.0, 5.621337890625]",5.621337890625,2.857142857142857,5.621337890625,2.28333333333333,0,1,0,48.648939430713654,5.621337890625e-06,137,1,0
38,49,56,0,0,0,5.509349278041294,"[0.0, 5.509349278041294]",5.509349278041294,2.857142857142857,5.509349278041294,2.249999999999997,0,1,0,47.55006864666939,5.509349278041294e-06,135,1,0
38,50,14,0,0,0,5.4615293230329245,"[0.0, 5.4615293230329245]",5.4615293230329245,2.857142857142857,5.4615293230329245,6.183333333333317,0,1,0,45.39347262200317,5.461529323032925e-06,371,1,0
38,51,9,0,0,0,5.268353053501674,"[0.0, 5.268353053501674]",5.268353053501674,2.857142857142857,5.268353053501674,2.166666666666664,0,1,0,44.84661281108856,5.268353053501674e-06,130,1,0
38,52,54,0,0,0,5.258058820452009,"[0.0, 5.258058820452009]",5.258058820452009,2.857142857142857,5.258058820452009,2.166666666666664,0,1,0,44.77963136136532,5.258058820452009e-06,130,1,0
38,53,18,0,0,0,5.250767299107143,"[0.0, 5.250767299107143]",5.250767299107143,2.857142857142857,5.250767299107143,2.166666666666664,0,1,0,44.8467650860548,5.2507672991071436e-06,130,1,0
38,54,52,0,0,0,5.203764779227121,"[0.0, 5.203764779227121]",5.203764779227121,2.857142857142857,5.203764779227121,2.1499999999999972,0,1,0,44.31426103413105,5.20376477922712e-06,129,1,0
38,55,51,0,0,0,5.165743146623884,"[0.0, 5.165743146623884]",5.165743146623884,2.857142857142857,5.165743146623884,2.1333333333333306,0,1,0,43.783738270401955,5.165743146623884e-06,128,1,0
38,56,46,0,0,0,5.164053780691964,"[0.0, 5.164053780691964]",5.164053780691964,2.857142857142857,5.164053780691964,2.1333333333333306,0,1,0,43.78373762965202,5.164053780691965e-06,128,1,0
38,57,28,0,0,0,5.135492597307477,"[0.0, 5.135492597307477]",5.135492597307477,2.857142857142857,5.135492597307477,3.3333333333333264,0,1,0,43.51355929672718,5.1354925973074776e-06,200,1,0
38,58,60,0,0,0,5.123018537248884,"[0.0, 5.123018537248884]",5.123018537248884,2.857142857142857,5.123018537248884,2.116666666666664,0,1,0,43.25635839998722,5.123018537248883e-06,127,1,0
38,59,31,0,0,0,5.02326420375279,"[0.0, 5.02326420375279]",5.02326420375279,2.857142857142857,5.02326420375279,2.083333333333331,0,1,0,42.20858830213547,5.02326420375279e-06,125,1,0
38,60,58,0,0,0,2.1844863891601562,"[0.0, 2.1844863891601562]",2.1844863891601562,0.0,2.1844863891601562,5.016666666666654,0,1,0,8.541751989272598,2.1844863891601562e-06,301,1,0
38,61,30,0,0,0,2.1540396554129466,"[0.0, 2.1540396554129466]",2.1540396554129466,0.0,2.1540396554129466,5.016666666666654,0,1,0,8.21452070838859,2.1540396554129468e-06,301,1,0
38,62,57,0,0,0,2.1113858904157365,"[0.0, 2.1113858904157365]",2.1113858904157365,0.0,2.1113858904157365,5.016666666666654,0,1,0,7.7058286253450206,2.1113858904157366e-06,301,1,0
38,63,50,0,0,0,2.1080398559570312,"[0.0, 2.1080398559570312]",2.1080398559570312,0.0,2.1080398559570312,5.016666666666654,0,1,0,7.705935371253872,2.1080398559570314e-06,301,1,0
38,64,17,0,0,0,2.104143415178571,"[0.0, 2.104143415178571]",2.104143415178571,0.0,2.104143415178571,5.016666666666654,0,1,0,7.705797418580914,2.104143415178571e-06,301,1,0
39,1,0,0,1,1,10.000465938023158,"[0.0, 10.000465938023158]",10.000465938023158,8.571428571428571,10.000465938023158,3.2499999999999933,0,1,0,84.81068161129951,1.0000465938023157e-05,195,1,0
39,2,1,0,1,1,9.973997388567243,"[0.0, 9.973997388567243]",9.973997388567243,8.571428571428571,9.973997388567243,5.28333333333332,0,1,0,84.50228805840015,9.973997388567244e-06,317,1,0
39,3,2,0,1,1,9.810177939278738,"[0.0, 9.810177939278738]",9.810177939278738,8.571428571428571,9.810177939278738,3.21666666666666,0,1,0,83.43252511322498,9.810177939278738e-06,193,1,0
39,4,3,0,1,1,9.786267961774552,"[0.0, 9.786267961774552]",9.786267961774552,8.571428571428571,9.786267961774552,8.466666666666667,0,1,0,85.24319521477446,9.786267961774552e-06,508,1,0
39,5,4,0,1,1,9.764690399169922,"[0.0, 9.764690399169922]",9.764690399169922,8.571428571428571,9.764690399169922,3.1999999999999935,0,1,0,82.74645590782166,9.764690399169922e-06,192,1,0
39,6,5,0,1,1,9.750497000558035,"[0.0, 9.750497000558035]",9.750497000558035,8.571428571428571,9.750497000558035,3.1999999999999935,0,1,0,82.74618946015835,9.750497000558035e-06,192,1,0
39,7,6,0,1,1,9.74621091570173,"[0.0, 9.74621091570173]",9.74621091570173,8.571428571428571,9.74621091570173,3.1999999999999935,0,1,0,82.74707110226154,9.74621091570173e-06,192,1,0
39,8,7,0,1,1,9.736240931919642,"[0.0, 9.736240931919642]",9.736240931919642,8.571428571428571,9.736240931919642,6.183333333333317,0,1,0,82.92309748381376,9.736240931919643e-06,371,1,0
39,9,48,0,0,1,9.729115622384207,"[0.0, 9.729115622384207]",9.729115622384207,8.571428571428571,9.729115622384207,3.1999999999999935,0,1,0,82.74681377410889,9.729115622384206e-06,192,1,0
39,10,56,0,0,1,9.57859856741769,"[0.0, 9.57859856741769]",9.57859856741769,8.571428571428571,9.57859856741769,3.183333333333327,0,1,0,82.06301094591618,9.57859856741769e-06,191,1,0
39,11,58,0,0,1,9.531181880405972,"[0.0, 9.531181880405972]",9.531181880405972,8.571428571428571,9.531181880405972,3.1666666666666603,0,1,0,81.38188694417477,9.531181880405972e-06,190,1,0
39,12,28,0,0,1,9.476950509207589,"[0.0, 9.476950509207589]",9.476950509207589,8.571428571428571,9.476950509207589,3.1666666666666603,0,1,0,81.38201756775379,9.476950509207589e-06,190,1,0
39,13,12,0,0,1,9.386722019740514,"[0.0, 9.386722019740514]",9.386722019740514,8.571428571428571,9.386722019740514,3.1499999999999937,0,1,0,80.70276580750942,9.386722019740514e-06,189,1,0
39,14,61,0,0,1,9.363871983119418,"[0.0, 9.363871983119418]",9.363871983119418,8.571428571428571,9.363871983119418,3.1499999999999937,0,1,0,80.70299471914768,9.363871983119418e-06,189,1,0
39,15,16,0,0,1,9.262368338448661,"[0.0, 9.262368338448661]",9.262368338448661,8.571428571428571,9.262368338448661,3.133333333333327,0,1,0,80.0212621241808,9.262368338448662e-06,188,1,0
39,16,59,0,0,1,9.223888942173549,"[0.0, 9.223888942173549]",9.223888942173549,8.571428571428571,9.223888942173549,3.133333333333327,0,1,0,80.02545465528965,9.223888942173548e-06,188,1,0
39,17,55,0,0,1,9.186957223074776,"[0.0, 9.186957223074776]",9.186957223074776,8.571428571428571,9.186957223074776,3.133333333333327,0,1,0,80.02577170729637,9.186957223074776e-06,188,1,0
39,18,45,0,0,1,9.184859139578682,"[0.0, 9.184859139578682]",9.184859139578682,8.571428571428571,9.184859139578682,3.133333333333327,0,1,0,80.02573439478874,9.184859139578682e-06,188,1,0
39,19,17,0,0,1,9.172891889299665,"[0.0, 9.172891889299665]",9.172891889299665,8.571428571428571,9.172891889299665,3.133333333333327,0,1,0,80.02608951926231,9.172891889299665e-06,188,1,0
39,20,40,0,0,1,9.172194344656807,"[0.0, 9.172194344656807]",9.172194344656807,8.571428571428571,9.172194344656807,3.133333333333327,0,1,0,80.02563740313053,9.172194344656807e-06,188,1,0
39,21,53,0,0,1,9.05245099748884,"[0.0, 9.05245099748884]",9.05245099748884,8.571428571428571,9.05245099748884,3.1166666666666605,0,1,0,79.35133874416351,9.05245099748884e-06,187,1,0
39,22,60,0,0,1,9.015519278390068,"[0.0, 9.015519278390068]",9.015519278390068,8.571428571428571,9.015519278390068,3.1166666666666605,0,1,0,79.35150863230228,9.015519278390067e-06,187,1,0
39,23,36,0,0,1,8.986448560442243,"[0.0, 8.986448560442243]",8.986448560442243,8.571428571428571,8.986448560442243,3.1166666666666605,0,1,0,79.35114063322544,8.986448560442244e-06,187,1,0
39,24,20,0,0,1,8.934977395193917,"[0.0, 8.934977395193917]",8.934977395193917,8.571428571428571,8.934977395193917,4.899999999999988,0,1,0,79.42608094215393,8.934977395193917e-06,294,1,0
39,25,8,0,0,1,8.844413757324219,"[0.0, 8.844413757324219]",8.844413757324219,8.571428571428571,8.844413757324219,3.099999999999994,0,1,0,78.67904542386532,8.844413757324218e-06,186,1,0
39,26,54,0,0,1,8.776070731026786,"[0.0, 8.776070731026786]",8.776070731026786,8.571428571428571,8.776070731026786,3.099999999999994,0,1,0,78.67926037311554,8.776070731026786e-06,186,1,0
39,27,57,0,0,1,8.759547642299108,"[0.0, 8.759547642299108]",8.759547642299108,8.571428571428571,8.759547642299108,3.099999999999994,0,1,0,78.67891143262386,8.759547642299107e-06,186,1,0
39,28,35,0,0,1,8.625414712088448,"[0.0, 8.625414712088448]",8.625414712088448,8.571428571428571,8.625414712088448,3.0833333333333273,0,1,0,78.0091462135315,8.625414712088448e-06,185,1,0
39,29,9,0,0,1,8.621580941336497,"[0.0, 8.621580941336497]",8.621580941336497,8.571428571428571,8.621580941336497,3.0833333333333273,0,1,0,78.00929340720177,8.621580941336497e-06,185,1,0
39,30,25,0,0,1,8.4225709097726,"[0.0, 8.4225709097726]",8.4225709097726,5.714285714285714,8.4225709097726,3.0666666666666607,0,1,0,77.34138180315495,8.4225709097726e-06,184,1,0
39,31,44,0,0,1,8.255574362618583,"[0.0, 8.255574362618583]",8.255574362618583,5.714285714285714,8.255574362618583,3.0666666666666607,0,1,0,77.34150606393814,8.255574362618584e-06,184,1,0
39,32,49,0,0,1,8.200770786830356,"[0.0, 8.200770786830356]",8.200770786830356,5.714285714285714,8.200770786830356,3.049999999999994,0,1,0,76.676374822855,8.200770786830356e-06,183,1,0
39,33,24,0,0,0,8.103395189557757,"[0.0, 8.103395189557757]",8.103395189557757,5.714285714285714,8.103395189557757,3.0333333333333274,0,1,0,76.01256568729877,8.103395189557756e-06,182,1,0
39,34,27,0,0,0,7.983155931745256,"[0.0, 7.983155931745256]",7.983155931745256,5.714285714285714,7.983155931745256,3.016666666666661,0,1,0,75.35214202105999,7.983155931745256e-06,181,1,0
39,35,32,0,0,0,7.418417249407088,"[0.0, 7.418417249407088]",7.418417249407088,5.714285714285714,7.418417249407088,2.9499999999999944,0,1,0,72.73227287828922,7.418417249407088e-06,177,1,0
39,36,50,0,0,0,7.373104095458985,"[0.0, 7.373104095458985]",7.373104095458985,5.714285714285714,7.373104095458985,2.933333333333328,0,1,0,71.99276368319988,7.373104095458985e-06,176,1,0
39,37,31,0,0,0,7.142857142857142,"[0.0, 7.142857142857142]",7.142857142857142,5.714285714285714,7.142857142857142,2.7833333333333283,0,1,0,66.34661500155926,7.142857142857143e-06,167,1,0
39,38,42,0,0,0,6.539061410086496,"[0.0, 6.539061410086496]",6.539061410086496,5.714285714285714,6.539061410086496,7.316666666666646,0,1,0,57.63327392593055,6.539061410086496e-06,439,1,0
39,39,63,0,0,0,5.836034502301898,"[0.0, 5.836034502301898]",5.836034502301898,5.714285714285714,5.836034502301898,3.6333333333333253,0,1,0,51.36901296675205,5.8360345023018975e-06,218,1,0
39,40,46,0,0,0,5.761359078543526,"[0.0, 5.761359078543526]",5.761359078543526,5.714285714285714,5.761359078543526,2.33333333333333,0,1,0,50.317268684506416,5.761359078543526e-06,140,1,0
39,41,51,0,0,0,5.711261204310826,"[0.0, 5.711261204310826]",5.711261204310826,2.857142857142857,5.711261204310826,2.3166666666666633,0,1,0,49.75902570784092,5.7112612043108265e-06,139,1,0
39,42,22,0,0,0,5.623637608119419,"[0.0, 5.623637608119419]",5.623637608119419,2.857142857142857,5.623637608119419,2.28333333333333,0,1,0,48.64880432188511,5.62363760811942e-06,137,1,0
39,43,29,0,0,0,5.618019104003906,"[0.0, 5.618019104003906]",5.618019104003906,2.857142857142857,5.618019104003906,2.28333333333333,0,1,0,48.64918468892574,5.618019104003907e-06,137,1,0
39,44,13,0,0,0,5.596449715750558,"[0.0, 5.596449715750558]",5.596449715750558,2.857142857142857,5.596449715750558,3.3333333333333264,0,1,0,48.7380106896162,5.596449715750558e-06,200,1,0
39,45,11,0,0,0,5.572613307407924,"[0.0, 5.572613307407924]",5.572613307407924,2.857142857142857,5.572613307407924,2.2666666666666635,0,1,0,48.09796480834484,5.572613307407923e-06,136,1,0
39,46,47,0,0,0,5.564983912876674,"[0.0, 5.564983912876674]",5.564983912876674,2.857142857142857,5.564983912876674,2.2666666666666635,0,1,0,48.09844462573528,5.564983912876673e-06,136,1,0
39,47,10,0,0,0,5.563299996512277,"[0.0, 5.563299996512277]",5.563299996512277,2.857142857142857,5.563299996512277,2.2666666666666635,0,1,0,48.09803423285484,5.563299996512277e-06,136,1,0
39,48,52,0,0,0,5.470995221819196,"[0.0, 5.470995221819196]",5.470995221819196,2.857142857142857,5.470995221819196,2.2333333333333303,0,1,0,47.00425836443901,5.470995221819196e-06,134,1,0
39,49,15,0,0,0,5.466286795479911,"[0.0, 5.466286795479911]",5.466286795479911,2.857142857142857,5.466286795479911,6.21666666666665,0,1,0,45.99258224085497,5.46628679547991e-06,373,1,0
39,50,18,0,0,0,5.4214259556361615,"[0.0, 5.4214259556361615]",5.4214259556361615,2.857142857142857,5.4214259556361615,2.2166666666666637,0,1,0,46.46078787744045,5.421425955636161e-06,133,1,0
39,51,30,0,0,0,5.413338797433036,"[0.0, 5.413338797433036]",5.413338797433036,2.857142857142857,5.413338797433036,2.2166666666666637,0,1,0,46.46075113117695,5.413338797433036e-06,133,1,0
39,52,39,0,0,0,5.356058393205916,"[0.0, 5.356058393205916]",5.356058393205916,2.857142857142857,5.356058393205916,3.016666666666661,0,1,0,45.809062108397484,5.356058393205916e-06,181,1,0
39,53,43,0,0,0,5.333192007882254,"[0.0, 5.333192007882254]",5.333192007882254,2.857142857142857,5.333192007882254,2.449999999999996,0,1,0,45.61124010384083,5.333192007882255e-06,147,1,0
39,54,21,0,0,0,5.25810786655971,"[0.0, 5.25810786655971]",5.25810786655971,2.857142857142857,5.25810786655971,2.166666666666664,0,1,0,44.847087532281876,5.25810786655971e-06,130,1,0
39,55,34,0,0,0,5.19951411655971,"[0.0, 5.19951411655971]",5.19951411655971,2.857142857142857,5.19951411655971,2.1499999999999972,0,1,0,44.31400713324547,5.19951411655971e-06,129,1,0
39,56,38,0,0,0,5.198571341378348,"[0.0, 5.198571341378348]",5.198571341378348,2.857142857142857,5.198571341378348,2.1499999999999972,0,1,0,44.31367379426956,5.198571341378348e-06,129,1,0
39,57,62,0,0,0,5.1826259068080365,"[0.0, 5.1826259068080365]",5.1826259068080365,2.857142857142857,5.1826259068080365,2.833333333333328,0,1,0,43.99967981874943,5.182625906808036e-06,170,1,0
39,58,19,0,0,0,5.115449087960379,"[0.0, 5.115449087960379]",5.115449087960379,2.857142857142857,5.115449087960379,2.116666666666664,0,1,0,43.256130278110504,5.1154490879603796e-06,127,1,0
39,59,33,0,0,0,5.077089582170759,"[0.0, 5.077089582170759]",5.077089582170759,2.857142857142857,5.077089582170759,2.116666666666664,0,1,0,42.80915914475918,5.077089582170759e-06,127,1,0
39,60,14,0,0,0,5.0246429443359375,"[0.0, 5.0246429443359375]",5.0246429443359375,2.857142857142857,5.0246429443359375,2.083333333333331,0,1,0,42.20914228260517,5.0246429443359376e-06,125,1,0
39,61,37,0,0,0,4.828295026506697,"[0.0, 4.828295026506697]",4.828295026506697,2.857142857142857,4.828295026506697,2.0166666666666644,0,1,0,40.14663818478584,4.828295026506697e-06,121,1,0
39,62,23,0,0,0,2.7528326851981024,"[0.0, 2.7528326851981024]",2.7528326851981024,0.0,2.7528326851981024,5.016666666666654,0,1,0,15.715005590827786,2.7528326851981024e-06,301,1,0
39,63,26,0,0,0,2.157636369977679,"[0.0, 2.157636369977679]",2.157636369977679,0.0,2.157636369977679,5.016666666666654,0,1,0,8.214359595091082,2.157636369977679e-06,301,1,0
39,64,41,0,0,0,2.102421351841518,"[0.0, 2.102421351841518]",2.102421351841518,0.0,2.102421351841518,5.016666666666654,0,1,0,7.7055952835362405,2.102421351841518e-06,301,1,0
40,1,0,0,1,1,10.000465938023158,"[0.0, 10.000465938023158]",10.000465938023158,8.571428571428571,10.000465938023158,3.2499999999999933,0,1,0,84.81068161129951,1.0000465938023157e-05,195,1,0
40,2,1,0,1,1,9.973997388567243,"[0.0, 9.973997388567243]",9.973997388567243,8.571428571428571,9.973997388567243,5.28333333333332,0,1,0,84.50228805840015,9.973997388567244e-06,317,1,0
40,3,2,0,1,1,9.810177939278738,"[0.0, 9.810177939278738]",9.810177939278738,8.571428571428571,9.810177939278738,3.21666666666666,0,1,0,83.43252511322498,9.810177939278738e-06,193,1,0
40,4,3,0,1,1,9.786267961774552,"[0.0, 9.786267961774552]",9.786267961774552,8.571428571428571,9.786267961774552,8.466666666666667,0,1,0,85.24319521477446,9.786267961774552e-06,508,1,0
40,5,4,0,1,1,9.764690399169922,"[0.0, 9.764690399169922]",9.764690399169922,8.571428571428571,9.764690399169922,3.1999999999999935,0,1,0,82.74645590782166,9.764690399169922e-06,192,1,0
40,6,5,0,1,1,9.750497000558035,"[0.0, 9.750497000558035]",9.750497000558035,8.571428571428571,9.750497000558035,3.1999999999999935,0,1,0,82.74618946015835,9.750497000558035e-06,192,1,0
40,7,6,0,1,1,9.74621091570173,"[0.0, 9.74621091570173]",9.74621091570173,8.571428571428571,9.74621091570173,3.1999999999999935,0,1,0,82.74707110226154,9.74621091570173e-06,192,1,0
40,8,7,0,1,1,9.736240931919642,"[0.0, 9.736240931919642]",9.736240931919642,8.571428571428571,9.736240931919642,6.183333333333317,0,1,0,82.92309748381376,9.736240931919643e-06,371,1,0
40,9,16,0,0,1,9.706707000732422,"[0.0, 9.706707000732422]",9.706707000732422,8.571428571428571,9.706707000732422,5.016666666666654,0,1,0,82.83373022079468,9.706707000732421e-06,301,1,0
40,10,23,0,0,1,9.633794512067523,"[0.0, 9.633794512067523]",9.633794512067523,8.571428571428571,9.633794512067523,3.183333333333327,0,1,0,82.06297145783901,9.633794512067523e-06,191,1,0
40,11,60,0,0,1,9.512718745640345,"[0.0, 9.512718745640345]",9.512718745640345,8.571428571428571,9.512718745640345,3.1666666666666603,0,1,0,81.38179072737694,9.512718745640346e-06,190,1,0
40,12,40,0,0,1,9.394721984863281,"[0.0, 9.394721984863281]",9.394721984863281,8.571428571428571,9.394721984863281,3.1999999999999935,0,1,0,80.68304789066315,9.394721984863281e-06,192,1,0
40,13,9,0,0,1,9.35797827584403,"[0.0, 9.35797827584403]",9.35797827584403,8.571428571428571,9.35797827584403,3.1499999999999937,0,1,0,80.70219039916992,9.35797827584403e-06,189,1,0
40,14,38,0,0,1,9.337806701660156,"[0.0, 9.337806701660156]",9.337806701660156,8.571428571428571,9.337806701660156,3.1499999999999937,0,1,0,80.7030472010374,9.337806701660156e-06,189,1,0
40,15,21,0,0,1,9.299507141113281,"[0.0, 9.299507141113281]",9.299507141113281,8.571428571428571,9.299507141113281,3.1499999999999937,0,1,0,80.7025669068098,9.29950714111328e-06,189,1,0
40,16,18,0,0,1,9.210763658796038,"[0.0, 9.210763658796038]",9.210763658796038,8.571428571428571,9.210763658796038,3.133333333333327,0,1,0,80.02574473619461,9.210763658796038e-06,188,1,0
40,17,36,0,0,1,9.205706460135325,"[0.0, 9.205706460135325]",9.205706460135325,8.571428571428571,9.205706460135325,3.133333333333327,0,1,0,80.02577619254589,9.205706460135324e-06,188,1,0
40,18,56,0,0,1,8.990516662597656,"[0.0, 8.990516662597656]",8.990516662597656,8.571428571428571,8.990516662597656,9.766666666666731,0,1,0,64.29544717005047,8.990516662597656e-06,586,1,0
40,19,39,0,0,1,8.968230656215123,"[0.0, 8.968230656215123]",8.968230656215123,8.571428571428571,8.968230656215123,3.1166666666666605,0,1,0,79.18398170173168,8.968230656215124e-06,187,1,0
40,20,17,0,0,1,8.94059317452567,"[0.0, 8.94059317452567]",8.94059317452567,8.571428571428571,8.94059317452567,3.099999999999994,0,1,0,78.67860952019691,8.94059317452567e-06,186,1,0
40,21,29,0,0,1,8.889367239815849,"[0.0, 8.889367239815849]",8.889367239815849,8.571428571428571,8.889367239815849,3.099999999999994,0,1,0,78.67908653616905,8.889367239815849e-06,186,1,0
40,22,50,0,0,1,8.740547725132533,"[0.0, 8.740547725132533]",8.740547725132533,8.571428571428571,8.740547725132533,3.133333333333327,0,1,0,78.56532864272594,8.740547725132533e-06,188,1,0
40,23,47,0,0,1,8.562545776367188,"[0.0, 8.562545776367188]",8.562545776367188,5.714285714285714,8.562545776367188,3.0833333333333273,0,1,0,78.00883093476295,8.562545776367187e-06,185,1,0
40,24,8,0,0,1,8.522063664027621,"[0.0, 8.522063664027621]",8.522063664027621,5.714285714285714,8.522063664027621,3.0666666666666607,0,1,0,77.34120489656925,8.522063664027621e-06,184,1,0
40,25,53,0,0,1,8.508011954171318,"[0.0, 8.508011954171318]",8.508011954171318,5.714285714285714,8.508011954171318,3.0833333333333273,0,1,0,78.00912243127823,8.508011954171318e-06,185,1,0
40,26,33,0,0,1,8.495229993547712,"[0.0, 8.495229993547712]",8.495229993547712,5.714285714285714,8.495229993547712,3.0666666666666607,0,1,0,77.34131315350533,8.495229993547711e-06,184,1,0
40,27,26,0,0,1,8.48419189453125,"[0.0, 8.48419189453125]",8.48419189453125,5.714285714285714,8.48419189453125,3.0666666666666607,0,1,0,77.34062047302723,8.48419189453125e-06,184,1,0
40,28,35,0,0,1,8.450502668108259,"[0.0, 8.450502668108259]",8.450502668108259,5.714285714285714,8.450502668108259,3.0833333333333273,0,1,0,78.00888150930405,8.450502668108259e-06,185,1,0
40,29,11,0,0,1,8.437693459647043,"[0.0, 8.437693459647043]",8.437693459647043,5.714285714285714,8.437693459647043,3.0666666666666607,0,1,0,77.34178440272808,8.437693459647043e-06,184,1,0
40,30,58,0,0,1,8.274925776890345,"[0.0, 8.274925776890345]",8.274925776890345,5.714285714285714,8.274925776890345,3.049999999999994,0,1,0,76.67616511881351,8.274925776890345e-06,183,1,0
40,31,32,0,0,1,8.266983032226562,"[0.0, 8.266983032226562]",8.266983032226562,5.714285714285714,8.266983032226562,3.0666666666666607,0,1,0,77.34120863676071,8.266983032226562e-06,184,1,0
40,32,55,0,0,1,8.24636459350586,"[0.0, 8.24636459350586]",8.24636459350586,5.714285714285714,8.24636459350586,7.316666666666646,0,1,0,57.63315928338852,8.24636459350586e-06,439,1,0
40,33,37,0,0,0,8.210699898856026,"[0.0, 8.210699898856026]",8.210699898856026,5.714285714285714,8.210699898856026,3.049999999999994,0,1,0,76.67593102157116,8.210699898856025e-06,183,1,0
40,34,61,0,0,0,8.20861271449498,"[0.0, 8.20861271449498]",8.20861271449498,5.714285714285714,8.20861271449498,3.049999999999994,0,1,0,76.6761732250452,8.208612714494979e-06,183,1,0
40,35,15,0,0,0,8.192694527762278,"[0.0, 8.192694527762278]",8.192694527762278,5.714285714285714,8.192694527762278,3.049999999999994,0,1,0,76.67613019049168,8.192694527762278e-06,183,1,0
40,36,19,0,0,0,8.10215813773019,"[0.0, 8.10215813773019]",8.10215813773019,5.714285714285714,8.10215813773019,7.316666666666646,0,1,0,57.63302966400806,8.10215813773019e-06,439,1,0
40,37,30,0,0,0,7.912485940115792,"[0.0, 7.912485940115792]",7.912485940115792,5.714285714285714,7.912485940115792,3.0333333333333274,0,1,0,75.32714112102985,7.912485940115791e-06,182,1,0
40,38,57,0,0,0,7.8916440691266745,"[0.0, 7.8916440691266745]",7.8916440691266745,5.714285714285714,7.8916440691266745,3.016666666666661,0,1,0,75.35207073390484,7.891644069126675e-06,181,1,0
40,39,51,0,0,0,7.7675001961844305,"[0.0, 7.7675001961844305]",7.7675001961844305,5.714285714285714,7.7675001961844305,2.9999999999999942,0,1,0,74.69332095980644,7.767500196184431e-06,180,1,0
40,40,48,0,0,0,7.667375292096819,"[0.0, 7.667375292096819]",7.667375292096819,5.714285714285714,7.667375292096819,2.9833333333333276,0,1,0,74.0375718921423,7.667375292096819e-06,179,1,0
40,41,27,0,0,0,7.429597037179129,"[0.0, 7.429597037179129]",7.429597037179129,5.714285714285714,7.429597037179129,3.1166666666666605,0,1,0,72.42513059079647,7.429597037179129e-06,187,1,0
40,42,28,0,0,0,7.28111812046596,"[0.0, 7.28111812046596]",7.28111812046596,5.714285714285714,7.28111812046596,2.916666666666661,0,1,0,71.43633994460106,7.28111812046596e-06,175,1,0
40,43,24,0,0,0,7.216314588274275,"[0.0, 7.216314588274275]",7.216314588274275,5.714285714285714,7.216314588274275,2.8999999999999946,0,1,0,70.79158432781696,7.216314588274275e-06,174,1,0
40,44,44,0,0,0,7.142857142857142,"[0.0, 7.142857142857142]",7.142857142857142,5.714285714285714,7.142857142857142,2.7666666666666617,0,1,0,65.72120499610901,7.142857142857143e-06,166,1,0
40,45,59,0,0,0,5.878186907087054,"[0.0, 5.878186907087054]",5.878186907087054,5.714285714285714,5.878186907087054,2.366666666666663,0,1,0,51.44223314523697,5.878186907087054e-06,142,1,0
40,46,10,0,0,0,5.81085205078125,"[0.0, 5.81085205078125]",5.81085205078125,5.714285714285714,5.81085205078125,3.5833333333333255,0,1,0,50.932389840483665,5.81085205078125e-06,215,1,0
40,47,54,0,0,0,5.711021423339844,"[0.0, 5.711021423339844]",5.711021423339844,2.857142857142857,5.711021423339844,2.3166666666666633,0,1,0,49.75915740430355,5.7110214233398435e-06,139,1,0
40,48,42,0,0,0,5.615130833217076,"[0.0, 5.615130833217076]",5.615130833217076,2.857142857142857,5.615130833217076,2.28333333333333,0,1,0,48.64951267838478,5.615130833217076e-06,137,1,0
40,49,41,0,0,0,5.575621468680246,"[0.0, 5.575621468680246]",5.575621468680246,2.857142857142857,5.575621468680246,3.2833333333333266,0,1,0,48.29958911240101,5.575621468680245e-06,197,1,0
40,50,49,0,0,0,5.516940525599889,"[0.0, 5.516940525599889]",5.516940525599889,2.857142857142857,5.516940525599889,2.249999999999997,0,1,0,47.54974123835564,5.516940525599889e-06,135,1,0
40,51,22,0,0,0,5.475180489676339,"[0.0, 5.475180489676339]",5.475180489676339,2.857142857142857,5.475180489676339,3.1666666666666603,0,1,0,47.22852246463299,5.475180489676339e-06,190,1,0
40,52,34,0,0,0,5.464063371930804,"[0.0, 5.464063371930804]",5.464063371930804,2.857142857142857,5.464063371930804,2.2333333333333303,0,1,0,47.003964334726334,5.464063371930804e-06,134,1,0
40,53,62,0,0,0,5.461616516113281,"[0.0, 5.461616516113281]",5.461616516113281,2.857142857142857,5.461616516113281,2.2333333333333303,0,1,0,47.00388641655445,5.461616516113281e-06,134,1,0
40,54,31,0,0,0,5.418205261230469,"[0.0, 5.418205261230469]",5.418205261230469,2.857142857142857,5.418205261230469,2.2166666666666637,0,1,0,46.46095514297485,5.418205261230469e-06,133,1,0
40,55,43,0,0,0,5.414979117257254,"[0.0, 5.414979117257254]",5.414979117257254,2.857142857142857,5.414979117257254,3.1666666666666603,0,1,0,46.67263773083687,5.414979117257254e-06,190,1,0
40,56,63,0,0,0,5.363497052873885,"[0.0, 5.363497052873885]",5.363497052873885,2.857142857142857,5.363497052873885,2.199999999999997,0,1,0,45.919911950826645,5.363497052873884e-06,132,1,0
40,57,45,0,0,0,5.20888192313058,"[0.0, 5.20888192313058]",5.20888192313058,2.857142857142857,5.20888192313058,2.1499999999999972,0,1,0,44.31439611315727,5.20888192313058e-06,129,1,0
40,58,13,0,0,0,4.872567313058036,"[0.0, 4.872567313058036]",4.872567313058036,2.857142857142857,4.872567313058036,2.033333333333331,0,1,0,40.658287554979324,4.872567313058035e-06,122,1,0
40,59,25,0,0,0,4.774960109165736,"[0.0, 4.774960109165736]",4.774960109165736,2.857142857142857,4.774960109165736,1.9999999999999978,0,1,0,39.63735979795456,4.7749601091657365e-06,120,1,0
40,60,46,0,0,0,4.44415501185826,"[0.0, 4.44415501185826]",4.44415501185826,2.857142857142857,4.44415501185826,1.8833333333333315,0,1,0,36.149786934256554,4.44415501185826e-06,113,1,0
40,61,20,0,0,0,2.111293247767857,"[0.0, 2.111293247767857]",2.111293247767857,0.0,2.111293247767857,5.016666666666654,0,1,0,7.706102448675665,2.111293247767857e-06,301,1,0
40,62,12,0,0,0,2.111048017229353,"[0.0, 2.111048017229353]",2.111048017229353,0.0,2.111048017229353,5.016666666666654,0,1,0,7.705587896227371,2.111048017229353e-06,301,1,0
40,63,14,0,0,0,2.109881809779576,"[0.0, 2.109881809779576]",2.109881809779576,0.0,2.109881809779576,5.016666666666654,0,1,0,7.705777402421518,2.109881809779576e-06,301,1,0
40,64,52,0,0,0,2.1079799107142856,"[0.0, 2.1079799107142856]",2.1079799107142856,0.0,2.1079799107142856,5.016666666666654,0,1,0,7.705870123769273,2.1079799107142857e-06,301,1,0
41,1,0,0,1,1,10.000465938023158,"[0.0, 10.000465938023158]",10.000465938023158,8.571428571428571,10.000465938023158,3.2499999999999933,0,1,0,84.81068161129951,1.0000465938023157e-05,195,1,0
41,2,1,0,1,1,9.973997388567243,"[0.0, 9.973997388567243]",9.973997388567243,8.571428571428571,9.973997388567243,5.28333333333332,0,1,0,84.50228805840015,9.973997388567244e-06,317,1,0
41,3,2,0,1,1,9.810177939278738,"[0.0, 9.810177939278738]",9.810177939278738,8.571428571428571,9.810177939278738,3.21666666666666,0,1,0,83.43252511322498,9.810177939278738e-06,193,1,0
41,4,3,0,1,1,9.786267961774552,"[0.0, 9.786267961774552]",9.786267961774552,8.571428571428571,9.786267961774552,8.466666666666667,0,1,0,85.24319521477446,9.786267961774552e-06,508,1,0
41,5,4,0,1,1,9.764690399169922,"[0.0, 9.764690399169922]",9.764690399169922,8.571428571428571,9.764690399169922,3.1999999999999935,0,1,0,82.74645590782166,9.764690399169922e-06,192,1,0
41,6,5,0,1,1,9.750497000558035,"[0.0, 9.750497000558035]",9.750497000558035,8.571428571428571,9.750497000558035,3.1999999999999935,0,1,0,82.74618946015835,9.750497000558035e-06,192,1,0
41,7,6,0,1,1,9.74621091570173,"[0.0, 9.74621091570173]",9.74621091570173,8.571428571428571,9.74621091570173,3.1999999999999935,0,1,0,82.74707110226154,9.74621091570173e-06,192,1,0
41,8,7,0,1,1,9.736240931919642,"[0.0, 9.736240931919642]",9.736240931919642,8.571428571428571,9.736240931919642,6.183333333333317,0,1,0,82.92309748381376,9.736240931919643e-06,371,1,0
41,9,27,0,0,1,9.694633483886719,"[0.0, 9.694633483886719]",9.694633483886719,8.571428571428571,9.694633483886719,3.1999999999999935,0,1,0,82.74655295908451,9.694633483886718e-06,192,1,0
41,10,42,0,0,1,9.672039576939175,"[0.0, 9.672039576939175]",9.672039576939175,8.571428571428571,9.672039576939175,3.183333333333327,0,1,0,82.06334012746811,9.672039576939175e-06,191,1,0
41,11,25,0,0,1,9.455898829868861,"[0.0, 9.455898829868861]",9.455898829868861,8.571428571428571,9.455898829868861,3.1666666666666603,0,1,0,81.38167360424995,9.455898829868861e-06,190,1,0
41,12,38,0,0,1,9.35370581490653,"[0.0, 9.35370581490653]",9.35370581490653,8.571428571428571,9.35370581490653,3.1999999999999935,0,1,0,80.72900173068047,9.35370581490653e-06,192,1,0
41,13,43,0,0,1,9.254300253731863,"[0.0, 9.254300253731863]",9.254300253731863,8.571428571428571,9.254300253731863,3.1499999999999937,0,1,0,80.7029235213995,9.254300253731862e-06,189,1,0
41,14,31,0,0,1,9.239790780203682,"[0.0, 9.239790780203682]",9.239790780203682,8.571428571428571,9.239790780203682,3.133333333333327,0,1,0,80.02567985653877,9.239790780203683e-06,188,1,0
41,15,26,0,0,1,9.185387747628349,"[0.0, 9.185387747628349]",9.185387747628349,8.571428571428571,9.185387747628349,3.133333333333327,0,1,0,80.02563823759556,9.185387747628348e-06,188,1,0
41,16,32,0,0,1,9.175068991524833,"[0.0, 9.175068991524833]",9.175068991524833,8.571428571428571,9.175068991524833,3.1499999999999937,0,1,0,80.70253492891788,9.175068991524834e-06,189,1,0
41,17,53,0,0,1,9.076824188232422,"[0.0, 9.076824188232422]",9.076824188232422,8.571428571428571,9.076824188232422,3.133333333333327,0,1,0,79.3579772412777,9.076824188232422e-06,188,1,0
41,18,29,0,0,1,9.06977789742606,"[0.0, 9.06977789742606]",9.06977789742606,8.571428571428571,9.06977789742606,3.1166666666666605,0,1,0,79.3512503951788,9.06977789742606e-06,187,1,0
41,19,50,0,0,1,9.061241149902344,"[0.0, 9.061241149902344]",9.061241149902344,8.571428571428571,9.061241149902344,3.1166666666666605,0,1,0,79.35141079127789,9.061241149902344e-06,187,1,0
41,20,41,0,0,1,9.034080505371094,"[0.0, 9.034080505371094]",9.034080505371094,8.571428571428571,9.034080505371094,3.133333333333327,0,1,0,80.02629444003105,9.034080505371094e-06,188,1,0
41,21,33,0,0,1,9.002034323556082,"[0.0, 9.002034323556082]",9.002034323556082,8.571428571428571,9.002034323556082,3.1166666666666605,0,1,0,79.35100650787354,9.002034323556082e-06,187,1,0
41,22,8,0,0,1,8.893844059535436,"[0.0, 8.893844059535436]",8.893844059535436,8.571428571428571,8.893844059535436,3.099999999999994,0,1,0,78.67922392487526,8.893844059535435e-06,186,1,0
41,23,16,0,0,1,8.891914912632533,"[0.0, 8.891914912632533]",8.891914912632533,8.571428571428571,8.891914912632533,3.099999999999994,0,1,0,78.67880836129189,8.891914912632532e-06,186,1,0
41,24,13,0,0,1,8.842416490827286,"[0.0, 8.842416490827286]",8.842416490827286,8.571428571428571,8.842416490827286,3.3666666666666596,0,1,0,78.68378725647926,8.842416490827286e-06,202,1,0
41,25,17,0,0,1,8.825514657156807,"[0.0, 8.825514657156807]",8.825514657156807,8.571428571428571,8.825514657156807,3.099999999999994,0,1,0,78.67878822982311,8.825514657156808e-06,186,1,0
41,26,62,0,0,1,8.79302706037249,"[0.0, 8.79302706037249]",8.79302706037249,8.571428571428571,8.79302706037249,4.899999999999988,0,1,0,78.46055315434933,8.79302706037249e-06,294,1,0
41,27,54,0,0,1,8.642752511160715,"[0.0, 8.642752511160715]",8.642752511160715,8.571428571428571,8.642752511160715,3.099999999999994,0,1,0,78.67935328185558,8.642752511160716e-06,186,1,0
41,28,51,0,0,1,8.62969262259347,"[0.0, 8.62969262259347]",8.62969262259347,8.571428571428571,8.62969262259347,3.0833333333333273,0,1,0,78.00858347117901,8.62969262259347e-06,185,1,0
41,29,18,0,0,1,8.623057774135043,"[0.0, 8.623057774135043]",8.623057774135043,8.571428571428571,8.623057774135043,3.0833333333333273,0,1,0,77.76293325424194,8.623057774135043e-06,185,1,0
41,30,22,0,0,1,8.599657331194196,"[0.0, 8.599657331194196]",8.599657331194196,8.571428571428571,8.599657331194196,3.7833333333333248,0,1,0,77.96000890433788,8.599657331194196e-06,227,1,0
41,31,63,0,0,1,8.5276004246303,"[0.0, 8.5276004246303]",8.5276004246303,5.714285714285714,8.5276004246303,3.0666666666666607,0,1,0,77.34166000783443,8.527600424630301e-06,184,1,0
41,32,34,0,0,1,8.514540536063057,"[0.0, 8.514540536063057]",8.514540536063057,5.714285714285714,8.514540536063057,3.0666666666666607,0,1,0,77.34110726416111,8.514540536063057e-06,184,1,0
41,33,15,0,0,0,8.493287222726005,"[0.0, 8.493287222726005]",8.493287222726005,5.714285714285714,8.493287222726005,3.0666666666666607,0,1,0,77.34142941236496,8.493287222726006e-06,184,1,0
41,34,28,0,0,0,8.484151022774833,"[0.0, 8.484151022774833]",8.484151022774833,5.714285714285714,8.484151022774833,3.0833333333333273,0,1,0,78.00878500938416,8.484151022774834e-06,185,1,0
41,35,52,0,0,0,8.454908643450056,"[0.0, 8.454908643450056]",8.454908643450056,5.714285714285714,8.454908643450056,3.0666666666666607,0,1,0,77.34178477525711,8.454908643450055e-06,184,1,0
41,36,24,0,0,0,8.452761513846262,"[0.0, 8.452761513846262]",8.452761513846262,5.714285714285714,8.452761513846262,3.0666666666666607,0,1,0,77.34096848964691,8.452761513846262e-06,184,1,0
41,37,59,0,0,0,8.428712572370255,"[0.0, 8.428712572370255]",8.428712572370255,5.714285714285714,8.428712572370255,3.0666666666666607,0,1,0,77.34125758707523,8.428712572370255e-06,184,1,0
41,38,61,0,0,0,8.273141043526785,"[0.0, 8.273141043526785]",8.273141043526785,5.714285714285714,8.273141043526785,3.0666666666666607,0,1,0,77.34134219586849,8.273141043526785e-06,184,1,0
41,39,56,0,0,0,8.269007546561106,"[0.0, 8.269007546561106]",8.269007546561106,5.714285714285714,8.269007546561106,3.049999999999994,0,1,0,76.67563328146935,8.269007546561105e-06,183,1,0
41,40,48,0,0,0,8.170787266322545,"[0.0, 8.170787266322545]",8.170787266322545,5.714285714285714,8.170787266322545,3.049999999999994,0,1,0,76.67582194507122,8.170787266322545e-06,183,1,0
41,41,35,0,0,0,8.135204315185547,"[0.0, 8.135204315185547]",8.135204315185547,5.714285714285714,8.135204315185547,3.0333333333333274,0,1,0,76.0129793137312,8.135204315185546e-06,182,1,0
41,42,23,0,0,0,8.091839381626674,"[0.0, 8.091839381626674]",8.091839381626674,5.714285714285714,8.091839381626674,3.0333333333333274,0,1,0,76.01266825199127,8.091839381626674e-06,182,1,0
41,43,10,0,0,0,8.028738839285714,"[0.0, 8.028738839285714]",8.028738839285714,5.714285714285714,8.028738839285714,3.0333333333333274,0,1,0,76.01288631558418,8.028738839285713e-06,182,1,0
41,44,12,0,0,0,8.02095685686384,"[0.0, 8.02095685686384]",8.02095685686384,5.714285714285714,8.02095685686384,3.0333333333333274,0,1,0,76.01322619616985,8.02095685686384e-06,182,1,0
41,45,37,0,0,0,7.837666102818081,"[0.0, 7.837666102818081]",7.837666102818081,5.714285714285714,7.837666102818081,2.9999999999999942,0,1,0,74.69396620988846,7.83766610281808e-06,180,1,0
41,46,47,0,0,0,7.770325796944755,"[0.0, 7.770325796944755]",7.770325796944755,5.714285714285714,7.770325796944755,2.9999999999999942,0,1,0,74.69339746236801,7.770325796944756e-06,180,1,0
41,47,55,0,0,0,7.182957785470146,"[0.0, 7.182957785470146]",7.182957785470146,5.714285714285714,7.182957785470146,2.8999999999999946,0,1,0,70.79198098182678,7.182957785470146e-06,174,1,0
41,48,30,0,0,0,7.178936004638673,"[0.0, 7.178936004638673]",7.178936004638673,5.714285714285714,7.178936004638673,2.8999999999999946,0,1,0,70.79223398864269,7.178936004638673e-06,174,1,0
41,49,36,0,0,0,7.142857142857142,"[0.0, 7.142857142857142]",7.142857142857142,5.714285714285714,7.142857142857142,2.833333333333328,0,1,0,68.23788841068745,7.142857142857143e-06,170,1,0
41,50,11,0,0,0,5.7634735107421875,"[0.0, 5.7634735107421875]",5.7634735107421875,5.714285714285714,5.7634735107421875,2.33333333333333,0,1,0,50.31743022799492,5.763473510742188e-06,140,1,0
41,51,21,0,0,0,5.609474182128906,"[0.0, 5.609474182128906]",5.609474182128906,2.857142857142857,5.609474182128906,2.28333333333333,0,1,0,48.64924715459347,5.6094741821289065e-06,137,1,0
41,52,58,0,0,0,5.518766130719866,"[0.0, 5.518766130719866]",5.518766130719866,2.857142857142857,5.518766130719866,2.249999999999997,0,1,0,47.549609929323196,5.518766130719866e-06,135,1,0
41,53,57,0,0,0,5.515926906040736,"[0.0, 5.515926906040736]",5.515926906040736,2.857142857142857,5.515926906040736,2.249999999999997,0,1,0,47.54965828359127,5.515926906040736e-06,135,1,0
41,54,45,0,0,0,5.369535173688615,"[0.0, 5.369535173688615]",5.369535173688615,2.857142857142857,5.369535173688615,2.199999999999997,0,1,0,45.92024005949497,5.369535173688615e-06,132,1,0
41,55,9,0,0,0,5.365006583077567,"[0.0, 5.365006583077567]",5.365006583077567,2.857142857142857,5.365006583077567,2.199999999999997,0,1,0,45.92016835510731,5.365006583077567e-06,132,1,0
41,56,40,0,0,0,5.360145568847656,"[0.0, 5.360145568847656]",5.360145568847656,2.857142857142857,5.360145568847656,2.199999999999997,0,1,0,45.92010876536369,5.360145568847656e-06,132,1,0
41,57,44,0,0,0,5.358232770647321,"[0.0, 5.358232770647321]",5.358232770647321,2.857142857142857,5.358232770647321,2.199999999999997,0,1,0,45.92025110125542,5.358232770647321e-06,132,1,0
41,58,14,0,0,0,5.356641496930804,"[0.0, 5.356641496930804]",5.356641496930804,2.857142857142857,5.356641496930804,2.199999999999997,0,1,0,45.920116886496544,5.356641496930804e-06,132,1,0
41,59,49,0,0,0,5.213617597307477,"[0.0, 5.213617597307477]",5.213617597307477,2.857142857142857,5.213617597307477,2.1499999999999972,0,1,0,44.31357215344906,5.213617597307478e-06,129,1,0
41,60,46,0,0,0,5.101002284458706,"[0.0, 5.101002284458706]",5.101002284458706,2.857142857142857,5.101002284458706,2.116666666666664,0,1,0,43.133602276444435,5.101002284458706e-06,127,1,0
41,61,39,0,0,0,5.020860944475446,"[0.0, 5.020860944475446]",5.020860944475446,2.857142857142857,5.020860944475446,2.083333333333331,0,1,0,42.20922760665417,5.020860944475446e-06,125,1,0
41,62,19,0,0,0,4.960686819893973,"[0.0, 4.960686819893973]",4.960686819893973,2.857142857142857,4.960686819893973,2.066666666666664,0,1,0,41.68923158943653,4.960686819893973e-06,124,1,0
41,63,20,0,0,0,4.921967642647879,"[0.0, 4.921967642647879]",4.921967642647879,2.857142857142857,4.921967642647879,2.0499999999999976,0,1,0,41.17240314185619,4.921967642647879e-06,123,1,0
41,64,60,0,0,0,2.154252188546317,"[0.0, 2.154252188546317]",2.154252188546317,0.0,2.154252188546317,5.016666666666654,0,1,0,8.214259634252812,2.154252188546317e-06,301,1,0
42,1,0,0,1,1,10.000465938023158,"[0.0, 10.000465938023158]",10.000465938023158,8.571428571428571,10.000465938023158,3.2499999999999933,0,1,0,84.81068161129951,1.0000465938023157e-05,195,1,0
42,2,1,0,1,1,9.973997388567243,"[0.0, 9.973997388567243]",9.973997388567243,8.571428571428571,9.973997388567243,5.28333333333332,0,1,0,84.50228805840015,9.973997388567244e-06,317,1,0
42,3,13,0,1,1,9.907177516392299,"[0.0, 9.907177516392299]",9.907177516392299,8.571428571428571,9.907177516392299,3.2333333333333267,0,1,0,84.1208511441946,9.907177516392299e-06,194,1,0
42,4,23,0,1,1,9.893074035644531,"[0.0, 9.893074035644531]",9.893074035644531,8.571428571428571,9.893074035644531,3.2333333333333267,0,1,0,84.12071073055267,9.893074035644531e-06,194,1,0
42,5,2,0,1,1,9.810177939278738,"[0.0, 9.810177939278738]",9.810177939278738,8.571428571428571,9.810177939278738,3.21666666666666,0,1,0,83.43252511322498,9.810177939278738e-06,193,1,0
42,6,3,0,1,1,9.786267961774552,"[0.0, 9.786267961774552]",9.786267961774552,8.571428571428571,9.786267961774552,8.466666666666667,0,1,0,85.24319521477446,9.786267961774552e-06,508,1,0
42,7,4,0,1,1,9.764690399169922,"[0.0, 9.764690399169922]",9.764690399169922,8.571428571428571,9.764690399169922,3.1999999999999935,0,1,0,82.74645590782166,9.764690399169922e-06,192,1,0
42,8,5,0,1,1,9.750497000558035,"[0.0, 9.750497000558035]",9.750497000558035,8.571428571428571,9.750497000558035,3.1999999999999935,0,1,0,82.74618946015835,9.750497000558035e-06,192,1,0
42,9,6,0,0,1,9.74621091570173,"[0.0, 9.74621091570173]",9.74621091570173,8.571428571428571,9.74621091570173,3.1999999999999935,0,1,0,82.74707110226154,9.74621091570173e-06,192,1,0
42,10,7,0,0,1,9.736240931919642,"[0.0, 9.736240931919642]",9.736240931919642,8.571428571428571,9.736240931919642,6.183333333333317,0,1,0,82.92309748381376,9.736240931919643e-06,371,1,0
42,11,17,0,0,1,9.642723628452845,"[0.0, 9.642723628452845]",9.642723628452845,8.571428571428571,9.642723628452845,3.183333333333327,0,1,0,82.0631737112999,9.642723628452846e-06,191,1,0
42,12,54,0,0,1,9.591503143310547,"[0.0, 9.591503143310547]",9.591503143310547,8.571428571428571,9.591503143310547,3.183333333333327,0,1,0,82.06263665854931,9.591503143310547e-06,191,1,0
42,13,50,0,0,1,9.467247554234095,"[0.0, 9.467247554234095]",9.467247554234095,8.571428571428571,9.467247554234095,3.3166666666666598,0,1,0,81.62081578373909,9.467247554234096e-06,199,1,0
42,14,31,0,0,1,9.391969953264509,"[0.0, 9.391969953264509]",9.391969953264509,8.571428571428571,9.391969953264509,3.1499999999999937,0,1,0,80.70257949829102,9.391969953264509e-06,189,1,0
42,15,26,0,0,1,9.352308000837054,"[0.0, 9.352308000837054]",9.352308000837054,8.571428571428571,9.352308000837054,3.1499999999999937,0,1,0,80.70300431549549,9.352308000837054e-06,189,1,0
42,16,53,0,0,1,9.340730394635882,"[0.0, 9.340730394635882]",9.340730394635882,8.571428571428571,9.340730394635882,3.1499999999999937,0,1,0,80.59807232022285,9.340730394635881e-06,189,1,0
42,17,43,0,0,1,9.326994759695872,"[0.0, 9.326994759695872]",9.326994759695872,8.571428571428571,9.326994759695872,3.1499999999999937,0,1,0,80.70250244438648,9.326994759695872e-06,189,1,0
42,18,15,0,0,1,9.16069848196847,"[0.0, 9.16069848196847]",9.16069848196847,8.571428571428571,9.16069848196847,3.133333333333327,0,1,0,80.00155986845493,9.16069848196847e-06,188,1,0
42,19,55,0,0,1,9.146090916224889,"[0.0, 9.146090916224889]",9.146090916224889,8.571428571428571,9.146090916224889,3.133333333333327,0,1,0,80.02621094882488,9.146090916224888e-06,188,1,0
42,20,62,0,0,1,9.099131992885043,"[0.0, 9.099131992885043]",9.099131992885043,8.571428571428571,9.099131992885043,3.133333333333327,0,1,0,80.02547132968903,9.099131992885043e-06,188,1,0
42,21,39,0,0,1,9.097987583705356,"[0.0, 9.097987583705356]",9.097987583705356,8.571428571428571,9.097987583705356,3.133333333333327,0,1,0,80.02558512985706,9.097987583705355e-06,188,1,0
42,22,57,0,0,1,9.083186558314733,"[0.0, 9.083186558314733]",9.083186558314733,8.571428571428571,9.083186558314733,3.1166666666666605,0,1,0,79.35136161744595,9.083186558314733e-06,187,1,0
42,23,41,0,0,1,9.06287329537528,"[0.0, 9.06287329537528]",9.06287329537528,8.571428571428571,9.06287329537528,3.133333333333327,0,1,0,79.45836099982262,9.06287329537528e-06,188,1,0
42,24,29,0,0,1,9.041219438825335,"[0.0, 9.041219438825335]",9.041219438825335,8.571428571428571,9.041219438825335,3.1166666666666605,0,1,0,79.35073547065258,9.041219438825335e-06,187,1,0
42,25,49,0,0,1,9.019064222063337,"[0.0, 9.019064222063337]",9.019064222063337,8.571428571428571,9.019064222063337,3.1166666666666605,0,1,0,79.35127872228622,9.019064222063338e-06,187,1,0
42,26,19,0,0,1,8.963410513741628,"[0.0, 8.963410513741628]",8.963410513741628,8.571428571428571,8.963410513741628,3.1166666666666605,0,1,0,79.35105387866497,8.963410513741629e-06,187,1,0
42,27,48,0,0,1,8.901489802769252,"[0.0, 8.901489802769252]",8.901489802769252,8.571428571428571,8.901489802769252,3.099999999999994,0,1,0,78.4587322473526,8.901489802769251e-06,186,1,0
42,28,25,0,0,1,8.875893184116908,"[0.0, 8.875893184116908]",8.875893184116908,8.571428571428571,8.875893184116908,3.099999999999994,0,1,0,78.6780726313591,8.875893184116907e-06,186,1,0
42,29,36,0,0,1,8.840708051409042,"[0.0, 8.840708051409042]",8.840708051409042,8.571428571428571,8.840708051409042,3.099999999999994,0,1,0,78.67944470047951,8.840708051409042e-06,186,1,0
42,30,35,0,0,1,8.82269723074777,"[0.0, 8.82269723074777]",8.82269723074777,8.571428571428571,8.82269723074777,3.849999999999991,0,1,0,78.72351002693176,8.82269723074777e-06,231,1,0
42,31,40,0,0,1,8.789326804024833,"[0.0, 8.789326804024833]",8.789326804024833,8.571428571428571,8.789326804024833,3.099999999999994,0,1,0,78.39070150256157,8.789326804024833e-06,186,1,0
42,32,12,0,0,1,8.623474666050504,"[0.0, 8.623474666050504]",8.623474666050504,8.571428571428571,8.623474666050504,3.1166666666666605,0,1,0,77.72358213365078,8.623474666050504e-06,187,1,0
42,33,22,0,0,0,8.59966550554548,"[0.0, 8.59966550554548]",8.59966550554548,8.571428571428571,8.59966550554548,3.0833333333333273,0,1,0,78.00905986130238,8.59966550554548e-06,185,1,0
42,34,59,0,0,0,8.542379651750837,"[0.0, 8.542379651750837]",8.542379651750837,5.714285714285714,8.542379651750837,3.0833333333333273,0,1,0,78.0093892365694,8.542379651750837e-06,185,1,0
42,35,44,0,0,0,8.423682621547155,"[0.0, 8.423682621547155]",8.423682621547155,5.714285714285714,8.423682621547155,3.0666666666666607,0,1,0,77.21822933852673,8.423682621547155e-06,184,1,0
42,36,58,0,0,0,8.393118722098214,"[0.0, 8.393118722098214]",8.393118722098214,5.714285714285714,8.393118722098214,4.2833333333333234,0,1,0,77.04597379267216,8.393118722098214e-06,257,1,0
42,37,42,0,0,0,8.361470358712332,"[0.0, 8.361470358712332]",8.361470358712332,5.714285714285714,8.361470358712332,3.0666666666666607,0,1,0,77.34155382215977,8.361470358712332e-06,184,1,0
42,38,45,0,0,0,8.130896432059153,"[0.0, 8.130896432059153]",8.130896432059153,5.714285714285714,8.130896432059153,7.316666666666646,0,1,0,57.63297700640396,8.130896432059153e-06,439,1,0
42,39,21,0,0,0,8.034945896693639,"[0.0, 8.034945896693639]",8.034945896693639,5.714285714285714,8.034945896693639,3.0333333333333274,0,1,0,76.01308245956898,8.034945896693638e-06,182,1,0
42,40,30,0,0,0,7.795085906982421,"[0.0, 7.795085906982421]",7.795085906982421,5.714285714285714,7.795085906982421,2.9999999999999942,0,1,0,74.69414357841015,7.79508590698242e-06,180,1,0
42,41,20,0,0,0,7.287218911307199,"[0.0, 7.287218911307199]",7.287218911307199,5.714285714285714,7.287218911307199,2.916666666666661,0,1,0,71.43586342036724,7.2872189113071985e-06,175,1,0
42,42,10,0,0,0,7.142857142857142,"[0.0, 7.142857142857142]",7.142857142857142,5.714285714285714,7.142857142857142,2.883333333333328,0,1,0,70.14944784343243,7.142857142857143e-06,173,1,0
42,43,33,0,0,0,7.142857142857142,"[0.0, 7.142857142857142]",7.142857142857142,5.714285714285714,7.142857142857142,2.883333333333328,0,1,0,68.36061817407608,7.142857142857143e-06,173,1,0
42,44,11,0,0,0,6.372331891741072,"[0.0, 6.372331891741072]",6.372331891741072,5.714285714285714,6.372331891741072,6.399999999999983,0,1,0,56.47768278149306,6.372331891741072e-06,384,1,0
42,45,16,0,0,0,5.7495335170200885,"[0.0, 5.7495335170200885]",5.7495335170200885,5.714285714285714,5.7495335170200885,2.33333333333333,0,1,0,50.31714367866516,5.749533517020088e-06,140,1,0
42,46,14,0,0,0,5.72768075125558,"[0.0, 5.72768075125558]",5.72768075125558,5.714285714285714,5.72768075125558,2.3166666666666633,0,1,0,49.758517533540726,5.72768075125558e-06,139,1,0
42,47,60,0,0,0,5.704487391880581,"[0.0, 5.704487391880581]",5.704487391880581,2.857142857142857,5.704487391880581,2.3166666666666633,0,1,0,49.75837342441082,5.70448739188058e-06,139,1,0
42,48,61,0,0,0,5.665855407714844,"[0.0, 5.665855407714844]",5.665855407714844,2.857142857142857,5.665855407714844,2.2999999999999967,0,1,0,49.2026272714138,5.665855407714844e-06,138,1,0
42,49,24,0,0,0,5.3702817644391745,"[0.0, 5.3702817644391745]",5.3702817644391745,2.857142857142857,5.3702817644391745,2.199999999999997,0,1,0,45.92006815969944,5.370281764439174e-06,132,1,0
42,50,51,0,0,0,5.361115591866629,"[0.0, 5.361115591866629]",5.361115591866629,2.857142857142857,5.361115591866629,2.416666666666663,0,1,0,45.862628012895584,5.36111559186663e-06,145,1,0
42,51,56,0,0,0,5.315644400460379,"[0.0, 5.315644400460379]",5.315644400460379,2.857142857142857,5.315644400460379,2.199999999999997,0,1,0,45.432824462652206,5.315644400460379e-06,132,1,0
42,52,37,0,0,0,5.310014997209821,"[0.0, 5.310014997209821]",5.310014997209821,2.857142857142857,5.310014997209821,2.1833333333333305,0,1,0,45.38235600292683,5.310014997209821e-06,131,1,0
42,53,27,0,0,0,5.298456464494978,"[0.0, 5.298456464494978]",5.298456464494978,2.857142857142857,5.298456464494978,2.1833333333333305,0,1,0,45.38209819793701,5.298456464494978e-06,131,1,0
42,54,38,0,0,0,5.187219892229352,"[0.0, 5.187219892229352]",5.187219892229352,2.857142857142857,5.187219892229352,2.1499999999999972,0,1,0,44.0451387912035,5.187219892229353e-06,129,1,0
42,55,47,0,0,0,5.180642264229911,"[0.0, 5.180642264229911]",5.180642264229911,2.857142857142857,5.180642264229911,2.833333333333328,0,1,0,43.994837537407875,5.180642264229911e-06,170,1,0
42,56,32,0,0,0,5.117917742047991,"[0.0, 5.117917742047991]",5.117917742047991,2.857142857142857,5.117917742047991,2.116666666666664,0,1,0,43.25601652264595,5.117917742047991e-06,127,1,0
42,57,46,0,0,0,5.075258527483259,"[0.0, 5.075258527483259]",5.075258527483259,2.857142857142857,5.075258527483259,2.116666666666664,0,1,0,42.80186355113983,5.075258527483259e-06,127,1,0
42,58,9,0,0,0,4.850066048758371,"[0.0, 4.850066048758371]",4.850066048758371,2.857142857142857,4.850066048758371,6.649999999999982,0,1,0,39.10244292421703,4.850066048758371e-06,399,1,0
42,59,28,0,0,0,4.792643955775669,"[0.0, 4.792643955775669]",4.792643955775669,2.857142857142857,4.792643955775669,2.2999999999999967,0,1,0,39.80726762115955,4.7926439557756695e-06,138,1,0
42,60,52,0,0,0,3.7456239972795755,"[0.0, 3.7456239972795755]",3.7456239972795755,2.857142857142857,3.7456239972795755,7.599999999999978,0,1,0,28.639494723436655,3.7456239972795754e-06,456,1,0
42,61,18,0,0,0,2.111996241978237,"[0.0, 2.111996241978237]",2.111996241978237,0.0,2.111996241978237,5.016666666666654,0,1,0,7.72203251861356,2.111996241978237e-06,301,1,0
42,62,8,0,0,0,2.111505780901228,"[0.0, 2.111505780901228]",2.111505780901228,0.0,2.111505780901228,5.016666666666654,0,1,0,7.70602843069355,2.111505780901228e-06,301,1,0
42,63,63,0,0,0,2.1109390258789062,"[0.0, 2.1109390258789062]",2.1109390258789062,0.0,2.1109390258789062,5.016666666666654,0,1,0,7.70568338240264,2.1109390258789064e-06,301,1,0
42,64,34,0,0,0,2.107712881905692,"[0.0, 2.107712881905692]",2.107712881905692,0.0,2.107712881905692,5.016666666666654,0,1,0,7.726472328089585,2.107712881905692e-06,301,1,0
43,1,0,0,1,1,10.000465938023158,"[0.0, 10.000465938023158]",10.000465938023158,8.571428571428571,10.000465938023158,3.2499999999999933,0,1,0,84.81068161129951,1.0000465938023157e-05,195,1,0
43,2,47,0,1,1,9.99277114868164,"[0.0, 9.99277114868164]",9.99277114868164,8.571428571428571,9.99277114868164,3.2499999999999933,0,1,0,84.810611307621,9.99277114868164e-06,195,1,0
43,3,1,0,1,1,9.973997388567243,"[0.0, 9.973997388567243]",9.973997388567243,8.571428571428571,9.973997388567243,5.28333333333332,0,1,0,84.50228805840015,9.973997388567244e-06,317,1,0
43,4,2,0,1,1,9.907177516392299,"[0.0, 9.907177516392299]",9.907177516392299,8.571428571428571,9.907177516392299,3.2333333333333267,0,1,0,84.1208511441946,9.907177516392299e-06,194,1,0
43,5,3,0,1,1,9.893074035644531,"[0.0, 9.893074035644531]",9.893074035644531,8.571428571428571,9.893074035644531,3.2333333333333267,0,1,0,84.12071073055267,9.893074035644531e-06,194,1,0
43,6,4,0,1,1,9.810177939278738,"[0.0, 9.810177939278738]",9.810177939278738,8.571428571428571,9.810177939278738,3.21666666666666,0,1,0,83.43252511322498,9.810177939278738e-06,193,1,0
43,7,5,0,1,1,9.786267961774552,"[0.0, 9.786267961774552]",9.786267961774552,8.571428571428571,9.786267961774552,8.466666666666667,0,1,0,85.24319521477446,9.786267961774552e-06,508,1,0
43,8,6,0,1,1,9.764690399169922,"[0.0, 9.764690399169922]",9.764690399169922,8.571428571428571,9.764690399169922,3.1999999999999935,0,1,0,82.74645590782166,9.764690399169922e-06,192,1,0
43,9,7,0,0,1,9.750497000558035,"[0.0, 9.750497000558035]",9.750497000558035,8.571428571428571,9.750497000558035,3.1999999999999935,0,1,0,82.74618946015835,9.750497000558035e-06,192,1,0
43,10,63,0,0,1,9.744655064174108,"[0.0, 9.744655064174108]",9.744655064174108,8.571428571428571,9.744655064174108,3.1999999999999935,0,1,0,82.72256383299828,9.744655064174108e-06,192,1,0
43,11,50,0,0,1,9.736777714320592,"[0.0, 9.736777714320592]",9.736777714320592,8.571428571428571,9.736777714320592,3.1999999999999935,0,1,0,82.74679310619831,9.736777714320593e-06,192,1,0
43,12,38,0,0,1,9.616810934884208,"[0.0, 9.616810934884208]",9.616810934884208,8.571428571428571,9.616810934884208,3.183333333333327,0,1,0,82.01019921898842,9.616810934884208e-06,191,1,0
43,13,27,0,0,1,9.616797310965401,"[0.0, 9.616797310965401]",9.616797310965401,8.571428571428571,9.616797310965401,3.1999999999999935,0,1,0,82.74679224193096,9.616797310965401e-06,192,1,0
43,14,56,0,0,1,9.544459751674108,"[0.0, 9.544459751674108]",9.544459751674108,8.571428571428571,9.544459751674108,3.1666666666666603,0,1,0,81.38167618215084,9.544459751674108e-06,190,1,0
43,15,55,0,0,1,9.500228336879186,"[0.0, 9.500228336879186]",9.500228336879186,8.571428571428571,9.500228336879186,3.1666666666666603,0,1,0,81.38166125118732,9.500228336879185e-06,190,1,0
43,16,13,0,0,1,9.415054321289062,"[0.0, 9.415054321289062]",9.415054321289062,8.571428571428571,9.415054321289062,3.1499999999999937,0,1,0,80.70287385582924,9.415054321289063e-06,189,1,0
43,17,46,0,0,1,9.107401711600167,"[0.0, 9.107401711600167]",9.107401711600167,8.571428571428571,9.107401711600167,3.133333333333327,0,1,0,80.0255348533392,9.107401711600166e-06,188,1,0
43,18,34,0,0,1,8.97242682320731,"[0.0, 8.97242682320731]",8.97242682320731,8.571428571428571,8.97242682320731,3.1166666666666605,0,1,0,79.35132436454296,8.972426823207312e-06,187,1,0
43,19,28,0,0,1,8.964271545410156,"[0.0, 8.964271545410156]",8.964271545410156,8.571428571428571,8.964271545410156,3.1166666666666605,0,1,0,79.35109449923038,8.964271545410157e-06,187,1,0
43,20,43,0,0,1,8.92968041556222,"[0.0, 8.92968041556222]",8.92968041556222,8.571428571428571,8.92968041556222,3.133333333333327,0,1,0,79.13720566034317,8.92968041556222e-06,188,1,0
43,21,14,0,0,1,8.900928497314453,"[0.0, 8.900928497314453]",8.900928497314453,8.571428571428571,8.900928497314453,3.099999999999994,0,1,0,78.67902684211731,8.900928497314453e-06,186,1,0
43,22,26,0,0,1,8.841890607561384,"[0.0, 8.841890607561384]",8.841890607561384,8.571428571428571,8.841890607561384,4.033333333333324,0,1,0,79.58907210826874,8.841890607561383e-06,242,1,0
43,23,31,0,0,1,8.636469159807477,"[0.0, 8.636469159807477]",8.636469159807477,8.571428571428571,8.636469159807477,3.0833333333333273,0,1,0,77.93315854668617,8.636469159807478e-06,185,1,0
43,24,59,0,0,1,8.573243277413505,"[0.0, 8.573243277413505]",8.573243277413505,8.571428571428571,8.573243277413505,3.0833333333333273,0,1,0,78.00918120145798,8.573243277413506e-06,185,1,0
43,25,12,0,0,1,8.361671992710658,"[0.0, 8.361671992710658]",8.361671992710658,5.714285714285714,8.361671992710658,3.0666666666666607,0,1,0,77.34110832214355,8.361671992710658e-06,184,1,0
43,26,10,0,0,1,8.249626159667969,"[0.0, 8.249626159667969]",8.249626159667969,5.714285714285714,8.249626159667969,3.049999999999994,0,1,0,76.67553396522999,8.249626159667968e-06,183,1,0
43,27,61,0,0,1,8.249100276402064,"[0.0, 8.249100276402064]",8.249100276402064,5.714285714285714,8.249100276402064,3.049999999999994,0,1,0,76.67618462443352,8.249100276402064e-06,183,1,0
43,28,21,0,0,1,8.144234248570033,"[0.0, 8.144234248570033]",8.144234248570033,5.714285714285714,8.144234248570033,3.049999999999994,0,1,0,76.6759433299303,8.144234248570033e-06,183,1,0
43,29,58,0,0,1,8.143296922956194,"[0.0, 8.143296922956194]",8.143296922956194,5.714285714285714,8.143296922956194,3.049999999999994,0,1,0,76.56283305585384,8.143296922956194e-06,183,1,0
43,30,22,0,0,1,8.055591583251953,"[0.0, 8.055591583251953]",8.055591583251953,5.714285714285714,8.055591583251953,3.0333333333333274,0,1,0,76.01273062825203,8.055591583251953e-06,182,1,0
43,31,57,0,0,1,7.962512969970703,"[0.0, 7.962512969970703]",7.962512969970703,5.714285714285714,7.962512969970703,3.016666666666661,0,1,0,75.35235312581062,7.962512969970703e-06,181,1,0
43,32,62,0,0,1,7.701192583356585,"[0.0, 7.701192583356585]",7.701192583356585,5.714285714285714,7.701192583356585,2.9833333333333276,0,1,0,73.97495612502098,7.701192583356585e-06,179,1,0
43,33,24,0,0,0,7.65261241367885,"[0.0, 7.65261241367885]",7.65261241367885,5.714285714285714,7.65261241367885,2.9833333333333276,0,1,0,74.03765854239464,7.65261241367885e-06,179,1,0
43,34,15,0,0,0,7.61160169328962,"[0.0, 7.61160169328962]",7.61160169328962,5.714285714285714,7.61160169328962,2.9833333333333276,0,1,0,73.65188398957253,7.611601693289619e-06,179,1,0
43,35,39,0,0,0,7.509427751813616,"[0.0, 7.509427751813616]",7.509427751813616,5.714285714285714,7.509427751813616,2.9499999999999944,0,1,0,72.73228330910206,7.509427751813617e-06,177,1,0
43,36,17,0,0,0,7.506471361432757,"[0.0, 7.506471361432757]",7.506471361432757,5.714285714285714,7.506471361432757,2.9499999999999944,0,1,0,72.73213066160679,7.5064713614327566e-06,177,1,0
43,37,44,0,0,0,7.262014661516463,"[0.0, 7.262014661516463]",7.262014661516463,5.714285714285714,7.262014661516463,2.916666666666661,0,1,0,71.43619215488434,7.262014661516463e-06,175,1,0
43,38,11,0,0,0,7.142857142857142,"[0.0, 7.142857142857142]",7.142857142857142,5.714285714285714,7.142857142857142,2.883333333333328,0,1,0,70.14970761537552,7.142857142857143e-06,173,1,0
43,39,32,0,0,0,7.142857142857142,"[0.0, 7.142857142857142]",7.142857142857142,5.714285714285714,7.142857142857142,2.883333333333328,0,1,0,70.14950743317604,7.142857142857143e-06,173,1,0
43,40,54,0,0,0,7.142857142857142,"[0.0, 7.142857142857142]",7.142857142857142,5.714285714285714,7.142857142857142,2.8666666666666614,0,1,0,69.50979459285736,7.142857142857143e-06,172,1,0
43,41,19,0,0,0,5.779903956821986,"[0.0, 5.779903956821986]",5.779903956821986,5.714285714285714,5.779903956821986,2.33333333333333,0,1,0,50.31724867224693,5.779903956821986e-06,140,1,0
43,42,33,0,0,0,5.764470781598773,"[0.0, 5.764470781598773]",5.764470781598773,5.714285714285714,5.764470781598773,2.33333333333333,0,1,0,50.317446783185005,5.764470781598773e-06,140,1,0
43,43,9,0,0,0,5.671359470912388,"[0.0, 5.671359470912388]",5.671359470912388,2.857142857142857,5.671359470912388,2.2999999999999967,0,1,0,49.202669233083725,5.671359470912388e-06,138,1,0
43,44,48,0,0,0,5.661899021693639,"[0.0, 5.661899021693639]",5.661899021693639,2.857142857142857,5.661899021693639,2.2999999999999967,0,1,0,49.20299573242664,5.661899021693639e-06,138,1,0
43,45,40,0,0,0,5.628367832728794,"[0.0, 5.628367832728794]",5.628367832728794,2.857142857142857,5.628367832728794,2.28333333333333,0,1,0,48.64936098456383,5.628367832728794e-06,137,1,0
43,46,30,0,0,0,5.624068123953683,"[0.0, 5.624068123953683]",5.624068123953683,2.857142857142857,5.624068123953683,2.28333333333333,0,1,0,48.64910976588726,5.6240681239536835e-06,137,1,0
43,47,41,0,0,0,5.527272905622209,"[0.0, 5.527272905622209]",5.527272905622209,2.857142857142857,5.527272905622209,3.2499999999999933,0,1,0,48.000508204102516,5.527272905622209e-06,195,1,0
43,48,51,0,0,0,5.467502049037389,"[0.0, 5.467502049037389]",5.467502049037389,2.857142857142857,5.467502049037389,2.2333333333333303,0,1,0,47.0041523873806,5.467502049037389e-06,134,1,0
43,49,25,0,0,0,5.312941414969307,"[0.0, 5.312941414969307]",5.312941414969307,2.857142857142857,5.312941414969307,2.1833333333333305,0,1,0,45.38221633434296,5.312941414969307e-06,131,1,0
43,50,53,0,0,0,5.2120481218610495,"[0.0, 5.2120481218610495]",5.2120481218610495,2.857142857142857,5.2120481218610495,2.1499999999999972,0,1,0,44.314033418893814,5.2120481218610494e-06,129,1,0
43,51,29,0,0,0,5.120206560407366,"[0.0, 5.120206560407366]",5.120206560407366,2.857142857142857,5.120206560407366,2.116666666666664,0,1,0,43.25654819607735,5.120206560407367e-06,127,1,0
43,52,20,0,0,0,5.013019016810826,"[0.0, 5.013019016810826]",5.013019016810826,2.857142857142857,5.013019016810826,2.083333333333331,0,1,0,42.20906712114811,5.013019016810826e-06,125,1,0
43,53,42,0,0,0,4.9713352748325885,"[0.0, 4.9713352748325885]",4.9713352748325885,2.857142857142857,4.9713352748325885,2.066666666666664,0,1,0,41.68953411281109,4.9713352748325885e-06,124,1,0
43,54,16,0,0,0,4.961542401994977,"[0.0, 4.961542401994977]",4.961542401994977,2.857142857142857,4.961542401994977,2.066666666666664,0,1,0,41.68933409452438,4.961542401994977e-06,124,1,0
43,55,18,0,0,0,4.9198423113141745,"[0.0, 4.9198423113141745]",4.9198423113141745,2.857142857142857,4.9198423113141745,2.0499999999999976,0,1,0,41.17203530669212,4.9198423113141744e-06,123,1,0
43,56,36,0,0,0,4.635952540806362,"[0.0, 4.635952540806362]",4.635952540806362,2.857142857142857,4.635952540806362,1.949999999999998,0,1,0,38.126516565680504,4.635952540806362e-06,117,1,0
43,57,60,0,0,0,4.633543831961495,"[0.0, 4.633543831961495]",4.633543831961495,2.857142857142857,4.633543831961495,1.949999999999998,0,1,0,38.1265389919281,4.633543831961495e-06,117,1,0
43,58,45,0,0,0,2.1116583687918524,"[0.0, 2.1116583687918524]",2.1116583687918524,0.0,2.1116583687918524,5.016666666666654,0,1,0,7.723975155699009,2.1116583687918524e-06,301,1,0
43,59,37,0,0,0,2.111642020089286,"[0.0, 2.111642020089286]",2.111642020089286,0.0,2.111642020089286,5.016666666666654,0,1,0,7.705952714197338,2.111642020089286e-06,301,1,0
43,60,23,0,0,0,2.110595703125,"[0.0, 2.110595703125]",2.110595703125,0.0,2.110595703125,5.016666666666654,0,1,0,7.706001612219552,2.110595703125e-06,301,1,0
43,61,49,0,0,0,2.1104322160993303,"[0.0, 2.1104322160993303]",2.1104322160993303,0.0,2.1104322160993303,5.016666666666654,0,1,0,7.705977730984159,2.1104322160993304e-06,301,1,0
43,62,8,0,0,0,2.1096583775111606,"[0.0, 2.1096583775111606]",2.1096583775111606,0.0,2.1096583775111606,5.016666666666654,0,1,0,7.705629212185158,2.1096583775111607e-06,301,1,0
43,63,52,0,0,0,2.1095057896205356,"[0.0, 2.1095057896205356]",2.1095057896205356,0.0,2.1095057896205356,5.016666666666654,0,1,0,7.705776800590684,2.1095057896205355e-06,301,1,0
43,64,35,0,0,0,2.107881818498884,"[0.0, 2.107881818498884]",2.107881818498884,0.0,2.107881818498884,5.016666666666654,0,1,0,7.706059316304163,2.1078818184988843e-06,301,1,0
44,1,0,0,1,1,10.000465938023158,"[0.0, 10.000465938023158]",10.000465938023158,8.571428571428571,10.000465938023158,3.2499999999999933,0,1,0,84.81068161129951,1.0000465938023157e-05,195,1,0
44,2,1,0,1,1,9.99277114868164,"[0.0, 9.99277114868164]",9.99277114868164,8.571428571428571,9.99277114868164,3.2499999999999933,0,1,0,84.810611307621,9.99277114868164e-06,195,1,0
44,3,2,0,1,1,9.973997388567243,"[0.0, 9.973997388567243]",9.973997388567243,8.571428571428571,9.973997388567243,5.28333333333332,0,1,0,84.50228805840015,9.973997388567244e-06,317,1,0
44,4,3,0,1,1,9.907177516392299,"[0.0, 9.907177516392299]",9.907177516392299,8.571428571428571,9.907177516392299,3.2333333333333267,0,1,0,84.1208511441946,9.907177516392299e-06,194,1,0
44,5,4,0,1,1,9.893074035644531,"[0.0, 9.893074035644531]",9.893074035644531,8.571428571428571,9.893074035644531,3.2333333333333267,0,1,0,84.12071073055267,9.893074035644531e-06,194,1,0
44,6,5,0,1,1,9.810177939278738,"[0.0, 9.810177939278738]",9.810177939278738,8.571428571428571,9.810177939278738,3.21666666666666,0,1,0,83.43252511322498,9.810177939278738e-06,193,1,0
44,7,6,0,1,1,9.786267961774552,"[0.0, 9.786267961774552]",9.786267961774552,8.571428571428571,9.786267961774552,8.466666666666667,0,1,0,85.24319521477446,9.786267961774552e-06,508,1,0
44,8,7,0,1,1,9.764690399169922,"[0.0, 9.764690399169922]",9.764690399169922,8.571428571428571,9.764690399169922,3.1999999999999935,0,1,0,82.74645590782166,9.764690399169922e-06,192,1,0
44,9,37,0,0,1,9.64639663696289,"[0.0, 9.64639663696289]",9.64639663696289,8.571428571428571,9.64639663696289,3.1999999999999935,0,1,0,82.74663007259369,9.64639663696289e-06,192,1,0
44,10,13,0,0,1,9.636388506208148,"[0.0, 9.636388506208148]",9.636388506208148,8.571428571428571,9.636388506208148,3.1999999999999935,0,1,0,82.46707099676132,9.636388506208148e-06,192,1,0
44,11,33,0,0,1,9.458536420549665,"[0.0, 9.458536420549665]",9.458536420549665,8.571428571428571,9.458536420549665,3.1666666666666603,0,1,0,81.38165500760078,9.458536420549666e-06,190,1,0
44,12,31,0,0,1,9.449522835867745,"[0.0, 9.449522835867745]",9.449522835867745,8.571428571428571,9.449522835867745,3.1666666666666603,0,1,0,81.38180258870125,9.449522835867745e-06,190,1,0
44,13,29,0,0,1,9.230597359793528,"[0.0, 9.230597359793528]",9.230597359793528,8.571428571428571,9.230597359793528,3.133333333333327,0,1,0,80.02567708492279,9.230597359793527e-06,188,1,0
44,14,54,0,0,1,9.09970964704241,"[0.0, 9.09970964704241]",9.09970964704241,8.571428571428571,9.09970964704241,3.5333333333333257,0,1,0,79.82807125151157,9.09970964704241e-06,212,1,0
44,15,51,0,0,1,9.080944061279297,"[0.0, 9.080944061279297]",9.080944061279297,8.571428571428571,9.080944061279297,3.133333333333327,0,1,0,80.02572678029537,9.080944061279297e-06,188,1,0
44,16,57,0,0,1,9.032974243164062,"[0.0, 9.032974243164062]",9.032974243164062,8.571428571428571,9.032974243164062,3.1166666666666605,0,1,0,79.35075698792934,9.032974243164062e-06,187,1,0
44,17,46,0,0,1,8.977775573730469,"[0.0, 8.977775573730469]",8.977775573730469,8.571428571428571,8.977775573730469,3.1166666666666605,0,1,0,79.35153776407242,8.97777557373047e-06,187,1,0
44,18,58,0,0,1,8.934080941336497,"[0.0, 8.934080941336497]",8.934080941336497,8.571428571428571,8.934080941336497,3.1166666666666605,0,1,0,79.35110458731651,8.934080941336496e-06,187,1,0
44,19,25,0,0,1,8.91399656023298,"[0.0, 8.91399656023298]",8.91399656023298,8.571428571428571,8.91399656023298,3.099999999999994,0,1,0,78.67922101914883,8.913996560232979e-06,186,1,0
44,20,41,0,0,1,8.893871307373047,"[0.0, 8.893871307373047]",8.893871307373047,8.571428571428571,8.893871307373047,3.3166666666666598,0,1,0,78.8852911144495,8.893871307373048e-06,199,1,0
44,21,39,0,0,1,8.88845443725586,"[0.0, 8.88845443725586]",8.88845443725586,8.571428571428571,8.88845443725586,3.099999999999994,0,1,0,78.6788937151432,8.88845443725586e-06,186,1,0
44,22,26,0,0,1,8.885795048304965,"[0.0, 8.885795048304965]",8.885795048304965,8.571428571428571,8.885795048304965,3.3333333333333264,0,1,0,78.97410191595554,8.885795048304964e-06,200,1,0
44,23,14,0,0,1,8.881340026855469,"[0.0, 8.881340026855469]",8.881340026855469,8.571428571428571,8.881340026855469,3.1166666666666605,0,1,0,78.73296584188938,8.88134002685547e-06,187,1,0
44,24,40,0,0,1,8.869274684361049,"[0.0, 8.869274684361049]",8.869274684361049,8.571428571428571,8.869274684361049,3.099999999999994,0,1,0,78.67849858105183,8.869274684361048e-06,186,1,0
44,25,56,0,0,1,8.753912789481026,"[0.0, 8.753912789481026]",8.753912789481026,8.571428571428571,8.753912789481026,3.099999999999994,0,1,0,78.67877469956875,8.753912789481026e-06,186,1,0
44,26,55,0,0,1,8.739239828927177,"[0.0, 8.739239828927177]",8.739239828927177,8.571428571428571,8.739239828927177,3.0833333333333273,0,1,0,78.00921528041363,8.739239828927177e-06,185,1,0
44,27,24,0,0,1,8.721972874232701,"[0.0, 8.721972874232701]",8.721972874232701,8.571428571428571,8.721972874232701,3.099999999999994,0,1,0,78.67898634076118,8.721972874232702e-06,186,1,0
44,28,27,0,0,1,8.492295401436941,"[0.0, 8.492295401436941]",8.492295401436941,5.714285714285714,8.492295401436941,3.0666666666666607,0,1,0,77.34133416414261,8.492295401436942e-06,184,1,0
44,29,52,0,0,1,8.477074759347099,"[0.0, 8.477074759347099]",8.477074759347099,5.714285714285714,8.477074759347099,3.0833333333333273,0,1,0,78.00941045582294,8.477074759347098e-06,185,1,0
44,30,62,0,0,1,8.369770050048828,"[0.0, 8.369770050048828]",8.369770050048828,5.714285714285714,8.369770050048828,3.099999999999994,0,1,0,77.24165877699852,8.369770050048828e-06,186,1,0
44,31,20,0,0,1,8.367344992501396,"[0.0, 8.367344992501396]",8.367344992501396,5.714285714285714,8.367344992501396,3.0666666666666607,0,1,0,77.34119798243046,8.367344992501395e-06,184,1,0
44,32,17,0,0,1,8.005616324288505,"[0.0, 8.005616324288505]",8.005616324288505,5.714285714285714,8.005616324288505,3.0333333333333274,0,1,0,76.01278649270535,8.005616324288506e-06,182,1,0
44,33,10,0,0,0,7.940352303641183,"[0.0, 7.940352303641183]",7.940352303641183,5.714285714285714,7.940352303641183,3.016666666666661,0,1,0,75.35195524990559,7.940352303641182e-06,181,1,0
44,34,63,0,0,0,7.846954890659877,"[0.0, 7.846954890659877]",7.846954890659877,5.714285714285714,7.846954890659877,7.316666666666646,0,1,0,57.632434836777975,7.846954890659876e-06,439,1,0
44,35,30,0,0,0,7.719083513532365,"[0.0, 7.719083513532365]",7.719083513532365,5.714285714285714,7.719083513532365,3.016666666666661,0,1,0,74.55477176606655,7.719083513532365e-06,181,1,0
44,36,15,0,0,0,7.590694427490234,"[0.0, 7.590694427490234]",7.590694427490234,5.714285714285714,7.590694427490234,3.133333333333327,0,1,0,73.60616119205952,7.590694427490234e-06,188,1,0
44,37,28,0,0,0,7.537343161446708,"[0.0, 7.537343161446708]",7.537343161446708,5.714285714285714,7.537343161446708,2.966666666666661,0,1,0,73.3832697570324,7.537343161446708e-06,178,1,0
44,38,16,0,0,0,7.533751896449497,"[0.0, 7.533751896449497]",7.533751896449497,5.714285714285714,7.533751896449497,2.966666666666661,0,1,0,73.3835232257843,7.533751896449497e-06,178,1,0
44,39,9,0,0,0,7.142857142857142,"[0.0, 7.142857142857142]",7.142857142857142,5.714285714285714,7.142857142857142,2.8166666666666615,0,1,0,67.44203855097294,7.142857142857143e-06,169,1,0
44,40,38,0,0,0,7.027288164411272,"[0.0, 7.027288164411272]",7.027288164411272,5.714285714285714,7.027288164411272,2.749999999999995,0,1,0,63.170473515987396,7.027288164411272e-06,165,1,0
44,41,8,0,0,0,5.706634521484375,"[0.0, 5.706634521484375]",5.706634521484375,2.857142857142857,5.706634521484375,2.3166666666666633,0,1,0,49.75866797566414,5.706634521484375e-06,139,1,0
44,42,47,0,0,0,5.701751708984375,"[0.0, 5.701751708984375]",5.701751708984375,2.857142857142857,5.701751708984375,2.3166666666666633,0,1,0,49.758704751729965,5.701751708984375e-06,139,1,0
44,43,59,0,0,0,5.62417711530413,"[0.0, 5.62417711530413]",5.62417711530413,2.857142857142857,5.62417711530413,2.28333333333333,0,1,0,48.64914667606354,5.62417711530413e-06,137,1,0
44,44,61,0,0,0,5.521430969238281,"[0.0, 5.521430969238281]",5.521430969238281,2.857142857142857,5.521430969238281,2.249999999999997,0,1,0,47.54973390698433,5.5214309692382816e-06,135,1,0
44,45,49,0,0,0,5.50490243094308,"[0.0, 5.50490243094308]",5.50490243094308,2.857142857142857,5.50490243094308,2.249999999999997,0,1,0,47.54973901808262,5.50490243094308e-06,135,1,0
44,46,36,0,0,0,5.413693019321986,"[0.0, 5.413693019321986]",5.413693019321986,2.857142857142857,5.413693019321986,2.2166666666666637,0,1,0,46.46057465672493,5.413693019321986e-06,133,1,0
44,47,45,0,0,0,5.365469796316964,"[0.0, 5.365469796316964]",5.365469796316964,2.857142857142857,5.365469796316964,2.199999999999997,0,1,0,45.920300990343094,5.365469796316965e-06,132,1,0
44,48,21,0,0,0,5.2185821533203125,"[0.0, 5.2185821533203125]",5.2185821533203125,2.857142857142857,5.2185821533203125,2.166666666666664,0,1,0,44.31869140267372,5.2185821533203126e-06,130,1,0
44,49,22,0,0,0,5.215557643345424,"[0.0, 5.215557643345424]",5.215557643345424,2.857142857142857,5.215557643345424,2.1499999999999972,0,1,0,44.31408402323723,5.215557643345424e-06,129,1,0
44,50,32,0,0,0,5.154299054827009,"[0.0, 5.154299054827009]",5.154299054827009,2.857142857142857,5.154299054827009,2.1333333333333306,0,1,0,43.78366068005562,5.154299054827008e-06,128,1,0
44,51,48,0,0,0,5.067612784249443,"[0.0, 5.067612784249443]",5.067612784249443,2.857142857142857,5.067612784249443,2.0999999999999974,0,1,0,42.73123274743557,5.067612784249443e-06,126,1,0
44,52,42,0,0,0,5.060021536690848,"[0.0, 5.060021536690848]",5.060021536690848,2.857142857142857,5.060021536690848,2.7333333333333285,0,1,0,42.69953125715256,5.060021536690848e-06,164,1,0
44,53,60,0,0,0,4.963716779436385,"[0.0, 4.963716779436385]",4.963716779436385,2.857142857142857,4.963716779436385,2.066666666666664,0,1,0,41.68946744501591,4.963716779436384e-06,124,1,0
44,54,12,0,0,0,4.91363525390625,"[0.0, 4.91363525390625]",4.91363525390625,2.857142857142857,4.91363525390625,2.0499999999999976,0,1,0,41.17221063375473,4.91363525390625e-06,123,1,0
44,55,35,0,0,0,4.863466535295759,"[0.0, 4.863466535295759]",4.863466535295759,2.857142857142857,4.863466535295759,2.033333333333331,0,1,0,40.65784500539303,4.863466535295759e-06,122,1,0
44,56,44,0,0,0,4.821428571428572,"[0.0, 4.821428571428572]",4.821428571428572,2.857142857142857,4.821428571428572,2.0166666666666644,0,1,0,40.14653469622135,4.821428571428572e-06,121,1,0
44,57,19,0,0,0,4.673287527901786,"[0.0, 4.673287527901786]",4.673287527901786,2.857142857142857,4.673287527901786,1.9666666666666646,0,1,0,38.62793415784836,4.673287527901786e-06,118,1,0
44,58,18,0,0,0,4.4889341081891745,"[0.0, 4.4889341081891745]",4.4889341081891745,2.857142857142857,4.4889341081891745,1.8999999999999981,0,1,0,36.64012809097767,4.488934108189175e-06,114,1,0
44,59,23,0,0,0,4.342754908970424,"[0.0, 4.342754908970424]",4.342754908970424,2.857142857142857,4.342754908970424,5.033333333333321,0,1,0,35.03501761541702,4.342754908970423e-06,302,1,0
44,60,34,0,0,0,2.558185032435826,"[0.0, 2.558185032435826]",2.558185032435826,0.0,2.558185032435826,5.016666666666654,0,1,0,12.928194056767097,2.558185032435826e-06,301,1,0
44,61,43,0,0,0,2.1575927734375,"[0.0, 2.1575927734375]",2.1575927734375,0.0,2.1575927734375,5.016666666666654,0,1,0,8.214434052613797,2.1575927734375e-06,301,1,0
44,62,50,0,0,0,2.111598423549107,"[0.0, 2.111598423549107]",2.111598423549107,0.0,2.111598423549107,5.016666666666654,0,1,0,7.70598110332503,2.111598423549107e-06,301,1,0
44,63,11,0,0,0,2.1115875244140625,"[0.0, 2.1115875244140625]",2.1115875244140625,0.0,2.1115875244140625,5.016666666666654,0,1,0,7.70607775307144,2.1115875244140626e-06,301,1,0
44,64,53,0,0,0,2.1072605678013394,"[0.0, 2.1072605678013394]",2.1072605678013394,0.0,2.1072605678013394,5.016666666666654,0,1,0,7.705581775284372,2.1072605678013393e-06,301,1,0
45,1,0,0,1,1,10.000465938023158,"[0.0, 10.000465938023158]",10.000465938023158,8.571428571428571,10.000465938023158,3.2499999999999933,0,1,0,84.81068161129951,1.0000465938023157e-05,195,1,0
45,2,1,0,1,1,9.99277114868164,"[0.0, 9.99277114868164]",9.99277114868164,8.571428571428571,9.99277114868164,3.2499999999999933,0,1,0,84.810611307621,9.99277114868164e-06,195,1,0
45,3,2,0,1,1,9.973997388567243,"[0.0, 9.973997388567243]",9.973997388567243,8.571428571428571,9.973997388567243,5.28333333333332,0,1,0,84.50228805840015,9.973997388567244e-06,317,1,0
45,4,3,0,1,1,9.907177516392299,"[0.0, 9.907177516392299]",9.907177516392299,8.571428571428571,9.907177516392299,3.2333333333333267,0,1,0,84.1208511441946,9.907177516392299e-06,194,1,0
45,5,4,0,1,1,9.893074035644531,"[0.0, 9.893074035644531]",9.893074035644531,8.571428571428571,9.893074035644531,3.2333333333333267,0,1,0,84.12071073055267,9.893074035644531e-06,194,1,0
45,6,5,0,1,1,9.810177939278738,"[0.0, 9.810177939278738]",9.810177939278738,8.571428571428571,9.810177939278738,3.21666666666666,0,1,0,83.43252511322498,9.810177939278738e-06,193,1,0
45,7,6,0,1,1,9.786267961774552,"[0.0, 9.786267961774552]",9.786267961774552,8.571428571428571,9.786267961774552,8.466666666666667,0,1,0,85.24319521477446,9.786267961774552e-06,508,1,0
45,8,7,0,1,1,9.764690399169922,"[0.0, 9.764690399169922]",9.764690399169922,8.571428571428571,9.764690399169922,3.1999999999999935,0,1,0,82.74645590782166,9.764690399169922e-06,192,1,0
45,9,40,0,0,1,9.729230063302175,"[0.0, 9.729230063302175]",9.729230063302175,8.571428571428571,9.729230063302175,3.21666666666666,0,1,0,82.97057831287384,9.729230063302176e-06,193,1,0
45,10,62,0,0,1,9.645363943917411,"[0.0, 9.645363943917411]",9.645363943917411,8.571428571428571,9.645363943917411,3.26666666666666,0,1,0,82.36155372858047,9.645363943917412e-06,196,1,0
45,11,57,0,0,1,9.56930433000837,"[0.0, 9.56930433000837]",9.56930433000837,8.571428571428571,9.56930433000837,3.2333333333333267,0,1,0,82.02956314384937,9.569304330008369e-06,194,1,0
45,12,22,0,0,1,9.525143759591238,"[0.0, 9.525143759591238]",9.525143759591238,8.571428571428571,9.525143759591238,3.183333333333327,0,1,0,82.06314131617546,9.525143759591238e-06,191,1,0
45,13,31,0,0,1,9.50890132359096,"[0.0, 9.50890132359096]",9.50890132359096,8.571428571428571,9.50890132359096,3.1666666666666603,0,1,0,81.38148640096188,9.508901323590961e-06,190,1,0
45,14,28,0,0,1,9.496334620884486,"[0.0, 9.496334620884486]",9.496334620884486,8.571428571428571,9.496334620884486,3.1666666666666603,0,1,0,81.38194507360458,9.496334620884487e-06,190,1,0
45,15,14,0,0,1,9.44753646850586,"[0.0, 9.44753646850586]",9.44753646850586,8.571428571428571,9.44753646850586,3.1666666666666603,0,1,0,81.38164959847927,9.447536468505859e-06,190,1,0
45,16,34,0,0,1,9.236194065638951,"[0.0, 9.236194065638951]",9.236194065638951,8.571428571428571,9.236194065638951,3.133333333333327,0,1,0,80.02585266530514,9.236194065638951e-06,188,1,0
45,17,10,0,0,1,9.181357792445592,"[0.0, 9.181357792445592]",9.181357792445592,8.571428571428571,9.181357792445592,3.133333333333327,0,1,0,80.0262838602066,9.181357792445593e-06,188,1,0
45,18,50,0,0,1,9.16536603655134,"[0.0, 9.16536603655134]",9.16536603655134,8.571428571428571,9.16536603655134,3.133333333333327,0,1,0,80.02555005252361,9.165366036551341e-06,188,1,0
45,19,21,0,0,1,9.077404567173549,"[0.0, 9.077404567173549]",9.077404567173549,8.571428571428571,9.077404567173549,3.133333333333327,0,1,0,80.02597564458847,9.07740456717355e-06,188,1,0
45,20,33,0,0,1,9.073009490966797,"[0.0, 9.073009490966797]",9.073009490966797,8.571428571428571,9.073009490966797,3.133333333333327,0,1,0,80.02554869651794,9.073009490966797e-06,188,1,0
45,21,48,0,0,1,9.046900612967356,"[0.0, 9.046900612967356]",9.046900612967356,8.571428571428571,9.046900612967356,3.133333333333327,0,1,0,79.49979549646378,9.046900612967356e-06,188,1,0
45,22,45,0,0,1,9.017293112618582,"[0.0, 9.017293112618582]",9.017293112618582,8.571428571428571,9.017293112618582,3.1166666666666605,0,1,0,79.35129867494106,9.017293112618582e-06,187,1,0
45,23,36,0,0,1,8.943473270961217,"[0.0, 8.943473270961217]",8.943473270961217,8.571428571428571,8.943473270961217,3.1166666666666605,0,1,0,79.35121485590935,8.943473270961216e-06,187,1,0
45,24,44,0,0,1,8.910361698695592,"[0.0, 8.910361698695592]",8.910361698695592,8.571428571428571,8.910361698695592,3.099999999999994,0,1,0,78.67854981124401,8.910361698695593e-06,186,1,0
45,25,24,0,0,1,8.884775979178293,"[0.0, 8.884775979178293]",8.884775979178293,8.571428571428571,8.884775979178293,3.1166666666666605,0,1,0,78.90653425455093,8.884775979178293e-06,187,1,0
45,26,52,0,0,1,8.816176823207309,"[0.0, 8.816176823207309]",8.816176823207309,8.571428571428571,8.816176823207309,3.099999999999994,0,1,0,78.6789692491293,8.81617682320731e-06,186,1,0
45,27,46,0,0,1,8.775901794433594,"[0.0, 8.775901794433594]",8.775901794433594,8.571428571428571,8.775901794433594,3.0833333333333273,0,1,0,78.00890144705772,8.775901794433593e-06,185,1,0
45,28,17,0,0,1,8.72739246913365,"[0.0, 8.72739246913365]",8.72739246913365,8.571428571428571,8.72739246913365,3.0833333333333273,0,1,0,78.00946529209614,8.72739246913365e-06,185,1,0
45,29,53,0,0,1,8.720580509730748,"[0.0, 8.720580509730748]",8.720580509730748,8.571428571428571,8.720580509730748,3.1166666666666605,0,1,0,79.35115195810795,8.720580509730748e-06,187,1,0
45,30,61,0,0,1,8.691760471888951,"[0.0, 8.691760471888951]",8.691760471888951,8.571428571428571,8.691760471888951,4.849999999999988,0,1,0,78.20681440830231,8.69176047188895e-06,291,1,0
45,31,51,0,0,1,8.647618974958148,"[0.0, 8.647618974958148]",8.647618974958148,8.571428571428571,8.647618974958148,3.0833333333333273,0,1,0,78.00896883010864,8.647618974958147e-06,185,1,0
45,32,18,0,0,1,8.638395581926618,"[0.0, 8.638395581926618]",8.638395581926618,8.571428571428571,8.638395581926618,3.099999999999994,0,1,0,78.67884127795696,8.638395581926619e-06,186,1,0
45,33,26,0,0,0,8.606512887137278,"[0.0, 8.606512887137278]",8.606512887137278,8.571428571428571,8.606512887137278,3.0833333333333273,0,1,0,78.0089430809021,8.606512887137278e-06,185,1,0
45,34,11,0,0,0,8.469069344656809,"[0.0, 8.469069344656809]",8.469069344656809,5.714285714285714,8.469069344656809,7.449999999999979,0,1,0,58.50386843652086,8.469069344656809e-06,447,1,0
45,35,35,0,0,0,8.312579563685826,"[0.0, 8.312579563685826]",8.312579563685826,5.714285714285714,8.312579563685826,3.1166666666666605,0,1,0,76.9999333024025,8.312579563685827e-06,187,1,0
45,36,27,0,0,0,8.108934674944196,"[0.0, 8.108934674944196]",8.108934674944196,5.714285714285714,8.108934674944196,3.0333333333333274,0,1,0,76.01271213591099,8.108934674944197e-06,182,1,0
45,37,12,0,0,0,8.029275621686663,"[0.0, 8.029275621686663]",8.029275621686663,5.714285714285714,8.029275621686663,7.316666666666646,0,1,0,57.633578845219745,8.029275621686663e-06,439,1,0
45,38,55,0,0,0,7.808197566441128,"[0.0, 7.808197566441128]",7.808197566441128,5.714285714285714,7.808197566441128,3.016666666666661,0,1,0,74.57688154280186,7.808197566441128e-06,181,1,0
45,39,15,0,0,0,7.4813706534249445,"[0.0, 7.4813706534249445]",7.4813706534249445,5.714285714285714,7.4813706534249445,3.099999999999994,0,1,0,72.70512588322163,7.481370653424945e-06,186,1,0
45,40,47,0,0,0,7.478367941720145,"[0.0, 7.478367941720145]",7.478367941720145,5.714285714285714,7.478367941720145,2.9499999999999944,0,1,0,72.73211942613125,7.478367941720145e-06,177,1,0
45,41,23,0,0,0,7.142857142857142,"[0.0, 7.142857142857142]",7.142857142857142,5.714285714285714,7.142857142857142,2.8166666666666615,0,1,0,67.57096114754677,7.142857142857143e-06,169,1,0
45,42,37,0,0,0,7.142857142857142,"[0.0, 7.142857142857142]",7.142857142857142,5.714285714285714,7.142857142857142,3.3666666666666596,0,1,0,69.5001525580883,7.142857142857143e-06,202,1,0
45,43,25,0,0,0,7.079849243164063,"[0.0, 7.079849243164063]",7.079849243164063,5.714285714285714,7.079849243164063,2.716666666666662,0,1,0,63.85887838900089,7.079849243164063e-06,163,1,0
45,44,20,0,0,0,5.9560394287109375,"[0.0, 5.9560394287109375]",5.9560394287109375,5.714285714285714,5.9560394287109375,7.09999999999998,0,1,0,50.921258311660495,5.956039428710937e-06,426,1,0
45,45,29,0,0,0,5.774928501674107,"[0.0, 5.774928501674107]",5.774928501674107,5.714285714285714,5.774928501674107,2.33333333333333,0,1,0,50.317299261689186,5.7749285016741064e-06,140,1,0
45,46,54,0,0,0,5.619065420968192,"[0.0, 5.619065420968192]",5.619065420968192,2.857142857142857,5.619065420968192,3.0333333333333274,0,1,0,48.76127177476883,5.619065420968192e-06,182,1,0
45,47,39,0,0,0,5.559430803571429,"[0.0, 5.559430803571429]",5.559430803571429,2.857142857142857,5.559430803571429,2.2666666666666635,0,1,0,48.0982500910759,5.5594308035714285e-06,136,1,0
45,48,41,0,0,0,5.521480015345983,"[0.0, 5.521480015345983]",5.521480015345983,2.857142857142857,5.521480015345983,2.249999999999997,0,1,0,47.55003499984741,5.521480015345983e-06,135,1,0
45,49,8,0,0,0,5.312985011509486,"[0.0, 5.312985011509486]",5.312985011509486,2.857142857142857,5.312985011509486,2.1833333333333305,0,1,0,45.382373347878456,5.312985011509486e-06,131,1,0
45,50,32,0,0,0,5.309557233537946,"[0.0, 5.309557233537946]",5.309557233537946,2.857142857142857,5.309557233537946,2.1833333333333305,0,1,0,45.3818643540144,5.3095572335379465e-06,131,1,0
45,51,9,0,0,0,5.258020673479353,"[0.0, 5.258020673479353]",5.258020673479353,2.857142857142857,5.258020673479353,2.1833333333333305,0,1,0,44.80643957853317,5.258020673479353e-06,131,1,0
45,52,38,0,0,0,5.218821934291295,"[0.0, 5.218821934291295]",5.218821934291295,2.857142857142857,5.218821934291295,2.1499999999999972,0,1,0,44.31369586288929,5.2188219342912955e-06,129,1,0
45,53,16,0,0,0,5.0174985613141745,"[0.0, 5.0174985613141745]",5.0174985613141745,2.857142857142857,5.0174985613141745,2.083333333333331,0,1,0,42.2093621045351,5.017498561314175e-06,125,1,0
45,54,19,0,0,0,4.968768528529576,"[0.0, 4.968768528529576]",4.968768528529576,2.857142857142857,4.968768528529576,2.066666666666664,0,1,0,41.689094603061676,4.968768528529577e-06,124,1,0
45,55,58,0,0,0,4.9233245849609375,"[0.0, 4.9233245849609375]",4.9233245849609375,2.857142857142857,4.9233245849609375,2.0499999999999976,0,1,0,41.17230123281479,4.923324584960938e-06,123,1,0
45,56,56,0,0,0,4.686611720493861,"[0.0, 4.686611720493861]",4.686611720493861,2.857142857142857,4.686611720493861,2.2333333333333303,0,1,0,38.6104189902544,4.686611720493861e-06,134,1,0
45,57,49,0,0,0,3.7975147792271207,"[0.0, 3.7975147792271207]",3.7975147792271207,2.857142857142857,3.7975147792271207,23.866666666666593,0,1,0,232.3719105659984,3.797514779227121e-06,1432,1,0
45,58,30,0,0,0,2.155538286481585,"[0.0, 2.155538286481585]",2.155538286481585,0.0,2.155538286481585,5.016666666666654,0,1,0,8.21433930045896,2.155538286481585e-06,301,1,0
45,59,43,0,0,0,2.1118000575474327,"[0.0, 2.1118000575474327]",2.1118000575474327,0.0,2.1118000575474327,5.016666666666654,0,1,0,7.705688724265201,2.1118000575474327e-06,301,1,0
45,60,59,0,0,0,2.1107700892857144,"[0.0, 2.1107700892857144]",2.1107700892857144,0.0,2.1107700892857144,5.016666666666654,0,1,0,7.705947398550052,2.1107700892857144e-06,301,1,0
45,61,63,0,0,0,2.110241481236049,"[0.0, 2.110241481236049]",2.110241481236049,0.0,2.110241481236049,5.016666666666654,0,1,0,7.706196108782024,2.110241481236049e-06,301,1,0
45,62,60,0,0,0,2.108851841517857,"[0.0, 2.108851841517857]",2.108851841517857,0.0,2.108851841517857,5.016666666666654,0,1,0,7.705711417540442,2.1088518415178573e-06,301,1,0
45,63,42,0,0,0,2.1085521153041293,"[0.0, 2.1085521153041293]",2.1085521153041293,0.0,2.1085521153041293,5.016666666666654,0,1,0,7.705956998455804,2.1085521153041294e-06,301,1,0
45,64,13,0,0,0,2.1079744611467635,"[0.0, 2.1079744611467635]",2.1079744611467635,0.0,2.1079744611467635,5.016666666666654,0,1,0,7.706114360393258,2.1079744611467633e-06,301,1,0
46,1,0,0,1,1,10.000465938023158,"[0.0, 10.000465938023158]",10.000465938023158,8.571428571428571,10.000465938023158,3.2499999999999933,0,1,0,84.81068161129951,1.0000465938023157e-05,195,1,0
46,2,1,0,1,1,9.99277114868164,"[0.0, 9.99277114868164]",9.99277114868164,8.571428571428571,9.99277114868164,3.2499999999999933,0,1,0,84.810611307621,9.99277114868164e-06,195,1,0
46,3,2,0,1,1,9.973997388567243,"[0.0, 9.973997388567243]",9.973997388567243,8.571428571428571,9.973997388567243,5.28333333333332,0,1,0,84.50228805840015,9.973997388567244e-06,317,1,0
46,4,3,0,1,1,9.907177516392299,"[0.0, 9.907177516392299]",9.907177516392299,8.571428571428571,9.907177516392299,3.2333333333333267,0,1,0,84.1208511441946,9.907177516392299e-06,194,1,0
46,5,4,0,1,1,9.893074035644531,"[0.0, 9.893074035644531]",9.893074035644531,8.571428571428571,9.893074035644531,3.2333333333333267,0,1,0,84.12071073055267,9.893074035644531e-06,194,1,0
46,6,41,0,1,1,9.886883326939174,"[0.0, 9.886883326939174]",9.886883326939174,8.571428571428571,9.886883326939174,3.2333333333333267,0,1,0,84.12069611251354,9.886883326939173e-06,194,1,0
46,7,24,0,1,1,9.867706298828125,"[0.0, 9.867706298828125]",9.867706298828125,8.571428571428571,9.867706298828125,3.21666666666666,0,1,0,83.43274481594563,9.867706298828125e-06,193,1,0
46,8,5,0,1,1,9.810177939278738,"[0.0, 9.810177939278738]",9.810177939278738,8.571428571428571,9.810177939278738,3.21666666666666,0,1,0,83.43252511322498,9.810177939278738e-06,193,1,0
46,9,6,0,0,1,9.786267961774552,"[0.0, 9.786267961774552]",9.786267961774552,8.571428571428571,9.786267961774552,8.466666666666667,0,1,0,85.24319521477446,9.786267961774552e-06,508,1,0
46,10,7,0,0,1,9.764690399169922,"[0.0, 9.764690399169922]",9.764690399169922,8.571428571428571,9.764690399169922,3.1999999999999935,0,1,0,82.74645590782166,9.764690399169922e-06,192,1,0
46,11,20,0,0,1,9.6932738167899,"[0.0, 9.6932738167899]",9.6932738167899,8.571428571428571,9.6932738167899,3.1999999999999935,0,1,0,82.74656984210014,9.693273816789899e-06,192,1,0
46,12,39,0,0,1,9.535939352852958,"[0.0, 9.535939352852958]",9.535939352852958,8.571428571428571,9.535939352852958,3.1666666666666603,0,1,0,81.38126234710217,9.535939352852958e-06,190,1,0
46,13,23,0,0,1,9.417994362967356,"[0.0, 9.417994362967356]",9.417994362967356,8.571428571428571,9.417994362967356,3.1666666666666603,0,1,0,81.3816867172718,9.417994362967356e-06,190,1,0
46,14,59,0,0,1,9.326847621372767,"[0.0, 9.326847621372767]",9.326847621372767,8.571428571428571,9.326847621372767,3.1499999999999937,0,1,0,80.70299987494946,9.326847621372767e-06,189,1,0
46,15,21,0,0,1,9.214630126953125,"[0.0, 9.214630126953125]",9.214630126953125,8.571428571428571,9.214630126953125,3.133333333333327,0,1,0,80.02568012475967,9.214630126953126e-06,188,1,0
46,16,36,0,0,1,9.169480460030693,"[0.0, 9.169480460030693]",9.169480460030693,8.571428571428571,9.169480460030693,3.1499999999999937,0,1,0,80.15166708827019,9.169480460030693e-06,189,1,0
46,17,38,0,0,1,9.140878404889788,"[0.0, 9.140878404889788]",9.140878404889788,8.571428571428571,9.140878404889788,3.133333333333327,0,1,0,80.0255326628685,9.140878404889788e-06,188,1,0
46,18,48,0,0,1,9.093745095389231,"[0.0, 9.093745095389231]",9.093745095389231,8.571428571428571,9.093745095389231,3.3166666666666598,0,1,0,80.11312346160412,9.09374509538923e-06,199,1,0
46,19,26,0,0,1,9.054739815848215,"[0.0, 9.054739815848215]",9.054739815848215,8.571428571428571,9.054739815848215,3.1166666666666605,0,1,0,79.35116535425186,9.054739815848215e-06,187,1,0
46,20,58,0,0,1,9.029298509870257,"[0.0, 9.029298509870257]",9.029298509870257,8.571428571428571,9.029298509870257,3.1499999999999937,0,1,0,80.70271934568882,9.029298509870257e-06,189,1,0
46,21,62,0,0,1,9.010813576834542,"[0.0, 9.010813576834542]",9.010813576834542,8.571428571428571,9.010813576834542,3.1166666666666605,0,1,0,79.35108059644699,9.010813576834542e-06,187,1,0
46,22,25,0,0,1,9.000391278948102,"[0.0, 9.000391278948102]",9.000391278948102,8.571428571428571,9.000391278948102,3.1499999999999937,0,1,0,79.45591968297958,9.000391278948102e-06,189,1,0
46,23,33,0,0,1,8.975072588239396,"[0.0, 8.975072588239396]",8.975072588239396,8.571428571428571,8.975072588239396,3.1166666666666605,0,1,0,79.35128390789032,8.975072588239396e-06,187,1,0
46,24,44,0,0,1,8.894127437046597,"[0.0, 8.894127437046597]",8.894127437046597,8.571428571428571,8.894127437046597,3.099999999999994,0,1,0,78.67877924442291,8.894127437046597e-06,186,1,0
46,25,49,0,0,1,8.840214865548269,"[0.0, 8.840214865548269]",8.840214865548269,8.571428571428571,8.840214865548269,3.099999999999994,0,1,0,78.67939625680447,8.84021486554827e-06,186,1,0
46,26,63,0,0,1,8.831127711704799,"[0.0, 8.831127711704799]",8.831127711704799,8.571428571428571,8.831127711704799,3.099999999999994,0,1,0,78.67879398167133,8.831127711704799e-06,186,1,0
46,27,50,0,0,1,8.699370792933873,"[0.0, 8.699370792933873]",8.699370792933873,8.571428571428571,8.699370792933873,3.099999999999994,0,1,0,78.67911225557327,8.699370792933872e-06,186,1,0
46,28,51,0,0,1,8.68676321847098,"[0.0, 8.68676321847098]",8.68676321847098,8.571428571428571,8.68676321847098,3.0833333333333273,0,1,0,77.96068449318409,8.686763218470981e-06,185,1,0
46,29,28,0,0,1,8.646774291992188,"[0.0, 8.646774291992188]",8.646774291992188,8.571428571428571,8.646774291992188,7.766666666666644,0,1,0,65.05710741457005,8.646774291992188e-06,466,1,0
46,30,37,0,0,1,8.578793661934988,"[0.0, 8.578793661934988]",8.578793661934988,8.571428571428571,8.578793661934988,3.0833333333333273,0,1,0,78.00862441956997,8.578793661934989e-06,185,1,0
46,31,30,0,0,1,8.526782989501953,"[0.0, 8.526782989501953]",8.526782989501953,5.714285714285714,8.526782989501953,3.0833333333333273,0,1,0,78.00904656946659,8.526782989501953e-06,185,1,0
46,32,52,0,0,1,8.465663364955358,"[0.0, 8.465663364955358]",8.465663364955358,5.714285714285714,8.465663364955358,3.0833333333333273,0,1,0,78.00924333930016,8.465663364955358e-06,185,1,0
46,33,55,0,0,0,8.295901162283762,"[0.0, 8.295901162283762]",8.295901162283762,5.714285714285714,8.295901162283762,3.049999999999994,0,1,0,76.67604623734951,8.295901162283761e-06,183,1,0
46,34,47,0,0,0,8.182176862444196,"[0.0, 8.182176862444196]",8.182176862444196,5.714285714285714,8.182176862444196,3.049999999999994,0,1,0,76.67597192525864,8.182176862444195e-06,183,1,0
46,35,31,0,0,0,8.149092538016182,"[0.0, 8.149092538016182]",8.149092538016182,5.714285714285714,8.149092538016182,3.049999999999994,0,1,0,76.67560370266438,8.149092538016183e-06,183,1,0
46,36,57,0,0,0,8.14124243600028,"[0.0, 8.14124243600028]",8.14124243600028,5.714285714285714,8.14124243600028,3.0333333333333274,0,1,0,76.01291839778423,8.14124243600028e-06,182,1,0
46,37,40,0,0,0,7.954804556710379,"[0.0, 7.954804556710379]",7.954804556710379,5.714285714285714,7.954804556710379,3.016666666666661,0,1,0,75.35190370678902,7.95480455671038e-06,181,1,0
46,38,29,0,0,0,7.817535400390625,"[0.0, 7.817535400390625]",7.817535400390625,5.714285714285714,7.817535400390625,2.9999999999999942,0,1,0,74.43777659535408,7.817535400390624e-06,180,1,0
46,39,11,0,0,0,7.804527282714843,"[0.0, 7.804527282714843]",7.804527282714843,5.714285714285714,7.804527282714843,2.9999999999999942,0,1,0,74.69360601902008,7.804527282714843e-06,180,1,0
46,40,32,0,0,0,7.726628439767021,"[0.0, 7.726628439767021]",7.726628439767021,5.714285714285714,7.726628439767021,2.9999999999999942,0,1,0,74.694062769413,7.72662843976702e-06,180,1,0
46,41,42,0,0,0,7.21811294555664,"[0.0, 7.21811294555664]",7.21811294555664,5.714285714285714,7.21811294555664,2.8999999999999946,0,1,0,70.7915144264698,7.21811294555664e-06,174,1,0
46,42,56,0,0,0,7.142857142857142,"[0.0, 7.142857142857142]",7.142857142857142,5.714285714285714,7.142857142857142,2.8666666666666614,0,1,0,69.50998301804066,7.142857142857143e-06,172,1,0
46,43,9,0,0,0,6.448941911969866,"[0.0, 6.448941911969866]",6.448941911969866,5.714285714285714,6.448941911969866,2.533333333333329,0,1,0,57.21877704560757,6.448941911969867e-06,152,1,0
46,44,17,0,0,0,5.817048209054129,"[0.0, 5.817048209054129]",5.817048209054129,5.714285714285714,5.817048209054129,2.3499999999999965,0,1,0,50.86914098262787,5.817048209054129e-06,141,1,0
46,45,12,0,0,0,5.697293962751116,"[0.0, 5.697293962751116]",5.697293962751116,2.857142857142857,5.697293962751116,3.049999999999994,0,1,0,49.42135961353779,5.697293962751116e-06,183,1,0
46,46,8,0,0,0,5.611741202218192,"[0.0, 5.611741202218192]",5.611741202218192,2.857142857142857,5.611741202218192,2.28333333333333,0,1,0,48.63862067461014,5.611741202218192e-06,137,1,0
46,47,27,0,0,0,5.57166508265904,"[0.0, 5.57166508265904]",5.57166508265904,2.857142857142857,5.57166508265904,2.2666666666666635,0,1,0,48.09794570505619,5.57166508265904e-06,136,1,0
46,48,10,0,0,0,5.567545209612165,"[0.0, 5.567545209612165]",5.567545209612165,2.857142857142857,5.567545209612165,2.2666666666666635,0,1,0,48.09783288836479,5.567545209612165e-06,136,1,0
46,49,43,0,0,0,5.516319274902344,"[0.0, 5.516319274902344]",5.516319274902344,2.857142857142857,5.516319274902344,2.249999999999997,0,1,0,47.54957762360573,5.516319274902344e-06,135,1,0
46,50,15,0,0,0,5.504014151436943,"[0.0, 5.504014151436943]",5.504014151436943,2.857142857142857,5.504014151436943,2.249999999999997,0,1,0,47.54976312816143,5.504014151436943e-06,135,1,0
46,51,14,0,0,0,5.358330862862723,"[0.0, 5.358330862862723]",5.358330862862723,2.857142857142857,5.358330862862723,2.199999999999997,0,1,0,45.919809862971306,5.358330862862723e-06,132,1,0
46,52,45,0,0,0,5.315758841378349,"[0.0, 5.315758841378349]",5.315758841378349,2.857142857142857,5.315758841378349,2.1833333333333305,0,1,0,45.38193589448929,5.315758841378349e-06,131,1,0
46,53,18,0,0,0,5.314608982631138,"[0.0, 5.314608982631138]",5.314608982631138,2.857142857142857,5.314608982631138,2.1833333333333305,0,1,0,45.38216646015644,5.314608982631138e-06,131,1,0
46,54,22,0,0,0,5.292565482003348,"[0.0, 5.292565482003348]",5.292565482003348,2.857142857142857,5.292565482003348,2.1833333333333305,0,1,0,45.38213086128235,5.292565482003348e-06,131,1,0
46,55,19,0,0,0,5.260843549455915,"[0.0, 5.260843549455915]",5.260843549455915,2.857142857142857,5.260843549455915,2.166666666666664,0,1,0,44.846805304288864,5.260843549455915e-06,130,1,0
46,56,46,0,0,0,5.250756399972098,"[0.0, 5.250756399972098]",5.250756399972098,2.857142857142857,5.250756399972098,2.166666666666664,0,1,0,44.846867710351944,5.250756399972098e-06,130,1,0
46,57,53,0,0,0,5.113639831542969,"[0.0, 5.113639831542969]",5.113639831542969,2.857142857142857,5.113639831542969,2.116666666666664,0,1,0,43.25613118708134,5.113639831542969e-06,127,1,0
46,58,61,0,0,0,4.869373866489955,"[0.0, 4.869373866489955]",4.869373866489955,2.857142857142857,4.869373866489955,2.033333333333331,0,1,0,40.65788161754608,4.8693738664899545e-06,122,1,0
46,59,13,0,0,0,4.82766832624163,"[0.0, 4.82766832624163]",4.82766832624163,2.857142857142857,4.82766832624163,2.0166666666666644,0,1,0,40.14666412770748,4.827668326241631e-06,121,1,0
46,60,35,0,0,0,2.157178606305804,"[0.0, 2.157178606305804]",2.157178606305804,0.0,2.157178606305804,5.016666666666654,0,1,0,8.213774832634954,2.157178606305804e-06,301,1,0
46,61,54,0,0,0,2.156023297991071,"[0.0, 2.156023297991071]",2.156023297991071,0.0,2.156023297991071,5.016666666666654,0,1,0,8.299476824329759,2.1560232979910712e-06,301,1,0
46,62,34,0,0,0,2.154230390276228,"[0.0, 2.154230390276228]",2.154230390276228,0.0,2.154230390276228,5.016666666666654,0,1,0,8.214088258588163,2.154230390276228e-06,301,1,0
46,63,60,0,0,0,1.8758283342633928,"[0.0, 1.8758283342633928]",1.8758283342633928,0.0,1.8758283342633928,5.016666666666654,0,1,0,5.173348234966397,1.8758283342633927e-06,301,1,0
46,64,16,0,0,0,0.0,"[0.0, 0.0]",0.0,0.0,0.0,12.30000000000019,0,1,0,86.90124693297548,0.0,738,1,0
47,1,0,0,1,1,10.000465938023158,"[0.0, 10.000465938023158]",10.000465938023158,8.571428571428571,10.000465938023158,3.2499999999999933,0,1,0,84.81068161129951,1.0000465938023157e-05,195,1,0
47,2,1,0,1,1,9.99277114868164,"[0.0, 9.99277114868164]",9.99277114868164,8.571428571428571,9.99277114868164,3.2499999999999933,0,1,0,84.810611307621,9.99277114868164e-06,195,1,0
47,3,2,0,1,1,9.973997388567243,"[0.0, 9.973997388567243]",9.973997388567243,8.571428571428571,9.973997388567243,5.28333333333332,0,1,0,84.50228805840015,9.973997388567244e-06,317,1,0
47,4,3,0,1,1,9.907177516392299,"[0.0, 9.907177516392299]",9.907177516392299,8.571428571428571,9.907177516392299,3.2333333333333267,0,1,0,84.1208511441946,9.907177516392299e-06,194,1,0
47,5,4,0,1,1,9.893074035644531,"[0.0, 9.893074035644531]",9.893074035644531,8.571428571428571,9.893074035644531,3.2333333333333267,0,1,0,84.12071073055267,9.893074035644531e-06,194,1,0
47,6,5,0,1,1,9.886883326939174,"[0.0, 9.886883326939174]",9.886883326939174,8.571428571428571,9.886883326939174,3.2333333333333267,0,1,0,84.12069611251354,9.886883326939173e-06,194,1,0
47,7,6,0,1,1,9.867706298828125,"[0.0, 9.867706298828125]",9.867706298828125,8.571428571428571,9.867706298828125,3.21666666666666,0,1,0,83.43274481594563,9.867706298828125e-06,193,1,0
47,8,7,0,1,1,9.810177939278738,"[0.0, 9.810177939278738]",9.810177939278738,8.571428571428571,9.810177939278738,3.21666666666666,0,1,0,83.43252511322498,9.810177939278738e-06,193,1,0
47,9,27,0,0,1,9.713254656110491,"[0.0, 9.713254656110491]",9.713254656110491,8.571428571428571,9.713254656110491,3.1999999999999935,0,1,0,82.74663127958775,9.713254656110491e-06,192,1,0
47,10,43,0,0,1,9.703325544084821,"[0.0, 9.703325544084821]",9.703325544084821,8.571428571428571,9.703325544084821,3.4166666666666594,0,1,0,82.49050150811672,9.703325544084821e-06,205,1,0
47,11,22,0,0,1,9.616813659667969,"[0.0, 9.616813659667969]",9.616813659667969,8.571428571428571,9.616813659667969,3.183333333333327,0,1,0,82.06295607984066,9.616813659667968e-06,191,1,0
47,12,8,0,0,1,9.590282440185547,"[0.0, 9.590282440185547]",9.590282440185547,8.571428571428571,9.590282440185547,3.183333333333327,0,1,0,82.06305876374245,9.590282440185546e-06,191,1,0
47,13,41,0,0,1,9.589088984898158,"[0.0, 9.589088984898158]",9.589088984898158,8.571428571428571,9.589088984898158,3.299999999999993,0,1,0,81.93021632730961,9.589088984898157e-06,198,1,0
47,14,46,0,0,1,9.467637198311941,"[0.0, 9.467637198311941]",9.467637198311941,8.571428571428571,9.467637198311941,3.183333333333327,0,1,0,82.0246861577034,9.467637198311941e-06,191,1,0
47,15,24,0,0,1,9.443231310163224,"[0.0, 9.443231310163224]",9.443231310163224,8.571428571428571,9.443231310163224,3.1666666666666603,0,1,0,81.32438951730728,9.443231310163224e-06,190,1,0
47,16,20,0,0,1,9.206570216587611,"[0.0, 9.206570216587611]",9.206570216587611,8.571428571428571,9.206570216587611,3.133333333333327,0,1,0,80.02591952681541,9.206570216587611e-06,188,1,0
47,17,50,0,0,1,9.203965323311943,"[0.0, 9.203965323311943]",9.203965323311943,8.571428571428571,9.203965323311943,3.1499999999999937,0,1,0,80.70241858065128,9.203965323311942e-06,189,1,0
47,18,31,0,0,1,9.162515912737165,"[0.0, 9.162515912737165]",9.162515912737165,8.571428571428571,9.162515912737165,3.133333333333327,0,1,0,80.0255006402731,9.162515912737164e-06,188,1,0
47,19,9,0,0,1,9.097856794084821,"[0.0, 9.097856794084821]",9.097856794084821,8.571428571428571,9.097856794084821,3.133333333333327,0,1,0,80.02603428065777,9.09785679408482e-06,188,1,0
47,20,10,0,0,1,9.091728755405972,"[0.0, 9.091728755405972]",9.091728755405972,8.571428571428571,9.091728755405972,4.983333333333321,0,1,0,79.80416421592236,9.091728755405973e-06,299,1,0
47,21,33,0,0,1,8.997582026890345,"[0.0, 8.997582026890345]",8.997582026890345,8.571428571428571,8.997582026890345,3.1166666666666605,0,1,0,79.32708248496056,8.997582026890346e-06,187,1,0
47,22,21,0,0,1,8.80028315952846,"[0.0, 8.80028315952846]",8.80028315952846,8.571428571428571,8.80028315952846,3.099999999999994,0,1,0,78.67874425649643,8.80028315952846e-06,186,1,0
47,23,35,0,0,1,8.762479509626116,"[0.0, 8.762479509626116]",8.762479509626116,8.571428571428571,8.762479509626116,3.099999999999994,0,1,0,78.6782676577568,8.762479509626116e-06,186,1,0
47,24,16,0,0,1,8.748258863176618,"[0.0, 8.748258863176618]",8.748258863176618,8.571428571428571,8.748258863176618,3.099999999999994,0,1,0,78.67916867136955,8.748258863176618e-06,186,1,0
47,25,34,0,0,1,8.67203848702567,"[0.0, 8.67203848702567]",8.67203848702567,8.571428571428571,8.67203848702567,3.0833333333333273,0,1,0,78.00910224020481,8.67203848702567e-06,185,1,0
47,26,60,0,0,1,8.64227294921875,"[0.0, 8.64227294921875]",8.64227294921875,8.571428571428571,8.64227294921875,3.0833333333333273,0,1,0,78.00899757444859,8.64227294921875e-06,185,1,0
47,27,57,0,0,1,8.594954354422434,"[0.0, 8.594954354422434]",8.594954354422434,8.571428571428571,8.594954354422434,3.0833333333333273,0,1,0,78.0094825476408,8.594954354422433e-06,185,1,0
47,28,38,0,0,1,8.46620832170759,"[0.0, 8.46620832170759]",8.46620832170759,5.714285714285714,8.46620832170759,3.0833333333333273,0,1,0,77.66742278635502,8.46620832170759e-06,185,1,0
47,29,52,0,0,1,8.456924983433314,"[0.0, 8.456924983433314]",8.456924983433314,5.714285714285714,8.456924983433314,3.0666666666666607,0,1,0,77.34129066765308,8.456924983433315e-06,184,1,0
47,30,45,0,0,1,8.412748064313616,"[0.0, 8.412748064313616]",8.412748064313616,5.714285714285714,8.412748064313616,3.0666666666666607,0,1,0,77.34148775041103,8.412748064313617e-06,184,1,0
47,31,32,0,0,1,8.382761819022043,"[0.0, 8.382761819022043]",8.382761819022043,5.714285714285714,8.382761819022043,3.0666666666666607,0,1,0,77.34125396609306,8.382761819022044e-06,184,1,0
47,32,39,0,0,1,8.319879259381976,"[0.0, 8.319879259381976]",8.319879259381976,5.714285714285714,8.319879259381976,4.649999999999989,0,1,0,76.99928081035614,8.319879259381975e-06,279,1,0
47,33,42,0,0,0,8.288857596261161,"[0.0, 8.288857596261161]",8.288857596261161,5.714285714285714,8.288857596261161,3.049999999999994,0,1,0,76.67568877339363,8.288857596261161e-06,183,1,0
47,34,30,0,0,0,8.250391823904856,"[0.0, 8.250391823904856]",8.250391823904856,5.714285714285714,8.250391823904856,3.049999999999994,0,1,0,76.67623503506184,8.250391823904855e-06,183,1,0
47,35,54,0,0,0,8.063629695347377,"[0.0, 8.063629695347377]",8.063629695347377,5.714285714285714,8.063629695347377,3.0333333333333274,0,1,0,76.01299192011356,8.063629695347378e-06,182,1,0
47,36,36,0,0,0,7.934464045933315,"[0.0, 7.934464045933315]",7.934464045933315,5.714285714285714,7.934464045933315,3.016666666666661,0,1,0,75.35203345119953,7.934464045933316e-06,181,1,0
47,37,14,0,0,0,7.913657597133092,"[0.0, 7.913657597133092]",7.913657597133092,5.714285714285714,7.913657597133092,3.016666666666661,0,1,0,75.35218207538128,7.913657597133092e-06,181,1,0
47,38,29,0,0,0,7.9124668666294635,"[0.0, 7.9124668666294635]",7.9124668666294635,5.714285714285714,7.9124668666294635,3.016666666666661,0,1,0,75.35203865170479,7.912466866629464e-06,181,1,0
47,39,15,0,0,0,7.745214189801897,"[0.0, 7.745214189801897]",7.745214189801897,5.714285714285714,7.745214189801897,2.9999999999999942,0,1,0,74.6936412602663,7.745214189801896e-06,180,1,0
47,40,62,0,0,0,7.734535762241908,"[0.0, 7.734535762241908]",7.734535762241908,5.714285714285714,7.734535762241908,3.183333333333327,0,1,0,74.46454508602619,7.734535762241908e-06,191,1,0
47,41,47,0,0,0,7.57279532296317,"[0.0, 7.57279532296317]",7.57279532296317,5.714285714285714,7.57279532296317,2.966666666666661,0,1,0,73.38390332460403,7.57279532296317e-06,178,1,0
47,42,61,0,0,0,7.142857142857142,"[0.0, 7.142857142857142]",7.142857142857142,5.714285714285714,7.142857142857142,3.133333333333327,0,1,0,64.36008113622665,7.142857142857143e-06,188,1,0
47,43,40,0,0,0,5.612318856375558,"[0.0, 5.612318856375558]",5.612318856375558,2.857142857142857,5.612318856375558,2.28333333333333,0,1,0,48.649080619215965,5.6123188563755586e-06,137,1,0
47,44,19,0,0,0,5.515283857073102,"[0.0, 5.515283857073102]",5.515283857073102,2.857142857142857,5.515283857073102,2.249999999999997,0,1,0,47.54984477162361,5.515283857073102e-06,135,1,0
47,45,59,0,0,0,5.508057730538504,"[0.0, 5.508057730538504]",5.508057730538504,2.857142857142857,5.508057730538504,2.249999999999997,0,1,0,47.54989251494408,5.508057730538504e-06,135,1,0
47,46,58,0,0,0,5.354739597865513,"[0.0, 5.354739597865513]",5.354739597865513,2.857142857142857,5.354739597865513,2.199999999999997,0,1,0,45.91985501348972,5.354739597865513e-06,132,1,0
47,47,37,0,0,0,5.351360866001674,"[0.0, 5.351360866001674]",5.351360866001674,2.857142857142857,5.351360866001674,2.199999999999997,0,1,0,45.920178055763245,5.351360866001674e-06,132,1,0
47,48,12,0,0,0,5.305540902273996,"[0.0, 5.305540902273996]",5.305540902273996,2.857142857142857,5.305540902273996,2.1833333333333305,0,1,0,45.382008999586105,5.3055409022739955e-06,131,1,0
47,49,13,0,0,0,5.256669180733817,"[0.0, 5.256669180733817]",5.256669180733817,2.857142857142857,5.256669180733817,2.166666666666664,0,1,0,44.84665675461292,5.256669180733816e-06,130,1,0
47,50,18,0,0,0,5.209770202636719,"[0.0, 5.209770202636719]",5.209770202636719,2.857142857142857,5.209770202636719,2.1499999999999972,0,1,0,44.313938677310944,5.209770202636719e-06,129,1,0
47,51,11,0,0,0,5.155002049037388,"[0.0, 5.155002049037388]",5.155002049037388,2.857142857142857,5.155002049037388,2.1333333333333306,0,1,0,43.784191116690636,5.155002049037388e-06,128,1,0
47,52,25,0,0,0,5.119116646902902,"[0.0, 5.119116646902902]",5.119116646902902,2.857142857142857,5.119116646902902,2.116666666666664,0,1,0,43.2555105984211,5.119116646902902e-06,127,1,0
47,53,26,0,0,0,5.108152117047991,"[0.0, 5.108152117047991]",5.108152117047991,2.857142857142857,5.108152117047991,2.116666666666664,0,1,0,43.25601404905319,5.1081521170479915e-06,127,1,0
47,54,28,0,0,0,4.976174490792411,"[0.0, 4.976174490792411]",4.976174490792411,2.857142857142857,4.976174490792411,2.066666666666664,0,1,0,41.6894486695528,4.976174490792411e-06,124,1,0
47,55,55,0,0,0,4.909836905343192,"[0.0, 4.909836905343192]",4.909836905343192,2.857142857142857,4.909836905343192,2.8666666666666614,0,1,0,41.25795394182205,4.909836905343192e-06,172,1,0
47,56,49,0,0,0,4.784131731305804,"[0.0, 4.784131731305804]",4.784131731305804,2.857142857142857,4.784131731305804,1.9999999999999978,0,1,0,39.63747596740723,4.784131731305804e-06,120,1,0
47,57,44,0,0,0,4.769243512834821,"[0.0, 4.769243512834821]",4.769243512834821,2.857142857142857,4.769243512834821,1.9999999999999978,0,1,0,39.63724535703659,4.7692435128348216e-06,120,1,0
47,58,48,0,0,0,4.530754089355469,"[0.0, 4.530754089355469]",4.530754089355469,2.857142857142857,4.530754089355469,1.9166666666666647,0,1,0,37.13271410763264,4.530754089355469e-06,115,1,0
47,59,56,0,0,0,4.486683436802456,"[0.0, 4.486683436802456]",4.486683436802456,2.857142857142857,4.486683436802456,1.8999999999999981,0,1,0,36.63987575471401,4.4866834368024555e-06,114,1,0
47,60,53,0,0,0,2.1116147722516745,"[0.0, 2.1116147722516745]",2.1116147722516745,0.0,2.1116147722516745,5.016666666666654,0,1,0,7.706120347545948,2.1116147722516743e-06,301,1,0
47,61,51,0,0,0,2.1078872680664062,"[0.0, 2.1078872680664062]",2.1078872680664062,0.0,2.1078872680664062,5.016666666666654,0,1,0,7.70571400996414,2.1078872680664063e-06,301,1,0
47,62,63,0,0,0,2.1057292393275673,"[0.0, 2.1057292393275673]",2.1057292393275673,0.0,2.1057292393275673,5.016666666666654,0,1,0,7.738330578373279,2.1057292393275674e-06,301,1,0
47,63,23,0,0,0,1.8788037981305805,"[0.0, 1.8788037981305805]",1.8788037981305805,0.0,1.8788037981305805,5.016666666666654,0,1,0,5.209720406099223,1.8788037981305804e-06,301,1,0
47,64,17,0,0,0,1.875817435128348,"[0.0, 1.875817435128348]",1.875817435128348,0.0,1.875817435128348,5.016666666666654,0,1,0,5.173592588223983,1.875817435128348e-06,301,1,0
48,1,0,0,1,1,10.000465938023158,"[0.0, 10.000465938023158]",10.000465938023158,8.571428571428571,10.000465938023158,3.2499999999999933,0,1,0,84.81068161129951,1.0000465938023157e-05,195,1,0
48,2,1,0,1,1,9.99277114868164,"[0.0, 9.99277114868164]",9.99277114868164,8.571428571428571,9.99277114868164,3.2499999999999933,0,1,0,84.810611307621,9.99277114868164e-06,195,1,0
48,3,2,0,1,1,9.973997388567243,"[0.0, 9.973997388567243]",9.973997388567243,8.571428571428571,9.973997388567243,5.28333333333332,0,1,0,84.50228805840015,9.973997388567244e-06,317,1,0
48,4,3,0,1,1,9.907177516392299,"[0.0, 9.907177516392299]",9.907177516392299,8.571428571428571,9.907177516392299,3.2333333333333267,0,1,0,84.1208511441946,9.907177516392299e-06,194,1,0
48,5,4,0,1,1,9.893074035644531,"[0.0, 9.893074035644531]",9.893074035644531,8.571428571428571,9.893074035644531,3.2333333333333267,0,1,0,84.12071073055267,9.893074035644531e-06,194,1,0
48,6,5,0,1,1,9.886883326939174,"[0.0, 9.886883326939174]",9.886883326939174,8.571428571428571,9.886883326939174,3.2333333333333267,0,1,0,84.12069611251354,9.886883326939173e-06,194,1,0
48,7,6,0,1,1,9.867706298828125,"[0.0, 9.867706298828125]",9.867706298828125,8.571428571428571,9.867706298828125,3.21666666666666,0,1,0,83.43274481594563,9.867706298828125e-06,193,1,0
48,8,7,0,1,1,9.810177939278738,"[0.0, 9.810177939278738]",9.810177939278738,8.571428571428571,9.810177939278738,3.21666666666666,0,1,0,83.43252511322498,9.810177939278738e-06,193,1,0
48,9,55,0,0,1,9.742074693952288,"[0.0, 9.742074693952288]",9.742074693952288,8.571428571428571,9.742074693952288,3.1999999999999935,0,1,0,82.74675233662128,9.742074693952288e-06,192,1,0
48,10,23,0,0,1,9.710243770054408,"[0.0, 9.710243770054408]",9.710243770054408,8.571428571428571,9.710243770054408,3.1999999999999935,0,1,0,82.7469733953476,9.710243770054408e-06,192,1,0
48,11,60,0,0,1,9.656628199986049,"[0.0, 9.656628199986049]",9.656628199986049,8.571428571428571,9.656628199986049,5.28333333333332,0,1,0,83.46587613224983,9.65662819998605e-06,317,1,0
48,12,30,0,0,1,9.621396745954241,"[0.0, 9.621396745954241]",9.621396745954241,8.571428571428571,9.621396745954241,3.183333333333327,0,1,0,82.06305539608002,9.62139674595424e-06,191,1,0
48,13,41,0,0,1,9.618944440569196,"[0.0, 9.618944440569196]",9.618944440569196,8.571428571428571,9.618944440569196,3.183333333333327,0,1,0,82.06322917342186,9.618944440569196e-06,191,1,0
48,14,47,0,0,1,9.547827584402901,"[0.0, 9.547827584402901]",9.547827584402901,8.571428571428571,9.547827584402901,3.183333333333327,0,1,0,82.06321156024933,9.547827584402902e-06,191,1,0
48,15,11,0,0,1,9.505010332380023,"[0.0, 9.505010332380023]",9.505010332380023,8.571428571428571,9.505010332380023,3.183333333333327,0,1,0,81.31904385983944,9.505010332380023e-06,191,1,0
48,16,63,0,0,1,9.459694453648158,"[0.0, 9.459694453648158]",9.459694453648158,8.571428571428571,9.459694453648158,3.399999999999993,0,1,0,81.23197756707668,9.459694453648158e-06,204,1,0
48,17,19,0,0,1,9.367869240897042,"[0.0, 9.367869240897042]",9.367869240897042,8.571428571428571,9.367869240897042,3.1666666666666603,0,1,0,81.38143955171108,9.367869240897042e-06,190,1,0
48,18,49,0,0,1,9.322357177734375,"[0.0, 9.322357177734375]",9.322357177734375,8.571428571428571,9.322357177734375,3.1499999999999937,0,1,0,80.70265118777752,9.322357177734375e-06,189,1,0
48,19,26,0,0,1,9.286817823137556,"[0.0, 9.286817823137556]",9.286817823137556,8.571428571428571,9.286817823137556,3.1499999999999937,0,1,0,80.70203125476837,9.286817823137555e-06,189,1,0
48,20,62,0,0,1,9.283507210867747,"[0.0, 9.283507210867747]",9.283507210867747,8.571428571428571,9.283507210867747,3.133333333333327,0,1,0,80.02583003044128,9.283507210867747e-06,188,1,0
48,21,31,0,0,1,9.246635437011719,"[0.0, 9.246635437011719]",9.246635437011719,8.571428571428571,9.246635437011719,3.133333333333327,0,1,0,80.02572087943554,9.246635437011719e-06,188,1,0
48,22,59,0,0,1,9.076993124825613,"[0.0, 9.076993124825613]",9.076993124825613,8.571428571428571,9.076993124825613,3.133333333333327,0,1,0,80.02553680539131,9.076993124825613e-06,188,1,0
48,23,38,0,0,1,9.061816079275948,"[0.0, 9.061816079275948]",9.061816079275948,8.571428571428571,9.061816079275948,3.133333333333327,0,1,0,80.02567800879478,9.061816079275949e-06,188,1,0
48,24,21,0,0,1,9.014813559395925,"[0.0, 9.014813559395925]",9.014813559395925,8.571428571428571,9.014813559395925,3.1166666666666605,0,1,0,79.35103917121887,9.014813559395925e-06,187,1,0
48,25,53,0,0,1,8.684983934674944,"[0.0, 8.684983934674944]",8.684983934674944,8.571428571428571,8.684983934674944,3.0833333333333273,0,1,0,78.00901827216148,8.684983934674944e-06,185,1,0
48,26,40,0,0,1,8.5824830191476,"[0.0, 8.5824830191476]",8.5824830191476,8.571428571428571,8.5824830191476,3.0833333333333273,0,1,0,78.00878836214542,8.582483019147601e-06,185,1,0
48,27,13,0,0,1,8.55297361101423,"[0.0, 8.55297361101423]",8.55297361101423,5.714285714285714,8.55297361101423,3.0833333333333273,0,1,0,78.00906910002232,8.552973611014229e-06,185,1,0
48,28,46,0,0,1,8.437211172921318,"[0.0, 8.437211172921318]",8.437211172921318,5.714285714285714,8.437211172921318,3.0666666666666607,0,1,0,77.34110707044601,8.437211172921318e-06,184,1,0
48,29,37,0,0,1,8.42228753226144,"[0.0, 8.42228753226144]",8.42228753226144,5.714285714285714,8.42228753226144,3.0666666666666607,0,1,0,77.3411228954792,8.42228753226144e-06,184,1,0
48,30,10,0,0,1,8.242143903459821,"[0.0, 8.242143903459821]",8.242143903459821,5.714285714285714,8.242143903459821,3.049999999999994,0,1,0,76.67582184076309,8.242143903459822e-06,183,1,0
48,31,22,0,0,1,8.130621228899274,"[0.0, 8.130621228899274]",8.130621228899274,5.714285714285714,8.130621228899274,3.0333333333333274,0,1,0,76.01304623484612,8.130621228899274e-06,182,1,0
48,32,50,0,0,1,8.115005493164062,"[0.0, 8.115005493164062]",8.115005493164062,5.714285714285714,8.115005493164062,3.0333333333333274,0,1,0,76.01299813389778,8.115005493164062e-06,182,1,0
48,33,52,0,0,0,8.076738630022321,"[0.0, 8.076738630022321]",8.076738630022321,5.714285714285714,8.076738630022321,3.0333333333333274,0,1,0,76.01282478868961,8.076738630022321e-06,182,1,0
48,34,32,0,0,0,8.004379272460938,"[0.0, 8.004379272460938]",8.004379272460938,5.714285714285714,8.004379272460938,3.0333333333333274,0,1,0,76.01297335326672,8.004379272460938e-06,182,1,0
48,35,45,0,0,0,7.734625680106026,"[0.0, 7.734625680106026]",7.734625680106026,5.714285714285714,7.734625680106026,2.9999999999999942,0,1,0,74.64074477553368,7.734625680106025e-06,180,1,0
48,36,33,0,0,0,7.5758770533970425,"[0.0, 7.5758770533970425]",7.5758770533970425,5.714285714285714,7.5758770533970425,2.966666666666661,0,1,0,73.38332898914814,7.575877053397043e-06,178,1,0
48,37,17,0,0,0,7.449122837611608,"[0.0, 7.449122837611608]",7.449122837611608,5.714285714285714,7.449122837611608,2.9499999999999944,0,1,0,72.63066424429417,7.449122837611608e-06,177,1,0
48,38,48,0,0,0,7.358856201171875,"[0.0, 7.358856201171875]",7.358856201171875,5.714285714285714,7.358856201171875,2.933333333333328,0,1,0,72.08288952708244,7.358856201171875e-06,176,1,0
48,39,58,0,0,0,7.142857142857142,"[0.0, 7.142857142857142]",7.142857142857142,5.714285714285714,7.142857142857142,2.883333333333328,0,1,0,70.14984460175037,7.142857142857143e-06,173,1,0
48,40,14,0,0,0,5.816301618303572,"[0.0, 5.816301618303572]",5.816301618303572,5.714285714285714,5.816301618303572,3.6333333333333253,0,1,0,51.128298394382,5.816301618303572e-06,218,1,0
48,41,57,0,0,0,5.6690488542829245,"[0.0, 5.6690488542829245]",5.6690488542829245,2.857142857142857,5.6690488542829245,2.2999999999999967,0,1,0,49.20265194773674,5.669048854282924e-06,138,1,0
48,42,51,0,0,0,5.562324523925781,"[0.0, 5.562324523925781]",5.562324523925781,2.857142857142857,5.562324523925781,2.2666666666666635,0,1,0,48.09837818145752,5.562324523925781e-06,136,1,0
48,43,12,0,0,0,5.517311096191406,"[0.0, 5.517311096191406]",5.517311096191406,2.857142857142857,5.517311096191406,2.249999999999997,0,1,0,47.54963104426861,5.517311096191406e-06,135,1,0
48,44,9,0,0,0,5.501747131347656,"[0.0, 5.501747131347656]",5.501747131347656,2.857142857142857,5.501747131347656,2.249999999999997,0,1,0,47.54948906600475,5.501747131347656e-06,135,1,0
48,45,56,0,0,0,5.424177987234933,"[0.0, 5.424177987234933]",5.424177987234933,2.857142857142857,5.424177987234933,2.2166666666666637,0,1,0,46.46085275709629,5.4241779872349334e-06,133,1,0
48,46,36,0,0,0,5.40687016078404,"[0.0, 5.40687016078404]",5.40687016078404,2.857142857142857,5.40687016078404,2.2166666666666637,0,1,0,46.46101486682892,5.40687016078404e-06,133,1,0
48,47,24,0,0,0,5.349082946777344,"[0.0, 5.349082946777344]",5.349082946777344,2.857142857142857,5.349082946777344,2.199999999999997,0,1,0,45.9200881421566,5.349082946777344e-06,132,1,0
48,48,16,0,0,0,5.1155853271484375,"[0.0, 5.1155853271484375]",5.1155853271484375,2.857142857142857,5.1155853271484375,2.116666666666664,0,1,0,43.256019830703735,5.115585327148438e-06,127,1,0
48,49,35,0,0,0,5.102686200823102,"[0.0, 5.102686200823102]",5.102686200823102,2.857142857142857,5.102686200823102,2.116666666666664,0,1,0,43.25625443458557,5.102686200823103e-06,127,1,0
48,50,20,0,0,0,5.097776140485491,"[0.0, 5.097776140485491]",5.097776140485491,2.857142857142857,5.097776140485491,2.116666666666664,0,1,0,43.25616320967674,5.097776140485491e-06,127,1,0
48,51,42,0,0,0,4.9648012433733255,"[0.0, 4.9648012433733255]",4.9648012433733255,2.857142857142857,4.9648012433733255,2.066666666666664,0,1,0,41.689575135707855,4.964801243373325e-06,124,1,0
48,52,8,0,0,0,4.821286882672991,"[0.0, 4.821286882672991]",4.821286882672991,2.857142857142857,4.821286882672991,2.0166666666666644,0,1,0,40.14663515985012,4.821286882672991e-06,121,1,0
48,53,34,0,0,0,4.776093619210379,"[0.0, 4.776093619210379]",4.776093619210379,2.857142857142857,4.776093619210379,1.9999999999999978,0,1,0,39.63757583498955,4.776093619210379e-06,120,1,0
48,54,61,0,0,0,4.706453595842634,"[0.0, 4.706453595842634]",4.706453595842634,2.857142857142857,4.706453595842634,2.3166666666666633,0,1,0,39.070297971367836,4.7064535958426335e-06,139,1,0
48,55,39,0,0,0,4.580034528459821,"[0.0, 4.580034528459821]",4.580034528459821,2.857142857142857,4.580034528459821,1.9333333333333313,0,1,0,37.62838089466095,4.580034528459821e-06,116,1,0
48,56,43,0,0,0,4.524661472865513,"[0.0, 4.524661472865513]",4.524661472865513,2.857142857142857,4.524661472865513,2.0166666666666644,0,1,0,37.15645223855972,4.524661472865513e-06,121,1,0
48,57,44,0,0,0,3.7258093697684154,"[0.0, 3.7258093697684154]",3.7258093697684154,2.857142857142857,3.7258093697684154,5.949999999999984,0,1,0,28.830688331945566,3.7258093697684156e-06,357,1,0
48,58,28,0,0,0,2.188775198800223,"[0.0, 2.188775198800223]",2.188775198800223,0.0,2.188775198800223,5.016666666666654,0,1,0,8.598967897858529,2.188775198800223e-06,301,1,0
48,59,15,0,0,0,2.1572603498186385,"[0.0, 2.1572603498186385]",2.1572603498186385,0.0,2.1572603498186385,5.016666666666654,0,1,0,8.219392689468805,2.1572603498186384e-06,301,1,0
48,60,27,0,0,0,2.1118545532226562,"[0.0, 2.1118545532226562]",2.1118545532226562,0.0,2.1118545532226562,5.016666666666654,0,1,0,7.705815312452614,2.1118545532226564e-06,301,1,0
48,61,29,0,0,0,2.110966273716518,"[0.0, 2.110966273716518]",2.110966273716518,0.0,2.110966273716518,5.016666666666654,0,1,0,7.705838210626098,2.1109662737165176e-06,301,1,0
48,62,25,0,0,0,2.1108954293387274,"[0.0, 2.1108954293387274]",2.1108954293387274,0.0,2.1108954293387274,5.016666666666654,0,1,0,7.705887433032331,2.1108954293387274e-06,301,1,0
48,63,18,0,0,0,2.1100997924804688,"[0.0, 2.1100997924804688]",2.1100997924804688,0.0,2.1100997924804688,5.016666666666654,0,1,0,7.706335631351976,2.110099792480469e-06,301,1,0
48,64,54,0,0,0,2.1094512939453125,"[0.0, 2.1094512939453125]",2.1094512939453125,0.0,2.1094512939453125,5.016666666666654,0,1,0,7.70569248306856,2.1094512939453126e-06,301,1,0
49,1,0,0,1,1,10.000465938023158,"[0.0, 10.000465938023158]",10.000465938023158,8.571428571428571,10.000465938023158,3.2499999999999933,0,1,0,84.81068161129951,1.0000465938023157e-05,195,1,0
49,2,1,0,1,1,9.99277114868164,"[0.0, 9.99277114868164]",9.99277114868164,8.571428571428571,9.99277114868164,3.2499999999999933,0,1,0,84.810611307621,9.99277114868164e-06,195,1,0
49,3,2,0,1,1,9.973997388567243,"[0.0, 9.973997388567243]",9.973997388567243,8.571428571428571,9.973997388567243,5.28333333333332,0,1,0,84.50228805840015,9.973997388567244e-06,317,1,0
49,4,3,0,1,1,9.907177516392299,"[0.0, 9.907177516392299]",9.907177516392299,8.571428571428571,9.907177516392299,3.2333333333333267,0,1,0,84.1208511441946,9.907177516392299e-06,194,1,0
49,5,4,0,1,1,9.893074035644531,"[0.0, 9.893074035644531]",9.893074035644531,8.571428571428571,9.893074035644531,3.2333333333333267,0,1,0,84.12071073055267,9.893074035644531e-06,194,1,0
49,6,5,0,1,1,9.886883326939174,"[0.0, 9.886883326939174]",9.886883326939174,8.571428571428571,9.886883326939174,3.2333333333333267,0,1,0,84.12069611251354,9.886883326939173e-06,194,1,0
49,7,6,0,1,1,9.867706298828125,"[0.0, 9.867706298828125]",9.867706298828125,8.571428571428571,9.867706298828125,3.21666666666666,0,1,0,83.43274481594563,9.867706298828125e-06,193,1,0
49,8,7,0,1,1,9.810177939278738,"[0.0, 9.810177939278738]",9.810177939278738,8.571428571428571,9.810177939278738,3.21666666666666,0,1,0,83.43252511322498,9.810177939278738e-06,193,1,0
49,9,21,0,0,1,9.596244267054967,"[0.0, 9.596244267054967]",9.596244267054967,8.571428571428571,9.596244267054967,3.183333333333327,0,1,0,82.06278069317341,9.596244267054967e-06,191,1,0
49,10,56,0,0,1,9.569405147007533,"[0.0, 9.569405147007533]",9.569405147007533,8.571428571428571,9.569405147007533,3.183333333333327,0,1,0,82.06338825821877,9.569405147007532e-06,191,1,0
49,11,37,0,0,1,9.521977560860769,"[0.0, 9.521977560860769]",9.521977560860769,8.571428571428571,9.521977560860769,3.1666666666666603,0,1,0,81.38157054781914,9.521977560860769e-06,190,1,0
49,12,33,0,0,1,9.521097455705915,"[0.0, 9.521097455705915]",9.521097455705915,8.571428571428571,9.521097455705915,3.183333333333327,0,1,0,82.06268878281116,9.521097455705916e-06,191,1,0
49,13,16,0,0,1,9.52096666608538,"[0.0, 9.52096666608538]",9.52096666608538,8.571428571428571,9.52096666608538,3.1666666666666603,0,1,0,81.38139519095421,9.520966666085381e-06,190,1,0
49,14,48,0,0,1,9.483353751046316,"[0.0, 9.483353751046316]",9.483353751046316,8.571428571428571,9.483353751046316,3.1666666666666603,0,1,0,81.38189172744751,9.483353751046316e-06,190,1,0
49,15,41,0,0,1,9.476729801722936,"[0.0, 9.476729801722936]",9.476729801722936,8.571428571428571,9.476729801722936,3.183333333333327,0,1,0,82.06311647593975,9.476729801722935e-06,191,1,0
49,16,10,0,0,1,9.435171399797712,"[0.0, 9.435171399797712]",9.435171399797712,8.571428571428571,9.435171399797712,3.1666666666666603,0,1,0,81.38140676915646,9.435171399797711e-06,190,1,0
49,17,59,0,0,1,9.400111607142856,"[0.0, 9.400111607142856]",9.400111607142856,8.571428571428571,9.400111607142856,3.1666666666666603,0,1,0,81.38166928291321,9.400111607142856e-06,190,1,0
49,18,18,0,0,1,9.353174482073102,"[0.0, 9.353174482073102]",9.353174482073102,8.571428571428571,9.353174482073102,3.1999999999999935,0,1,0,80.6108349263668,9.353174482073102e-06,192,1,0
49,19,46,0,0,1,9.321684156145368,"[0.0, 9.321684156145368]",9.321684156145368,8.571428571428571,9.321684156145368,3.183333333333327,0,1,0,80.51648163795471,9.321684156145368e-06,191,1,0
49,20,43,0,0,1,9.267101287841797,"[0.0, 9.267101287841797]",9.267101287841797,8.571428571428571,9.267101287841797,3.1499999999999937,0,1,0,80.70292167365551,9.267101287841796e-06,189,1,0
49,21,26,0,0,1,9.202491215297155,"[0.0, 9.202491215297155]",9.202491215297155,8.571428571428571,9.202491215297155,3.133333333333327,0,1,0,80.02567191421986,9.202491215297155e-06,188,1,0
49,22,63,0,0,1,9.096505301339286,"[0.0, 9.096505301339286]",9.096505301339286,8.571428571428571,9.096505301339286,3.1166666666666605,0,1,0,79.35093139111996,9.096505301339286e-06,187,1,0
49,23,42,0,0,1,9.016075134277344,"[0.0, 9.016075134277344]",9.016075134277344,8.571428571428571,9.016075134277344,3.133333333333327,0,1,0,80.02589206397533,9.016075134277345e-06,188,1,0
49,24,28,0,0,1,9.015295846121651,"[0.0, 9.015295846121651]",9.015295846121651,8.571428571428571,9.015295846121651,3.133333333333327,0,1,0,79.48402824997902,9.015295846121651e-06,188,1,0
49,25,36,0,0,1,8.986538478306363,"[0.0, 8.986538478306363]",8.986538478306363,8.571428571428571,8.986538478306363,3.133333333333327,0,1,0,80.02552437782288,8.986538478306363e-06,188,1,0
49,26,45,0,0,1,8.887157440185547,"[0.0, 8.887157440185547]",8.887157440185547,8.571428571428571,8.887157440185547,3.1166666666666605,0,1,0,79.35127571225166,8.887157440185548e-06,187,1,0
49,27,62,0,0,1,8.871827806745257,"[0.0, 8.871827806745257]",8.871827806745257,8.571428571428571,8.871827806745257,3.1166666666666605,0,1,0,79.3512260466814,8.871827806745257e-06,187,1,0
49,28,11,0,0,1,8.811138698032924,"[0.0, 8.811138698032924]",8.811138698032924,8.571428571428571,8.811138698032924,3.099999999999994,0,1,0,78.45456339418888,8.811138698032923e-06,186,1,0
49,29,17,0,0,1,8.768043518066406,"[0.0, 8.768043518066406]",8.768043518066406,8.571428571428571,8.768043518066406,3.3333333333333264,0,1,0,78.9845709502697,8.768043518066407e-06,200,1,0
49,30,8,0,0,1,8.746258871895925,"[0.0, 8.746258871895925]",8.746258871895925,8.571428571428571,8.746258871895925,3.099999999999994,0,1,0,78.67940731346607,8.746258871895925e-06,186,1,0
49,31,25,0,0,1,8.731814793178014,"[0.0, 8.731814793178014]",8.731814793178014,8.571428571428571,8.731814793178014,3.099999999999994,0,1,0,78.67913131415844,8.731814793178015e-06,186,1,0
49,32,44,0,0,1,8.72823987688337,"[0.0, 8.72823987688337]",8.72823987688337,8.571428571428571,8.72823987688337,3.0833333333333273,0,1,0,78.00903923809528,8.72823987688337e-06,185,1,0
49,33,31,0,0,0,8.636204855782644,"[0.0, 8.636204855782644]",8.636204855782644,8.571428571428571,8.636204855782644,3.0833333333333273,0,1,0,78.00910291075706,8.636204855782645e-06,185,1,0
49,34,19,0,0,0,8.430987766810825,"[0.0, 8.430987766810825]",8.430987766810825,5.714285714285714,8.430987766810825,3.0666666666666607,0,1,0,77.34095430374146,8.430987766810825e-06,184,1,0
49,35,32,0,0,0,8.396385737827845,"[0.0, 8.396385737827845]",8.396385737827845,5.714285714285714,8.396385737827845,3.0666666666666607,0,1,0,77.34155437350273,8.396385737827846e-06,184,1,0
49,36,61,0,0,0,8.25592041015625,"[0.0, 8.25592041015625]",8.25592041015625,5.714285714285714,8.25592041015625,3.049999999999994,0,1,0,76.67638973891735,8.25592041015625e-06,183,1,0
49,37,15,0,0,0,8.038463592529297,"[0.0, 8.038463592529297]",8.038463592529297,5.714285714285714,8.038463592529297,3.0333333333333274,0,1,0,76.01312051713467,8.038463592529298e-06,182,1,0
49,38,12,0,0,0,7.892341613769531,"[0.0, 7.892341613769531]",7.892341613769531,5.714285714285714,7.892341613769531,3.016666666666661,0,1,0,75.35195168852806,7.892341613769531e-06,181,1,0
49,39,57,0,0,0,7.186892373221261,"[0.0, 7.186892373221261]",7.186892373221261,5.714285714285714,7.186892373221261,2.8999999999999946,0,1,0,70.7919694185257,7.186892373221261e-06,174,1,0
49,40,51,0,0,0,7.142857142857142,"[0.0, 7.142857142857142]",7.142857142857142,5.714285714285714,7.142857142857142,2.799999999999995,0,1,0,66.9744291305542,7.142857142857143e-06,168,1,0
49,41,13,0,0,0,6.976579938616072,"[0.0, 6.976579938616072]",6.976579938616072,5.714285714285714,6.976579938616072,2.6833333333333287,0,1,0,62.62990860641003,6.976579938616072e-06,161,1,0
49,42,27,0,0,0,5.75538090297154,"[0.0, 5.75538090297154]",5.75538090297154,5.714285714285714,5.75538090297154,2.33333333333333,0,1,0,50.3176656216383,5.7553809029715395e-06,140,1,0
49,43,35,0,0,0,5.700694492885044,"[0.0, 5.700694492885044]",5.700694492885044,2.857142857142857,5.700694492885044,2.3166666666666633,0,1,0,49.75888569653034,5.700694492885045e-06,139,1,0
49,44,24,0,0,0,5.673441205705916,"[0.0, 5.673441205705916]",5.673441205705916,2.857142857142857,5.673441205705916,2.2999999999999967,0,1,0,49.20272980630398,5.673441205705916e-06,138,1,0
49,45,55,0,0,0,5.667201450892858,"[0.0, 5.667201450892858]",5.667201450892858,2.857142857142857,5.667201450892858,2.2999999999999967,0,1,0,49.2026037722826,5.667201450892858e-06,138,1,0
49,46,30,0,0,0,5.630983625139509,"[0.0, 5.630983625139509]",5.630983625139509,2.857142857142857,5.630983625139509,3.2499999999999933,0,1,0,48.76962284743786,5.630983625139509e-06,195,1,0
49,47,22,0,0,0,5.600520542689732,"[0.0, 5.600520542689732]",5.600520542689732,2.857142857142857,5.600520542689732,2.28333333333333,0,1,0,48.64900042116642,5.6005205426897315e-06,137,1,0
49,48,52,0,0,0,5.470357622419085,"[0.0, 5.470357622419085]",5.470357622419085,2.857142857142857,5.470357622419085,2.2333333333333303,0,1,0,47.003842517733574,5.470357622419085e-06,134,1,0
49,49,40,0,0,0,5.457518441336495,"[0.0, 5.457518441336495]",5.457518441336495,2.857142857142857,5.457518441336495,2.2333333333333303,0,1,0,47.00396704673767,5.457518441336495e-06,134,1,0
49,50,53,0,0,0,5.402886526925223,"[0.0, 5.402886526925223]",5.402886526925223,2.857142857142857,5.402886526925223,2.2166666666666637,0,1,0,46.46071757376194,5.402886526925223e-06,133,1,0
49,51,34,0,0,0,5.351693289620536,"[0.0, 5.351693289620536]",5.351693289620536,2.857142857142857,5.351693289620536,2.199999999999997,0,1,0,45.92027811706066,5.351693289620536e-06,132,1,0
49,52,29,0,0,0,5.262167794363839,"[0.0, 5.262167794363839]",5.262167794363839,2.857142857142857,5.262167794363839,2.166666666666664,0,1,0,44.84656162559986,5.26216779436384e-06,130,1,0
49,53,47,0,0,0,5.260102408272879,"[0.0, 5.260102408272879]",5.260102408272879,2.857142857142857,5.260102408272879,2.166666666666664,0,1,0,44.846393048763275,5.260102408272879e-06,130,1,0
49,54,49,0,0,0,5.160331726074219,"[0.0, 5.160331726074219]",5.160331726074219,2.857142857142857,5.160331726074219,3.349999999999993,0,1,0,44.05776099860668,5.160331726074218e-06,201,1,0
49,55,23,0,0,0,5.105340140206473,"[0.0, 5.105340140206473]",5.105340140206473,2.857142857142857,5.105340140206473,2.116666666666664,0,1,0,43.25636266171932,5.105340140206473e-06,127,1,0
49,56,38,0,0,0,5.065645490373884,"[0.0, 5.065645490373884]",5.065645490373884,2.857142857142857,5.065645490373884,2.0999999999999974,0,1,0,42.73121400177479,5.065645490373884e-06,126,1,0
49,57,50,0,0,0,5.060735430036272,"[0.0, 5.060735430036272]",5.060735430036272,2.857142857142857,5.060735430036272,2.0999999999999974,0,1,0,42.731165766716,5.060735430036271e-06,126,1,0
49,58,14,0,0,0,4.920572553362165,"[0.0, 4.920572553362165]",4.920572553362165,2.857142857142857,4.920572553362165,2.0499999999999976,0,1,0,41.172378584742546,4.920572553362165e-06,123,1,0
49,59,60,0,0,0,4.870665413992746,"[0.0, 4.870665413992746]",4.870665413992746,2.857142857142857,4.870665413992746,2.033333333333331,0,1,0,40.65769590437412,4.870665413992746e-06,122,1,0
49,60,58,0,0,0,4.730355398995536,"[0.0, 4.730355398995536]",4.730355398995536,2.857142857142857,4.730355398995536,1.9833333333333312,0,1,0,39.131311282515526,4.7303553989955354e-06,119,1,0
49,61,9,0,0,0,2.142383030482701,"[0.0, 2.142383030482701]",2.142383030482701,0.0,2.142383030482701,5.016666666666654,0,1,0,8.0919985118162,2.142383030482701e-06,301,1,0
49,62,54,0,0,0,2.109582083565848,"[0.0, 2.109582083565848]",2.109582083565848,0.0,2.109582083565848,5.016666666666654,0,1,0,7.705370665426017,2.109582083565848e-06,301,1,0
49,63,20,0,0,0,2.108759198869978,"[0.0, 2.108759198869978]",2.108759198869978,0.0,2.108759198869978,5.016666666666654,0,1,0,7.706034014641773,2.108759198869978e-06,301,1,0
49,64,39,0,0,0,1.8754032679966517,"[0.0, 1.8754032679966517]",1.8754032679966517,0.0,1.8754032679966517,5.016666666666654,0,1,0,5.17456655332353,1.8754032679966518e-06,301,1,0
50,1,0,0,1,1,10.000465938023158,"[0.0, 10.000465938023158]",10.000465938023158,8.571428571428571,10.000465938023158,3.2499999999999933,0,1,0,84.81068161129951,1.0000465938023157e-05,195,1,0
50,2,1,0,1,1,9.99277114868164,"[0.0, 9.99277114868164]",9.99277114868164,8.571428571428571,9.99277114868164,3.2499999999999933,0,1,0,84.810611307621,9.99277114868164e-06,195,1,0
50,3,2,0,1,1,9.973997388567243,"[0.0, 9.973997388567243]",9.973997388567243,8.571428571428571,9.973997388567243,5.28333333333332,0,1,0,84.50228805840015,9.973997388567244e-06,317,1,0
50,4,3,0,1,1,9.907177516392299,"[0.0, 9.907177516392299]",9.907177516392299,8.571428571428571,9.907177516392299,3.2333333333333267,0,1,0,84.1208511441946,9.907177516392299e-06,194,1,0
50,5,4,0,1,1,9.893074035644531,"[0.0, 9.893074035644531]",9.893074035644531,8.571428571428571,9.893074035644531,3.2333333333333267,0,1,0,84.12071073055267,9.893074035644531e-06,194,1,0
50,6,29,0,1,1,9.888736179896764,"[0.0, 9.888736179896764]",9.888736179896764,8.571428571428571,9.888736179896764,3.6166666666666587,0,1,0,84.798156067729,9.888736179896765e-06,217,1,0
50,7,5,0,1,1,9.886883326939174,"[0.0, 9.886883326939174]",9.886883326939174,8.571428571428571,9.886883326939174,3.2333333333333267,0,1,0,84.12069611251354,9.886883326939173e-06,194,1,0
50,8,6,0,1,1,9.867706298828125,"[0.0, 9.867706298828125]",9.867706298828125,8.571428571428571,9.867706298828125,3.21666666666666,0,1,0,83.43274481594563,9.867706298828125e-06,193,1,0
50,9,7,0,0,1,9.810177939278738,"[0.0, 9.810177939278738]",9.810177939278738,8.571428571428571,9.810177939278738,3.21666666666666,0,1,0,83.43252511322498,9.810177939278738e-06,193,1,0
50,10,40,0,0,1,9.76980209350586,"[0.0, 9.76980209350586]",9.76980209350586,8.571428571428571,9.76980209350586,3.1999999999999935,0,1,0,82.74660371243954,9.769802093505859e-06,192,1,0
50,11,12,0,0,1,9.745537894112722,"[0.0, 9.745537894112722]",9.745537894112722,8.571428571428571,9.745537894112722,3.21666666666666,0,1,0,83.43272367119789,9.745537894112722e-06,193,1,0
50,12,59,0,0,1,9.590811048235212,"[0.0, 9.590811048235212]",9.590811048235212,8.571428571428571,9.590811048235212,3.183333333333327,0,1,0,82.06325103342533,9.590811048235213e-06,191,1,0
50,13,53,0,0,1,9.488607134137835,"[0.0, 9.488607134137835]",9.488607134137835,8.571428571428571,9.488607134137835,3.1666666666666603,0,1,0,81.32398360967636,9.488607134137835e-06,190,1,0
50,14,62,0,0,1,9.468915121895927,"[0.0, 9.468915121895927]",9.468915121895927,8.571428571428571,9.468915121895927,3.1666666666666603,0,1,0,81.16078698635101,9.468915121895926e-06,190,1,0
50,15,10,0,0,1,9.423035212925504,"[0.0, 9.423035212925504]",9.423035212925504,8.571428571428571,9.423035212925504,3.1666666666666603,0,1,0,81.38180585205555,9.423035212925504e-06,190,1,0
50,16,47,0,0,1,9.398621150425504,"[0.0, 9.398621150425504]",9.398621150425504,8.571428571428571,9.398621150425504,3.1666666666666603,0,1,0,81.38149255514145,9.398621150425504e-06,190,1,0
50,17,11,0,0,1,9.368768419538226,"[0.0, 9.368768419538226]",9.368768419538226,8.571428571428571,9.368768419538226,3.1666666666666603,0,1,0,81.38175457715988,9.368768419538226e-06,190,1,0
50,18,28,0,0,1,9.22563007899693,"[0.0, 9.22563007899693]",9.22563007899693,8.571428571428571,9.22563007899693,3.133333333333327,0,1,0,80.02548730373383,9.225630078996931e-06,188,1,0
50,19,17,0,0,1,9.193556649344307,"[0.0, 9.193556649344307]",9.193556649344307,8.571428571428571,9.193556649344307,3.1499999999999937,0,1,0,80.70284532010555,9.193556649344308e-06,189,1,0
50,20,18,0,0,1,9.173341478620255,"[0.0, 9.173341478620255]",9.173341478620255,8.571428571428571,9.173341478620255,3.133333333333327,0,1,0,80.02587360143661,9.173341478620256e-06,188,1,0
50,21,9,0,0,1,9.13069316319057,"[0.0, 9.13069316319057]",9.13069316319057,8.571428571428571,9.13069316319057,3.133333333333327,0,1,0,80.02607549726963,9.13069316319057e-06,188,1,0
50,22,24,0,0,1,9.039799826485769,"[0.0, 9.039799826485769]",9.039799826485769,8.571428571428571,9.039799826485769,3.133333333333327,0,1,0,80.02571640908718,9.03979982648577e-06,188,1,0
50,23,25,0,0,1,9.030279432024274,"[0.0, 9.030279432024274]",9.030279432024274,8.571428571428571,9.030279432024274,3.133333333333327,0,1,0,80.02575279772282,9.030279432024274e-06,188,1,0
50,24,37,0,0,1,9.001413072858538,"[0.0, 9.001413072858538]",9.001413072858538,8.571428571428571,9.001413072858538,3.1666666666666603,0,1,0,79.6842120885849,9.001413072858539e-06,190,1,0
50,25,38,0,0,1,8.988772800990514,"[0.0, 8.988772800990514]",8.988772800990514,8.571428571428571,8.988772800990514,3.133333333333327,0,1,0,80.02566084265709,8.988772800990514e-06,188,1,0
50,26,48,0,0,1,8.949699401855469,"[0.0, 8.949699401855469]",8.949699401855469,8.571428571428571,8.949699401855469,3.099999999999994,0,1,0,78.6791115552187,8.949699401855468e-06,186,1,0
50,27,57,0,0,1,8.93517085484096,"[0.0, 8.93517085484096]",8.93517085484096,8.571428571428571,8.93517085484096,3.1166666666666605,0,1,0,79.35133373737335,8.93517085484096e-06,187,1,0
50,28,58,0,0,1,8.753253391810826,"[0.0, 8.753253391810826]",8.753253391810826,8.571428571428571,8.753253391810826,3.099999999999994,0,1,0,78.67902220785618,8.753253391810827e-06,186,1,0
50,29,21,0,0,1,8.701158251081194,"[0.0, 8.701158251081194]",8.701158251081194,8.571428571428571,8.701158251081194,3.0833333333333273,0,1,0,78.00897116959095,8.701158251081195e-06,185,1,0
50,30,46,0,0,1,8.66325923374721,"[0.0, 8.66325923374721]",8.66325923374721,8.571428571428571,8.66325923374721,3.0833333333333273,0,1,0,78.00904390215874,8.66325923374721e-06,185,1,0
50,31,51,0,0,1,8.496077401297434,"[0.0, 8.496077401297434]",8.496077401297434,5.714285714285714,8.496077401297434,3.0666666666666607,0,1,0,77.34153492748737,8.496077401297434e-06,184,1,0
50,32,14,0,0,1,8.399020603724889,"[0.0, 8.399020603724889]",8.399020603724889,5.714285714285714,8.399020603724889,3.0666666666666607,0,1,0,77.34123933315277,8.399020603724888e-06,184,1,0
50,33,43,0,0,0,8.347805568150111,"[0.0, 8.347805568150111]",8.347805568150111,5.714285714285714,8.347805568150111,3.0666666666666607,0,1,0,77.34114886820316,8.347805568150111e-06,184,1,0
50,34,8,0,0,0,8.268686022077286,"[0.0, 8.268686022077286]",8.268686022077286,5.714285714285714,8.268686022077286,3.0666666666666607,0,1,0,77.34113208949566,8.268686022077286e-06,184,1,0
50,35,50,0,0,0,8.143119812011719,"[0.0, 8.143119812011719]",8.143119812011719,5.714285714285714,8.143119812011719,3.21666666666666,0,1,0,76.26219369471073,8.143119812011718e-06,193,1,0
50,36,56,0,0,0,8.140738351004465,"[0.0, 8.140738351004465]",8.140738351004465,5.714285714285714,8.140738351004465,3.049999999999994,0,1,0,76.6757760643959,8.140738351004465e-06,183,1,0
50,37,52,0,0,0,8.136065346854075,"[0.0, 8.136065346854075]",8.136065346854075,5.714285714285714,8.136065346854075,3.049999999999994,0,1,0,76.67592777311802,8.136065346854075e-06,183,1,0
50,38,31,0,0,0,7.803865160260881,"[0.0, 7.803865160260881]",7.803865160260881,5.714285714285714,7.803865160260881,2.9999999999999942,0,1,0,74.69356782734394,7.80386516026088e-06,180,1,0
50,39,30,0,0,0,7.705560411725726,"[0.0, 7.705560411725726]",7.705560411725726,5.714285714285714,7.705560411725726,4.016666666666658,0,1,0,74.44881112873554,7.705560411725726e-06,241,1,0
50,40,63,0,0,0,7.425812312534877,"[0.0, 7.425812312534877]",7.425812312534877,5.714285714285714,7.425812312534877,2.9499999999999944,0,1,0,72.7321374565363,7.425812312534877e-06,177,1,0
50,41,42,0,0,0,7.142857142857142,"[0.0, 7.142857142857142]",7.142857142857142,5.714285714285714,7.142857142857142,2.7833333333333283,0,1,0,65.02283643186092,7.142857142857143e-06,167,1,0
50,42,26,0,0,0,5.709451947893415,"[0.0, 5.709451947893415]",5.709451947893415,2.857142857142857,5.709451947893415,2.3166666666666633,0,1,0,49.75881735980511,5.709451947893415e-06,139,1,0
50,43,20,0,0,0,5.652645656040737,"[0.0, 5.652645656040737]",5.652645656040737,2.857142857142857,5.652645656040737,2.916666666666661,0,1,0,49.185283824801445,5.652645656040737e-06,175,1,0
50,44,16,0,0,0,5.617784772600446,"[0.0, 5.617784772600446]",5.617784772600446,2.857142857142857,5.617784772600446,2.28333333333333,0,1,0,48.6492767482996,5.6177847726004465e-06,137,1,0
50,45,34,0,0,0,5.617201668875558,"[0.0, 5.617201668875558]",5.617201668875558,2.857142857142857,5.617201668875558,2.28333333333333,0,1,0,48.64932830631733,5.617201668875558e-06,137,1,0
50,46,54,0,0,0,5.610918317522321,"[0.0, 5.610918317522321]",5.610918317522321,2.857142857142857,5.610918317522321,2.28333333333333,0,1,0,48.64904074370861,5.610918317522321e-06,137,1,0
50,47,49,0,0,0,5.551485334123884,"[0.0, 5.551485334123884]",5.551485334123884,2.857142857142857,5.551485334123884,2.2666666666666635,0,1,0,48.098217129707336,5.551485334123883e-06,136,1,0
50,48,23,0,0,0,5.458128792898996,"[0.0, 5.458128792898996]",5.458128792898996,2.857142857142857,5.458128792898996,2.2333333333333303,0,1,0,47.00407616794109,5.458128792898996e-06,134,1,0
50,49,55,0,0,0,5.40997096470424,"[0.0, 5.40997096470424]",5.40997096470424,2.857142857142857,5.40997096470424,2.2166666666666637,0,1,0,46.460774183273315,5.40997096470424e-06,133,1,0
50,50,61,0,0,0,5.398009163992745,"[0.0, 5.398009163992745]",5.398009163992745,2.857142857142857,5.398009163992745,2.2166666666666637,0,1,0,46.46077907085419,5.398009163992745e-06,133,1,0
50,51,39,0,0,0,5.353240966796875,"[0.0, 5.353240966796875]",5.353240966796875,2.857142857142857,5.353240966796875,2.199999999999997,0,1,0,45.920005425810814,5.353240966796875e-06,132,1,0
50,52,35,0,0,0,5.315143040248326,"[0.0, 5.315143040248326]",5.315143040248326,2.857142857142857,5.315143040248326,2.1833333333333305,0,1,0,45.38253143429756,5.315143040248327e-06,131,1,0
50,53,44,0,0,0,5.254080636160714,"[0.0, 5.254080636160714]",5.254080636160714,2.857142857142857,5.254080636160714,2.166666666666664,0,1,0,44.84657742083073,5.254080636160714e-06,130,1,0
50,54,27,0,0,0,5.205775669642857,"[0.0, 5.205775669642857]",5.205775669642857,2.857142857142857,5.205775669642857,2.1499999999999972,0,1,0,44.31394609808922,5.2057756696428564e-06,129,1,0
50,55,36,0,0,0,5.082277570452009,"[0.0, 5.082277570452009]",5.082277570452009,2.857142857142857,5.082277570452009,2.116666666666664,0,1,0,42.79049135744572,5.082277570452008e-06,127,1,0
50,56,60,0,0,0,4.877510070800781,"[0.0, 4.877510070800781]",4.877510070800781,2.857142857142857,4.877510070800781,2.033333333333331,0,1,0,40.658516615629196,4.877510070800781e-06,122,1,0
50,57,32,0,0,0,4.486040387834821,"[0.0, 4.486040387834821]",4.486040387834821,2.857142857142857,4.486040387834821,1.8999999999999981,0,1,0,36.64026628434658,4.486040387834821e-06,114,1,0
50,58,33,0,0,0,4.206510271344866,"[0.0, 4.206510271344866]",4.206510271344866,2.857142857142857,4.206510271344866,6.516666666666649,0,1,0,33.603171672955796,4.206510271344866e-06,391,1,0
50,59,45,0,0,0,2.1895762852260043,"[0.0, 2.1895762852260043]",2.1895762852260043,0.0,2.1895762852260043,5.016666666666654,0,1,0,8.658262019773247,2.1895762852260045e-06,301,1,0
50,60,15,0,0,0,2.188562665666853,"[0.0, 2.188562665666853]",2.188562665666853,0.0,2.188562665666853,5.016666666666654,0,1,0,8.675875843029644,2.188562665666853e-06,301,1,0
50,61,19,0,0,0,2.1518271309988837,"[0.0, 2.1518271309988837]",2.1518271309988837,0.0,2.1518271309988837,5.016666666666654,0,1,0,8.21387315220636,2.1518271309988838e-06,301,1,0
50,62,22,0,0,0,2.1073695591517856,"[0.0, 2.1073695591517856]",2.1073695591517856,0.0,2.1073695591517856,5.016666666666654,0,1,0,7.705602785237716,2.1073695591517855e-06,301,1,0
50,63,41,0,0,0,1.875697544642857,"[0.0, 1.875697544642857]",1.875697544642857,0.0,1.875697544642857,5.016666666666654,0,1,0,5.175098591367714,1.875697544642857e-06,301,1,0
50,64,13,0,0,0,1.875337873186384,"[0.0, 1.875337873186384]",1.875337873186384,0.0,1.875337873186384,5.016666666666654,0,1,0,5.174751425045542,1.8753378731863838e-06,301,1,0
51,1,40,0,1,1,10.197933741978236,"[0.0, 10.197933741978236]",10.197933741978236,8.571428571428571,10.197933741978236,3.2833333333333266,0,1,0,86.19837695360184,1.0197933741978236e-05,197,1,0
51,2,0,0,1,1,10.000465938023158,"[0.0, 10.000465938023158]",10.000465938023158,8.571428571428571,10.000465938023158,3.2499999999999933,0,1,0,84.81068161129951,1.0000465938023157e-05,195,1,0
51,3,1,0,1,1,9.99277114868164,"[0.0, 9.99277114868164]",9.99277114868164,8.571428571428571,9.99277114868164,3.2499999999999933,0,1,0,84.810611307621,9.99277114868164e-06,195,1,0
51,4,2,0,1,1,9.973997388567243,"[0.0, 9.973997388567243]",9.973997388567243,8.571428571428571,9.973997388567243,5.28333333333332,0,1,0,84.50228805840015,9.973997388567244e-06,317,1,0
51,5,27,0,1,1,9.934474400111608,"[0.0, 9.934474400111608]",9.934474400111608,8.571428571428571,9.934474400111608,3.2499999999999933,0,1,0,84.8106565028429,9.934474400111608e-06,195,1,0
51,6,3,0,1,1,9.907177516392299,"[0.0, 9.907177516392299]",9.907177516392299,8.571428571428571,9.907177516392299,3.2333333333333267,0,1,0,84.1208511441946,9.907177516392299e-06,194,1,0
51,7,4,0,1,1,9.893074035644531,"[0.0, 9.893074035644531]",9.893074035644531,8.571428571428571,9.893074035644531,3.2333333333333267,0,1,0,84.12071073055267,9.893074035644531e-06,194,1,0
51,8,5,0,1,1,9.888736179896764,"[0.0, 9.888736179896764]",9.888736179896764,8.571428571428571,9.888736179896764,3.6166666666666587,0,1,0,84.798156067729,9.888736179896765e-06,217,1,0
51,9,6,0,0,1,9.886883326939174,"[0.0, 9.886883326939174]",9.886883326939174,8.571428571428571,9.886883326939174,3.2333333333333267,0,1,0,84.12069611251354,9.886883326939173e-06,194,1,0
51,10,7,0,0,1,9.867706298828125,"[0.0, 9.867706298828125]",9.867706298828125,8.571428571428571,9.867706298828125,3.21666666666666,0,1,0,83.43274481594563,9.867706298828125e-06,193,1,0
51,11,31,0,0,1,9.763913835797991,"[0.0, 9.763913835797991]",9.763913835797991,8.571428571428571,9.763913835797991,3.2333333333333267,0,1,0,82.89525526762009,9.76391383579799e-06,194,1,0
51,12,56,0,0,1,9.731292724609375,"[0.0, 9.731292724609375]",9.731292724609375,8.571428571428571,9.731292724609375,3.1999999999999935,0,1,0,82.74678622186184,9.731292724609376e-06,192,1,0
51,13,38,0,0,1,9.647685459681918,"[0.0, 9.647685459681918]",9.647685459681918,8.571428571428571,9.647685459681918,3.1999999999999935,0,1,0,82.30139611661434,9.647685459681919e-06,192,1,0
51,14,63,0,0,1,9.620116097586495,"[0.0, 9.620116097586495]",9.620116097586495,8.571428571428571,9.620116097586495,3.183333333333327,0,1,0,82.06288240849972,9.620116097586495e-06,191,1,0
51,15,28,0,0,1,9.618770054408483,"[0.0, 9.618770054408483]",9.618770054408483,8.571428571428571,9.618770054408483,3.183333333333327,0,1,0,82.06331345438957,9.618770054408483e-06,191,1,0
51,16,55,0,0,1,9.496658870152066,"[0.0, 9.496658870152066]",9.496658870152066,8.571428571428571,9.496658870152066,3.1666666666666603,0,1,0,81.38145738840103,9.496658870152066e-06,190,1,0
51,17,52,0,0,1,9.470438276018415,"[0.0, 9.470438276018415]",9.470438276018415,8.571428571428571,9.470438276018415,3.1666666666666603,0,1,0,81.38160745799541,9.470438276018416e-06,190,1,0
51,18,58,0,0,1,9.452615465436663,"[0.0, 9.452615465436663]",9.452615465436663,8.571428571428571,9.452615465436663,3.1666666666666603,0,1,0,81.38146424293518,9.452615465436664e-06,190,1,0
51,19,30,0,0,1,9.432051522391182,"[0.0, 9.432051522391182]",9.432051522391182,8.571428571428571,9.432051522391182,3.1666666666666603,0,1,0,81.38168570399284,9.432051522391182e-06,190,1,0
51,20,33,0,0,1,9.181295122419085,"[0.0, 9.181295122419085]",9.181295122419085,8.571428571428571,9.181295122419085,3.133333333333327,0,1,0,80.0259418785572,9.181295122419084e-06,188,1,0
51,21,44,0,0,1,9.108845846993582,"[0.0, 9.108845846993582]",9.108845846993582,8.571428571428571,9.108845846993582,3.133333333333327,0,1,0,80.02596573531628,9.108845846993582e-06,188,1,0
51,22,49,0,0,1,9.051840645926339,"[0.0, 9.051840645926339]",9.051840645926339,8.571428571428571,9.051840645926339,3.1166666666666605,0,1,0,79.35122148692608,9.05184064592634e-06,187,1,0
51,23,23,0,0,1,9.011963435581752,"[0.0, 9.011963435581752]",9.011963435581752,8.571428571428571,9.011963435581752,3.1166666666666605,0,1,0,79.35104978084564,9.011963435581751e-06,187,1,0
51,24,59,0,0,1,8.976080758231026,"[0.0, 8.976080758231026]",8.976080758231026,8.571428571428571,8.976080758231026,3.133333333333327,0,1,0,80.02571871876717,8.976080758231027e-06,188,1,0
51,25,34,0,0,1,8.764768327985491,"[0.0, 8.764768327985491]",8.764768327985491,8.571428571428571,8.764768327985491,3.099999999999994,0,1,0,78.67953941226006,8.764768327985491e-06,186,1,0
51,26,54,0,0,1,8.742419651576451,"[0.0, 8.742419651576451]",8.742419651576451,8.571428571428571,8.742419651576451,3.099999999999994,0,1,0,78.6786924302578,8.74241965157645e-06,186,1,0
51,27,21,0,0,1,8.667022160121371,"[0.0, 8.667022160121371]",8.667022160121371,8.571428571428571,8.667022160121371,3.099999999999994,0,1,0,78.67935985326767,8.667022160121372e-06,186,1,0
51,28,17,0,0,1,8.661766052246094,"[0.0, 8.661766052246094]",8.661766052246094,8.571428571428571,8.661766052246094,3.0833333333333273,0,1,0,78.00899331271648,8.661766052246094e-06,185,1,0
51,29,57,0,0,1,8.652703421456472,"[0.0, 8.652703421456472]",8.652703421456472,8.571428571428571,8.652703421456472,3.0833333333333273,0,1,0,78.00915221869946,8.652703421456472e-06,185,1,0
51,30,20,0,0,1,8.382230486188616,"[0.0, 8.382230486188616]",8.382230486188616,5.714285714285714,8.382230486188616,3.0666666666666607,0,1,0,77.34125365316868,8.382230486188617e-06,184,1,0
51,31,11,0,0,1,8.228519984654017,"[0.0, 8.228519984654017]",8.228519984654017,5.714285714285714,8.228519984654017,3.049999999999994,0,1,0,76.67582781612873,8.228519984654017e-06,183,1,0
51,32,24,0,0,1,8.156790052141462,"[0.0, 8.156790052141462]",8.156790052141462,5.714285714285714,8.156790052141462,3.049999999999994,0,1,0,76.67603500187397,8.156790052141462e-06,183,1,0
51,33,15,0,0,0,8.064414433070592,"[0.0, 8.064414433070592]",8.064414433070592,5.714285714285714,8.064414433070592,3.0333333333333274,0,1,0,76.01223823428154,8.064414433070592e-06,182,1,0
51,34,51,0,0,0,8.014956883021764,"[0.0, 8.014956883021764]",8.014956883021764,5.714285714285714,8.014956883021764,3.5499999999999923,0,1,0,76.07653279602528,8.014956883021764e-06,213,1,0
51,35,45,0,0,0,7.142857142857142,"[0.0, 7.142857142857142]",7.142857142857142,5.714285714285714,7.142857142857142,2.883333333333328,0,1,0,70.14987573027611,7.142857142857143e-06,173,1,0
51,36,9,0,0,0,5.764508928571429,"[0.0, 5.764508928571429]",5.764508928571429,5.714285714285714,5.764508928571429,2.33333333333333,0,1,0,50.31760913133621,5.7645089285714286e-06,140,1,0
51,37,62,0,0,0,5.716302054268974,"[0.0, 5.716302054268974]",5.716302054268974,5.714285714285714,5.716302054268974,2.3166666666666633,0,1,0,49.758773759007454,5.716302054268974e-06,139,1,0
51,38,37,0,0,0,5.710340227399554,"[0.0, 5.710340227399554]",5.710340227399554,2.857142857142857,5.710340227399554,2.3166666666666633,0,1,0,49.7587466686964,5.710340227399554e-06,139,1,0
51,39,16,0,0,0,5.637223379952567,"[0.0, 5.637223379952567]",5.637223379952567,2.857142857142857,5.637223379952567,3.433333333333326,0,1,0,49.580977499485016,5.637223379952567e-06,206,1,0
51,40,48,0,0,0,5.608438764299665,"[0.0, 5.608438764299665]",5.608438764299665,2.857142857142857,5.608438764299665,2.28333333333333,0,1,0,48.649155139923096,5.608438764299665e-06,137,1,0
51,41,39,0,0,0,5.5147280011858255,"[0.0, 5.5147280011858255]",5.5147280011858255,2.857142857142857,5.5147280011858255,2.249999999999997,0,1,0,47.549894079566,5.514728001185826e-06,135,1,0
51,42,19,0,0,0,5.513997759137835,"[0.0, 5.513997759137835]",5.513997759137835,2.857142857142857,5.513997759137835,2.249999999999997,0,1,0,47.54977214336395,5.513997759137835e-06,135,1,0
51,43,42,0,0,0,5.410499572753906,"[0.0, 5.410499572753906]",5.410499572753906,2.857142857142857,5.410499572753906,2.2166666666666637,0,1,0,46.46057230234146,5.410499572753907e-06,133,1,0
51,44,46,0,0,0,5.398472377232142,"[0.0, 5.398472377232142]",5.398472377232142,2.857142857142857,5.398472377232142,2.2166666666666637,0,1,0,46.461133778095245,5.398472377232142e-06,133,1,0
51,45,29,0,0,0,5.3977748325892865,"[0.0, 5.3977748325892865]",5.3977748325892865,2.857142857142857,5.3977748325892865,2.2166666666666637,0,1,0,46.460557505488396,5.397774832589286e-06,133,1,0
51,46,32,0,0,0,5.397382463727678,"[0.0, 5.397382463727678]",5.397382463727678,2.857142857142857,5.397382463727678,2.2166666666666637,0,1,0,46.460768684744835,5.397382463727678e-06,133,1,0
51,47,14,0,0,0,5.361785888671875,"[0.0, 5.361785888671875]",5.361785888671875,2.857142857142857,5.361785888671875,2.199999999999997,0,1,0,45.920122891664505,5.361785888671875e-06,132,1,0
51,48,60,0,0,0,5.349829537527902,"[0.0, 5.349829537527902]",5.349829537527902,2.857142857142857,5.349829537527902,2.199999999999997,0,1,0,45.920059874653816,5.349829537527902e-06,132,1,0
51,49,35,0,0,0,5.317437308175223,"[0.0, 5.317437308175223]",5.317437308175223,2.857142857142857,5.317437308175223,2.1833333333333305,0,1,0,45.38220678269863,5.317437308175223e-06,131,1,0
51,50,53,0,0,0,5.313524518694197,"[0.0, 5.313524518694197]",5.313524518694197,2.857142857142857,5.313524518694197,2.1833333333333305,0,1,0,45.38228526711464,5.313524518694197e-06,131,1,0
51,51,50,0,0,0,5.311377389090402,"[0.0, 5.311377389090402]",5.311377389090402,2.857142857142857,5.311377389090402,2.1833333333333305,0,1,0,45.382401183247566,5.311377389090402e-06,131,1,0
51,52,61,0,0,0,5.271459306989398,"[0.0, 5.271459306989398]",5.271459306989398,2.857142857142857,5.271459306989398,2.166666666666664,0,1,0,44.84639249742031,5.271459306989398e-06,130,1,0
51,53,25,0,0,0,5.165345328194754,"[0.0, 5.165345328194754]",5.165345328194754,2.857142857142857,5.165345328194754,2.1333333333333306,0,1,0,43.783603340387344,5.1653453281947545e-06,128,1,0
51,54,47,0,0,0,5.015269688197545,"[0.0, 5.015269688197545]",5.015269688197545,2.857142857142857,5.015269688197545,2.083333333333331,0,1,0,42.20904144644737,5.015269688197545e-06,125,1,0
51,55,8,0,0,0,4.875477382114955,"[0.0, 4.875477382114955]",4.875477382114955,2.857142857142857,4.875477382114955,2.033333333333331,0,1,0,40.65813812613487,4.875477382114955e-06,122,1,0
51,56,26,0,0,0,4.815374101911273,"[0.0, 4.815374101911273]",4.815374101911273,2.857142857142857,4.815374101911273,2.0166666666666644,0,1,0,40.14669696986675,4.815374101911272e-06,121,1,0
51,57,41,0,0,0,4.711859566824777,"[0.0, 4.711859566824777]",4.711859566824777,2.857142857142857,4.711859566824777,1.9833333333333312,0,1,0,39.130890280008316,4.711859566824777e-06,119,1,0
51,58,22,0,0,0,4.34783935546875,"[0.0, 4.34783935546875]",4.34783935546875,2.857142857142857,4.34783935546875,1.8499999999999983,0,1,0,35.17808160185814,4.34783935546875e-06,111,1,0
51,59,18,0,0,0,4.305458068847656,"[0.0, 4.305458068847656]",4.305458068847656,2.857142857142857,4.305458068847656,1.8333333333333317,0,1,0,34.69592662155628,4.305458068847656e-06,110,1,0
51,60,43,0,0,0,4.205126081194196,"[0.0, 4.205126081194196]",4.205126081194196,2.857142857142857,4.205126081194196,3.5333333333333257,0,1,0,33.82769734039903,4.2051260811941965e-06,212,1,0
51,61,36,0,0,0,2.1545682634626115,"[0.0, 2.1545682634626115]",2.1545682634626115,0.0,2.1545682634626115,5.016666666666654,0,1,0,8.21417018755892,2.1545682634626115e-06,301,1,0
51,62,13,0,0,0,2.1095384870256693,"[0.0, 2.1095384870256693]",2.1095384870256693,0.0,2.1095384870256693,5.016666666666654,0,1,0,7.705551639533951,2.109538487025669e-06,301,1,0
51,63,12,0,0,0,2.1065357753208707,"[0.0, 2.1065357753208707]",2.1065357753208707,0.0,2.1065357753208707,5.016666666666654,0,1,0,7.7056492982083,2.106535775320871e-06,301,1,0
51,64,10,0,0,0,1.91650390625,"[0.0, 1.91650390625]",1.91650390625,0.0,1.91650390625,5.016666666666654,0,1,0,5.577866608800832,1.91650390625e-06,301,1,0
52,1,51,0,1,1,10.206157139369418,"[0.0, 10.206157139369418]",10.206157139369418,8.571428571428571,10.206157139369418,3.2833333333333266,0,1,0,86.19815623760223,1.0206157139369418e-05,197,1,0
52,2,0,0,1,1,10.197933741978236,"[0.0, 10.197933741978236]",10.197933741978236,8.571428571428571,10.197933741978236,3.2833333333333266,0,1,0,86.19837695360184,1.0197933741978236e-05,197,1,0
52,3,1,0,1,1,10.000465938023158,"[0.0, 10.000465938023158]",10.000465938023158,8.571428571428571,10.000465938023158,3.2499999999999933,0,1,0,84.81068161129951,1.0000465938023157e-05,195,1,0
52,4,2,0,1,1,9.99277114868164,"[0.0, 9.99277114868164]",9.99277114868164,8.571428571428571,9.99277114868164,3.2499999999999933,0,1,0,84.810611307621,9.99277114868164e-06,195,1,0
52,5,3,0,1,1,9.973997388567243,"[0.0, 9.973997388567243]",9.973997388567243,8.571428571428571,9.973997388567243,5.28333333333332,0,1,0,84.50228805840015,9.973997388567244e-06,317,1,0
52,6,4,0,1,1,9.934474400111608,"[0.0, 9.934474400111608]",9.934474400111608,8.571428571428571,9.934474400111608,3.2499999999999933,0,1,0,84.8106565028429,9.934474400111608e-06,195,1,0
52,7,5,0,1,1,9.907177516392299,"[0.0, 9.907177516392299]",9.907177516392299,8.571428571428571,9.907177516392299,3.2333333333333267,0,1,0,84.1208511441946,9.907177516392299e-06,194,1,0
52,8,16,0,1,1,9.902428218296595,"[0.0, 9.902428218296595]",9.902428218296595,8.571428571428571,9.902428218296595,3.2333333333333267,0,1,0,84.12068599462509,9.902428218296596e-06,194,1,0
52,9,6,0,0,1,9.893074035644531,"[0.0, 9.893074035644531]",9.893074035644531,8.571428571428571,9.893074035644531,3.2333333333333267,0,1,0,84.12071073055267,9.893074035644531e-06,194,1,0
52,10,7,0,0,1,9.888736179896764,"[0.0, 9.888736179896764]",9.888736179896764,8.571428571428571,9.888736179896764,3.6166666666666587,0,1,0,84.798156067729,9.888736179896765e-06,217,1,0
52,11,47,0,0,1,9.757273537772042,"[0.0, 9.757273537772042]",9.757273537772042,8.571428571428571,9.757273537772042,3.21666666666666,0,1,0,82.74152594804764,9.757273537772042e-06,193,1,0
52,12,20,0,0,1,9.714385441371373,"[0.0, 9.714385441371373]",9.714385441371373,8.571428571428571,9.714385441371373,3.1999999999999935,0,1,0,82.7465134114027,9.714385441371373e-06,192,1,0
52,13,8,0,0,1,9.542906624930247,"[0.0, 9.542906624930247]",9.542906624930247,8.571428571428571,9.542906624930247,3.183333333333327,0,1,0,82.06329202651978,9.542906624930247e-06,191,1,0
52,14,60,0,0,1,9.465729849679128,"[0.0, 9.465729849679128]",9.465729849679128,8.571428571428571,9.465729849679128,3.183333333333327,0,1,0,81.80865533649921,9.465729849679128e-06,191,1,0
52,15,11,0,0,1,9.458179473876953,"[0.0, 9.458179473876953]",9.458179473876953,8.571428571428571,9.458179473876953,3.1666666666666603,0,1,0,81.38161048293114,9.458179473876953e-06,190,1,0
52,16,34,0,0,1,9.399926321847097,"[0.0, 9.399926321847097]",9.399926321847097,8.571428571428571,9.399926321847097,4.683333333333322,0,1,0,81.25791893899441,9.399926321847098e-06,281,1,0
52,17,22,0,0,1,9.258924211774554,"[0.0, 9.258924211774554]",9.258924211774554,8.571428571428571,9.258924211774554,3.133333333333327,0,1,0,80.02621185779572,9.258924211774553e-06,188,1,0
52,18,48,0,0,1,9.198575701032366,"[0.0, 9.198575701032366]",9.198575701032366,8.571428571428571,9.198575701032366,3.133333333333327,0,1,0,80.02589131891727,9.198575701032367e-06,188,1,0
52,19,21,0,0,1,9.18008804321289,"[0.0, 9.18008804321289]",9.18008804321289,8.571428571428571,9.18008804321289,4.949999999999988,0,1,0,80.74607971310616,9.180088043212891e-06,297,1,0
52,20,45,0,0,1,9.169442313058036,"[0.0, 9.169442313058036]",9.169442313058036,8.571428571428571,9.169442313058036,3.133333333333327,0,1,0,80.02569179236889,9.169442313058036e-06,188,1,0
52,21,38,0,0,1,9.093657902308873,"[0.0, 9.093657902308873]",9.093657902308873,8.571428571428571,9.093657902308873,3.133333333333327,0,1,0,80.02568697929382,9.093657902308874e-06,188,1,0
52,22,39,0,0,1,9.070535387311661,"[0.0, 9.070535387311661]",9.070535387311661,8.571428571428571,9.070535387311661,3.1166666666666605,0,1,0,79.35135850310326,9.070535387311661e-06,187,1,0
52,23,27,0,0,1,8.993328639439174,"[0.0, 8.993328639439174]",8.993328639439174,8.571428571428571,8.993328639439174,3.1166666666666605,0,1,0,79.351307913661,8.993328639439174e-06,187,1,0
52,24,50,0,0,1,8.948475973946708,"[0.0, 8.948475973946708]",8.948475973946708,8.571428571428571,8.948475973946708,3.1166666666666605,0,1,0,79.35127609968185,8.948475973946708e-06,187,1,0
52,25,29,0,0,1,8.75509262084961,"[0.0, 8.75509262084961]",8.75509262084961,8.571428571428571,8.75509262084961,3.099999999999994,0,1,0,78.6788387298584,8.755092620849609e-06,186,1,0
52,26,52,0,0,1,8.74187741960798,"[0.0, 8.74187741960798]",8.74187741960798,8.571428571428571,8.74187741960798,3.0833333333333273,0,1,0,78.00927245616913,8.74187741960798e-06,185,1,0
52,27,19,0,0,1,8.698210035051618,"[0.0, 8.698210035051618]",8.698210035051618,8.571428571428571,8.698210035051618,3.0833333333333273,0,1,0,78.00860072672367,8.698210035051617e-06,185,1,0
52,28,12,0,0,1,8.56560570853097,"[0.0, 8.56560570853097]",8.56560570853097,5.714285714285714,8.56560570853097,3.0833333333333273,0,1,0,78.00853079557419,8.56560570853097e-06,185,1,0
52,29,28,0,0,1,8.524276188441686,"[0.0, 8.524276188441686]",8.524276188441686,5.714285714285714,8.524276188441686,3.0833333333333273,0,1,0,78.00910829007626,8.524276188441686e-06,185,1,0
52,30,40,0,0,1,8.419072287423269,"[0.0, 8.419072287423269]",8.419072287423269,5.714285714285714,8.419072287423269,3.0666666666666607,0,1,0,77.3413578569889,8.419072287423269e-06,184,1,0
52,31,58,0,0,1,8.077820369175502,"[0.0, 8.077820369175502]",8.077820369175502,5.714285714285714,8.077820369175502,3.0333333333333274,0,1,0,76.01318426430225,8.077820369175502e-06,182,1,0
52,32,35,0,0,1,8.061458042689733,"[0.0, 8.061458042689733]",8.061458042689733,5.714285714285714,8.061458042689733,3.049999999999994,0,1,0,76.67585031688213,8.061458042689733e-06,183,1,0
52,33,56,0,0,0,8.043343680245536,"[0.0, 8.043343680245536]",8.043343680245536,5.714285714285714,8.043343680245536,3.0333333333333274,0,1,0,76.0127372443676,8.043343680245537e-06,182,1,0
52,34,37,0,0,0,7.9643467494419635,"[0.0, 7.9643467494419635]",7.9643467494419635,5.714285714285714,7.9643467494419635,3.016666666666661,0,1,0,75.35200820863247,7.964346749441963e-06,181,1,0
52,35,10,0,0,0,7.907660348074777,"[0.0, 7.907660348074777]",7.907660348074777,5.714285714285714,7.907660348074777,3.016666666666661,0,1,0,75.35203881561756,7.907660348074777e-06,181,1,0
52,36,53,0,0,0,7.831693376813615,"[0.0, 7.831693376813615]",7.831693376813615,5.714285714285714,7.831693376813615,3.183333333333327,0,1,0,74.69756118953228,7.831693376813615e-06,191,1,0
52,37,33,0,0,0,7.755325862339564,"[0.0, 7.755325862339564]",7.755325862339564,5.714285714285714,7.755325862339564,2.9999999999999942,0,1,0,74.69352827966213,7.755325862339565e-06,180,1,0
52,38,30,0,0,0,7.595198495047432,"[0.0, 7.595198495047432]",7.595198495047432,5.714285714285714,7.595198495047432,2.966666666666661,0,1,0,73.3836297094822,7.595198495047432e-06,178,1,0
52,39,41,0,0,0,7.536904471261161,"[0.0, 7.536904471261161]",7.536904471261161,5.714285714285714,7.536904471261161,2.966666666666661,0,1,0,73.09080593287945,7.53690447126116e-06,178,1,0
52,40,15,0,0,0,7.458970206124442,"[0.0, 7.458970206124442]",7.458970206124442,5.714285714285714,7.458970206124442,2.9499999999999944,0,1,0,72.73238940536976,7.458970206124442e-06,177,1,0
52,41,43,0,0,0,7.275802067347935,"[0.0, 7.275802067347935]",7.275802067347935,5.714285714285714,7.275802067347935,2.916666666666661,0,1,0,71.43618416786194,7.275802067347935e-06,175,1,0
52,42,9,0,0,0,7.142857142857142,"[0.0, 7.142857142857142]",7.142857142857142,5.714285714285714,7.142857142857142,2.8499999999999948,0,1,0,68.87255182862282,7.142857142857143e-06,171,1,0
52,43,23,0,0,0,5.612972804478237,"[0.0, 5.612972804478237]",5.612972804478237,2.857142857142857,5.612972804478237,2.28333333333333,0,1,0,48.64910988509655,5.612972804478237e-06,137,1,0
52,44,24,0,0,0,5.570073808942523,"[0.0, 5.570073808942523]",5.570073808942523,2.857142857142857,5.570073808942523,2.2666666666666635,0,1,0,48.098460242152214,5.5700738089425225e-06,136,1,0
52,45,36,0,0,0,5.317448207310268,"[0.0, 5.317448207310268]",5.317448207310268,2.857142857142857,5.317448207310268,2.1833333333333305,0,1,0,45.38183131814003,5.317448207310268e-06,131,1,0
52,46,55,0,0,0,5.293055943080357,"[0.0, 5.293055943080357]",5.293055943080357,2.857142857142857,5.293055943080357,2.1833333333333305,0,1,0,45.38229592144489,5.2930559430803565e-06,131,1,0
52,47,63,0,0,0,5.268069675990513,"[0.0, 5.268069675990513]",5.268069675990513,2.857142857142857,5.268069675990513,2.166666666666664,0,1,0,44.84676590561867,5.268069675990513e-06,130,1,0
52,48,57,0,0,0,5.211530412946429,"[0.0, 5.211530412946429]",5.211530412946429,2.857142857142857,5.211530412946429,2.1499999999999972,0,1,0,44.31398883461952,5.211530412946429e-06,129,1,0
52,49,61,0,0,0,5.207704816545759,"[0.0, 5.207704816545759]",5.207704816545759,2.857142857142857,5.207704816545759,2.1499999999999972,0,1,0,44.313985005021095,5.207704816545758e-06,129,1,0
52,50,17,0,0,0,5.202631269182477,"[0.0, 5.202631269182477]",5.202631269182477,2.857142857142857,5.202631269182477,2.1499999999999972,0,1,0,44.313724756240845,5.202631269182478e-06,129,1,0
52,51,59,0,0,0,5.160042898995536,"[0.0, 5.160042898995536]",5.160042898995536,2.857142857142857,5.160042898995536,2.1333333333333306,0,1,0,43.78360179066658,5.160042898995536e-06,128,1,0
52,52,44,0,0,0,5.014201572963169,"[0.0, 5.014201572963169]",5.014201572963169,2.857142857142857,5.014201572963169,2.083333333333331,0,1,0,42.20891247689724,5.014201572963169e-06,125,1,0
52,53,49,0,0,0,5.008119855608259,"[0.0, 5.008119855608259]",5.008119855608259,2.857142857142857,5.008119855608259,2.083333333333331,0,1,0,42.20907083153725,5.008119855608259e-06,125,1,0
52,54,42,0,0,0,4.963967459542411,"[0.0, 4.963967459542411]",4.963967459542411,2.857142857142857,4.963967459542411,2.066666666666664,0,1,0,41.689114689826965,4.96396745954241e-06,124,1,0
52,55,25,0,0,0,4.87060546875,"[0.0, 4.87060546875]",4.87060546875,2.857142857142857,4.87060546875,2.033333333333331,0,1,0,40.658067896962166,4.87060546875e-06,122,1,0
52,56,18,0,0,0,4.8644256591796875,"[0.0, 4.8644256591796875]",4.8644256591796875,2.857142857142857,4.8644256591796875,2.033333333333331,0,1,0,40.65797443687916,4.8644256591796874e-06,122,1,0
52,57,46,0,0,0,4.799248831612724,"[0.0, 4.799248831612724]",4.799248831612724,2.857142857142857,4.799248831612724,2.533333333333329,0,1,0,40.245504051446915,4.799248831612724e-06,152,1,0
52,58,54,0,0,0,4.745652335030693,"[0.0, 4.745652335030693]",4.745652335030693,2.857142857142857,4.745652335030693,2.449999999999996,0,1,0,39.53186409175396,4.745652335030693e-06,147,1,0
52,59,13,0,0,0,4.440187726702009,"[0.0, 4.440187726702009]",4.440187726702009,2.857142857142857,4.440187726702009,1.8833333333333315,0,1,0,36.150013864040375,4.440187726702009e-06,113,1,0
52,60,31,0,0,0,2.1558216639927457,"[0.0, 2.1558216639927457]",2.1558216639927457,0.0,2.1558216639927457,5.016666666666654,0,1,0,8.214071699345368,2.1558216639927456e-06,301,1,0
52,61,32,0,0,0,2.1539851597377235,"[0.0, 2.1539851597377235]",2.1539851597377235,0.0,2.1539851597377235,5.016666666666654,0,1,0,8.295920228680188,2.1539851597377234e-06,301,1,0
52,62,26,0,0,0,2.1115875244140625,"[0.0, 2.1115875244140625]",2.1115875244140625,0.0,2.1115875244140625,5.016666666666654,0,1,0,7.706075790891191,2.1115875244140626e-06,301,1,0
52,63,14,0,0,0,2.1103995186941966,"[0.0, 2.1103995186941966]",2.1103995186941966,0.0,2.1103995186941966,5.016666666666654,0,1,0,7.705918440165988,2.1103995186941968e-06,301,1,0
52,64,62,0,0,0,2.108350481305804,"[0.0, 2.108350481305804]",2.108350481305804,0.0,2.108350481305804,5.016666666666654,0,1,0,7.706613539921818,2.1083504813058037e-06,301,1,0
53,1,0,0,1,1,10.206157139369418,"[0.0, 10.206157139369418]",10.206157139369418,8.571428571428571,10.206157139369418,3.2833333333333266,0,1,0,86.19815623760223,1.0206157139369418e-05,197,1,0
53,2,1,0,1,1,10.197933741978236,"[0.0, 10.197933741978236]",10.197933741978236,8.571428571428571,10.197933741978236,3.2833333333333266,0,1,0,86.19837695360184,1.0197933741978236e-05,197,1,0
53,3,2,0,1,1,10.000465938023158,"[0.0, 10.000465938023158]",10.000465938023158,8.571428571428571,10.000465938023158,3.2499999999999933,0,1,0,84.81068161129951,1.0000465938023157e-05,195,1,0
53,4,3,0,1,1,9.99277114868164,"[0.0, 9.99277114868164]",9.99277114868164,8.571428571428571,9.99277114868164,3.2499999999999933,0,1,0,84.810611307621,9.99277114868164e-06,195,1,0
53,5,4,0,1,1,9.973997388567243,"[0.0, 9.973997388567243]",9.973997388567243,8.571428571428571,9.973997388567243,5.28333333333332,0,1,0,84.50228805840015,9.973997388567244e-06,317,1,0
53,6,5,0,1,1,9.934474400111608,"[0.0, 9.934474400111608]",9.934474400111608,8.571428571428571,9.934474400111608,3.2499999999999933,0,1,0,84.8106565028429,9.934474400111608e-06,195,1,0
53,7,6,0,1,1,9.907177516392299,"[0.0, 9.907177516392299]",9.907177516392299,8.571428571428571,9.907177516392299,3.2333333333333267,0,1,0,84.1208511441946,9.907177516392299e-06,194,1,0
53,8,7,0,1,1,9.902428218296595,"[0.0, 9.902428218296595]",9.902428218296595,8.571428571428571,9.902428218296595,3.2333333333333267,0,1,0,84.12068599462509,9.902428218296596e-06,194,1,0
53,9,63,0,0,1,9.741180964878629,"[0.0, 9.741180964878629]",9.741180964878629,8.571428571428571,9.741180964878629,3.1999999999999935,0,1,0,82.74678586423397,9.741180964878628e-06,192,1,0
53,10,10,0,0,1,9.576154436383929,"[0.0, 9.576154436383929]",9.576154436383929,8.571428571428571,9.576154436383929,3.183333333333327,0,1,0,82.06297516822815,9.576154436383928e-06,191,1,0
53,11,15,0,0,1,9.567255292619977,"[0.0, 9.567255292619977]",9.567255292619977,8.571428571428571,9.567255292619977,3.183333333333327,0,1,0,82.06312173604965,9.567255292619977e-06,191,1,0
53,12,16,0,0,1,9.550710405622208,"[0.0, 9.550710405622208]",9.550710405622208,8.571428571428571,9.550710405622208,3.183333333333327,0,1,0,82.06311431527138,9.550710405622209e-06,191,1,0
53,13,43,0,0,1,9.484950474330358,"[0.0, 9.484950474330358]",9.484950474330358,8.571428571428571,9.484950474330358,3.183333333333327,0,1,0,82.06328861415386,9.484950474330358e-06,191,1,0
53,14,28,0,0,1,9.480105808803014,"[0.0, 9.480105808803014]",9.480105808803014,8.571428571428571,9.480105808803014,3.1666666666666603,0,1,0,81.38144281506538,9.480105808803014e-06,190,1,0
53,15,52,0,0,1,9.313836778913226,"[0.0, 9.313836778913226]",9.313836778913226,8.571428571428571,9.313836778913226,3.1666666666666603,0,1,0,81.38175728917122,9.313836778913225e-06,190,1,0
53,16,51,0,0,1,9.275496346609934,"[0.0, 9.275496346609934]",9.275496346609934,8.571428571428571,9.275496346609934,3.1499999999999937,0,1,0,80.70255495607853,9.275496346609934e-06,189,1,0
53,17,18,0,0,1,9.259856087820872,"[0.0, 9.259856087820872]",9.259856087820872,8.571428571428571,9.259856087820872,3.1499999999999937,0,1,0,80.70239172875881,9.259856087820871e-06,189,1,0
53,18,21,0,0,1,9.228515625,"[0.0, 9.228515625]",9.228515625,8.571428571428571,9.228515625,3.133333333333327,0,1,0,80.02537353336811,9.228515625e-06,188,1,0
53,19,17,0,0,1,9.13290296282087,"[0.0, 9.13290296282087]",9.13290296282087,8.571428571428571,9.13290296282087,3.133333333333327,0,1,0,80.02619630098343,9.13290296282087e-06,188,1,0
53,20,49,0,0,1,9.10308565412249,"[0.0, 9.10308565412249]",9.10308565412249,8.571428571428571,9.10308565412249,3.133333333333327,0,1,0,79.78373505175114,9.10308565412249e-06,188,1,0
53,21,41,0,0,1,8.980601174490792,"[0.0, 8.980601174490792]",8.980601174490792,8.571428571428571,8.980601174490792,3.1166666666666605,0,1,0,79.35084044933319,8.980601174490792e-06,187,1,0
53,22,22,0,0,1,8.970437731061663,"[0.0, 8.970437731061663]",8.970437731061663,8.571428571428571,8.970437731061663,3.1166666666666605,0,1,0,79.3509069532156,8.970437731061663e-06,187,1,0
53,23,31,0,0,1,8.96195820399693,"[0.0, 8.96195820399693]",8.96195820399693,8.571428571428571,8.96195820399693,3.1166666666666605,0,1,0,79.35143192112446,8.96195820399693e-06,187,1,0
53,24,44,0,0,1,8.794683728899274,"[0.0, 8.794683728899274]",8.794683728899274,8.571428571428571,8.794683728899274,3.1166666666666605,0,1,0,79.35134997963905,8.794683728899274e-06,187,1,0
53,25,32,0,0,1,8.750324249267578,"[0.0, 8.750324249267578]",8.750324249267578,8.571428571428571,8.750324249267578,3.099999999999994,0,1,0,78.6791013777256,8.750324249267579e-06,186,1,0
53,26,24,0,0,1,8.7054443359375,"[0.0, 8.7054443359375]",8.7054443359375,8.571428571428571,8.7054443359375,3.0833333333333273,0,1,0,78.00902101397514,8.7054443359375e-06,185,1,0
53,27,58,0,0,1,8.62443378993443,"[0.0, 8.62443378993443]",8.62443378993443,8.571428571428571,8.62443378993443,3.0833333333333273,0,1,0,78.00909326970577,8.624433789934431e-06,185,1,0
53,28,47,0,0,1,8.614283970424106,"[0.0, 8.614283970424106]",8.614283970424106,8.571428571428571,8.614283970424106,3.0833333333333273,0,1,0,78.00853861868382,8.614283970424106e-06,185,1,0
53,29,57,0,0,1,8.5807010105678,"[0.0, 8.5807010105678]",8.5807010105678,8.571428571428571,8.5807010105678,3.0833333333333273,0,1,0,78.00896447896957,8.5807010105678e-06,185,1,0
53,30,62,0,0,1,8.34963389805385,"[0.0, 8.34963389805385]",8.34963389805385,5.714285714285714,8.34963389805385,3.0666666666666607,0,1,0,77.34132580459118,8.34963389805385e-06,184,1,0
53,31,11,0,0,1,8.323121752057757,"[0.0, 8.323121752057757]",8.323121752057757,5.714285714285714,8.323121752057757,3.0666666666666607,0,1,0,77.34131526947021,8.323121752057758e-06,184,1,0
53,32,53,0,0,1,8.288841247558594,"[0.0, 8.288841247558594]",8.288841247558594,5.714285714285714,8.288841247558594,3.0833333333333273,0,1,0,77.19621042907238,8.288841247558594e-06,185,1,0
53,33,14,0,0,0,8.083602360316686,"[0.0, 8.083602360316686]",8.083602360316686,5.714285714285714,8.083602360316686,3.0333333333333274,0,1,0,76.01244148612022,8.083602360316686e-06,182,1,0
53,34,55,0,0,0,8.022098541259766,"[0.0, 8.022098541259766]",8.022098541259766,5.714285714285714,8.022098541259766,3.0333333333333274,0,1,0,76.01289077103138,8.022098541259766e-06,182,1,0
53,35,35,0,0,0,7.876627785818917,"[0.0, 7.876627785818917]",7.876627785818917,5.714285714285714,7.876627785818917,3.016666666666661,0,1,0,75.35200434923172,7.876627785818917e-06,181,1,0
53,36,46,0,0,0,7.8724806649344305,"[0.0, 7.8724806649344305]",7.8724806649344305,5.714285714285714,7.8724806649344305,2.9999999999999942,0,1,0,74.69390469789505,7.872480664934431e-06,180,1,0
53,37,13,0,0,0,7.721394130161831,"[0.0, 7.721394130161831]",7.721394130161831,5.714285714285714,7.721394130161831,3.1999999999999935,0,1,0,74.443099334836,7.72139413016183e-06,192,1,0
53,38,20,0,0,0,7.584261213030135,"[0.0, 7.584261213030135]",7.584261213030135,5.714285714285714,7.584261213030135,2.966666666666661,0,1,0,73.38356211781502,7.584261213030134e-06,178,1,0
53,39,29,0,0,0,7.579893384660993,"[0.0, 7.579893384660993]",7.579893384660993,5.714285714285714,7.579893384660993,2.966666666666661,0,1,0,73.3834939301014,7.579893384660993e-06,178,1,0
53,40,54,0,0,0,7.317344120570592,"[0.0, 7.317344120570592]",7.317344120570592,5.714285714285714,7.317344120570592,2.916666666666661,0,1,0,71.43623474240303,7.317344120570592e-06,175,1,0
53,41,26,0,0,0,7.064399719238282,"[0.0, 7.064399719238282]",7.064399719238282,5.714285714285714,7.064399719238282,3.866666666666658,0,1,0,63.555885940790176,7.064399719238282e-06,232,1,0
53,42,45,0,0,0,5.803456987653459,"[0.0, 5.803456987653459]",5.803456987653459,5.714285714285714,5.803456987653459,2.3499999999999965,0,1,0,50.8790098875761,5.803456987653459e-06,141,1,0
53,43,9,0,0,0,5.712558201381138,"[0.0, 5.712558201381138]",5.712558201381138,2.857142857142857,5.712558201381138,2.3166666666666633,0,1,0,49.75877821445465,5.712558201381138e-06,139,1,0
53,44,48,0,0,0,5.711768014090401,"[0.0, 5.711768014090401]",5.711768014090401,2.857142857142857,5.711768014090401,2.3166666666666633,0,1,0,49.75890634953976,5.711768014090401e-06,139,1,0
53,45,38,0,0,0,5.65993172781808,"[0.0, 5.65993172781808]",5.65993172781808,2.857142857142857,5.65993172781808,2.2999999999999967,0,1,0,49.202359437942505,5.65993172781808e-06,138,1,0
53,46,56,0,0,0,5.596564156668526,"[0.0, 5.596564156668526]",5.596564156668526,2.857142857142857,5.596564156668526,2.28333333333333,0,1,0,48.648722633719444,5.596564156668526e-06,137,1,0
53,47,19,0,0,0,5.462205069405692,"[0.0, 5.462205069405692]",5.462205069405692,2.857142857142857,5.462205069405692,2.2333333333333303,0,1,0,47.00398328900337,5.462205069405692e-06,134,1,0
53,48,36,0,0,0,5.451676504952567,"[0.0, 5.451676504952567]",5.451676504952567,2.857142857142857,5.451676504952567,2.2333333333333303,0,1,0,47.003808066248894,5.451676504952567e-06,134,1,0
53,49,34,0,0,0,5.398063659667969,"[0.0, 5.398063659667969]",5.398063659667969,2.857142857142857,5.398063659667969,2.2166666666666637,0,1,0,46.46077761054039,5.398063659667969e-06,133,1,0
53,50,42,0,0,0,5.269099644252232,"[0.0, 5.269099644252232]",5.269099644252232,2.857142857142857,5.269099644252232,2.166666666666664,0,1,0,44.846655547618866,5.269099644252232e-06,130,1,0
53,51,12,0,0,0,5.20888192313058,"[0.0, 5.20888192313058]",5.20888192313058,2.857142857142857,5.20888192313058,2.1499999999999972,0,1,0,44.31420074403286,5.20888192313058e-06,129,1,0
53,52,60,0,0,0,5.17012459891183,"[0.0, 5.17012459891183]",5.17012459891183,2.857142857142857,5.17012459891183,2.1333333333333306,0,1,0,43.78385770320892,5.17012459891183e-06,128,1,0
53,53,40,0,0,0,5.149497985839844,"[0.0, 5.149497985839844]",5.149497985839844,2.857142857142857,5.149497985839844,2.1333333333333306,0,1,0,43.78372034430504,5.1494979858398435e-06,128,1,0
53,54,50,0,0,0,5.104054042271206,"[0.0, 5.104054042271206]",5.104054042271206,2.857142857142857,5.104054042271206,2.116666666666664,0,1,0,43.256360590457916,5.1040540422712055e-06,127,1,0
53,55,30,0,0,0,5.044190543038504,"[0.0, 5.044190543038504]",5.044190543038504,2.857142857142857,5.044190543038504,2.0999999999999974,0,1,0,42.73152752220631,5.0441905430385044e-06,126,1,0
53,56,39,0,0,0,5.014866420200892,"[0.0, 5.014866420200892]",5.014866420200892,2.857142857142857,5.014866420200892,2.083333333333331,0,1,0,42.20913502573967,5.014866420200892e-06,125,1,0
53,57,59,0,0,0,5.000059945242746,"[0.0, 5.000059945242746]",5.000059945242746,2.857142857142857,5.000059945242746,2.083333333333331,0,1,0,42.20890389382839,5.000059945242746e-06,125,1,0
53,58,37,0,0,0,4.969498770577567,"[0.0, 4.969498770577567]",4.969498770577567,2.857142857142857,4.969498770577567,2.066666666666664,0,1,0,41.68919885158539,4.969498770577567e-06,124,1,0
53,59,61,0,0,0,4.949586050851004,"[0.0, 4.949586050851004]",4.949586050851004,2.857142857142857,4.949586050851004,2.066666666666664,0,1,0,41.68926061689854,4.949586050851005e-06,124,1,0
53,60,8,0,0,0,4.726110185895648,"[0.0, 4.726110185895648]",4.726110185895648,2.857142857142857,4.726110185895648,1.9833333333333312,0,1,0,39.1311724036932,4.726110185895648e-06,119,1,0
53,61,25,0,0,0,4.528154645647321,"[0.0, 4.528154645647321]",4.528154645647321,2.857142857142857,4.528154645647321,1.9166666666666647,0,1,0,37.13318672776222,4.528154645647321e-06,115,1,0
53,62,27,0,0,0,2.1438435145786827,"[0.0, 2.1438435145786827]",2.1438435145786827,0.0,2.1438435145786827,5.016666666666654,0,1,0,8.120313804436591,2.1438435145786825e-06,301,1,0
53,63,33,0,0,0,2.109483991350446,"[0.0, 2.109483991350446]",2.109483991350446,0.0,2.109483991350446,5.016666666666654,0,1,0,7.705894842896669,2.1094839913504463e-06,301,1,0
53,64,23,0,0,0,1.8758283342633928,"[0.0, 1.8758283342633928]",1.8758283342633928,0.0,1.8758283342633928,5.016666666666654,0,1,0,5.173379935091361,1.8758283342633927e-06,301,1,0
54,1,0,0,1,1,10.206157139369418,"[0.0, 10.206157139369418]",10.206157139369418,8.571428571428571,10.206157139369418,3.2833333333333266,0,1,0,86.19815623760223,1.0206157139369418e-05,197,1,0
54,2,1,0,1,1,10.197933741978236,"[0.0, 10.197933741978236]",10.197933741978236,8.571428571428571,10.197933741978236,3.2833333333333266,0,1,0,86.19837695360184,1.0197933741978236e-05,197,1,0
54,3,2,0,1,1,10.000465938023158,"[0.0, 10.000465938023158]",10.000465938023158,8.571428571428571,10.000465938023158,3.2499999999999933,0,1,0,84.81068161129951,1.0000465938023157e-05,195,1,0
54,4,3,0,1,1,9.99277114868164,"[0.0, 9.99277114868164]",9.99277114868164,8.571428571428571,9.99277114868164,3.2499999999999933,0,1,0,84.810611307621,9.99277114868164e-06,195,1,0
54,5,4,0,1,1,9.973997388567243,"[0.0, 9.973997388567243]",9.973997388567243,8.571428571428571,9.973997388567243,5.28333333333332,0,1,0,84.50228805840015,9.973997388567244e-06,317,1,0
54,6,5,0,1,1,9.934474400111608,"[0.0, 9.934474400111608]",9.934474400111608,8.571428571428571,9.934474400111608,3.2499999999999933,0,1,0,84.8106565028429,9.934474400111608e-06,195,1,0
54,7,6,0,1,1,9.907177516392299,"[0.0, 9.907177516392299]",9.907177516392299,8.571428571428571,9.907177516392299,3.2333333333333267,0,1,0,84.1208511441946,9.907177516392299e-06,194,1,0
54,8,7,0,1,1,9.902428218296595,"[0.0, 9.902428218296595]",9.902428218296595,8.571428571428571,9.902428218296595,3.2333333333333267,0,1,0,84.12068599462509,9.902428218296596e-06,194,1,0
54,9,25,0,0,1,9.747867584228516,"[0.0, 9.747867584228516]",9.747867584228516,8.571428571428571,9.747867584228516,3.21666666666666,0,1,0,83.43230833113194,9.747867584228516e-06,193,1,0
54,10,35,0,0,1,9.721668788364955,"[0.0, 9.721668788364955]",9.721668788364955,8.571428571428571,9.721668788364955,3.1999999999999935,0,1,0,82.74639070034027,9.721668788364955e-06,192,1,0
54,11,50,0,0,1,9.614966256277901,"[0.0, 9.614966256277901]",9.614966256277901,8.571428571428571,9.614966256277901,3.183333333333327,0,1,0,82.06296843290329,9.614966256277901e-06,191,1,0
54,12,18,0,0,1,9.561149052211217,"[0.0, 9.561149052211217]",9.561149052211217,8.571428571428571,9.561149052211217,3.183333333333327,0,1,0,82.06272664666176,9.561149052211217e-06,191,1,0
54,13,20,0,0,1,9.546217237200056,"[0.0, 9.546217237200056]",9.546217237200056,8.571428571428571,9.546217237200056,3.183333333333327,0,1,0,82.06308794021606,9.546217237200056e-06,191,1,0
54,14,52,0,0,1,9.49112755911691,"[0.0, 9.49112755911691]",9.49112755911691,8.571428571428571,9.49112755911691,3.1666666666666603,0,1,0,81.3819712549448,9.49112755911691e-06,190,1,0
54,15,60,0,0,1,9.266692570277621,"[0.0, 9.266692570277621]",9.266692570277621,8.571428571428571,9.266692570277621,3.1499999999999937,0,1,0,80.70285275578499,9.266692570277622e-06,189,1,0
54,16,29,0,0,1,9.198169708251953,"[0.0, 9.198169708251953]",9.198169708251953,8.571428571428571,9.198169708251953,3.133333333333327,0,1,0,80.0254852771759,9.198169708251953e-06,188,1,0
54,17,12,0,0,1,9.182766505650111,"[0.0, 9.182766505650111]",9.182766505650111,8.571428571428571,9.182766505650111,3.1499999999999937,0,1,0,80.19976562261581,9.18276650565011e-06,189,1,0
54,18,39,0,0,1,9.153834751674108,"[0.0, 9.153834751674108]",9.153834751674108,8.571428571428571,9.153834751674108,3.133333333333327,0,1,0,80.02572762966156,9.153834751674107e-06,188,1,0
54,19,42,0,0,1,9.071260179792132,"[0.0, 9.071260179792132]",9.071260179792132,8.571428571428571,9.071260179792132,3.133333333333327,0,1,0,80.00678442418575,9.071260179792131e-06,188,1,0
54,20,19,0,0,1,9.032254900251116,"[0.0, 9.032254900251116]",9.032254900251116,8.571428571428571,9.032254900251116,3.1166666666666605,0,1,0,79.35127329826355,9.032254900251117e-06,187,1,0
54,21,48,0,0,1,9.020050593784877,"[0.0, 9.020050593784877]",9.020050593784877,8.571428571428571,9.020050593784877,3.1166666666666605,0,1,0,79.11828124523163,9.020050593784877e-06,187,1,0
54,22,36,0,0,1,8.991009848458427,"[0.0, 8.991009848458427]",8.991009848458427,8.571428571428571,8.991009848458427,3.1166666666666605,0,1,0,79.35160680115223,8.991009848458428e-06,187,1,0
54,23,11,0,0,1,8.864282880510602,"[0.0, 8.864282880510602]",8.864282880510602,8.571428571428571,8.864282880510602,3.1166666666666605,0,1,0,79.35154402256012,8.864282880510603e-06,187,1,0
54,24,16,0,0,1,8.789261409214564,"[0.0, 8.789261409214564]",8.789261409214564,8.571428571428571,8.789261409214564,3.1166666666666605,0,1,0,78.5314974039793,8.789261409214564e-06,187,1,0
54,25,37,0,0,1,8.697231837681361,"[0.0, 8.697231837681361]",8.697231837681361,8.571428571428571,8.697231837681361,3.099999999999994,0,1,0,78.67892609536648,8.697231837681361e-06,186,1,0
54,26,8,0,0,1,8.692665100097656,"[0.0, 8.692665100097656]",8.692665100097656,8.571428571428571,8.692665100097656,3.0833333333333273,0,1,0,78.00945129990578,8.692665100097656e-06,185,1,0
54,27,54,0,0,1,8.620845249720983,"[0.0, 8.620845249720983]",8.620845249720983,8.571428571428571,8.620845249720983,3.099999999999994,0,1,0,78.67871180176735,8.620845249720983e-06,186,1,0
54,28,13,0,0,1,8.495919363839285,"[0.0, 8.495919363839285]",8.495919363839285,5.714285714285714,8.495919363839285,3.0833333333333273,0,1,0,78.00898070633411,8.495919363839285e-06,185,1,0
54,29,30,0,0,1,8.259149278913224,"[0.0, 8.259149278913224]",8.259149278913224,5.714285714285714,8.259149278913224,3.049999999999994,0,1,0,76.6758040189743,8.259149278913224e-06,183,1,0
54,30,61,0,0,1,8.162291390555247,"[0.0, 8.162291390555247]",8.162291390555247,5.714285714285714,8.162291390555247,7.316666666666646,0,1,0,57.633289808698464,8.162291390555247e-06,439,1,0
54,31,27,0,0,1,8.14492906842913,"[0.0, 8.14492906842913]",8.14492906842913,5.714285714285714,8.14492906842913,3.049999999999994,0,1,0,76.67579238116741,8.14492906842913e-06,183,1,0
54,32,21,0,0,1,8.05725370134626,"[0.0, 8.05725370134626]",8.05725370134626,5.714285714285714,8.05725370134626,3.0333333333333274,0,1,0,76.01259307563305,8.05725370134626e-06,182,1,0
54,33,49,0,0,0,7.988597324916295,"[0.0, 7.988597324916295]",7.988597324916295,5.714285714285714,7.988597324916295,3.0333333333333274,0,1,0,76.01338523626328,7.988597324916296e-06,182,1,0
54,34,57,0,0,0,7.987071446010045,"[0.0, 7.987071446010045]",7.987071446010045,5.714285714285714,7.987071446010045,3.099999999999994,0,1,0,76.08681812882423,7.987071446010046e-06,186,1,0
54,35,51,0,0,0,7.6744215829031805,"[0.0, 7.6744215829031805]",7.6744215829031805,5.714285714285714,7.6744215829031805,2.9999999999999942,0,1,0,74.69398185610771,7.674421582903181e-06,180,1,0
54,36,56,0,0,0,7.570814405168806,"[0.0, 7.570814405168806]",7.570814405168806,5.714285714285714,7.570814405168806,2.966666666666661,0,1,0,73.3840965628624,7.570814405168806e-06,178,1,0
54,37,63,0,0,0,7.217709677559989,"[0.0, 7.217709677559989]",7.217709677559989,5.714285714285714,7.217709677559989,2.8999999999999946,0,1,0,70.7919744849205,7.2177096775599885e-06,174,1,0
54,38,45,0,0,0,6.722869873046874,"[0.0, 6.722869873046874]",6.722869873046874,5.714285714285714,6.722869873046874,2.6166666666666623,0,1,0,60.200145944952965,6.722869873046874e-06,157,1,0
54,39,46,0,0,0,5.722906930106027,"[0.0, 5.722906930106027]",5.722906930106027,5.714285714285714,5.722906930106027,2.3166666666666633,0,1,0,49.758745327591896,5.722906930106027e-06,139,1,0
54,40,40,0,0,0,5.598945617675781,"[0.0, 5.598945617675781]",5.598945617675781,2.857142857142857,5.598945617675781,2.28333333333333,0,1,0,48.64903283119202,5.598945617675781e-06,137,1,0
54,41,17,0,0,0,5.564477103097099,"[0.0, 5.564477103097099]",5.564477103097099,2.857142857142857,5.564477103097099,2.2666666666666635,0,1,0,48.0980953425169,5.564477103097099e-06,136,1,0
54,42,10,0,0,0,5.550782339913504,"[0.0, 5.550782339913504]",5.550782339913504,2.857142857142857,5.550782339913504,2.2666666666666635,0,1,0,48.098311603069305,5.5507823399135046e-06,136,1,0
54,43,26,0,0,0,5.492679050990514,"[0.0, 5.492679050990514]",5.492679050990514,2.857142857142857,5.492679050990514,2.249999999999997,0,1,0,47.549711883068085,5.4926790509905135e-06,135,1,0
54,44,24,0,0,0,5.413153512137277,"[0.0, 5.413153512137277]",5.413153512137277,2.857142857142857,5.413153512137277,2.2166666666666637,0,1,0,46.46090006828308,5.413153512137277e-06,133,1,0
54,45,32,0,0,0,5.407981872558594,"[0.0, 5.407981872558594]",5.407981872558594,2.857142857142857,5.407981872558594,2.2166666666666637,0,1,0,46.460411071777344,5.407981872558594e-06,133,1,0
54,46,38,0,0,0,5.356249128069197,"[0.0, 5.356249128069197]",5.356249128069197,2.857142857142857,5.356249128069197,2.199999999999997,0,1,0,45.91995087265968,5.3562491280691975e-06,132,1,0
54,47,44,0,0,0,5.325459071568081,"[0.0, 5.325459071568081]",5.325459071568081,2.857142857142857,5.325459071568081,2.8166666666666615,0,1,0,45.71576884388924,5.325459071568081e-06,169,1,0
54,48,15,0,0,0,5.209296090262277,"[0.0, 5.209296090262277]",5.209296090262277,2.857142857142857,5.209296090262277,2.1499999999999972,0,1,0,44.31393240392208,5.209296090262277e-06,129,1,0
54,49,31,0,0,0,5.171170915876115,"[0.0, 5.171170915876115]",5.171170915876115,2.857142857142857,5.171170915876115,2.1333333333333306,0,1,0,43.783635690808296,5.171170915876115e-06,128,1,0
54,50,53,0,0,0,5.160942077636719,"[0.0, 5.160942077636719]",5.160942077636719,2.857142857142857,5.160942077636719,2.1333333333333306,0,1,0,43.78364357352257,5.160942077636719e-06,128,1,0
54,51,59,0,0,0,5.099541800362723,"[0.0, 5.099541800362723]",5.099541800362723,2.857142857142857,5.099541800362723,2.116666666666664,0,1,0,43.25626386702061,5.099541800362723e-06,127,1,0
54,52,23,0,0,0,5.082953316824777,"[0.0, 5.082953316824777]",5.082953316824777,2.857142857142857,5.082953316824777,2.7666666666666617,0,1,0,43.054125621914864,5.082953316824777e-06,166,1,0
54,53,22,0,0,0,5.058555603027344,"[0.0, 5.058555603027344]",5.058555603027344,2.857142857142857,5.058555603027344,2.0999999999999974,0,1,0,42.73132283985615,5.058555603027344e-06,126,1,0
54,54,58,0,0,0,5.017705644880023,"[0.0, 5.017705644880023]",5.017705644880023,2.857142857142857,5.017705644880023,2.083333333333331,0,1,0,42.20897080004215,5.017705644880022e-06,125,1,0
54,55,62,0,0,0,5.005896432059152,"[0.0, 5.005896432059152]",5.005896432059152,2.857142857142857,5.005896432059152,2.083333333333331,0,1,0,42.20905466377735,5.005896432059152e-06,125,1,0
54,56,55,0,0,0,4.912142072405134,"[0.0, 4.912142072405134]",4.912142072405134,2.857142857142857,4.912142072405134,2.583333333333329,0,1,0,41.192816987633705,4.912142072405133e-06,155,1,0
54,57,34,0,0,0,4.869444710867746,"[0.0, 4.869444710867746]",4.869444710867746,2.857142857142857,4.869444710867746,2.033333333333331,0,1,0,40.65814293920994,4.8694447108677455e-06,122,1,0
54,58,9,0,0,0,4.825112479073661,"[0.0, 4.825112479073661]",4.825112479073661,2.857142857142857,4.825112479073661,2.0166666666666644,0,1,0,40.14652743935585,4.82511247907366e-06,121,1,0
54,59,33,0,0,0,4.6748842511858255,"[0.0, 4.6748842511858255]",4.6748842511858255,2.857142857142857,4.6748842511858255,1.9666666666666646,0,1,0,38.62756259739399,4.674884251185825e-06,118,1,0
54,60,28,0,0,0,4.5801544189453125,"[0.0, 4.5801544189453125]",4.5801544189453125,2.857142857142857,4.5801544189453125,1.9333333333333313,0,1,0,37.628536373376846,4.580154418945313e-06,116,1,0
54,61,47,0,0,0,4.4319370814732135,"[0.0, 4.4319370814732135]",4.4319370814732135,2.857142857142857,4.4319370814732135,1.8833333333333315,0,1,0,36.15001165866852,4.431937081473214e-06,113,1,0
54,62,14,0,0,0,2.180181230817522,"[0.0, 2.180181230817522]",2.180181230817522,0.0,2.180181230817522,5.016666666666654,0,1,0,8.490323140729743,2.180181230817522e-06,301,1,0
54,63,41,0,0,0,2.142159598214286,"[0.0, 2.142159598214286]",2.142159598214286,0.0,2.142159598214286,5.016666666666654,0,1,0,8.086304797376215,2.142159598214286e-06,301,1,0
54,64,43,0,0,0,1.875675746372768,"[0.0, 1.875675746372768]",1.875675746372768,0.0,1.875675746372768,5.016666666666654,0,1,0,5.1746656387113035,1.875675746372768e-06,301,1,0
55,1,0,0,1,1,10.206157139369418,"[0.0, 10.206157139369418]",10.206157139369418,8.571428571428571,10.206157139369418,3.2833333333333266,0,1,0,86.19815623760223,1.0206157139369418e-05,197,1,0
55,2,1,0,1,1,10.197933741978236,"[0.0, 10.197933741978236]",10.197933741978236,8.571428571428571,10.197933741978236,3.2833333333333266,0,1,0,86.19837695360184,1.0197933741978236e-05,197,1,0
55,3,2,0,1,1,10.000465938023158,"[0.0, 10.000465938023158]",10.000465938023158,8.571428571428571,10.000465938023158,3.2499999999999933,0,1,0,84.81068161129951,1.0000465938023157e-05,195,1,0
55,4,3,0,1,1,9.99277114868164,"[0.0, 9.99277114868164]",9.99277114868164,8.571428571428571,9.99277114868164,3.2499999999999933,0,1,0,84.810611307621,9.99277114868164e-06,195,1,0
55,5,27,0,1,1,9.98971939086914,"[0.0, 9.98971939086914]",9.98971939086914,8.571428571428571,9.98971939086914,3.2499999999999933,0,1,0,84.81095300614834,9.989719390869141e-06,195,1,0
55,6,4,0,1,1,9.973997388567243,"[0.0, 9.973997388567243]",9.973997388567243,8.571428571428571,9.973997388567243,5.28333333333332,0,1,0,84.50228805840015,9.973997388567244e-06,317,1,0
55,7,5,0,1,1,9.934474400111608,"[0.0, 9.934474400111608]",9.934474400111608,8.571428571428571,9.934474400111608,3.2499999999999933,0,1,0,84.8106565028429,9.934474400111608e-06,195,1,0
55,8,31,0,1,1,9.911354609898158,"[0.0, 9.911354609898158]",9.911354609898158,8.571428571428571,9.911354609898158,3.2333333333333267,0,1,0,84.12036690115929,9.911354609898158e-06,194,1,0
55,9,6,0,0,1,9.907177516392299,"[0.0, 9.907177516392299]",9.907177516392299,8.571428571428571,9.907177516392299,3.2333333333333267,0,1,0,84.1208511441946,9.907177516392299e-06,194,1,0
55,10,7,0,0,1,9.902428218296595,"[0.0, 9.902428218296595]",9.902428218296595,8.571428571428571,9.902428218296595,3.2333333333333267,0,1,0,84.12068599462509,9.902428218296596e-06,194,1,0
55,11,16,0,0,1,9.669639042445592,"[0.0, 9.669639042445592]",9.669639042445592,8.571428571428571,9.669639042445592,3.2333333333333267,0,1,0,82.93498004972935,9.669639042445592e-06,194,1,0
55,12,58,0,0,1,9.549184526715958,"[0.0, 9.549184526715958]",9.549184526715958,8.571428571428571,9.549184526715958,3.183333333333327,0,1,0,82.06244684755802,9.549184526715959e-06,191,1,0
55,13,39,0,0,1,9.543440682547432,"[0.0, 9.543440682547432]",9.543440682547432,8.571428571428571,9.543440682547432,3.1999999999999935,0,1,0,81.7676123380661,9.543440682547433e-06,192,1,0
55,14,40,0,0,1,9.530533381870814,"[0.0, 9.530533381870814]",9.530533381870814,8.571428571428571,9.530533381870814,3.1666666666666603,0,1,0,81.38189233839512,9.530533381870815e-06,190,1,0
55,15,47,0,0,1,9.513255528041295,"[0.0, 9.513255528041295]",9.513255528041295,8.571428571428571,9.513255528041295,3.1666666666666603,0,1,0,81.38162402808666,9.513255528041296e-06,190,1,0
55,16,60,0,0,1,9.459228515625,"[0.0, 9.459228515625]",9.459228515625,8.571428571428571,9.459228515625,3.1666666666666603,0,1,0,81.38111092150211,9.459228515625e-06,190,1,0
55,17,59,0,0,1,9.30873053414481,"[0.0, 9.30873053414481]",9.30873053414481,8.571428571428571,9.30873053414481,3.1499999999999937,0,1,0,80.70275564491749,9.30873053414481e-06,189,1,0
55,18,41,0,0,1,9.243760790143694,"[0.0, 9.243760790143694]",9.243760790143694,8.571428571428571,9.243760790143694,3.1499999999999937,0,1,0,80.70268605649471,9.243760790143694e-06,189,1,0
55,19,19,0,0,1,9.242123195103238,"[0.0, 9.242123195103238]",9.242123195103238,8.571428571428571,9.242123195103238,3.1499999999999937,0,1,0,80.70253597199917,9.242123195103238e-06,189,1,0
55,20,15,0,0,1,9.220687321254186,"[0.0, 9.220687321254186]",9.220687321254186,8.571428571428571,9.220687321254186,3.133333333333327,0,1,0,80.02552717924118,9.220687321254185e-06,188,1,0
55,21,45,0,0,1,9.13106918334961,"[0.0, 9.13106918334961]",9.13106918334961,8.571428571428571,9.13106918334961,3.133333333333327,0,1,0,80.02623715996742,9.131069183349609e-06,188,1,0
55,22,10,0,0,1,9.126431601388115,"[0.0, 9.126431601388115]",9.126431601388115,8.571428571428571,9.126431601388115,3.133333333333327,0,1,0,80.02051401138306,9.126431601388115e-06,188,1,0
55,23,53,0,0,1,9.085142953055247,"[0.0, 9.085142953055247]",9.085142953055247,8.571428571428571,9.085142953055247,3.133333333333327,0,1,0,79.95372930169106,9.085142953055247e-06,188,1,0
55,24,36,0,0,1,9.083450862339564,"[0.0, 9.083450862339564]",9.083450862339564,8.571428571428571,9.083450862339564,3.133333333333327,0,1,0,80.02546291053295,9.083450862339565e-06,188,1,0
55,25,61,0,0,1,8.978470393589564,"[0.0, 8.978470393589564]",8.978470393589564,8.571428571428571,8.978470393589564,3.1166666666666605,0,1,0,79.35155120491982,8.978470393589565e-06,187,1,0
55,26,35,0,0,1,8.81608418055943,"[0.0, 8.81608418055943]",8.81608418055943,8.571428571428571,8.81608418055943,3.1666666666666603,0,1,0,78.82856430113316,8.816084180559431e-06,190,1,0
55,27,38,0,0,1,8.661588941301618,"[0.0, 8.661588941301618]",8.661588941301618,8.571428571428571,8.661588941301618,3.099999999999994,0,1,0,78.6791874319315,8.661588941301618e-06,186,1,0
55,28,13,0,0,1,8.603553771972656,"[0.0, 8.603553771972656]",8.603553771972656,8.571428571428571,8.603553771972656,3.0833333333333273,0,1,0,78.00903092324734,8.603553771972657e-06,185,1,0
55,29,28,0,0,1,8.565709250313896,"[0.0, 8.565709250313896]",8.565709250313896,5.714285714285714,8.565709250313896,3.0833333333333273,0,1,0,78.00890591740608,8.565709250313895e-06,185,1,0
55,30,54,0,0,1,8.443047659737724,"[0.0, 8.443047659737724]",8.443047659737724,5.714285714285714,8.443047659737724,3.1999999999999935,0,1,0,77.47086679935455,8.443047659737724e-06,192,1,0
55,31,26,0,0,1,8.358276912144252,"[0.0, 8.358276912144252]",8.358276912144252,5.714285714285714,8.358276912144252,3.349999999999993,0,1,0,77.18246518075466,8.358276912144252e-06,201,1,0
55,32,30,0,0,1,8.221149444580078,"[0.0, 8.221149444580078]",8.221149444580078,5.714285714285714,8.221149444580078,3.049999999999994,0,1,0,76.67610581219196,8.221149444580078e-06,183,1,0
55,33,52,0,0,0,8.059417179652623,"[0.0, 8.059417179652623]",8.059417179652623,5.714285714285714,8.059417179652623,3.0333333333333274,0,1,0,76.01309198141098,8.059417179652623e-06,182,1,0
55,34,24,0,0,0,7.94985362461635,"[0.0, 7.94985362461635]",7.94985362461635,5.714285714285714,7.94985362461635,3.0333333333333274,0,1,0,76.01294864714146,7.94985362461635e-06,182,1,0
55,35,51,0,0,0,7.937551225934709,"[0.0, 7.937551225934709]",7.937551225934709,5.714285714285714,7.937551225934709,3.016666666666661,0,1,0,75.35192760825157,7.93755122593471e-06,181,1,0
55,36,8,0,0,0,7.926744733537946,"[0.0, 7.926744733537946]",7.926744733537946,5.714285714285714,7.926744733537946,3.0333333333333274,0,1,0,75.58498159050941,7.926744733537946e-06,182,1,0
55,37,23,0,0,0,7.880341666085379,"[0.0, 7.880341666085379]",7.880341666085379,5.714285714285714,7.880341666085379,3.399999999999993,0,1,0,74.96945771574974,7.88034166608538e-06,204,1,0
55,38,42,0,0,0,7.825459071568081,"[0.0, 7.825459071568081]",7.825459071568081,5.714285714285714,7.825459071568081,3.016666666666661,0,1,0,75.3522336781025,7.825459071568081e-06,181,1,0
55,39,9,0,0,0,7.731492178780693,"[0.0, 7.731492178780693]",7.731492178780693,5.714285714285714,7.731492178780693,3.016666666666661,0,1,0,74.80552145838737,7.731492178780693e-06,181,1,0
55,40,25,0,0,0,7.48117174421038,"[0.0, 7.48117174421038]",7.48117174421038,5.714285714285714,7.48117174421038,2.9499999999999944,0,1,0,72.73242960870266,7.481171744210381e-06,177,1,0
55,41,12,0,0,0,7.142857142857142,"[0.0, 7.142857142857142]",7.142857142857142,5.714285714285714,7.142857142857142,2.8166666666666615,0,1,0,67.43713779747486,7.142857142857143e-06,169,1,0
55,42,21,0,0,0,5.662416730608259,"[0.0, 5.662416730608259]",5.662416730608259,2.857142857142857,5.662416730608259,2.2999999999999967,0,1,0,49.20284388959408,5.662416730608258e-06,138,1,0
55,43,44,0,0,0,5.568580627441406,"[0.0, 5.568580627441406]",5.568580627441406,2.857142857142857,5.568580627441406,2.2666666666666635,0,1,0,48.09802360832691,5.568580627441406e-06,136,1,0
55,44,29,0,0,0,5.47564915248326,"[0.0, 5.47564915248326]",5.47564915248326,2.857142857142857,5.47564915248326,3.1666666666666603,0,1,0,47.22884449362755,5.4756491524832595e-06,190,1,0
55,45,14,0,0,0,5.468357631138393,"[0.0, 5.468357631138393]",5.468357631138393,2.857142857142857,5.468357631138393,2.2333333333333303,0,1,0,47.00357224047184,5.4683576311383935e-06,134,1,0
55,46,56,0,0,0,5.37017822265625,"[0.0, 5.37017822265625]",5.37017822265625,2.857142857142857,5.37017822265625,2.199999999999997,0,1,0,45.92003537714481,5.37017822265625e-06,132,1,0
55,47,49,0,0,0,5.257502964564733,"[0.0, 5.257502964564733]",5.257502964564733,2.857142857142857,5.257502964564733,2.166666666666664,0,1,0,44.775177642703056,5.257502964564732e-06,130,1,0
55,48,63,0,0,0,5.211574009486608,"[0.0, 5.211574009486608]",5.211574009486608,2.857142857142857,5.211574009486608,2.1499999999999972,0,1,0,44.31422585248947,5.211574009486608e-06,129,1,0
55,49,22,0,0,0,5.203105381556919,"[0.0, 5.203105381556919]",5.203105381556919,2.857142857142857,5.203105381556919,2.8666666666666614,0,1,0,44.17288537323475,5.203105381556919e-06,172,1,0
55,50,33,0,0,0,5.1549530029296875,"[0.0, 5.1549530029296875]",5.1549530029296875,2.857142857142857,5.1549530029296875,2.1333333333333306,0,1,0,43.78376330435276,5.1549530029296874e-06,128,1,0
55,51,18,0,0,0,5.10361807686942,"[0.0, 5.10361807686942]",5.10361807686942,2.857142857142857,5.10361807686942,2.116666666666664,0,1,0,43.25626340508461,5.1036180768694205e-06,127,1,0
55,52,37,0,0,0,5.063318525041852,"[0.0, 5.063318525041852]",5.063318525041852,2.857142857142857,5.063318525041852,2.0999999999999974,0,1,0,42.73168055713177,5.063318525041852e-06,126,1,0
55,53,17,0,0,0,5.002866472516741,"[0.0, 5.002866472516741]",5.002866472516741,2.857142857142857,5.002866472516741,2.083333333333331,0,1,0,42.20875038206577,5.002866472516741e-06,125,1,0
55,54,32,0,0,0,4.82513427734375,"[0.0, 4.82513427734375]",4.82513427734375,2.857142857142857,4.82513427734375,2.3499999999999965,0,1,0,40.217836022377014,4.82513427734375e-06,141,1,0
55,55,55,0,0,0,4.721805027553013,"[0.0, 4.721805027553013]",4.721805027553013,2.857142857142857,4.721805027553013,1.9833333333333312,0,1,0,39.13119727373123,4.721805027553013e-06,119,1,0
55,56,43,0,0,0,4.6238218035016745,"[0.0, 4.6238218035016745]",4.6238218035016745,2.857142857142857,4.6238218035016745,1.949999999999998,0,1,0,38.12668186426163,4.623821803501675e-06,117,1,0
55,57,46,0,0,0,4.444318498883929,"[0.0, 4.444318498883929]",4.444318498883929,2.857142857142857,4.444318498883929,1.8833333333333315,0,1,0,36.14963813126087,4.444318498883929e-06,113,1,0
55,58,48,0,0,0,4.396863664899554,"[0.0, 4.396863664899554]",4.396863664899554,2.857142857142857,4.396863664899554,3.6166666666666587,0,1,0,35.63709933310747,4.396863664899554e-06,217,1,0
55,59,11,0,0,0,2.1575328281947543,"[0.0, 2.1575328281947543]",2.1575328281947543,0.0,2.1575328281947543,5.016666666666654,0,1,0,8.214788204873912,2.1575328281947542e-06,301,1,0
55,60,57,0,0,0,2.1558598109654015,"[0.0, 2.1558598109654015]",2.1558598109654015,0.0,2.1558598109654015,5.016666666666654,0,1,0,8.214185761389672,2.1558598109654017e-06,301,1,0
55,61,62,0,0,0,2.14498792375837,"[0.0, 2.14498792375837]",2.14498792375837,0.0,2.14498792375837,5.016666666666654,0,1,0,8.131498158079921,2.1449879237583703e-06,301,1,0
55,62,34,0,0,0,2.111860002790179,"[0.0, 2.111860002790179]",2.111860002790179,0.0,2.111860002790179,5.016666666666654,0,1,0,7.705767358653247,2.111860002790179e-06,301,1,0
55,63,50,0,0,0,2.1115875244140625,"[0.0, 2.1115875244140625]",2.1115875244140625,0.0,2.1115875244140625,5.016666666666654,0,1,0,7.706098058377393,2.1115875244140626e-06,301,1,0
55,64,20,0,0,0,2.1080725533621654,"[0.0, 2.1080725533621654]",2.1080725533621654,0.0,2.1080725533621654,5.016666666666654,0,1,0,7.706176549269003,2.1080725533621655e-06,301,1,0
56,1,0,0,1,1,10.206157139369418,"[0.0, 10.206157139369418]",10.206157139369418,8.571428571428571,10.206157139369418,3.2833333333333266,0,1,0,86.19815623760223,1.0206157139369418e-05,197,1,0
56,2,1,0,1,1,10.197933741978236,"[0.0, 10.197933741978236]",10.197933741978236,8.571428571428571,10.197933741978236,3.2833333333333266,0,1,0,86.19837695360184,1.0197933741978236e-05,197,1,0
56,3,2,0,1,1,10.000465938023158,"[0.0, 10.000465938023158]",10.000465938023158,8.571428571428571,10.000465938023158,3.2499999999999933,0,1,0,84.81068161129951,1.0000465938023157e-05,195,1,0
56,4,3,0,1,1,9.99277114868164,"[0.0, 9.99277114868164]",9.99277114868164,8.571428571428571,9.99277114868164,3.2499999999999933,0,1,0,84.810611307621,9.99277114868164e-06,195,1,0
56,5,4,0,1,1,9.98971939086914,"[0.0, 9.98971939086914]",9.98971939086914,8.571428571428571,9.98971939086914,3.2499999999999933,0,1,0,84.81095300614834,9.989719390869141e-06,195,1,0
56,6,5,0,1,1,9.973997388567243,"[0.0, 9.973997388567243]",9.973997388567243,8.571428571428571,9.973997388567243,5.28333333333332,0,1,0,84.50228805840015,9.973997388567244e-06,317,1,0
56,7,49,0,1,1,9.957466125488281,"[0.0, 9.957466125488281]",9.957466125488281,8.571428571428571,9.957466125488281,3.2333333333333267,0,1,0,84.12052515149117,9.957466125488281e-06,194,1,0
56,8,6,0,1,1,9.934474400111608,"[0.0, 9.934474400111608]",9.934474400111608,8.571428571428571,9.934474400111608,3.2499999999999933,0,1,0,84.8106565028429,9.934474400111608e-06,195,1,0
56,9,7,0,0,1,9.911354609898158,"[0.0, 9.911354609898158]",9.911354609898158,8.571428571428571,9.911354609898158,3.2333333333333267,0,1,0,84.12036690115929,9.911354609898158e-06,194,1,0
56,10,46,0,0,1,9.73639624459403,"[0.0, 9.73639624459403]",9.73639624459403,8.571428571428571,9.73639624459403,3.1999999999999935,0,1,0,82.74654302001,9.73639624459403e-06,192,1,0
56,11,10,0,0,1,9.729633331298828,"[0.0, 9.729633331298828]",9.729633331298828,8.571428571428571,9.729633331298828,3.1999999999999935,0,1,0,82.74610784649849,9.729633331298829e-06,192,1,0
56,12,48,0,0,1,9.640069689069474,"[0.0, 9.640069689069474]",9.640069689069474,8.571428571428571,9.640069689069474,3.21666666666666,0,1,0,82.29301178455353,9.640069689069474e-06,193,1,0
56,13,42,0,0,1,9.61599349975586,"[0.0, 9.61599349975586]",9.61599349975586,8.571428571428571,9.61599349975586,3.183333333333327,0,1,0,82.06285111606121,9.61599349975586e-06,191,1,0
56,14,35,0,0,1,9.484094892229352,"[0.0, 9.484094892229352]",9.484094892229352,8.571428571428571,9.484094892229352,3.2499999999999933,0,1,0,81.3704296797514,9.484094892229353e-06,195,1,0
56,15,57,0,0,1,9.420569283621653,"[0.0, 9.420569283621653]",9.420569283621653,8.571428571428571,9.420569283621653,3.1666666666666603,0,1,0,81.3814467638731,9.420569283621653e-06,190,1,0
56,16,14,0,0,1,9.402574811662946,"[0.0, 9.402574811662946]",9.402574811662946,8.571428571428571,9.402574811662946,3.1666666666666603,0,1,0,81.38150468468666,9.402574811662946e-06,190,1,0
56,17,50,0,0,1,9.400811876569476,"[0.0, 9.400811876569476]",9.400811876569476,8.571428571428571,9.400811876569476,3.1666666666666603,0,1,0,81.38174173235893,9.400811876569476e-06,190,1,0
56,18,25,0,0,1,9.329261779785156,"[0.0, 9.329261779785156]",9.329261779785156,8.571428571428571,9.329261779785156,3.1666666666666603,0,1,0,81.38158026337624,9.329261779785156e-06,190,1,0
56,19,21,0,0,1,9.289825984409877,"[0.0, 9.289825984409877]",9.289825984409877,8.571428571428571,9.289825984409877,3.1499999999999937,0,1,0,80.7027750313282,9.289825984409877e-06,189,1,0
56,20,45,0,0,1,9.210548400878906,"[0.0, 9.210548400878906]",9.210548400878906,8.571428571428571,9.210548400878906,3.133333333333327,0,1,0,80.02600146830082,9.210548400878905e-06,188,1,0
56,21,23,0,0,1,9.173344203404017,"[0.0, 9.173344203404017]",9.173344203404017,8.571428571428571,9.173344203404017,3.1499999999999937,0,1,0,80.55444784462452,9.173344203404018e-06,189,1,0
56,22,37,0,0,1,9.12238529750279,"[0.0, 9.12238529750279]",9.12238529750279,8.571428571428571,9.12238529750279,3.133333333333327,0,1,0,80.02559600770473,9.12238529750279e-06,188,1,0
56,23,53,0,0,1,9.01242664882115,"[0.0, 9.01242664882115]",9.01242664882115,8.571428571428571,9.01242664882115,3.1166666666666605,0,1,0,79.19712010025978,9.012426648821149e-06,187,1,0
56,24,47,0,0,1,8.920974731445312,"[0.0, 8.920974731445312]",8.920974731445312,8.571428571428571,8.920974731445312,3.1166666666666605,0,1,0,79.3514796346426,8.920974731445312e-06,187,1,0
56,25,18,0,0,1,8.902895791190012,"[0.0, 8.902895791190012]",8.902895791190012,8.571428571428571,8.902895791190012,3.099999999999994,0,1,0,78.6791635453701,8.902895791190012e-06,186,1,0
56,26,58,0,0,1,8.888639722551618,"[0.0, 8.888639722551618]",8.888639722551618,8.571428571428571,8.888639722551618,3.1166666666666605,0,1,0,79.35124705731869,8.888639722551618e-06,187,1,0
56,27,33,0,0,1,8.729547773088727,"[0.0, 8.729547773088727]",8.729547773088727,8.571428571428571,8.729547773088727,3.099999999999994,0,1,0,78.67900367081165,8.729547773088728e-06,186,1,0
56,28,63,0,0,1,8.684872218540736,"[0.0, 8.684872218540736]",8.684872218540736,8.571428571428571,8.684872218540736,3.0833333333333273,0,1,0,78.00890156626701,8.684872218540737e-06,185,1,0
56,29,61,0,0,1,8.667586190359932,"[0.0, 8.667586190359932]",8.667586190359932,8.571428571428571,8.667586190359932,3.0833333333333273,0,1,0,78.00873781740665,8.667586190359933e-06,185,1,0
56,30,44,0,0,1,8.562158857073102,"[0.0, 8.562158857073102]",8.562158857073102,5.714285714285714,8.562158857073102,3.0833333333333273,0,1,0,78.00930008292198,8.562158857073102e-06,185,1,0
56,31,16,0,0,1,8.530916486467634,"[0.0, 8.530916486467634]",8.530916486467634,5.714285714285714,8.530916486467634,3.0833333333333273,0,1,0,78.00856511294842,8.530916486467634e-06,185,1,0
56,32,62,0,0,1,8.493965693882535,"[0.0, 8.493965693882535]",8.493965693882535,5.714285714285714,8.493965693882535,7.316666666666646,0,1,0,57.632495511934394,8.493965693882534e-06,439,1,0
56,33,55,0,0,0,8.437505449567523,"[0.0, 8.437505449567523]",8.437505449567523,5.714285714285714,8.437505449567523,3.099999999999994,0,1,0,77.55481676757336,8.437505449567523e-06,186,1,0
56,34,22,0,0,0,8.41879163469587,"[0.0, 8.41879163469587]",8.41879163469587,5.714285714285714,8.41879163469587,3.0666666666666607,0,1,0,77.34155145287514,8.41879163469587e-06,184,1,0
56,35,29,0,0,0,8.37230954851423,"[0.0, 8.37230954851423]",8.37230954851423,5.714285714285714,8.37230954851423,3.0666666666666607,0,1,0,77.34143693745136,8.37230954851423e-06,184,1,0
56,36,38,0,0,0,8.354137965611049,"[0.0, 8.354137965611049]",8.354137965611049,5.714285714285714,8.354137965611049,3.0666666666666607,0,1,0,77.34155644476414,8.35413796561105e-06,184,1,0
56,37,39,0,0,0,8.313418797084264,"[0.0, 8.313418797084264]",8.313418797084264,5.714285714285714,8.313418797084264,3.0833333333333273,0,1,0,77.18550591170788,8.313418797084265e-06,185,1,0
56,38,43,0,0,0,8.281476157052177,"[0.0, 8.281476157052177]",8.281476157052177,5.714285714285714,8.281476157052177,3.049999999999994,0,1,0,76.67582282423973,8.281476157052176e-06,183,1,0
56,39,8,0,0,0,8.032474517822266,"[0.0, 8.032474517822266]",8.032474517822266,5.714285714285714,8.032474517822266,3.0333333333333274,0,1,0,76.01273766160011,8.032474517822266e-06,182,1,0
56,40,52,0,0,0,7.82637459891183,"[0.0, 7.82637459891183]",7.82637459891183,5.714285714285714,7.82637459891183,2.9999999999999942,0,1,0,74.64589405059814,7.82637459891183e-06,180,1,0
56,41,27,0,0,0,7.650879451206752,"[0.0, 7.650879451206752]",7.650879451206752,5.714285714285714,7.650879451206752,2.9833333333333276,0,1,0,74.03736041486263,7.650879451206752e-06,179,1,0
56,42,19,0,0,0,7.540103367396764,"[0.0, 7.540103367396764]",7.540103367396764,5.714285714285714,7.540103367396764,3.1499999999999937,0,1,0,73.23995524644852,7.540103367396764e-06,189,1,0
56,43,24,0,0,0,7.419539860316686,"[0.0, 7.419539860316686]",7.419539860316686,5.714285714285714,7.419539860316686,2.9499999999999944,0,1,0,72.73191204667091,7.419539860316686e-06,177,1,0
56,44,59,0,0,0,5.759152003696986,"[0.0, 5.759152003696986]",5.759152003696986,5.714285714285714,5.759152003696986,2.33333333333333,0,1,0,50.317028388381004,5.7591520036969865e-06,140,1,0
56,45,15,0,0,0,5.719893319266183,"[0.0, 5.719893319266183]",5.719893319266183,5.714285714285714,5.719893319266183,2.3166666666666633,0,1,0,49.75922444462776,5.7198933192661836e-06,139,1,0
56,46,36,0,0,0,5.670024326869419,"[0.0, 5.670024326869419]",5.670024326869419,2.857142857142857,5.670024326869419,2.2999999999999967,0,1,0,49.202687948942184,5.6700243268694195e-06,138,1,0
56,47,30,0,0,0,5.669125148228236,"[0.0, 5.669125148228236]",5.669125148228236,2.857142857142857,5.669125148228236,2.2999999999999967,0,1,0,49.202932238578796,5.669125148228236e-06,138,1,0
56,48,54,0,0,0,5.654901776994977,"[0.0, 5.654901776994977]",5.654901776994977,2.857142857142857,5.654901776994977,2.2999999999999967,0,1,0,49.20262171328068,5.654901776994978e-06,138,1,0
56,49,20,0,0,0,5.599534170968192,"[0.0, 5.599534170968192]",5.599534170968192,2.857142857142857,5.599534170968192,2.28333333333333,0,1,0,48.648975402116776,5.599534170968192e-06,137,1,0
56,50,13,0,0,0,5.519387381417411,"[0.0, 5.519387381417411]",5.519387381417411,2.857142857142857,5.519387381417411,4.849999999999988,0,1,0,47.75624137930572,5.519387381417411e-06,291,1,0
56,51,11,0,0,0,5.462025233677456,"[0.0, 5.462025233677456]",5.462025233677456,2.857142857142857,5.462025233677456,2.2333333333333303,0,1,0,47.00400857627392,5.462025233677456e-06,134,1,0
56,52,31,0,0,0,5.447235107421875,"[0.0, 5.447235107421875]",5.447235107421875,2.857142857142857,5.447235107421875,2.2333333333333303,0,1,0,47.004057839512825,5.447235107421875e-06,134,1,0
56,53,34,0,0,0,5.410614013671875,"[0.0, 5.410614013671875]",5.410614013671875,2.857142857142857,5.410614013671875,2.2166666666666637,0,1,0,46.461179822683334,5.410614013671875e-06,133,1,0
56,54,40,0,0,0,5.4036985124860495,"[0.0, 5.4036985124860495]",5.4036985124860495,2.857142857142857,5.4036985124860495,2.2166666666666637,0,1,0,46.461173102259636,5.40369851248605e-06,133,1,0
56,55,12,0,0,0,5.397469656808036,"[0.0, 5.397469656808036]",5.397469656808036,2.857142857142857,5.397469656808036,2.2166666666666637,0,1,0,46.46096220612526,5.397469656808036e-06,133,1,0
56,56,17,0,0,0,5.365328107561384,"[0.0, 5.365328107561384]",5.365328107561384,2.857142857142857,5.365328107561384,6.21666666666665,0,1,0,45.94606934909825,5.3653281075613835e-06,373,1,0
56,57,28,0,0,0,5.2776064191545755,"[0.0, 5.2776064191545755]",5.2776064191545755,2.857142857142857,5.2776064191545755,6.2333333333333165,0,1,0,45.33825186321337,5.277606419154576e-06,374,1,0
56,58,51,0,0,0,5.197170802525112,"[0.0, 5.197170802525112]",5.197170802525112,2.857142857142857,5.197170802525112,2.1499999999999972,0,1,0,44.31381207704544,5.197170802525112e-06,129,1,0
56,59,32,0,0,0,5.062833513532365,"[0.0, 5.062833513532365]",5.062833513532365,2.857142857142857,5.062833513532365,2.0999999999999974,0,1,0,42.730989173054695,5.062833513532365e-06,126,1,0
56,60,60,0,0,0,4.96894291469029,"[0.0, 4.96894291469029]",4.96894291469029,2.857142857142857,4.96894291469029,2.066666666666664,0,1,0,41.689048290252686,4.96894291469029e-06,124,1,0
56,61,56,0,0,0,4.968000139508929,"[0.0, 4.968000139508929]",4.968000139508929,2.857142857142857,4.968000139508929,2.066666666666664,0,1,0,41.6893031001091,4.968000139508929e-06,124,1,0
56,62,26,0,0,0,4.8189544677734375,"[0.0, 4.8189544677734375]",4.8189544677734375,2.857142857142857,4.8189544677734375,2.0166666666666644,0,1,0,40.14638078212738,4.818954467773438e-06,121,1,0
56,63,9,0,0,0,2.158829825265067,"[0.0, 2.158829825265067]",2.158829825265067,0.0,2.158829825265067,5.016666666666654,0,1,0,8.231162966636475,2.1588298252650667e-06,301,1,0
56,64,41,0,0,0,2.111772809709821,"[0.0, 2.111772809709821]",2.111772809709821,0.0,2.111772809709821,5.016666666666654,0,1,0,7.705791752552614,2.111772809709821e-06,301,1,0
57,1,0,0,1,1,10.206157139369418,"[0.0, 10.206157139369418]",10.206157139369418,8.571428571428571,10.206157139369418,3.2833333333333266,0,1,0,86.19815623760223,1.0206157139369418e-05,197,1,0
57,2,1,0,1,1,10.197933741978236,"[0.0, 10.197933741978236]",10.197933741978236,8.571428571428571,10.197933741978236,3.2833333333333266,0,1,0,86.19837695360184,1.0197933741978236e-05,197,1,0
57,3,2,0,1,1,10.000465938023158,"[0.0, 10.000465938023158]",10.000465938023158,8.571428571428571,10.000465938023158,3.2499999999999933,0,1,0,84.81068161129951,1.0000465938023157e-05,195,1,0
57,4,3,0,1,1,9.99277114868164,"[0.0, 9.99277114868164]",9.99277114868164,8.571428571428571,9.99277114868164,3.2499999999999933,0,1,0,84.810611307621,9.99277114868164e-06,195,1,0
57,5,4,0,1,1,9.98971939086914,"[0.0, 9.98971939086914]",9.98971939086914,8.571428571428571,9.98971939086914,3.2499999999999933,0,1,0,84.81095300614834,9.989719390869141e-06,195,1,0
57,6,5,0,1,1,9.973997388567243,"[0.0, 9.973997388567243]",9.973997388567243,8.571428571428571,9.973997388567243,5.28333333333332,0,1,0,84.50228805840015,9.973997388567244e-06,317,1,0
57,7,61,0,1,1,9.963629586356026,"[0.0, 9.963629586356026]",9.963629586356026,8.571428571428571,9.963629586356026,3.2499999999999933,0,1,0,84.69689175486565,9.963629586356027e-06,195,1,0
57,8,6,0,1,1,9.957466125488281,"[0.0, 9.957466125488281]",9.957466125488281,8.571428571428571,9.957466125488281,3.2333333333333267,0,1,0,84.12052515149117,9.957466125488281e-06,194,1,0
57,9,7,0,0,1,9.934474400111608,"[0.0, 9.934474400111608]",9.934474400111608,8.571428571428571,9.934474400111608,3.2499999999999933,0,1,0,84.8106565028429,9.934474400111608e-06,195,1,0
57,10,42,0,0,1,9.835049765450615,"[0.0, 9.835049765450615]",9.835049765450615,8.571428571428571,9.835049765450615,3.21666666666666,0,1,0,83.43256832659245,9.835049765450614e-06,193,1,0
57,11,30,0,0,1,9.80928693498884,"[0.0, 9.80928693498884]",9.80928693498884,8.571428571428571,9.80928693498884,3.21666666666666,0,1,0,83.43268387019634,9.80928693498884e-06,193,1,0
57,12,20,0,0,1,9.571067265101842,"[0.0, 9.571067265101842]",9.571067265101842,8.571428571428571,9.571067265101842,3.183333333333327,0,1,0,82.06342706084251,9.571067265101841e-06,191,1,0
57,13,52,0,0,1,9.569129943847656,"[0.0, 9.569129943847656]",9.569129943847656,8.571428571428571,9.569129943847656,5.499999999999986,0,1,0,82.01857689768076,9.569129943847657e-06,330,1,0
57,14,22,0,0,1,9.558061872209823,"[0.0, 9.558061872209823]",9.558061872209823,8.571428571428571,9.558061872209823,3.183333333333327,0,1,0,82.06275074183941,9.558061872209823e-06,191,1,0
57,15,24,0,0,1,9.542789459228516,"[0.0, 9.542789459228516]",9.542789459228516,8.571428571428571,9.542789459228516,3.183333333333327,0,1,0,82.06334964931011,9.542789459228515e-06,191,1,0
57,16,10,0,0,1,9.530143737792969,"[0.0, 9.530143737792969]",9.530143737792969,8.571428571428571,9.530143737792969,3.1666666666666603,0,1,0,81.38084328174591,9.53014373779297e-06,190,1,0
57,17,32,0,0,1,9.452901567731585,"[0.0, 9.452901567731585]",9.452901567731585,8.571428571428571,9.452901567731585,3.1666666666666603,0,1,0,81.38151237368584,9.452901567731585e-06,190,1,0
57,18,54,0,0,1,9.43305424281529,"[0.0, 9.43305424281529]",9.43305424281529,8.571428571428571,9.43305424281529,3.349999999999993,0,1,0,80.99814368784428,9.43305424281529e-06,201,1,0
57,19,63,0,0,1,9.414986201695033,"[0.0, 9.414986201695033]",9.414986201695033,8.571428571428571,9.414986201695033,3.183333333333327,0,1,0,82.06308913230896,9.414986201695034e-06,191,1,0
57,20,25,0,0,1,9.209556579589844,"[0.0, 9.209556579589844]",9.209556579589844,8.571428571428571,9.209556579589844,3.133333333333327,0,1,0,80.02523718774319,9.209556579589843e-06,188,1,0
57,21,17,0,0,1,9.19548579624721,"[0.0, 9.19548579624721]",9.19548579624721,8.571428571428571,9.19548579624721,3.133333333333327,0,1,0,80.02564014494419,9.19548579624721e-06,188,1,0
57,22,57,0,0,1,9.072728838239396,"[0.0, 9.072728838239396]",9.072728838239396,8.571428571428571,9.072728838239396,3.133333333333327,0,1,0,80.02618283033371,9.072728838239395e-06,188,1,0
57,23,13,0,0,1,8.997252328055245,"[0.0, 8.997252328055245]",8.997252328055245,8.571428571428571,8.997252328055245,3.1166666666666605,0,1,0,79.35133475065231,8.997252328055245e-06,187,1,0
57,24,41,0,0,1,8.962841033935547,"[0.0, 8.962841033935547]",8.962841033935547,8.571428571428571,8.962841033935547,3.1166666666666605,0,1,0,79.35089233517647,8.962841033935547e-06,187,1,0
57,25,21,0,0,1,8.945672171456472,"[0.0, 8.945672171456472]",8.945672171456472,8.571428571428571,8.945672171456472,3.1166666666666605,0,1,0,79.35131499171257,8.945672171456472e-06,187,1,0
57,26,56,0,0,1,8.94174303327288,"[0.0, 8.94174303327288]",8.94174303327288,8.571428571428571,8.94174303327288,3.1166666666666605,0,1,0,79.3514546751976,8.941743033272881e-06,187,1,0
57,27,23,0,0,1,8.867391858782087,"[0.0, 8.867391858782087]",8.867391858782087,8.571428571428571,8.867391858782087,3.099999999999994,0,1,0,78.64510148763657,8.867391858782087e-06,186,1,0
57,28,11,0,0,1,8.624463762555804,"[0.0, 8.624463762555804]",8.624463762555804,8.571428571428571,8.624463762555804,3.099999999999994,0,1,0,78.67898961901665,8.624463762555804e-06,186,1,0
57,29,49,0,0,1,8.606251307896205,"[0.0, 8.606251307896205]",8.606251307896205,8.571428571428571,8.606251307896205,3.0833333333333273,0,1,0,78.0090793967247,8.606251307896205e-06,185,1,0
57,30,18,0,0,1,8.02469253540039,"[0.0, 8.02469253540039]",8.02469253540039,5.714285714285714,8.02469253540039,3.0333333333333274,0,1,0,76.01284401118755,8.024692535400391e-06,182,1,0
57,31,53,0,0,1,7.991267613002233,"[0.0, 7.991267613002233]",7.991267613002233,5.714285714285714,7.991267613002233,3.016666666666661,0,1,0,75.35227586328983,7.991267613002232e-06,181,1,0
57,32,38,0,0,1,7.927401406424386,"[0.0, 7.927401406424386]",7.927401406424386,5.714285714285714,7.927401406424386,3.016666666666661,0,1,0,75.35260117053986,7.927401406424386e-06,181,1,0
57,33,28,0,0,0,7.710170745849609,"[0.0, 7.710170745849609]",7.710170745849609,5.714285714285714,7.710170745849609,2.9833333333333276,0,1,0,74.03730577230453,7.71017074584961e-06,179,1,0
57,34,37,0,0,0,7.664029257638114,"[0.0, 7.664029257638114]",7.664029257638114,5.714285714285714,7.664029257638114,7.599999999999978,0,1,0,60.922552076153806,7.664029257638114e-06,456,1,0
57,35,35,0,0,0,7.638495309012276,"[0.0, 7.638495309012276]",7.638495309012276,5.714285714285714,7.638495309012276,2.9833333333333276,0,1,0,74.03724625706673,7.638495309012276e-06,179,1,0
57,36,46,0,0,0,7.571964263916016,"[0.0, 7.571964263916016]",7.571964263916016,5.714285714285714,7.571964263916016,2.966666666666661,0,1,0,73.38339638710022,7.5719642639160155e-06,178,1,0
57,37,48,0,0,0,7.263516017368861,"[0.0, 7.263516017368861]",7.263516017368861,5.714285714285714,7.263516017368861,2.916666666666661,0,1,0,71.43634003400803,7.263516017368861e-06,175,1,0
57,38,33,0,0,0,7.196102142333985,"[0.0, 7.196102142333985]",7.196102142333985,5.714285714285714,7.196102142333985,2.8999999999999946,0,1,0,70.79190482199192,7.196102142333985e-06,174,1,0
57,39,14,0,0,0,7.096759251185826,"[0.0, 7.096759251185826]",7.096759251185826,5.714285714285714,7.096759251185826,2.716666666666662,0,1,0,63.85912507772446,7.096759251185826e-06,163,1,0
57,40,55,0,0,0,6.97406768798828,"[0.0, 6.97406768798828]",6.97406768798828,5.714285714285714,6.97406768798828,2.6833333333333287,0,1,0,62.63017186522484,6.97406768798828e-06,161,1,0
57,41,40,0,0,0,5.817271641322544,"[0.0, 5.817271641322544]",5.817271641322544,5.714285714285714,5.817271641322544,2.3499999999999965,0,1,0,50.87854504585266,5.817271641322544e-06,141,1,0
57,42,43,0,0,0,5.746350969587054,"[0.0, 5.746350969587054]",5.746350969587054,5.714285714285714,5.746350969587054,2.33333333333333,0,1,0,50.3173655718565,5.746350969587054e-06,140,1,0
57,43,31,0,0,0,5.7167271205357135,"[0.0, 5.7167271205357135]",5.7167271205357135,5.714285714285714,5.7167271205357135,2.3166666666666633,0,1,0,49.75897827744484,5.7167271205357136e-06,139,1,0
57,44,12,0,0,0,5.701729910714286,"[0.0, 5.701729910714286]",5.701729910714286,2.857142857142857,5.701729910714286,2.3166666666666633,0,1,0,49.75841002166271,5.701729910714285e-06,139,1,0
57,45,59,0,0,0,5.690901620047433,"[0.0, 5.690901620047433]",5.690901620047433,2.857142857142857,5.690901620047433,2.633333333333329,0,1,0,49.59559942781925,5.690901620047433e-06,158,1,0
57,46,62,0,0,0,5.661179678780693,"[0.0, 5.661179678780693]",5.661179678780693,2.857142857142857,5.661179678780693,2.2999999999999967,0,1,0,49.2028057128191,5.661179678780693e-06,138,1,0
57,47,45,0,0,0,5.553163800920759,"[0.0, 5.553163800920759]",5.553163800920759,2.857142857142857,5.553163800920759,2.2666666666666635,0,1,0,48.098085686564445,5.553163800920758e-06,136,1,0
57,48,16,0,0,0,5.514428274972098,"[0.0, 5.514428274972098]",5.514428274972098,2.857142857142857,5.514428274972098,2.249999999999997,0,1,0,47.549684315919876,5.514428274972098e-06,135,1,0
57,49,26,0,0,0,5.508864266531808,"[0.0, 5.508864266531808]",5.508864266531808,2.857142857142857,5.508864266531808,2.249999999999997,0,1,0,47.54988379776478,5.5088642665318084e-06,135,1,0
57,50,9,0,0,0,5.456935337611607,"[0.0, 5.456935337611607]",5.456935337611607,2.857142857142857,5.456935337611607,2.2333333333333303,0,1,0,47.004046857357025,5.456935337611607e-06,134,1,0
57,51,50,0,0,0,5.45257568359375,"[0.0, 5.45257568359375]",5.45257568359375,2.857142857142857,5.45257568359375,2.2333333333333303,0,1,0,47.004124864935875,5.45257568359375e-06,134,1,0
57,52,29,0,0,0,5.362766810825892,"[0.0, 5.362766810825892]",5.362766810825892,2.857142857142857,5.362766810825892,2.199999999999997,0,1,0,45.91985331475735,5.362766810825892e-06,132,1,0
57,53,34,0,0,0,5.141476222446987,"[0.0, 5.141476222446987]",5.141476222446987,2.857142857142857,5.141476222446987,2.799999999999995,0,1,0,43.43268205225468,5.141476222446987e-06,168,1,0
57,54,19,0,0,0,5.056146894182477,"[0.0, 5.056146894182477]",5.056146894182477,2.857142857142857,5.056146894182477,2.0999999999999974,0,1,0,42.730983436107635,5.056146894182478e-06,126,1,0
57,55,39,0,0,0,4.921079363141741,"[0.0, 4.921079363141741]",4.921079363141741,2.857142857142857,4.921079363141741,2.0499999999999976,0,1,0,41.17242246866226,4.921079363141742e-06,123,1,0
57,56,60,0,0,0,4.832474844796317,"[0.0, 4.832474844796317]",4.832474844796317,2.857142857142857,4.832474844796317,2.0166666666666644,0,1,0,40.14648129045963,4.8324748447963165e-06,121,1,0
57,57,27,0,0,0,4.788545880998884,"[0.0, 4.788545880998884]",4.788545880998884,2.857142857142857,4.788545880998884,1.9999999999999978,0,1,0,39.637300595641136,4.7885458809988835e-06,120,1,0
57,58,44,0,0,0,4.627385820661272,"[0.0, 4.627385820661272]",4.627385820661272,2.857142857142857,4.627385820661272,1.949999999999998,0,1,0,38.12660792469978,4.627385820661272e-06,117,1,0
57,59,47,0,0,0,4.4545745849609375,"[0.0, 4.4545745849609375]",4.4545745849609375,2.857142857142857,4.4545745849609375,1.8999999999999981,0,1,0,36.3364914059639,4.4545745849609375e-06,114,1,0
57,60,51,0,0,0,4.389152526855469,"[0.0, 4.389152526855469]",4.389152526855469,2.857142857142857,4.389152526855469,1.866666666666665,0,1,0,35.66272868216038,4.389152526855469e-06,112,1,0
57,61,15,0,0,0,2.111767360142299,"[0.0, 2.111767360142299]",2.111767360142299,0.0,2.111767360142299,5.016666666666654,0,1,0,7.705735058931168,2.111767360142299e-06,301,1,0
57,62,8,0,0,0,2.1100943429129466,"[0.0, 2.1100943429129466]",2.1100943429129466,0.0,2.1100943429129466,5.016666666666654,0,1,0,7.7175321444519795,2.1100943429129464e-06,301,1,0
57,63,58,0,0,0,1.8978990827287947,"[0.0, 1.8978990827287947]",1.8978990827287947,0.0,1.8978990827287947,5.016666666666654,0,1,0,5.378815332136583,1.8978990827287947e-06,301,1,0
57,64,36,0,0,0,1.8751198904854909,"[0.0, 1.8751198904854909]",1.8751198904854909,0.0,1.8751198904854909,5.016666666666654,0,1,0,5.174953790497966,1.875119890485491e-06,301,1,0
58,1,0,0,1,1,10.206157139369418,"[0.0, 10.206157139369418]",10.206157139369418,8.571428571428571,10.206157139369418,3.2833333333333266,0,1,0,86.19815623760223,1.0206157139369418e-05,197,1,0
58,2,1,0,1,1,10.197933741978236,"[0.0, 10.197933741978236]",10.197933741978236,8.571428571428571,10.197933741978236,3.2833333333333266,0,1,0,86.19837695360184,1.0197933741978236e-05,197,1,0
58,3,2,0,1,1,10.000465938023158,"[0.0, 10.000465938023158]",10.000465938023158,8.571428571428571,10.000465938023158,3.2499999999999933,0,1,0,84.81068161129951,1.0000465938023157e-05,195,1,0
58,4,3,0,1,1,9.99277114868164,"[0.0, 9.99277114868164]",9.99277114868164,8.571428571428571,9.99277114868164,3.2499999999999933,0,1,0,84.810611307621,9.99277114868164e-06,195,1,0
58,5,4,0,1,1,9.98971939086914,"[0.0, 9.98971939086914]",9.98971939086914,8.571428571428571,9.98971939086914,3.2499999999999933,0,1,0,84.81095300614834,9.989719390869141e-06,195,1,0
58,6,5,0,1,1,9.973997388567243,"[0.0, 9.973997388567243]",9.973997388567243,8.571428571428571,9.973997388567243,5.28333333333332,0,1,0,84.50228805840015,9.973997388567244e-06,317,1,0
58,7,6,0,1,1,9.963629586356026,"[0.0, 9.963629586356026]",9.963629586356026,8.571428571428571,9.963629586356026,3.2499999999999933,0,1,0,84.69689175486565,9.963629586356027e-06,195,1,0
58,8,7,0,1,1,9.957466125488281,"[0.0, 9.957466125488281]",9.957466125488281,8.571428571428571,9.957466125488281,3.2333333333333267,0,1,0,84.12052515149117,9.957466125488281e-06,194,1,0
58,9,60,0,0,1,9.84520775931222,"[0.0, 9.84520775931222]",9.84520775931222,8.571428571428571,9.84520775931222,3.2333333333333267,0,1,0,84.12050519883633,9.84520775931222e-06,194,1,0
58,10,29,0,0,1,9.697521754673549,"[0.0, 9.697521754673549]",9.697521754673549,8.571428571428571,9.697521754673549,3.1999999999999935,0,1,0,82.74658825993538,9.69752175467355e-06,192,1,0
58,11,22,0,0,1,9.55284663609096,"[0.0, 9.55284663609096]",9.55284663609096,8.571428571428571,9.55284663609096,3.183333333333327,0,1,0,82.06336879730225,9.55284663609096e-06,191,1,0
58,12,19,0,0,1,9.487500871930804,"[0.0, 9.487500871930804]",9.487500871930804,8.571428571428571,9.487500871930804,3.183333333333327,0,1,0,81.37636950612068,9.487500871930803e-06,191,1,0
58,13,55,0,0,1,9.470326559884208,"[0.0, 9.470326559884208]",9.470326559884208,8.571428571428571,9.470326559884208,3.1666666666666603,0,1,0,81.38148763775826,9.470326559884208e-06,190,1,0
58,14,51,0,0,1,9.241864340645927,"[0.0, 9.241864340645927]",9.241864340645927,8.571428571428571,9.241864340645927,3.1499999999999937,0,1,0,80.70247392356396,9.241864340645926e-06,189,1,0
58,15,58,0,0,1,9.18107169015067,"[0.0, 9.18107169015067]",9.18107169015067,8.571428571428571,9.18107169015067,3.133333333333327,0,1,0,80.0255046337843,9.18107169015067e-06,188,1,0
58,16,50,0,0,1,9.081892286028182,"[0.0, 9.081892286028182]",9.081892286028182,8.571428571428571,9.081892286028182,3.133333333333327,0,1,0,80.02594068646431,9.081892286028183e-06,188,1,0
58,17,13,0,0,1,9.0578978402274,"[0.0, 9.0578978402274]",9.0578978402274,8.571428571428571,9.0578978402274,3.2833333333333266,0,1,0,79.98406612873077,9.057897840227399e-06,197,1,0
58,18,54,0,0,1,9.012047903878347,"[0.0, 9.012047903878347]",9.012047903878347,8.571428571428571,9.012047903878347,3.133333333333327,0,1,0,79.38066996634007,9.012047903878348e-06,188,1,0
58,19,17,0,0,1,8.996625627790177,"[0.0, 8.996625627790177]",8.996625627790177,8.571428571428571,8.996625627790177,3.1166666666666605,0,1,0,79.35143795609474,8.996625627790178e-06,187,1,0
58,20,47,0,0,1,8.973587581089564,"[0.0, 8.973587581089564]",8.973587581089564,8.571428571428571,8.973587581089564,3.1166666666666605,0,1,0,79.35127449035645,8.973587581089565e-06,187,1,0
58,21,21,0,0,1,8.95721708025251,"[0.0, 8.95721708025251]",8.95721708025251,8.571428571428571,8.95721708025251,3.1166666666666605,0,1,0,79.35121449828148,8.95721708025251e-06,187,1,0
58,22,37,0,0,1,8.826307569231307,"[0.0, 8.826307569231307]",8.826307569231307,8.571428571428571,8.826307569231307,3.099999999999994,0,1,0,78.67910365760326,8.826307569231307e-06,186,1,0
58,23,41,0,0,1,8.635899680001396,"[0.0, 8.635899680001396]",8.635899680001396,8.571428571428571,8.635899680001396,3.0833333333333273,0,1,0,78.00877088308334,8.635899680001396e-06,185,1,0
58,24,38,0,0,1,8.629439217703682,"[0.0, 8.629439217703682]",8.629439217703682,8.571428571428571,8.629439217703682,3.0833333333333273,0,1,0,78.00895884633064,8.629439217703682e-06,185,1,0
58,25,48,0,0,1,8.405249459402901,"[0.0, 8.405249459402901]",8.405249459402901,5.714285714285714,8.405249459402901,3.2499999999999933,0,1,0,77.34869313240051,8.405249459402901e-06,195,1,0
58,26,59,0,0,1,8.273645128522599,"[0.0, 8.273645128522599]",8.273645128522599,5.714285714285714,8.273645128522599,3.0666666666666607,0,1,0,77.34146000444889,8.273645128522599e-06,184,1,0
58,27,11,0,0,1,8.22272436959403,"[0.0, 8.22272436959403]",8.22272436959403,5.714285714285714,8.22272436959403,3.049999999999994,0,1,0,76.67649549245834,8.22272436959403e-06,183,1,0
58,28,57,0,0,1,8.20857184273856,"[0.0, 8.20857184273856]",8.20857184273856,5.714285714285714,8.20857184273856,3.049999999999994,0,1,0,76.67596389353275,8.20857184273856e-06,183,1,0
58,29,9,0,0,1,7.777682713099889,"[0.0, 7.777682713099889]",7.777682713099889,5.714285714285714,7.777682713099889,2.9999999999999942,0,1,0,74.69361178576946,7.777682713099888e-06,180,1,0
58,30,42,0,0,1,7.670892987932477,"[0.0, 7.670892987932477]",7.670892987932477,5.714285714285714,7.670892987932477,2.9833333333333276,0,1,0,74.03742533922195,7.670892987932478e-06,179,1,0
58,31,45,0,0,1,7.659503391810826,"[0.0, 7.659503391810826]",7.659503391810826,5.714285714285714,7.659503391810826,2.9833333333333276,0,1,0,74.03757451474667,7.659503391810826e-06,179,1,0
58,32,27,0,0,1,7.4561391557965955,"[0.0, 7.4561391557965955]",7.4561391557965955,5.714285714285714,7.4561391557965955,2.966666666666661,0,1,0,73.38376894593239,7.456139155796596e-06,178,1,0
58,33,39,0,0,0,7.360169546944754,"[0.0, 7.360169546944754]",7.360169546944754,5.714285714285714,7.360169546944754,2.933333333333328,0,1,0,72.08345644176006,7.360169546944754e-06,176,1,0
58,34,36,0,0,0,7.202093941824776,"[0.0, 7.202093941824776]",7.202093941824776,5.714285714285714,7.202093941824776,2.916666666666661,0,1,0,70.73570114374161,7.202093941824776e-06,175,1,0
58,35,43,0,0,0,7.142857142857142,"[0.0, 7.142857142857142]",7.142857142857142,5.714285714285714,7.142857142857142,2.749999999999995,0,1,0,65.09809185564518,7.142857142857143e-06,165,1,0
58,36,44,0,0,0,7.142857142857142,"[0.0, 7.142857142857142]",7.142857142857142,5.714285714285714,7.142857142857142,2.833333333333328,0,1,0,68.23777702450752,7.142857142857143e-06,170,1,0
58,37,49,0,0,0,6.975866045270647,"[0.0, 6.975866045270647]",6.975866045270647,5.714285714285714,6.975866045270647,2.6833333333333287,0,1,0,62.6298209130764,6.9758660452706465e-06,161,1,0
58,38,56,0,0,0,5.79754420689174,"[0.0, 5.79754420689174]",5.79754420689174,5.714285714285714,5.79754420689174,2.3499999999999965,0,1,0,50.87865108251572,5.797544206891741e-06,141,1,0
58,39,10,0,0,0,5.763544355119977,"[0.0, 5.763544355119977]",5.763544355119977,5.714285714285714,5.763544355119977,2.33333333333333,0,1,0,50.312727227807045,5.763544355119977e-06,140,1,0
58,40,14,0,0,0,5.698536464146206,"[0.0, 5.698536464146206]",5.698536464146206,2.857142857142857,5.698536464146206,2.3166666666666633,0,1,0,49.75869382917881,5.698536464146205e-06,139,1,0
58,41,15,0,0,0,5.672220502580915,"[0.0, 5.672220502580915]",5.672220502580915,2.857142857142857,5.672220502580915,2.2999999999999967,0,1,0,49.2021739333868,5.672220502580915e-06,138,1,0
58,42,20,0,0,0,5.6424713134765625,"[0.0, 5.6424713134765625]",5.6424713134765625,2.857142857142857,5.6424713134765625,2.2999999999999967,0,1,0,49.20259575545788,5.642471313476562e-06,138,1,0
58,43,46,0,0,0,5.618874686104911,"[0.0, 5.618874686104911]",5.618874686104911,2.857142857142857,5.618874686104911,2.28333333333333,0,1,0,48.649055272340775,5.6188746861049105e-06,137,1,0
58,44,31,0,0,0,5.561763218470983,"[0.0, 5.561763218470983]",5.561763218470983,2.857142857142857,5.561763218470983,2.2666666666666635,0,1,0,48.09826184809208,5.5617632184709825e-06,136,1,0
58,45,33,0,0,0,5.517360142299107,"[0.0, 5.517360142299107]",5.517360142299107,2.857142857142857,5.517360142299107,2.2666666666666635,0,1,0,47.775458350777626,5.517360142299107e-06,136,1,0
58,46,16,0,0,0,5.512896946498326,"[0.0, 5.512896946498326]",5.512896946498326,2.857142857142857,5.512896946498326,2.249999999999997,0,1,0,47.549880772829056,5.512896946498326e-06,135,1,0
58,47,34,0,0,0,5.465992518833705,"[0.0, 5.465992518833705]",5.465992518833705,2.857142857142857,5.465992518833705,2.249999999999997,0,1,0,47.07005025446415,5.465992518833705e-06,135,1,0
58,48,52,0,0,0,5.462864467075893,"[0.0, 5.462864467075893]",5.462864467075893,2.857142857142857,5.462864467075893,2.2333333333333303,0,1,0,47.00399389863014,5.462864467075893e-06,134,1,0
58,49,62,0,0,0,5.461066109793527,"[0.0, 5.461066109793527]",5.461066109793527,2.857142857142857,5.461066109793527,2.2333333333333303,0,1,0,47.003875851631165,5.461066109793527e-06,134,1,0
58,50,61,0,0,0,5.362020220075335,"[0.0, 5.362020220075335]",5.362020220075335,2.857142857142857,5.362020220075335,3.0333333333333274,0,1,0,46.03868725895882,5.362020220075335e-06,182,1,0
58,51,24,0,0,0,5.261410304478237,"[0.0, 5.261410304478237]",5.261410304478237,2.857142857142857,5.261410304478237,2.166666666666664,0,1,0,44.84680551290512,5.261410304478237e-06,130,1,0
58,52,63,0,0,0,5.25491441999163,"[0.0, 5.25491441999163]",5.25491441999163,2.857142857142857,5.25491441999163,2.1833333333333305,0,1,0,44.94199129939079,5.25491441999163e-06,131,1,0
58,53,23,0,0,0,5.254309517996652,"[0.0, 5.254309517996652]",5.254309517996652,2.857142857142857,5.254309517996652,2.166666666666664,0,1,0,44.846624210476875,5.2543095179966515e-06,130,1,0
58,54,25,0,0,0,5.227633884974888,"[0.0, 5.227633884974888]",5.227633884974888,2.857142857142857,5.227633884974888,2.166666666666664,0,1,0,44.846482291817665,5.227633884974888e-06,130,1,0
58,55,8,0,0,0,5.180440630231585,"[0.0, 5.180440630231585]",5.180440630231585,2.857142857142857,5.180440630231585,2.916666666666661,0,1,0,44.167283192276955,5.180440630231585e-06,175,1,0
58,56,35,0,0,0,5.111252920968192,"[0.0, 5.111252920968192]",5.111252920968192,2.857142857142857,5.111252920968192,2.116666666666664,0,1,0,43.256238520145416,5.111252920968192e-06,127,1,0
58,57,28,0,0,0,4.970174516950335,"[0.0, 4.970174516950335]",4.970174516950335,2.857142857142857,4.970174516950335,2.066666666666664,0,1,0,41.68952599167824,4.970174516950335e-06,124,1,0
58,58,53,0,0,0,4.925062997000558,"[0.0, 4.925062997000558]",4.925062997000558,2.857142857142857,4.925062997000558,2.0499999999999976,0,1,0,41.172464683651924,4.925062997000558e-06,123,1,0
58,59,30,0,0,0,4.892703465053013,"[0.0, 4.892703465053013]",4.892703465053013,2.857142857142857,4.892703465053013,2.6999999999999953,0,1,0,40.97008439898491,4.892703465053013e-06,162,1,0
58,60,12,0,0,0,4.822703770228794,"[0.0, 4.822703770228794]",4.822703770228794,2.857142857142857,4.822703770228794,2.0166666666666644,0,1,0,40.14643304049969,4.822703770228794e-06,121,1,0
58,61,26,0,0,0,4.819068908691406,"[0.0, 4.819068908691406]",4.819068908691406,2.857142857142857,4.819068908691406,2.0166666666666644,0,1,0,40.14623771607876,4.819068908691406e-06,121,1,0
58,62,40,0,0,0,4.39995356968471,"[0.0, 4.39995356968471]",4.39995356968471,2.857142857142857,4.39995356968471,1.866666666666665,0,1,0,35.66283871233463,4.39995356968471e-06,112,1,0
58,63,18,0,0,0,3.800288609095982,"[0.0, 3.800288609095982]",3.800288609095982,2.857142857142857,3.800288609095982,4.666666666666655,0,1,0,29.47878529924492,3.8002886090959823e-06,280,1,0
58,64,32,0,0,0,2.1043450491768976,"[0.0, 2.1043450491768976]",2.1043450491768976,0.0,2.1043450491768976,5.016666666666654,0,1,0,7.706009272333176,2.1043450491768975e-06,301,1,0
59,1,52,0,1,1,10.43133054460798,"[0.0, 10.43133054460798]",10.43133054460798,8.571428571428571,10.43133054460798,5.116666666666654,0,1,0,88.44709768891335,1.0431330544607978e-05,307,1,0
59,2,0,0,1,1,10.206157139369418,"[0.0, 10.206157139369418]",10.206157139369418,8.571428571428571,10.206157139369418,3.2833333333333266,0,1,0,86.19815623760223,1.0206157139369418e-05,197,1,0
59,3,1,0,1,1,10.197933741978236,"[0.0, 10.197933741978236]",10.197933741978236,8.571428571428571,10.197933741978236,3.2833333333333266,0,1,0,86.19837695360184,1.0197933741978236e-05,197,1,0
59,4,2,0,1,1,10.000465938023158,"[0.0, 10.000465938023158]",10.000465938023158,8.571428571428571,10.000465938023158,3.2499999999999933,0,1,0,84.81068161129951,1.0000465938023157e-05,195,1,0
59,5,3,0,1,1,9.99277114868164,"[0.0, 9.99277114868164]",9.99277114868164,8.571428571428571,9.99277114868164,3.2499999999999933,0,1,0,84.810611307621,9.99277114868164e-06,195,1,0
59,6,4,0,1,1,9.98971939086914,"[0.0, 9.98971939086914]",9.98971939086914,8.571428571428571,9.98971939086914,3.2499999999999933,0,1,0,84.81095300614834,9.989719390869141e-06,195,1,0
59,7,31,0,1,1,9.982566833496094,"[0.0, 9.982566833496094]",9.982566833496094,8.571428571428571,9.982566833496094,3.3333333333333264,0,1,0,84.37682448327541,9.982566833496094e-06,200,1,0
59,8,5,0,1,1,9.973997388567243,"[0.0, 9.973997388567243]",9.973997388567243,8.571428571428571,9.973997388567243,5.28333333333332,0,1,0,84.50228805840015,9.973997388567244e-06,317,1,0
59,9,6,0,0,1,9.963629586356026,"[0.0, 9.963629586356026]",9.963629586356026,8.571428571428571,9.963629586356026,3.2499999999999933,0,1,0,84.69689175486565,9.963629586356027e-06,195,1,0
59,10,7,0,0,1,9.957466125488281,"[0.0, 9.957466125488281]",9.957466125488281,8.571428571428571,9.957466125488281,3.2333333333333267,0,1,0,84.12052515149117,9.957466125488281e-06,194,1,0
59,11,57,0,0,1,9.658677237374443,"[0.0, 9.658677237374443]",9.658677237374443,8.571428571428571,9.658677237374443,3.1999999999999935,0,1,0,82.74666096270084,9.658677237374443e-06,192,1,0
59,12,33,0,0,1,9.652704511369977,"[0.0, 9.652704511369977]",9.652704511369977,8.571428571428571,9.652704511369977,3.183333333333327,0,1,0,82.06317020952702,9.652704511369978e-06,191,1,0
59,13,30,0,0,1,9.582625797816686,"[0.0, 9.582625797816686]",9.582625797816686,8.571428571428571,9.582625797816686,3.183333333333327,0,1,0,82.06321302056313,9.582625797816686e-06,191,1,0
59,14,63,0,0,1,9.484844207763672,"[0.0, 9.484844207763672]",9.484844207763672,8.571428571428571,9.484844207763672,3.1666666666666603,0,1,0,81.38198526203632,9.484844207763672e-06,190,1,0
59,15,45,0,0,1,9.417503901890347,"[0.0, 9.417503901890347]",9.417503901890347,8.571428571428571,9.417503901890347,3.1666666666666603,0,1,0,81.38179889321327,9.417503901890347e-06,190,1,0
59,16,43,0,0,1,9.280223846435547,"[0.0, 9.280223846435547]",9.280223846435547,8.571428571428571,9.280223846435547,3.2499999999999933,0,1,0,80.4337881654501,9.280223846435546e-06,195,1,0
59,17,20,0,0,1,9.274155752999443,"[0.0, 9.274155752999443]",9.274155752999443,8.571428571428571,9.274155752999443,3.1666666666666603,0,1,0,81.38186655938625,9.274155752999443e-06,190,1,0
59,18,37,0,0,1,9.14297103881836,"[0.0, 9.14297103881836]",9.14297103881836,8.571428571428571,9.14297103881836,3.133333333333327,0,1,0,80.02522054314613,9.142971038818359e-06,188,1,0
59,19,38,0,0,1,9.127235412597656,"[0.0, 9.127235412597656]",9.127235412597656,8.571428571428571,9.127235412597656,3.133333333333327,0,1,0,80.02567219734192,9.127235412597657e-06,188,1,0
59,20,24,0,0,1,9.07287870134626,"[0.0, 9.07287870134626]",9.07287870134626,8.571428571428571,9.07287870134626,3.133333333333327,0,1,0,80.02589021623135,9.07287870134626e-06,188,1,0
59,21,32,0,0,1,8.95134244646345,"[0.0, 8.95134244646345]",8.95134244646345,8.571428571428571,8.95134244646345,3.099999999999994,0,1,0,78.67898374795914,8.95134244646345e-06,186,1,0
59,22,60,0,0,1,8.930143628801618,"[0.0, 8.930143628801618]",8.930143628801618,8.571428571428571,8.930143628801618,3.1166666666666605,0,1,0,79.35178455710411,8.930143628801617e-06,187,1,0
59,23,27,0,0,1,8.807901654924667,"[0.0, 8.807901654924667]",8.807901654924667,8.571428571428571,8.807901654924667,3.099999999999994,0,1,0,78.65716898441315,8.807901654924667e-06,186,1,0
59,24,39,0,0,1,8.747059958321708,"[0.0, 8.747059958321708]",8.747059958321708,8.571428571428571,8.747059958321708,3.0833333333333273,0,1,0,78.00903685390949,8.747059958321708e-06,185,1,0
59,25,11,0,0,1,8.636436462402344,"[0.0, 8.636436462402344]",8.636436462402344,8.571428571428571,8.636436462402344,3.0833333333333273,0,1,0,78.00919702649117,8.636436462402344e-06,185,1,0
59,26,17,0,0,1,8.590594700404576,"[0.0, 8.590594700404576]",8.590594700404576,8.571428571428571,8.590594700404576,3.0833333333333273,0,1,0,78.0090156942606,8.590594700404577e-06,185,1,0
59,27,10,0,0,1,8.505368913922991,"[0.0, 8.505368913922991]",8.505368913922991,5.714285714285714,8.505368913922991,3.0833333333333273,0,1,0,78.00915212929249,8.50536891392299e-06,185,1,0
59,28,25,0,0,1,8.365914481026786,"[0.0, 8.365914481026786]",8.365914481026786,5.714285714285714,8.365914481026786,3.0666666666666607,0,1,0,77.34122513234615,8.365914481026786e-06,184,1,0
59,29,19,0,0,1,8.323233468191964,"[0.0, 8.323233468191964]",8.323233468191964,5.714285714285714,8.323233468191964,3.0666666666666607,0,1,0,77.3413800150156,8.323233468191963e-06,184,1,0
59,30,22,0,0,1,8.094218117850167,"[0.0, 8.094218117850167]",8.094218117850167,5.714285714285714,8.094218117850167,3.0333333333333274,0,1,0,76.01261788606644,8.094218117850166e-06,182,1,0
59,31,42,0,0,1,8.058853149414062,"[0.0, 8.058853149414062]",8.058853149414062,5.714285714285714,8.058853149414062,3.0333333333333274,0,1,0,76.01282691955566,8.058853149414062e-06,182,1,0
59,32,36,0,0,1,7.936706542968749,"[0.0, 7.936706542968749]",7.936706542968749,5.714285714285714,7.936706542968749,3.0333333333333274,0,1,0,76.01289650797844,7.936706542968749e-06,182,1,0
59,33,35,0,0,0,7.926224299839564,"[0.0, 7.926224299839564]",7.926224299839564,5.714285714285714,7.926224299839564,3.016666666666661,0,1,0,75.35247480869293,7.926224299839564e-06,181,1,0
59,34,55,0,0,0,7.872191837855748,"[0.0, 7.872191837855748]",7.872191837855748,5.714285714285714,7.872191837855748,2.9999999999999942,0,1,0,74.69356010854244,7.872191837855748e-06,180,1,0
59,35,13,0,0,0,7.2776031494140625,"[0.0, 7.2776031494140625]",7.2776031494140625,5.714285714285714,7.2776031494140625,2.916666666666661,0,1,0,71.43568423390388,7.277603149414063e-06,175,1,0
59,36,9,0,0,0,7.231230054582868,"[0.0, 7.231230054582868]",7.231230054582868,5.714285714285714,7.231230054582868,2.916666666666661,0,1,0,71.43658992648125,7.231230054582868e-06,175,1,0
59,37,14,0,0,0,7.037397112165178,"[0.0, 7.037397112165178]",7.037397112165178,5.714285714285714,7.037397112165178,2.6999999999999953,0,1,0,63.24342033267021,7.037397112165178e-06,162,1,0
59,38,41,0,0,0,6.495344979422433,"[0.0, 6.495344979422433]",6.495344979422433,5.714285714285714,6.495344979422433,2.549999999999996,0,1,0,57.809920221567154,6.495344979422433e-06,153,1,0
59,39,15,0,0,0,5.714274815150669,"[0.0, 5.714274815150669]",5.714274815150669,2.857142857142857,5.714274815150669,2.3166666666666633,0,1,0,49.758810952305794,5.71427481515067e-06,139,1,0
59,40,8,0,0,0,5.712732587541853,"[0.0, 5.712732587541853]",5.712732587541853,2.857142857142857,5.712732587541853,2.3166666666666633,0,1,0,49.75903229415417,5.712732587541853e-06,139,1,0
59,41,48,0,0,0,5.703419276646205,"[0.0, 5.703419276646205]",5.703419276646205,2.857142857142857,5.703419276646205,2.3166666666666633,0,1,0,49.75891311466694,5.703419276646205e-06,139,1,0
59,42,50,0,0,0,5.672694614955357,"[0.0, 5.672694614955357]",5.672694614955357,2.857142857142857,5.672694614955357,2.2999999999999967,0,1,0,49.20252971351147,5.672694614955357e-06,138,1,0
59,43,23,0,0,0,5.657566615513393,"[0.0, 5.657566615513393]",5.657566615513393,2.857142857142857,5.657566615513393,2.2999999999999967,0,1,0,49.20296375453472,5.657566615513393e-06,138,1,0
59,44,59,0,0,0,5.615016392299107,"[0.0, 5.615016392299107]",5.615016392299107,2.857142857142857,5.615016392299107,2.28333333333333,0,1,0,48.64943961799145,5.615016392299107e-06,137,1,0
59,45,44,0,0,0,5.609185355050223,"[0.0, 5.609185355050223]",5.609185355050223,2.857142857142857,5.609185355050223,2.28333333333333,0,1,0,48.64900590479374,5.609185355050223e-06,137,1,0
59,46,28,0,0,0,5.560177394321986,"[0.0, 5.560177394321986]",5.560177394321986,2.857142857142857,5.560177394321986,2.2666666666666635,0,1,0,48.09849053621292,5.560177394321986e-06,136,1,0
59,47,18,0,0,0,5.515594482421875,"[0.0, 5.515594482421875]",5.515594482421875,2.857142857142857,5.515594482421875,2.249999999999997,0,1,0,47.549394994974136,5.515594482421875e-06,135,1,0
59,48,40,0,0,0,5.4867063249860495,"[0.0, 5.4867063249860495]",5.4867063249860495,2.857142857142857,5.4867063249860495,6.21666666666665,0,1,0,45.86931248466135,5.48670632498605e-06,373,1,0
59,49,54,0,0,0,5.455436706542969,"[0.0, 5.455436706542969]",5.455436706542969,2.857142857142857,5.455436706542969,2.2333333333333303,0,1,0,47.00382523238659,5.455436706542969e-06,134,1,0
59,50,49,0,0,0,5.298358372279576,"[0.0, 5.298358372279576]",5.298358372279576,2.857142857142857,5.298358372279576,2.1833333333333305,0,1,0,45.381846502423286,5.298358372279576e-06,131,1,0
59,51,61,0,0,0,5.090838841029576,"[0.0, 5.090838841029576]",5.090838841029576,2.857142857142857,5.090838841029576,2.7833333333333283,0,1,0,43.24461802840233,5.090838841029576e-06,167,1,0
59,52,34,0,0,0,5.072103227887835,"[0.0, 5.072103227887835]",5.072103227887835,2.857142857142857,5.072103227887835,2.0999999999999974,0,1,0,42.73151332139969,5.0721032278878354e-06,126,1,0
59,53,62,0,0,0,5.06462642124721,"[0.0, 5.06462642124721]",5.06462642124721,2.857142857142857,5.06462642124721,2.0999999999999974,0,1,0,42.731255888938904,5.06462642124721e-06,126,1,0
59,54,58,0,0,0,5.019013541085379,"[0.0, 5.019013541085379]",5.019013541085379,2.857142857142857,5.019013541085379,2.083333333333331,0,1,0,42.2090597897768,5.01901354108538e-06,125,1,0
59,55,47,0,0,0,5.016136169433594,"[0.0, 5.016136169433594]",5.016136169433594,2.857142857142857,5.016136169433594,2.083333333333331,0,1,0,42.208963826298714,5.016136169433594e-06,125,1,0
59,56,56,0,0,0,4.974223545619419,"[0.0, 4.974223545619419]",4.974223545619419,2.857142857142857,4.974223545619419,2.066666666666664,0,1,0,41.68945737183094,4.974223545619419e-06,124,1,0
59,57,16,0,0,0,4.965645926339286,"[0.0, 4.965645926339286]",4.965645926339286,2.857142857142857,4.965645926339286,2.066666666666664,0,1,0,41.68952685594559,4.965645926339285e-06,124,1,0
59,58,21,0,0,0,4.879771641322544,"[0.0, 4.879771641322544]",4.879771641322544,2.857142857142857,4.879771641322544,2.033333333333331,0,1,0,40.65808783471584,4.8797716413225444e-06,122,1,0
59,59,12,0,0,0,4.872420174734933,"[0.0, 4.872420174734933]",4.872420174734933,2.857142857142857,4.872420174734933,2.033333333333331,0,1,0,40.65809577703476,4.872420174734933e-06,122,1,0
59,60,46,0,0,0,4.871673583984375,"[0.0, 4.871673583984375]",4.871673583984375,2.857142857142857,4.871673583984375,2.033333333333331,0,1,0,40.65791894495487,4.871673583984375e-06,122,1,0
59,61,29,0,0,0,4.867221287318638,"[0.0, 4.867221287318638]",4.867221287318638,2.857142857142857,4.867221287318638,2.033333333333331,0,1,0,40.65798568725586,4.867221287318638e-06,122,1,0
59,62,53,0,0,0,4.776426042829241,"[0.0, 4.776426042829241]",4.776426042829241,2.857142857142857,4.776426042829241,1.9999999999999978,0,1,0,39.637502029538155,4.776426042829241e-06,120,1,0
59,63,51,0,0,0,4.43951198032924,"[0.0, 4.43951198032924]",4.43951198032924,2.857142857142857,4.43951198032924,1.8833333333333315,0,1,0,36.15023210644722,4.43951198032924e-06,113,1,0
59,64,26,0,0,0,4.438591003417969,"[0.0, 4.438591003417969]",4.438591003417969,2.857142857142857,4.438591003417969,1.8833333333333315,0,1,0,36.150159657001495,4.438591003417969e-06,113,1,0
60,1,0,0,1,1,10.43133054460798,"[0.0, 10.43133054460798]",10.43133054460798,8.571428571428571,10.43133054460798,5.116666666666654,0,1,0,88.44709768891335,1.0431330544607978e-05,307,1,0
60,2,1,0,1,1,10.206157139369418,"[0.0, 10.206157139369418]",10.206157139369418,8.571428571428571,10.206157139369418,3.2833333333333266,0,1,0,86.19815623760223,1.0206157139369418e-05,197,1,0
60,3,2,0,1,1,10.197933741978236,"[0.0, 10.197933741978236]",10.197933741978236,8.571428571428571,10.197933741978236,3.2833333333333266,0,1,0,86.19837695360184,1.0197933741978236e-05,197,1,0
60,4,52,0,1,1,10.02087184361049,"[0.0, 10.02087184361049]",10.02087184361049,8.571428571428571,10.02087184361049,3.2499999999999933,0,1,0,84.81070260703564,1.002087184361049e-05,195,1,0
60,5,3,0,1,1,10.000465938023158,"[0.0, 10.000465938023158]",10.000465938023158,8.571428571428571,10.000465938023158,3.2499999999999933,0,1,0,84.81068161129951,1.0000465938023157e-05,195,1,0
60,6,4,0,1,1,9.99277114868164,"[0.0, 9.99277114868164]",9.99277114868164,8.571428571428571,9.99277114868164,3.2499999999999933,0,1,0,84.810611307621,9.99277114868164e-06,195,1,0
60,7,5,0,1,1,9.98971939086914,"[0.0, 9.98971939086914]",9.98971939086914,8.571428571428571,9.98971939086914,3.2499999999999933,0,1,0,84.81095300614834,9.989719390869141e-06,195,1,0
60,8,6,0,1,1,9.982566833496094,"[0.0, 9.982566833496094]",9.982566833496094,8.571428571428571,9.982566833496094,3.3333333333333264,0,1,0,84.37682448327541,9.982566833496094e-06,200,1,0
60,9,7,0,0,1,9.973997388567243,"[0.0, 9.973997388567243]",9.973997388567243,8.571428571428571,9.973997388567243,5.28333333333332,0,1,0,84.50228805840015,9.973997388567244e-06,317,1,0
60,10,27,0,0,1,9.628707340785434,"[0.0, 9.628707340785434]",9.628707340785434,8.571428571428571,9.628707340785434,3.1999999999999935,0,1,0,82.74657420814037,9.628707340785435e-06,192,1,0
60,11,50,0,0,1,9.549560546875,"[0.0, 9.549560546875]",9.549560546875,8.571428571428571,9.549560546875,3.183333333333327,0,1,0,82.06305447220802,9.549560546875e-06,191,1,0
60,12,16,0,0,1,9.538026537214005,"[0.0, 9.538026537214005]",9.538026537214005,8.571428571428571,9.538026537214005,3.2333333333333267,0,1,0,82.4682098031044,9.538026537214005e-06,194,1,0
60,13,48,0,0,1,9.46502685546875,"[0.0, 9.46502685546875]",9.46502685546875,8.571428571428571,9.46502685546875,3.1666666666666603,0,1,0,81.38166093826294,9.46502685546875e-06,190,1,0
60,14,23,0,0,1,9.396087101527623,"[0.0, 9.396087101527623]",9.396087101527623,8.571428571428571,9.396087101527623,3.1666666666666603,0,1,0,81.38168062269688,9.396087101527623e-06,190,1,0
60,15,19,0,0,1,9.335403442382812,"[0.0, 9.335403442382812]",9.335403442382812,8.571428571428571,9.335403442382812,3.1999999999999935,0,1,0,81.20002247393131,9.335403442382813e-06,192,1,0
60,16,29,0,0,1,9.289632524762835,"[0.0, 9.289632524762835]",9.289632524762835,8.571428571428571,9.289632524762835,3.1499999999999937,0,1,0,80.70276068150997,9.289632524762834e-06,189,1,0
60,17,60,0,0,1,9.253747122628349,"[0.0, 9.253747122628349]",9.253747122628349,8.571428571428571,9.253747122628349,3.1666666666666603,0,1,0,81.38166312873363,9.253747122628349e-06,190,1,0
60,18,17,0,0,1,9.248926980154854,"[0.0, 9.248926980154854]",9.248926980154854,8.571428571428571,9.248926980154854,3.133333333333327,0,1,0,80.02589443325996,9.248926980154854e-06,188,1,0
60,19,62,0,0,1,9.198379516601562,"[0.0, 9.198379516601562]",9.198379516601562,8.571428571428571,9.198379516601562,3.1499999999999937,0,1,0,80.63069623708725,9.198379516601563e-06,189,1,0
60,20,8,0,0,1,9.185850960867747,"[0.0, 9.185850960867747]",9.185850960867747,8.571428571428571,9.185850960867747,3.133333333333327,0,1,0,80.02611094713211,9.185850960867746e-06,188,1,0
60,21,13,0,0,1,9.179289681570872,"[0.0, 9.179289681570872]",9.179289681570872,8.571428571428571,9.179289681570872,3.1499999999999937,0,1,0,80.40214920043945,9.179289681570872e-06,189,1,0
60,22,54,0,0,1,9.074810573032924,"[0.0, 9.074810573032924]",9.074810573032924,8.571428571428571,9.074810573032924,3.1166666666666605,0,1,0,79.35113470256329,9.074810573032924e-06,187,1,0
60,23,40,0,0,1,8.902669634137835,"[0.0, 8.902669634137835]",8.902669634137835,8.571428571428571,8.902669634137835,3.1166666666666605,0,1,0,79.35109555721283,8.902669634137835e-06,187,1,0
60,24,20,0,0,1,8.836680821010043,"[0.0, 8.836680821010043]",8.836680821010043,8.571428571428571,8.836680821010043,3.1166666666666605,0,1,0,79.35120505094528,8.836680821010044e-06,187,1,0
60,25,55,0,0,1,8.734463282993861,"[0.0, 8.734463282993861]",8.734463282993861,8.571428571428571,8.734463282993861,3.099999999999994,0,1,0,78.67921334505081,8.734463282993861e-06,186,1,0
60,26,39,0,0,1,8.651507241385325,"[0.0, 8.651507241385325]",8.651507241385325,8.571428571428571,8.651507241385325,3.0833333333333273,0,1,0,78.00884452462196,8.651507241385324e-06,185,1,0
60,27,43,0,0,1,8.623444693429128,"[0.0, 8.623444693429128]",8.623444693429128,8.571428571428571,8.623444693429128,3.099999999999994,0,1,0,78.67915292084217,8.623444693429128e-06,186,1,0
60,28,10,0,0,1,8.551608494349889,"[0.0, 8.551608494349889]",8.551608494349889,5.714285714285714,8.551608494349889,3.0833333333333273,0,1,0,77.92834050953388,8.551608494349888e-06,185,1,0
60,29,61,0,0,1,8.493249075753347,"[0.0, 8.493249075753347]",8.493249075753347,5.714285714285714,8.493249075753347,3.0666666666666607,0,1,0,77.34117329120636,8.493249075753347e-06,184,1,0
60,30,35,0,0,1,8.48778315952846,"[0.0, 8.48778315952846]",8.48778315952846,5.714285714285714,8.48778315952846,3.0666666666666607,0,1,0,77.34109787642956,8.48778315952846e-06,184,1,0
60,31,41,0,0,1,8.479927607945033,"[0.0, 8.479927607945033]",8.479927607945033,5.714285714285714,8.479927607945033,7.316666666666646,0,1,0,57.66189892870898,8.479927607945034e-06,439,1,0
60,32,59,0,0,1,8.472799573625837,"[0.0, 8.472799573625837]",8.472799573625837,5.714285714285714,8.472799573625837,3.0833333333333273,0,1,0,78.00884465873241,8.472799573625837e-06,185,1,0
60,33,31,0,0,0,8.20997783115932,"[0.0, 8.20997783115932]",8.20997783115932,5.714285714285714,8.20997783115932,3.049999999999994,0,1,0,76.67559580504894,8.20997783115932e-06,183,1,0
60,34,44,0,0,0,8.190798078264509,"[0.0, 8.190798078264509]",8.190798078264509,5.714285714285714,8.190798078264509,3.049999999999994,0,1,0,76.6760204732418,8.190798078264508e-06,183,1,0
60,35,38,0,0,0,8.102444240025111,"[0.0, 8.102444240025111]",8.102444240025111,5.714285714285714,8.102444240025111,3.0333333333333274,0,1,0,76.01289938390255,8.102444240025111e-06,182,1,0
60,36,42,0,0,0,8.008531842912948,"[0.0, 8.008531842912948]",8.008531842912948,5.714285714285714,8.008531842912948,3.0333333333333274,0,1,0,76.01292456686497,8.008531842912948e-06,182,1,0
60,37,21,0,0,0,7.850012098039899,"[0.0, 7.850012098039899]",7.850012098039899,5.714285714285714,7.850012098039899,2.9999999999999942,0,1,0,74.69369196891785,7.850012098039898e-06,180,1,0
60,38,51,0,0,0,7.840371813092912,"[0.0, 7.840371813092912]",7.840371813092912,5.714285714285714,7.840371813092912,2.9999999999999942,0,1,0,74.69355277717113,7.840371813092912e-06,180,1,0
60,39,53,0,0,0,7.569075993129186,"[0.0, 7.569075993129186]",7.569075993129186,5.714285714285714,7.569075993129186,2.966666666666661,0,1,0,73.38360613584518,7.569075993129186e-06,178,1,0
60,40,63,0,0,0,7.397022247314452,"[0.0, 7.397022247314452]",7.397022247314452,5.714285714285714,7.397022247314452,2.933333333333328,0,1,0,72.0830083489418,7.397022247314452e-06,176,1,0
60,41,24,0,0,0,7.142857142857142,"[0.0, 7.142857142857142]",7.142857142857142,5.714285714285714,7.142857142857142,2.7666666666666617,0,1,0,65.72106975317001,7.142857142857143e-06,166,1,0
60,42,45,0,0,0,7.142857142857142,"[0.0, 7.142857142857142]",7.142857142857142,5.714285714285714,7.142857142857142,2.8499999999999948,0,1,0,68.87260930240154,7.142857142857143e-06,171,1,0
60,43,22,0,0,0,5.749658857073102,"[0.0, 5.749658857073102]",5.749658857073102,5.714285714285714,5.749658857073102,2.33333333333333,0,1,0,50.31756833195686,5.749658857073103e-06,140,1,0
60,44,33,0,0,0,5.717887878417969,"[0.0, 5.717887878417969]",5.717887878417969,5.714285714285714,5.717887878417969,2.3166666666666633,0,1,0,49.75886133313179,5.717887878417969e-06,139,1,0
60,45,30,0,0,0,5.621452331542969,"[0.0, 5.621452331542969]",5.621452331542969,2.857142857142857,5.621452331542969,2.2999999999999967,0,1,0,48.93972599506378,5.621452331542969e-06,138,1,0
60,46,57,0,0,0,5.6093324933733255,"[0.0, 5.6093324933733255]",5.6093324933733255,2.857142857142857,5.6093324933733255,2.28333333333333,0,1,0,48.64898779988289,5.609332493373325e-06,137,1,0
60,47,56,0,0,0,5.56725093296596,"[0.0, 5.56725093296596]",5.56725093296596,2.857142857142857,5.56725093296596,2.2666666666666635,0,1,0,48.09819719195366,5.56725093296596e-06,136,1,0
60,48,9,0,0,0,5.548569815499442,"[0.0, 5.548569815499442]",5.548569815499442,2.857142857142857,5.548569815499442,2.2666666666666635,0,1,0,48.09799416363239,5.548569815499442e-06,136,1,0
60,49,25,0,0,0,5.4618344988141745,"[0.0, 5.4618344988141745]",5.4618344988141745,2.857142857142857,5.4618344988141745,2.2333333333333303,0,1,0,47.00395745038986,5.461834498814174e-06,134,1,0
60,50,28,0,0,0,5.372734069824219,"[0.0, 5.372734069824219]",5.372734069824219,2.857142857142857,5.372734069824219,6.21666666666665,0,1,0,45.86930830794154,5.372734069824219e-06,373,1,0
60,51,46,0,0,0,5.356777736118862,"[0.0, 5.356777736118862]",5.356777736118862,2.857142857142857,5.356777736118862,2.199999999999997,0,1,0,45.91994258761406,5.356777736118862e-06,132,1,0
60,52,14,0,0,0,5.356723240443639,"[0.0, 5.356723240443639]",5.356723240443639,2.857142857142857,5.356723240443639,2.199999999999997,0,1,0,45.91996072232723,5.356723240443639e-06,132,1,0
60,53,47,0,0,0,5.298451014927456,"[0.0, 5.298451014927456]",5.298451014927456,2.857142857142857,5.298451014927456,2.1833333333333305,0,1,0,45.382110103964806,5.298451014927456e-06,131,1,0
60,54,15,0,0,0,5.262331281389509,"[0.0, 5.262331281389509]",5.262331281389509,2.857142857142857,5.262331281389509,2.166666666666664,0,1,0,44.84677755832672,5.262331281389509e-06,130,1,0
60,55,32,0,0,0,5.1086643763950885,"[0.0, 5.1086643763950885]",5.1086643763950885,2.857142857142857,5.1086643763950885,2.116666666666664,0,1,0,43.25589607656002,5.108664376395089e-06,127,1,0
60,56,58,0,0,0,5.062315804617745,"[0.0, 5.062315804617745]",5.062315804617745,2.857142857142857,5.062315804617745,2.0999999999999974,0,1,0,42.73128943145275,5.0623158046177445e-06,126,1,0
60,57,36,0,0,0,4.971117292131696,"[0.0, 4.971117292131696]",4.971117292131696,2.857142857142857,4.971117292131696,2.083333333333331,0,1,0,41.77355195581913,4.971117292131696e-06,125,1,0
60,58,11,0,0,0,4.964506966727121,"[0.0, 4.964506966727121]",4.964506966727121,2.857142857142857,4.964506966727121,2.066666666666664,0,1,0,41.68956911563873,4.964506966727121e-06,124,1,0
60,59,18,0,0,0,4.927046639578683,"[0.0, 4.927046639578683]",4.927046639578683,2.857142857142857,4.927046639578683,2.0499999999999976,0,1,0,41.17232330143452,4.9270466395786835e-06,123,1,0
60,60,26,0,0,0,4.876954214913504,"[0.0, 4.876954214913504]",4.876954214913504,2.857142857142857,4.876954214913504,2.033333333333331,0,1,0,40.657966047525406,4.876954214913504e-06,122,1,0
60,61,37,0,0,0,4.633173261369978,"[0.0, 4.633173261369978]",4.633173261369978,2.857142857142857,4.633173261369978,1.949999999999998,0,1,0,38.126690089702606,4.633173261369978e-06,117,1,0
60,62,34,0,0,0,4.532198224748884,"[0.0, 4.532198224748884]",4.532198224748884,2.857142857142857,4.532198224748884,1.9166666666666647,0,1,0,37.13321478664875,4.532198224748884e-06,115,1,0
60,63,12,0,0,0,2.111663818359375,"[0.0, 2.111663818359375]",2.111663818359375,0.0,2.111663818359375,5.016666666666654,0,1,0,7.705847170815105,2.111663818359375e-06,301,1,0
60,64,49,0,0,0,0.7042258126395089,"[0.0, 0.7042258126395089]",0.7042258126395089,0.0,0.7042258126395089,5.016666666666654,0,1,0,25.07591484102886,7.042258126395089e-07,301,1,0
61,1,0,0,1,1,10.43133054460798,"[0.0, 10.43133054460798]",10.43133054460798,8.571428571428571,10.43133054460798,5.116666666666654,0,1,0,88.44709768891335,1.0431330544607978e-05,307,1,0
61,2,1,0,1,1,10.206157139369418,"[0.0, 10.206157139369418]",10.206157139369418,8.571428571428571,10.206157139369418,3.2833333333333266,0,1,0,86.19815623760223,1.0206157139369418e-05,197,1,0
61,3,2,0,1,1,10.197933741978236,"[0.0, 10.197933741978236]",10.197933741978236,8.571428571428571,10.197933741978236,3.2833333333333266,0,1,0,86.19837695360184,1.0197933741978236e-05,197,1,0
61,4,54,0,1,1,10.183086395263672,"[0.0, 10.183086395263672]",10.183086395263672,8.571428571428571,10.183086395263672,3.2833333333333266,0,1,0,86.19834478199482,1.0183086395263672e-05,197,1,0
61,5,3,0,1,1,10.02087184361049,"[0.0, 10.02087184361049]",10.02087184361049,8.571428571428571,10.02087184361049,3.2499999999999933,0,1,0,84.81070260703564,1.002087184361049e-05,195,1,0
61,6,4,0,1,1,10.000465938023158,"[0.0, 10.000465938023158]",10.000465938023158,8.571428571428571,10.000465938023158,3.2499999999999933,0,1,0,84.81068161129951,1.0000465938023157e-05,195,1,0
61,7,5,0,1,1,9.99277114868164,"[0.0, 9.99277114868164]",9.99277114868164,8.571428571428571,9.99277114868164,3.2499999999999933,0,1,0,84.810611307621,9.99277114868164e-06,195,1,0
61,8,6,0,1,1,9.98971939086914,"[0.0, 9.98971939086914]",9.98971939086914,8.571428571428571,9.98971939086914,3.2499999999999933,0,1,0,84.81095300614834,9.989719390869141e-06,195,1,0
61,9,7,0,0,1,9.982566833496094,"[0.0, 9.982566833496094]",9.982566833496094,8.571428571428571,9.982566833496094,3.3333333333333264,0,1,0,84.37682448327541,9.982566833496094e-06,200,1,0
61,10,22,0,0,1,9.83081545148577,"[0.0, 9.83081545148577]",9.83081545148577,8.571428571428571,9.83081545148577,3.21666666666666,0,1,0,83.43260005116463,9.830815451485771e-06,193,1,0
61,11,53,0,0,1,9.72205298287528,"[0.0, 9.72205298287528]",9.72205298287528,8.571428571428571,9.72205298287528,3.2499999999999933,0,1,0,82.81476245820522,9.72205298287528e-06,195,1,0
61,12,39,0,0,1,9.580666678292411,"[0.0, 9.580666678292411]",9.580666678292411,8.571428571428571,9.580666678292411,3.183333333333327,0,1,0,82.06333692371845,9.580666678292412e-06,191,1,0
61,13,10,0,0,1,9.51920645577567,"[0.0, 9.51920645577567]",9.51920645577567,8.571428571428571,9.51920645577567,3.183333333333327,0,1,0,82.0630419999361,9.519206455775671e-06,191,1,0
61,14,43,0,0,1,9.476672581263951,"[0.0, 9.476672581263951]",9.476672581263951,8.571428571428571,9.476672581263951,3.2499999999999933,0,1,0,81.90649917721748,9.476672581263951e-06,195,1,0
61,15,42,0,0,1,9.464819771902903,"[0.0, 9.464819771902903]",9.464819771902903,8.571428571428571,9.464819771902903,3.183333333333327,0,1,0,81.57324032485485,9.464819771902903e-06,191,1,0
61,16,61,0,0,1,9.416397639683314,"[0.0, 9.416397639683314]",9.416397639683314,8.571428571428571,9.416397639683314,3.1666666666666603,0,1,0,81.38186030089855,9.416397639683314e-06,190,1,0
61,17,9,0,0,1,9.362000056675504,"[0.0, 9.362000056675504]",9.362000056675504,8.571428571428571,9.362000056675504,3.1499999999999937,0,1,0,80.70255188643932,9.362000056675504e-06,189,1,0
61,18,11,0,0,1,9.224335806710378,"[0.0, 9.224335806710378]",9.224335806710378,8.571428571428571,9.224335806710378,3.1499999999999937,0,1,0,80.70232006907463,9.224335806710379e-06,189,1,0
61,19,15,0,0,1,9.193387712751116,"[0.0, 9.193387712751116]",9.193387712751116,8.571428571428571,9.193387712751116,3.133333333333327,0,1,0,80.02596195042133,9.193387712751117e-06,188,1,0
61,20,41,0,0,1,9.182297842843191,"[0.0, 9.182297842843191]",9.182297842843191,8.571428571428571,9.182297842843191,3.133333333333327,0,1,0,80.02596434950829,9.18229784284319e-06,188,1,0
61,21,25,0,0,1,9.112851279122488,"[0.0, 9.112851279122488]",9.112851279122488,8.571428571428571,9.112851279122488,3.133333333333327,0,1,0,80.02530251443386,9.112851279122487e-06,188,1,0
61,22,32,0,0,1,9.081619807652066,"[0.0, 9.081619807652066]",9.081619807652066,8.571428571428571,9.081619807652066,3.1166666666666605,0,1,0,79.35105688869953,9.081619807652066e-06,187,1,0
61,23,16,0,0,1,9.07677241734096,"[0.0, 9.07677241734096]",9.07677241734096,8.571428571428571,9.07677241734096,3.133333333333327,0,1,0,80.02608828246593,9.07677241734096e-06,188,1,0
61,24,40,0,0,1,9.014113289969309,"[0.0, 9.014113289969309]",9.014113289969309,8.571428571428571,9.014113289969309,3.1166666666666605,0,1,0,79.35144942998886,9.01411328996931e-06,187,1,0
61,25,21,0,0,1,8.969473157610212,"[0.0, 8.969473157610212]",8.969473157610212,8.571428571428571,8.969473157610212,3.133333333333327,0,1,0,79.68045184016228,8.969473157610211e-06,188,1,0
61,26,24,0,0,1,8.844432830810547,"[0.0, 8.844432830810547]",8.844432830810547,8.571428571428571,8.844432830810547,3.099999999999994,0,1,0,78.67926555871964,8.844432830810547e-06,186,1,0
61,27,23,0,0,1,8.834334782191686,"[0.0, 8.834334782191686]",8.834334782191686,8.571428571428571,8.834334782191686,3.099999999999994,0,1,0,78.67928431928158,8.834334782191687e-06,186,1,0
61,28,58,0,0,1,8.833822522844587,"[0.0, 8.833822522844587]",8.833822522844587,8.571428571428571,8.833822522844587,3.099999999999994,0,1,0,78.6594370007515,8.833822522844587e-06,186,1,0
61,29,60,0,0,1,8.825160435267858,"[0.0, 8.825160435267858]",8.825160435267858,8.571428571428571,8.825160435267858,3.1166666666666605,0,1,0,79.17761152982712,8.825160435267858e-06,187,1,0
61,30,45,0,0,1,8.599526541573661,"[0.0, 8.599526541573661]",8.599526541573661,8.571428571428571,8.599526541573661,3.099999999999994,0,1,0,78.67883983254433,8.599526541573662e-06,186,1,0
61,31,30,0,0,1,8.568273271833148,"[0.0, 8.568273271833148]",8.568273271833148,5.714285714285714,8.568273271833148,3.0833333333333273,0,1,0,78.00911724567413,8.568273271833147e-06,185,1,0
61,32,48,0,0,1,8.51630347115653,"[0.0, 8.51630347115653]",8.51630347115653,5.714285714285714,8.51630347115653,3.399999999999993,0,1,0,77.77098479866982,8.516303471156529e-06,204,1,0
61,33,19,0,0,0,8.501022883823941,"[0.0, 8.501022883823941]",8.501022883823941,5.714285714285714,8.501022883823941,3.0666666666666607,0,1,0,77.34094280004501,8.50102288382394e-06,184,1,0
61,34,28,0,0,0,8.164092472621373,"[0.0, 8.164092472621373]",8.164092472621373,5.714285714285714,8.164092472621373,3.049999999999994,0,1,0,76.67603462934494,8.164092472621372e-06,183,1,0
61,35,46,0,0,0,8.12020710536412,"[0.0, 8.12020710536412]",8.12020710536412,5.714285714285714,8.12020710536412,3.0333333333333274,0,1,0,76.01285491883755,8.12020710536412e-06,182,1,0
61,36,35,0,0,0,7.986501966203963,"[0.0, 7.986501966203963]",7.986501966203963,5.714285714285714,7.986501966203963,3.016666666666661,0,1,0,75.35211980342865,7.986501966203962e-06,181,1,0
61,37,59,0,0,0,7.850197383335658,"[0.0, 7.850197383335658]",7.850197383335658,5.714285714285714,7.850197383335658,3.1666666666666603,0,1,0,74.72025042772293,7.850197383335658e-06,190,1,0
61,38,44,0,0,0,7.838069370814732,"[0.0, 7.838069370814732]",7.838069370814732,5.714285714285714,7.838069370814732,3.016666666666661,0,1,0,75.35222655534744,7.838069370814731e-06,181,1,0
61,39,36,0,0,0,7.670040130615234,"[0.0, 7.670040130615234]",7.670040130615234,5.714285714285714,7.670040130615234,2.9833333333333276,0,1,0,74.03772693872452,7.670040130615234e-06,179,1,0
61,40,52,0,0,0,7.15707778930664,"[0.0, 7.15707778930664]",7.15707778930664,5.714285714285714,7.15707778930664,2.8999999999999946,0,1,0,70.79157304763794,7.15707778930664e-06,174,1,0
61,41,37,0,0,0,7.142857142857142,"[0.0, 7.142857142857142]",7.142857142857142,5.714285714285714,7.142857142857142,2.8166666666666615,0,1,0,67.60489875078201,7.142857142857143e-06,169,1,0
61,42,55,0,0,0,5.7146453857421875,"[0.0, 5.7146453857421875]",5.7146453857421875,5.714285714285714,5.7146453857421875,2.3166666666666633,0,1,0,49.75915913283825,5.714645385742187e-06,139,1,0
61,43,29,0,0,0,5.6682859148297995,"[0.0, 5.6682859148297995]",5.6682859148297995,2.857142857142857,5.6682859148297995,2.2999999999999967,0,1,0,49.202564150094986,5.668285914829799e-06,138,1,0
61,44,8,0,0,0,5.60387202671596,"[0.0, 5.60387202671596]",5.60387202671596,2.857142857142857,5.60387202671596,2.28333333333333,0,1,0,48.6489332318306,5.60387202671596e-06,137,1,0
61,45,13,0,0,0,5.567027500697544,"[0.0, 5.567027500697544]",5.567027500697544,2.857142857142857,5.567027500697544,2.2666666666666635,0,1,0,48.098183542490005,5.567027500697544e-06,136,1,0
61,46,33,0,0,0,5.557539803641183,"[0.0, 5.557539803641183]",5.557539803641183,2.857142857142857,5.557539803641183,2.2666666666666635,0,1,0,48.09822241961956,5.557539803641183e-06,136,1,0
61,47,27,0,0,0,5.510717119489398,"[0.0, 5.510717119489398]",5.510717119489398,2.857142857142857,5.510717119489398,2.249999999999997,0,1,0,47.549322828650475,5.510717119489397e-06,135,1,0
61,48,14,0,0,0,5.507937840053014,"[0.0, 5.507937840053014]",5.507937840053014,2.857142857142857,5.507937840053014,2.249999999999997,0,1,0,47.55008889734745,5.5079378400530135e-06,135,1,0
61,49,38,0,0,0,5.416292463030134,"[0.0, 5.416292463030134]",5.416292463030134,2.857142857142857,5.416292463030134,2.2333333333333303,0,1,0,46.6442179530859,5.416292463030134e-06,134,1,0
61,50,34,0,0,0,5.360854012625558,"[0.0, 5.360854012625558]",5.360854012625558,2.857142857142857,5.360854012625558,2.199999999999997,0,1,0,45.92036125063896,5.360854012625558e-06,132,1,0
61,51,47,0,0,0,5.297154017857142,"[0.0, 5.297154017857142]",5.297154017857142,2.857142857142857,5.297154017857142,2.1833333333333305,0,1,0,45.38225555419922,5.2971540178571425e-06,131,1,0
61,52,31,0,0,0,5.258396693638393,"[0.0, 5.258396693638393]",5.258396693638393,2.857142857142857,5.258396693638393,2.166666666666664,0,1,0,44.84677194058895,5.258396693638394e-06,130,1,0
61,53,51,0,0,0,5.251094273158482,"[0.0, 5.251094273158482]",5.251094273158482,2.857142857142857,5.251094273158482,2.166666666666664,0,1,0,44.84631034731865,5.251094273158482e-06,130,1,0
61,54,12,0,0,0,5.218244280133929,"[0.0, 5.218244280133929]",5.218244280133929,2.857142857142857,5.218244280133929,2.1499999999999972,0,1,0,44.313771173357964,5.218244280133929e-06,129,1,0
61,55,62,0,0,0,5.107737949916294,"[0.0, 5.107737949916294]",5.107737949916294,2.857142857142857,5.107737949916294,2.116666666666664,0,1,0,43.25634454190731,5.1077379499162946e-06,127,1,0
61,56,26,0,0,0,5.005683898925781,"[0.0, 5.005683898925781]",5.005683898925781,2.857142857142857,5.005683898925781,2.083333333333331,0,1,0,42.20896863937378,5.005683898925782e-06,125,1,0
61,57,20,0,0,0,4.965607779366629,"[0.0, 4.965607779366629]",4.965607779366629,2.857142857142857,4.965607779366629,2.066666666666664,0,1,0,41.68946012854576,4.96560777936663e-06,124,1,0
61,58,49,0,0,0,4.848027910505023,"[0.0, 4.848027910505023]",4.848027910505023,2.857142857142857,4.848027910505023,2.7666666666666617,0,1,0,40.65204460918903,4.848027910505023e-06,166,1,0
61,59,50,0,0,0,4.824834551130023,"[0.0, 4.824834551130023]",4.824834551130023,2.857142857142857,4.824834551130023,2.0166666666666644,0,1,0,40.14665639400482,4.8248345511300226e-06,121,1,0
61,60,63,0,0,0,4.725963047572545,"[0.0, 4.725963047572545]",4.725963047572545,2.857142857142857,4.725963047572545,1.9833333333333312,0,1,0,39.13088817894459,4.725963047572545e-06,119,1,0
61,61,18,0,0,0,4.538285391671317,"[0.0, 4.538285391671317]",4.538285391671317,2.857142857142857,4.538285391671317,1.9166666666666647,0,1,0,37.132726684212685,4.538285391671317e-06,115,1,0
61,62,57,0,0,0,4.398171561104911,"[0.0, 4.398171561104911]",4.398171561104911,2.857142857142857,4.398171561104911,1.866666666666665,0,1,0,35.66290807723999,4.39817156110491e-06,112,1,0
61,63,17,0,0,0,3.6191558837890625,"[0.0, 3.6191558837890625]",3.6191558837890625,2.857142857142857,3.6191558837890625,5.433333333333319,0,1,0,27.947556938786875,3.6191558837890626e-06,326,1,0
61,64,56,0,0,0,1.9003840855189733,"[0.0, 1.9003840855189733]",1.9003840855189733,0.0,1.9003840855189733,5.016666666666654,0,1,0,5.436652886797674,1.9003840855189733e-06,301,1,0
62,1,0,0,1,1,10.43133054460798,"[0.0, 10.43133054460798]",10.43133054460798,8.571428571428571,10.43133054460798,5.116666666666654,0,1,0,88.44709768891335,1.0431330544607978e-05,307,1,0
62,2,1,0,1,1,10.206157139369418,"[0.0, 10.206157139369418]",10.206157139369418,8.571428571428571,10.206157139369418,3.2833333333333266,0,1,0,86.19815623760223,1.0206157139369418e-05,197,1,0
62,3,2,0,1,1,10.197933741978236,"[0.0, 10.197933741978236]",10.197933741978236,8.571428571428571,10.197933741978236,3.2833333333333266,0,1,0,86.19837695360184,1.0197933741978236e-05,197,1,0
62,4,3,0,1,1,10.183086395263672,"[0.0, 10.183086395263672]",10.183086395263672,8.571428571428571,10.183086395263672,3.2833333333333266,0,1,0,86.19834478199482,1.0183086395263672e-05,197,1,0
62,5,4,0,1,1,10.02087184361049,"[0.0, 10.02087184361049]",10.02087184361049,8.571428571428571,10.02087184361049,3.2499999999999933,0,1,0,84.81070260703564,1.002087184361049e-05,195,1,0
62,6,5,0,1,1,10.000465938023158,"[0.0, 10.000465938023158]",10.000465938023158,8.571428571428571,10.000465938023158,3.2499999999999933,0,1,0,84.81068161129951,1.0000465938023157e-05,195,1,0
62,7,6,0,1,1,9.99277114868164,"[0.0, 9.99277114868164]",9.99277114868164,8.571428571428571,9.99277114868164,3.2499999999999933,0,1,0,84.810611307621,9.99277114868164e-06,195,1,0
62,8,7,0,1,1,9.98971939086914,"[0.0, 9.98971939086914]",9.98971939086914,8.571428571428571,9.98971939086914,3.2499999999999933,0,1,0,84.81095300614834,9.989719390869141e-06,195,1,0
62,9,27,0,0,1,9.835973467145648,"[0.0, 9.835973467145648]",9.835973467145648,8.571428571428571,9.835973467145648,3.21666666666666,0,1,0,83.4325383156538,9.835973467145648e-06,193,1,0
62,10,41,0,0,1,9.624176025390625,"[0.0, 9.624176025390625]",9.624176025390625,8.571428571428571,9.624176025390625,3.1999999999999935,0,1,0,82.74698257446289,9.624176025390625e-06,192,1,0
62,11,44,0,0,1,9.57850592476981,"[0.0, 9.57850592476981]",9.57850592476981,8.571428571428571,9.57850592476981,3.1999999999999935,0,1,0,82.74708165228367,9.578505924769811e-06,192,1,0
62,12,39,0,0,1,9.427152361188616,"[0.0, 9.427152361188616]",9.427152361188616,8.571428571428571,9.427152361188616,3.1666666666666603,0,1,0,81.3814260661602,9.427152361188617e-06,190,1,0
62,13,47,0,0,1,9.339675903320312,"[0.0, 9.339675903320312]",9.339675903320312,8.571428571428571,9.339675903320312,3.1666666666666603,0,1,0,81.38164195418358,9.339675903320312e-06,190,1,0
62,14,21,0,0,1,9.22767094203404,"[0.0, 9.22767094203404]",9.22767094203404,8.571428571428571,9.22767094203404,3.133333333333327,0,1,0,80.0258431583643,9.22767094203404e-06,188,1,0
62,15,18,0,0,1,9.206117902483259,"[0.0, 9.206117902483259]",9.206117902483259,8.571428571428571,9.206117902483259,3.1499999999999937,0,1,0,80.70253193378448,9.20611790248326e-06,189,1,0
62,16,19,0,0,1,9.20058114188058,"[0.0, 9.20058114188058]",9.20058114188058,8.571428571428571,9.20058114188058,3.21666666666666,0,1,0,80.9905135333538,9.20058114188058e-06,193,1,0
62,17,22,0,0,1,9.178049904959543,"[0.0, 9.178049904959543]",9.178049904959543,8.571428571428571,9.178049904959543,3.133333333333327,0,1,0,80.02559694647789,9.178049904959543e-06,188,1,0
62,18,12,0,0,1,9.086453574044363,"[0.0, 9.086453574044363]",9.086453574044363,8.571428571428571,9.086453574044363,3.133333333333327,0,1,0,79.68081580102444,9.086453574044362e-06,188,1,0
62,19,51,0,0,1,9.067156655447823,"[0.0, 9.067156655447823]",9.067156655447823,8.571428571428571,9.067156655447823,3.133333333333327,0,1,0,80.02589233219624,9.067156655447823e-06,188,1,0
62,20,58,0,0,1,8.99566650390625,"[0.0, 8.99566650390625]",8.99566650390625,8.571428571428571,8.99566650390625,3.133333333333327,0,1,0,79.8573597073555,8.99566650390625e-06,188,1,0
62,21,25,0,0,1,8.93890380859375,"[0.0, 8.93890380859375]",8.93890380859375,8.571428571428571,8.93890380859375,3.1666666666666603,0,1,0,79.70261792838573,8.93890380859375e-06,190,1,0
62,22,9,0,0,1,8.854680742536273,"[0.0, 8.854680742536273]",8.854680742536273,8.571428571428571,8.854680742536273,3.099999999999994,0,1,0,78.67838755249977,8.854680742536273e-06,186,1,0
62,23,31,0,0,1,8.645335606166295,"[0.0, 8.645335606166295]",8.645335606166295,8.571428571428571,8.645335606166295,3.0833333333333273,0,1,0,78.00896865129471,8.645335606166295e-06,185,1,0
62,24,60,0,0,1,8.62217766898019,"[0.0, 8.62217766898019]",8.62217766898019,8.571428571428571,8.62217766898019,3.0833333333333273,0,1,0,78.00903980433941,8.62217766898019e-06,185,1,0
62,25,36,0,0,1,8.564752851213727,"[0.0, 8.564752851213727]",8.564752851213727,5.714285714285714,8.564752851213727,3.0833333333333273,0,1,0,78.00896325707436,8.564752851213727e-06,185,1,0
62,26,15,0,0,1,8.425336565290179,"[0.0, 8.425336565290179]",8.425336565290179,5.714285714285714,8.425336565290179,3.1499999999999937,0,1,0,77.20728479325771,8.425336565290179e-06,189,1,0
62,27,8,0,0,1,8.418540954589844,"[0.0, 8.418540954589844]",8.418540954589844,5.714285714285714,8.418540954589844,3.0666666666666607,0,1,0,77.34081502258778,8.418540954589843e-06,184,1,0
62,28,33,0,0,1,8.378358568464005,"[0.0, 8.378358568464005]",8.378358568464005,5.714285714285714,8.378358568464005,3.0666666666666607,0,1,0,77.34168414771557,8.378358568464005e-06,184,1,0
62,29,46,0,0,1,8.277097429547991,"[0.0, 8.277097429547991]",8.277097429547991,5.714285714285714,8.277097429547991,3.0666666666666607,0,1,0,77.341073513031,8.277097429547991e-06,184,1,0
62,30,50,0,0,1,8.274274553571429,"[0.0, 8.274274553571429]",8.274274553571429,5.714285714285714,8.274274553571429,3.349999999999993,0,1,0,77.26761518418789,8.274274553571429e-06,201,1,0
62,31,35,0,0,1,8.12007086617606,"[0.0, 8.12007086617606]",8.12007086617606,5.714285714285714,8.12007086617606,3.0333333333333274,0,1,0,76.01237730681896,8.120070866176061e-06,182,1,0
62,32,20,0,0,1,8.029212951660156,"[0.0, 8.029212951660156]",8.029212951660156,5.714285714285714,8.029212951660156,3.0333333333333274,0,1,0,76.01296707987785,8.029212951660157e-06,182,1,0
62,33,29,0,0,0,7.621713365827287,"[0.0, 7.621713365827287]",7.621713365827287,5.714285714285714,7.621713365827287,2.9833333333333276,0,1,0,74.03774063289165,7.621713365827287e-06,179,1,0
62,34,49,0,0,0,7.142857142857142,"[0.0, 7.142857142857142]",7.142857142857142,5.714285714285714,7.142857142857142,3.049999999999994,0,1,0,68.50820684432983,7.142857142857143e-06,183,1,0
62,35,55,0,0,0,7.142857142857142,"[0.0, 7.142857142857142]",7.142857142857142,5.714285714285714,7.142857142857142,2.8499999999999948,0,1,0,68.87240017950535,7.142857142857143e-06,171,1,0
62,36,59,0,0,0,7.142857142857142,"[0.0, 7.142857142857142]",7.142857142857142,5.714285714285714,7.142857142857142,2.883333333333328,0,1,0,70.14970409870148,7.142857142857143e-06,173,1,0
62,37,57,0,0,0,7.094791957310267,"[0.0, 7.094791957310267]",7.094791957310267,5.714285714285714,7.094791957310267,2.716666666666662,0,1,0,63.85922899842262,7.094791957310267e-06,163,1,0
62,38,54,0,0,0,5.892361232212612,"[0.0, 5.892361232212612]",5.892361232212612,5.714285714285714,5.892361232212612,3.6166666666666587,0,1,0,52.00703950226307,5.892361232212612e-06,217,1,0
62,39,38,0,0,0,5.66361563546317,"[0.0, 5.66361563546317]",5.66361563546317,2.857142857142857,5.66361563546317,2.2999999999999967,0,1,0,49.20288646221161,5.66361563546317e-06,138,1,0
62,40,17,0,0,0,5.608836582728795,"[0.0, 5.608836582728795]",5.608836582728795,2.857142857142857,5.608836582728795,2.28333333333333,0,1,0,48.64917249977589,5.608836582728795e-06,137,1,0
62,41,56,0,0,0,5.542073931012835,"[0.0, 5.542073931012835]",5.542073931012835,2.857142857142857,5.542073931012835,2.4833333333333294,0,1,0,47.9192251265049,5.542073931012835e-06,149,1,0
62,42,52,0,0,0,5.506041390555246,"[0.0, 5.506041390555246]",5.506041390555246,2.857142857142857,5.506041390555246,2.249999999999997,0,1,0,47.55014246702194,5.506041390555246e-06,135,1,0
62,43,32,0,0,0,5.5011476789202005,"[0.0, 5.5011476789202005]",5.5011476789202005,2.857142857142857,5.5011476789202005,2.249999999999997,0,1,0,47.549816340208054,5.501147678920201e-06,135,1,0
62,44,61,0,0,0,5.43060302734375,"[0.0, 5.43060302734375]",5.43060302734375,2.857142857142857,5.43060302734375,6.21666666666665,0,1,0,45.86930857333937,5.43060302734375e-06,373,1,0
62,45,30,0,0,0,5.41308811732701,"[0.0, 5.41308811732701]",5.41308811732701,2.857142857142857,5.41308811732701,2.2166666666666637,0,1,0,46.46075123548508,5.41308811732701e-06,133,1,0
62,46,42,0,0,0,5.4034423828125,"[0.0, 5.4034423828125]",5.4034423828125,2.857142857142857,5.4034423828125,2.2166666666666637,0,1,0,46.460555002093315,5.4034423828125e-06,133,1,0
62,47,62,0,0,0,5.257693699428014,"[0.0, 5.257693699428014]",5.257693699428014,2.857142857142857,5.257693699428014,2.166666666666664,0,1,0,44.84646502137184,5.257693699428014e-06,130,1,0
62,48,28,0,0,0,5.257192339215959,"[0.0, 5.257192339215959]",5.257192339215959,2.857142857142857,5.257192339215959,2.166666666666664,0,1,0,44.846656292676926,5.257192339215959e-06,130,1,0
62,49,48,0,0,0,5.161394391741071,"[0.0, 5.161394391741071]",5.161394391741071,2.857142857142857,5.161394391741071,2.1333333333333306,0,1,0,43.78373125195503,5.161394391741072e-06,128,1,0
62,50,13,0,0,0,5.07544926234654,"[0.0, 5.07544926234654]",5.07544926234654,2.857142857142857,5.07544926234654,2.499999999999996,0,1,0,42.87309534102678,5.07544926234654e-06,150,1,0
62,51,24,0,0,0,4.955727713448661,"[0.0, 4.955727713448661]",4.955727713448661,2.857142857142857,4.955727713448661,2.066666666666664,0,1,0,41.68951469659805,4.9557277134486605e-06,124,1,0
62,52,11,0,0,0,4.954932076590401,"[0.0, 4.954932076590401]",4.954932076590401,2.857142857142857,4.954932076590401,2.066666666666664,0,1,0,41.689234003424644,4.954932076590401e-06,124,1,0
62,53,37,0,0,0,4.868305751255581,"[0.0, 4.868305751255581]",4.868305751255581,2.857142857142857,4.868305751255581,2.033333333333331,0,1,0,40.65831038355827,4.868305751255581e-06,122,1,0
62,54,45,0,0,0,4.768317086356027,"[0.0, 4.768317086356027]",4.768317086356027,2.857142857142857,4.768317086356027,1.9999999999999978,0,1,0,39.63758124411106,4.768317086356027e-06,120,1,0
62,55,53,0,0,0,4.680066789899554,"[0.0, 4.680066789899554]",4.680066789899554,2.857142857142857,4.680066789899554,1.9666666666666646,0,1,0,38.627424240112305,4.680066789899554e-06,118,1,0
62,56,26,0,0,0,4.674742562430245,"[0.0, 4.674742562430245]",4.674742562430245,2.857142857142857,4.674742562430245,1.9666666666666646,0,1,0,38.627613827586174,4.674742562430245e-06,118,1,0
62,57,14,0,0,0,4.65630122593471,"[0.0, 4.65630122593471]",4.65630122593471,2.857142857142857,4.65630122593471,1.9666666666666646,0,1,0,38.39842750132084,4.6563012259347105e-06,118,1,0
62,58,10,0,0,0,4.486051286969865,"[0.0, 4.486051286969865]",4.486051286969865,2.857142857142857,4.486051286969865,1.9666666666666646,0,1,0,36.63511236011982,4.486051286969865e-06,118,1,0
62,59,40,0,0,0,2.256943838936942,"[0.0, 2.256943838936942]",2.256943838936942,0.0,2.256943838936942,5.2999999999999865,0,1,0,9.754877767772996,2.256943838936942e-06,318,1,0
62,60,16,0,0,0,2.111751011439732,"[0.0, 2.111751011439732]",2.111751011439732,0.0,2.111751011439732,5.016666666666654,0,1,0,7.705722269194666,2.111751011439732e-06,301,1,0
62,61,43,0,0,0,2.111342293875558,"[0.0, 2.111342293875558]",2.111342293875558,0.0,2.111342293875558,5.016666666666654,0,1,0,7.705821320836549,2.111342293875558e-06,301,1,0
62,62,23,0,0,0,1.929048810686384,"[0.0, 1.929048810686384]",1.929048810686384,0.0,1.929048810686384,5.016666666666654,0,1,0,5.858480478789716,1.9290488106863837e-06,301,1,0
62,63,63,0,0,0,1.8751907348632812,"[0.0, 1.8751907348632812]",1.8751907348632812,0.0,1.8751907348632812,5.016666666666654,0,1,0,5.174682516488247,1.8751907348632813e-06,301,1,0
62,64,34,0,0,0,1.8748147147042409,"[0.0, 1.8748147147042409]",1.8748147147042409,0.0,1.8748147147042409,5.016666666666654,0,1,0,5.175321666523814,1.8748147147042408e-06,301,1,0
63,1,0,0,1,1,10.43133054460798,"[0.0, 10.43133054460798]",10.43133054460798,8.571428571428571,10.43133054460798,5.116666666666654,0,1,0,88.44709768891335,1.0431330544607978e-05,307,1,0
63,2,1,0,1,1,10.206157139369418,"[0.0, 10.206157139369418]",10.206157139369418,8.571428571428571,10.206157139369418,3.2833333333333266,0,1,0,86.19815623760223,1.0206157139369418e-05,197,1,0
63,3,2,0,1,1,10.197933741978236,"[0.0, 10.197933741978236]",10.197933741978236,8.571428571428571,10.197933741978236,3.2833333333333266,0,1,0,86.19837695360184,1.0197933741978236e-05,197,1,0
63,4,3,0,1,1,10.183086395263672,"[0.0, 10.183086395263672]",10.183086395263672,8.571428571428571,10.183086395263672,3.2833333333333266,0,1,0,86.19834478199482,1.0183086395263672e-05,197,1,0
63,5,4,0,1,1,10.02087184361049,"[0.0, 10.02087184361049]",10.02087184361049,8.571428571428571,10.02087184361049,3.2499999999999933,0,1,0,84.81070260703564,1.002087184361049e-05,195,1,0
63,6,5,0,1,1,10.000465938023158,"[0.0, 10.000465938023158]",10.000465938023158,8.571428571428571,10.000465938023158,3.2499999999999933,0,1,0,84.81068161129951,1.0000465938023157e-05,195,1,0
63,7,6,0,1,1,9.99277114868164,"[0.0, 9.99277114868164]",9.99277114868164,8.571428571428571,9.99277114868164,3.2499999999999933,0,1,0,84.810611307621,9.99277114868164e-06,195,1,0
63,8,7,0,1,1,9.98971939086914,"[0.0, 9.98971939086914]",9.98971939086914,8.571428571428571,9.98971939086914,3.2499999999999933,0,1,0,84.81095300614834,9.989719390869141e-06,195,1,0
63,9,62,0,0,1,9.846651894705637,"[0.0, 9.846651894705637]",9.846651894705637,8.571428571428571,9.846651894705637,3.21666666666666,0,1,0,83.41812904179096,9.846651894705636e-06,193,1,0
63,10,13,0,0,1,9.787142617361887,"[0.0, 9.787142617361887]",9.787142617361887,8.571428571428571,9.787142617361887,3.21666666666666,0,1,0,83.43252871930599,9.787142617361888e-06,193,1,0
63,11,21,0,0,1,9.731003897530693,"[0.0, 9.731003897530693]",9.731003897530693,8.571428571428571,9.731003897530693,3.1999999999999935,0,1,0,82.74649776518345,9.731003897530692e-06,192,1,0
63,12,60,0,0,1,9.683897835867745,"[0.0, 9.683897835867745]",9.683897835867745,8.571428571428571,9.683897835867745,3.1999999999999935,0,1,0,82.74668833613396,9.683897835867744e-06,192,1,0
63,13,61,0,0,1,9.607167925153458,"[0.0, 9.607167925153458]",9.607167925153458,8.571428571428571,9.607167925153458,3.183333333333327,0,1,0,82.06306253373623,9.607167925153457e-06,191,1,0
63,14,20,0,0,1,9.570437840053012,"[0.0, 9.570437840053012]",9.570437840053012,8.571428571428571,9.570437840053012,3.183333333333327,0,1,0,82.06307110190392,9.570437840053011e-06,191,1,0
63,15,42,0,0,1,9.488740648542132,"[0.0, 9.488740648542132]",9.488740648542132,8.571428571428571,9.488740648542132,3.1666666666666603,0,1,0,81.38161025941372,9.488740648542132e-06,190,1,0
63,16,59,0,0,1,9.408558436802455,"[0.0, 9.408558436802455]",9.408558436802455,8.571428571428571,9.408558436802455,3.1666666666666603,0,1,0,81.38138492405415,9.408558436802455e-06,190,1,0
63,17,35,0,0,1,9.35770034790039,"[0.0, 9.35770034790039]",9.35770034790039,8.571428571428571,9.35770034790039,3.1666666666666603,0,1,0,81.38185296952724,9.35770034790039e-06,190,1,0
63,18,55,0,0,1,9.243594578334264,"[0.0, 9.243594578334264]",9.243594578334264,8.571428571428571,9.243594578334264,3.1499999999999937,0,1,0,80.7024454176426,9.243594578334263e-06,189,1,0
63,19,12,0,0,1,9.093914031982422,"[0.0, 9.093914031982422]",9.093914031982422,8.571428571428571,9.093914031982422,3.1499999999999937,0,1,0,79.68463322520256,9.093914031982422e-06,189,1,0
63,20,16,0,0,1,9.061993190220424,"[0.0, 9.061993190220424]",9.061993190220424,8.571428571428571,9.061993190220424,5.149999999999987,0,1,0,81.64289629459381,9.061993190220423e-06,309,1,0
63,21,46,0,0,1,8.914124625069753,"[0.0, 8.914124625069753]",8.914124625069753,8.571428571428571,8.914124625069753,3.1166666666666605,0,1,0,79.35139207541943,8.914124625069753e-06,187,1,0
63,22,54,0,0,1,8.892451695033483,"[0.0, 8.892451695033483]",8.892451695033483,8.571428571428571,8.892451695033483,3.1166666666666605,0,1,0,79.35148964822292,8.892451695033482e-06,187,1,0
63,23,50,0,0,1,8.8473265511649,"[0.0, 8.8473265511649]",8.8473265511649,8.571428571428571,8.8473265511649,3.099999999999994,0,1,0,78.6788879185915,8.8473265511649e-06,186,1,0
63,24,44,0,0,1,8.808917999267578,"[0.0, 8.808917999267578]",8.808917999267578,8.571428571428571,8.808917999267578,3.1166666666666605,0,1,0,79.35162357985973,8.808917999267578e-06,187,1,0
63,25,30,0,0,1,8.793738228934151,"[0.0, 8.793738228934151]",8.793738228934151,8.571428571428571,8.793738228934151,3.099999999999994,0,1,0,78.67894524335861,8.793738228934152e-06,186,1,0
63,26,18,0,0,1,8.722779410226005,"[0.0, 8.722779410226005]",8.722779410226005,8.571428571428571,8.722779410226005,3.099999999999994,0,1,0,78.67895339429379,8.722779410226005e-06,186,1,0
63,27,63,0,0,1,8.62236567905971,"[0.0, 8.62236567905971]",8.62236567905971,8.571428571428571,8.62236567905971,3.099999999999994,0,1,0,78.57055930793285,8.62236567905971e-06,186,1,0
63,28,47,0,0,1,8.57482637677874,"[0.0, 8.57482637677874]",8.57482637677874,8.571428571428571,8.57482637677874,3.0833333333333273,0,1,0,78.00903014838696,8.57482637677874e-06,185,1,0
63,29,28,0,0,1,8.520453316824776,"[0.0, 8.520453316824776]",8.520453316824776,5.714285714285714,8.520453316824776,3.0833333333333273,0,1,0,78.00873664021492,8.520453316824777e-06,185,1,0
63,30,25,0,0,1,8.444513593401227,"[0.0, 8.444513593401227]",8.444513593401227,5.714285714285714,8.444513593401227,3.0666666666666607,0,1,0,77.3412639349699,8.444513593401228e-06,184,1,0
63,31,10,0,0,1,8.439429146902903,"[0.0, 8.439429146902903]",8.439429146902903,5.714285714285714,8.439429146902903,3.0666666666666607,0,1,0,77.34143900871277,8.439429146902903e-06,184,1,0
63,32,43,0,0,1,8.370380401611328,"[0.0, 8.370380401611328]",8.370380401611328,5.714285714285714,8.370380401611328,3.0666666666666607,0,1,0,77.34132066369057,8.370380401611328e-06,184,1,0
63,33,53,0,0,0,8.339113507952009,"[0.0, 8.339113507952009]",8.339113507952009,5.714285714285714,8.339113507952009,3.0666666666666607,0,1,0,77.12439036369324,8.33911350795201e-06,184,1,0
63,34,15,0,0,0,8.045368194580078,"[0.0, 8.045368194580078]",8.045368194580078,5.714285714285714,8.045368194580078,3.133333333333327,0,1,0,75.84871633350849,8.045368194580078e-06,188,1,0
63,35,49,0,0,0,7.909772055489676,"[0.0, 7.909772055489676]",7.909772055489676,5.714285714285714,7.909772055489676,3.016666666666661,0,1,0,75.35213524103165,7.909772055489676e-06,181,1,0
63,36,39,0,0,0,7.904979160853795,"[0.0, 7.904979160853795]",7.904979160853795,5.714285714285714,7.904979160853795,3.016666666666661,0,1,0,75.35189011693001,7.904979160853795e-06,181,1,0
63,37,56,0,0,0,7.889011928013392,"[0.0, 7.889011928013392]",7.889011928013392,5.714285714285714,7.889011928013392,3.016666666666661,0,1,0,75.35266946256161,7.889011928013392e-06,181,1,0
63,38,14,0,0,0,7.5455474853515625,"[0.0, 7.5455474853515625]",7.5455474853515625,5.714285714285714,7.5455474853515625,3.1999999999999935,0,1,0,73.24699465930462,7.545547485351562e-06,192,1,0
63,39,36,0,0,0,7.3516981942313055,"[0.0, 7.3516981942313055]",7.3516981942313055,5.714285714285714,7.3516981942313055,3.0833333333333273,0,1,0,72.28837202489376,7.3516981942313055e-06,185,1,0
63,40,9,0,0,0,7.337420327322823,"[0.0, 7.337420327322823]",7.337420327322823,5.714285714285714,7.337420327322823,2.933333333333328,0,1,0,72.0827496945858,7.337420327322823e-06,176,1,0
63,41,11,0,0,0,7.291123526436942,"[0.0, 7.291123526436942]",7.291123526436942,5.714285714285714,7.291123526436942,2.916666666666661,0,1,0,71.43611563742161,7.2911235264369415e-06,175,1,0
63,42,23,0,0,0,7.145628247942243,"[0.0, 7.145628247942243]",7.145628247942243,5.714285714285714,7.145628247942243,2.8999999999999946,0,1,0,70.57865762710571,7.145628247942243e-06,174,1,0
63,43,8,0,0,0,7.142857142857142,"[0.0, 7.142857142857142]",7.142857142857142,5.714285714285714,7.142857142857142,2.7666666666666617,0,1,0,65.72133776545525,7.142857142857143e-06,166,1,0
63,44,19,0,0,0,7.142857142857142,"[0.0, 7.142857142857142]",7.142857142857142,5.714285714285714,7.142857142857142,2.833333333333328,0,1,0,68.23773068189621,7.142857142857143e-06,170,1,0
63,45,27,0,0,0,7.142857142857142,"[0.0, 7.142857142857142]",7.142857142857142,5.714285714285714,7.142857142857142,2.8166666666666615,0,1,0,67.60490027070045,7.142857142857143e-06,169,1,0
63,46,38,0,0,0,7.142857142857142,"[0.0, 7.142857142857142]",7.142857142857142,5.714285714285714,7.142857142857142,2.799999999999995,0,1,0,66.97465547919273,7.142857142857143e-06,168,1,0
63,47,58,0,0,0,7.142857142857142,"[0.0, 7.142857142857142]",7.142857142857142,5.714285714285714,7.142857142857142,2.7666666666666617,0,1,0,65.721170514822,7.142857142857143e-06,166,1,0
63,48,22,0,0,0,5.801762172154018,"[0.0, 5.801762172154018]",5.801762172154018,5.714285714285714,5.801762172154018,2.3499999999999965,0,1,0,50.87884174287319,5.801762172154018e-06,141,1,0
63,49,31,0,0,0,5.7532773699079245,"[0.0, 5.7532773699079245]",5.7532773699079245,5.714285714285714,5.7532773699079245,2.33333333333333,0,1,0,50.31750227510929,5.7532773699079245e-06,140,1,0
63,50,52,0,0,0,5.645452226911273,"[0.0, 5.645452226911273]",5.645452226911273,2.857142857142857,5.645452226911273,2.2999999999999967,0,1,0,49.20265583693981,5.6454522269112725e-06,138,1,0
63,51,17,0,0,0,5.607599530901227,"[0.0, 5.607599530901227]",5.607599530901227,2.857142857142857,5.607599530901227,2.28333333333333,0,1,0,48.649098575115204,5.607599530901227e-06,137,1,0
63,52,37,0,0,0,5.557768685477121,"[0.0, 5.557768685477121]",5.557768685477121,2.857142857142857,5.557768685477121,2.2666666666666635,0,1,0,48.09807567298412,5.55776868547712e-06,136,1,0
63,53,48,0,0,0,5.441502162388393,"[0.0, 5.441502162388393]",5.441502162388393,2.857142857142857,5.441502162388393,2.2333333333333303,0,1,0,47.003539592027664,5.441502162388393e-06,134,1,0
63,54,40,0,0,0,5.411169869559151,"[0.0, 5.411169869559151]",5.411169869559151,2.857142857142857,5.411169869559151,2.2166666666666637,0,1,0,46.46051374077797,5.411169869559151e-06,133,1,0
63,55,45,0,0,0,5.409284319196429,"[0.0, 5.409284319196429]",5.409284319196429,2.857142857142857,5.409284319196429,2.7333333333333285,0,1,0,46.894128039479256,5.409284319196429e-06,164,1,0
63,56,33,0,0,0,5.40534428187779,"[0.0, 5.40534428187779]",5.40534428187779,2.857142857142857,5.40534428187779,2.2166666666666637,0,1,0,46.460967883467674,5.40534428187779e-06,133,1,0
63,57,24,0,0,0,5.304151262555804,"[0.0, 5.304151262555804]",5.304151262555804,2.857142857142857,5.304151262555804,2.1833333333333305,0,1,0,45.381965324282646,5.304151262555804e-06,131,1,0
63,58,34,0,0,0,5.195835658482143,"[0.0, 5.195835658482143]",5.195835658482143,2.857142857142857,5.195835658482143,2.1499999999999972,0,1,0,44.313546136021614,5.195835658482143e-06,129,1,0
63,59,41,0,0,0,5.161917550223214,"[0.0, 5.161917550223214]",5.161917550223214,2.857142857142857,5.161917550223214,2.1333333333333306,0,1,0,43.78357920050621,5.161917550223214e-06,128,1,0
63,60,29,0,0,0,5.057084219796317,"[0.0, 5.057084219796317]",5.057084219796317,2.857142857142857,5.057084219796317,2.0999999999999974,0,1,0,42.73103706538677,5.057084219796317e-06,126,1,0
63,61,51,0,0,0,4.956583295549665,"[0.0, 4.956583295549665]",4.956583295549665,2.857142857142857,4.956583295549665,2.066666666666664,0,1,0,41.68933176994324,4.956583295549665e-06,124,1,0
63,62,26,0,0,0,4.725423540387834,"[0.0, 4.725423540387834]",4.725423540387834,2.857142857142857,4.725423540387834,1.9833333333333312,0,1,0,39.13092851638794,4.725423540387834e-06,119,1,0
63,63,32,0,0,0,2.179712568010603,"[0.0, 2.179712568010603]",2.179712568010603,0.0,2.179712568010603,5.016666666666654,0,1,0,8.482144600551692,2.179712568010603e-06,301,1,0
63,64,57,0,0,0,2.1105521065848216,"[0.0, 2.1105521065848216]",2.1105521065848216,0.0,2.1105521065848216,5.016666666666654,0,1,0,7.705857034721703,2.1105521065848215e-06,301,1,0
64,1,0,0,1,1,10.43133054460798,"[0.0, 10.43133054460798]",10.43133054460798,8.571428571428571,10.43133054460798,5.116666666666654,0,1,0,88.44709768891335,1.0431330544607978e-05,307,1,0
64,2,1,0,1,1,10.206157139369418,"[0.0, 10.206157139369418]",10.206157139369418,8.571428571428571,10.206157139369418,3.2833333333333266,0,1,0,86.19815623760223,1.0206157139369418e-05,197,1,0
64,3,2,0,1,1,10.197933741978236,"[0.0, 10.197933741978236]",10.197933741978236,8.571428571428571,10.197933741978236,3.2833333333333266,0,1,0,86.19837695360184,1.0197933741978236e-05,197,1,0
64,4,3,0,1,1,10.183086395263672,"[0.0, 10.183086395263672]",10.183086395263672,8.571428571428571,10.183086395263672,3.2833333333333266,0,1,0,86.19834478199482,1.0183086395263672e-05,197,1,0
64,5,4,0,1,1,10.02087184361049,"[0.0, 10.02087184361049]",10.02087184361049,8.571428571428571,10.02087184361049,3.2499999999999933,0,1,0,84.81070260703564,1.002087184361049e-05,195,1,0
64,6,5,0,1,1,10.000465938023158,"[0.0, 10.000465938023158]",10.000465938023158,8.571428571428571,10.000465938023158,3.2499999999999933,0,1,0,84.81068161129951,1.0000465938023157e-05,195,1,0
64,7,6,0,1,1,9.99277114868164,"[0.0, 9.99277114868164]",9.99277114868164,8.571428571428571,9.99277114868164,3.2499999999999933,0,1,0,84.810611307621,9.99277114868164e-06,195,1,0
64,8,7,0,1,1,9.98971939086914,"[0.0, 9.98971939086914]",9.98971939086914,8.571428571428571,9.98971939086914,3.2499999999999933,0,1,0,84.81095300614834,9.989719390869141e-06,195,1,0
64,9,29,0,0,1,9.813671112060547,"[0.0, 9.813671112060547]",9.813671112060547,8.571428571428571,9.813671112060547,3.21666666666666,0,1,0,83.43252159655094,9.813671112060548e-06,193,1,0
64,10,30,0,0,1,9.759347098214285,"[0.0, 9.759347098214285]",9.759347098214285,8.571428571428571,9.759347098214285,3.1999999999999935,0,1,0,82.74650979042053,9.759347098214285e-06,192,1,0
64,11,26,0,0,1,9.73799569266183,"[0.0, 9.73799569266183]",9.73799569266183,8.571428571428571,9.73799569266183,3.1999999999999935,0,1,0,82.74683973193169,9.73799569266183e-06,192,1,0
64,12,36,0,0,1,9.719832284109934,"[0.0, 9.719832284109934]",9.719832284109934,8.571428571428571,9.719832284109934,3.1999999999999935,0,1,0,82.74625666439533,9.719832284109933e-06,192,1,0
64,13,16,0,0,1,9.718832288469587,"[0.0, 9.718832288469587]",9.718832288469587,8.571428571428571,9.718832288469587,3.1999999999999935,0,1,0,82.74693265557289,9.718832288469586e-06,192,1,0
64,14,28,0,0,1,9.61360113961356,"[0.0, 9.61360113961356]",9.61360113961356,8.571428571428571,9.61360113961356,3.183333333333327,0,1,0,82.06320883333683,9.61360113961356e-06,191,1,0
64,15,32,0,0,1,9.538323538643974,"[0.0, 9.538323538643974]",9.538323538643974,8.571428571428571,9.538323538643974,3.1666666666666603,0,1,0,81.38174363970757,9.538323538643973e-06,190,1,0
64,16,21,0,0,1,9.491242000034877,"[0.0, 9.491242000034877]",9.491242000034877,8.571428571428571,9.491242000034877,3.183333333333327,0,1,0,82.06352211534977,9.491242000034877e-06,191,1,0
64,17,20,0,0,1,9.472457340785436,"[0.0, 9.472457340785436]",9.472457340785436,8.571428571428571,9.472457340785436,3.1666666666666603,0,1,0,81.38138787448406,9.472457340785436e-06,190,1,0
64,18,60,0,0,1,9.392362322126116,"[0.0, 9.392362322126116]",9.392362322126116,8.571428571428571,9.392362322126116,3.1499999999999937,0,1,0,80.70268651843071,9.392362322126116e-06,189,1,0
64,19,37,0,0,1,9.353618621826172,"[0.0, 9.353618621826172]",9.353618621826172,8.571428571428571,9.353618621826172,3.1499999999999937,0,1,0,80.70240746438503,9.353618621826172e-06,189,1,0
64,20,35,0,0,1,9.314607892717634,"[0.0, 9.314607892717634]",9.314607892717634,8.571428571428571,9.314607892717634,3.1499999999999937,0,1,0,80.7025344222784,9.314607892717633e-06,189,1,0
64,21,57,0,0,1,9.233311244419642,"[0.0, 9.233311244419642]",9.233311244419642,8.571428571428571,9.233311244419642,3.1499999999999937,0,1,0,80.7025540471077,9.233311244419643e-06,189,1,0
64,22,24,0,0,1,9.112810407366071,"[0.0, 9.112810407366071]",9.112810407366071,8.571428571428571,9.112810407366071,3.1166666666666605,0,1,0,79.3511563539505,9.112810407366072e-06,187,1,0
64,23,48,0,0,1,9.063164847237722,"[0.0, 9.063164847237722]",9.063164847237722,8.571428571428571,9.063164847237722,3.133333333333327,0,1,0,80.0262200832367,9.063164847237722e-06,188,1,0
64,24,56,0,0,1,9.053685324532646,"[0.0, 9.053685324532646]",9.053685324532646,8.571428571428571,9.053685324532646,3.1166666666666605,0,1,0,79.35155861079693,9.053685324532646e-06,187,1,0
64,25,23,0,0,1,9.046442849295481,"[0.0, 9.046442849295481]",9.046442849295481,8.571428571428571,9.046442849295481,3.1166666666666605,0,1,0,79.35132086277008,9.046442849295481e-06,187,1,0
64,26,58,0,0,1,9.007977076939174,"[0.0, 9.007977076939174]",9.007977076939174,8.571428571428571,9.007977076939174,3.1166666666666605,0,1,0,79.35097132623196,9.007977076939173e-06,187,1,0
64,27,27,0,0,1,9.001549312046595,"[0.0, 9.001549312046595]",9.001549312046595,8.571428571428571,9.001549312046595,3.2333333333333267,0,1,0,79.45478017628193,9.001549312046595e-06,194,1,0
64,28,50,0,0,1,8.943944658551898,"[0.0, 8.943944658551898]",8.943944658551898,8.571428571428571,8.943944658551898,3.1166666666666605,0,1,0,79.35140687227249,8.943944658551897e-06,187,1,0
64,29,18,0,0,1,8.884217398507255,"[0.0, 8.884217398507255]",8.884217398507255,8.571428571428571,8.884217398507255,3.099999999999994,0,1,0,78.67887015640736,8.884217398507255e-06,186,1,0
64,30,22,0,0,1,8.640469142368861,"[0.0, 8.640469142368861]",8.640469142368861,8.571428571428571,8.640469142368861,3.0833333333333273,0,1,0,78.00879725813866,8.64046914236886e-06,185,1,0
64,31,55,0,0,1,8.574175153459821,"[0.0, 8.574175153459821]",8.574175153459821,8.571428571428571,8.574175153459821,3.0833333333333273,0,1,0,78.00928021967411,8.574175153459822e-06,185,1,0
64,32,12,0,0,1,8.561662946428573,"[0.0, 8.561662946428573]",8.561662946428573,5.714285714285714,8.561662946428573,3.0833333333333273,0,1,0,77.65851460397243,8.561662946428573e-06,185,1,0
64,33,13,0,0,0,8.548409598214286,"[0.0, 8.548409598214286]",8.548409598214286,5.714285714285714,8.548409598214286,3.099999999999994,0,1,0,78.67853665351868,8.548409598214287e-06,186,1,0
64,34,15,0,0,0,8.529529571533203,"[0.0, 8.529529571533203]",8.529529571533203,5.714285714285714,8.529529571533203,3.0833333333333273,0,1,0,78.0085841268301,8.529529571533204e-06,185,1,0
64,35,19,0,0,0,8.433658054896762,"[0.0, 8.433658054896762]",8.433658054896762,5.714285714285714,8.433658054896762,3.0833333333333273,0,1,0,77.9331244379282,8.433658054896761e-06,185,1,0
64,36,61,0,0,0,8.429483686174667,"[0.0, 8.429483686174667]",8.429483686174667,5.714285714285714,8.429483686174667,3.0833333333333273,0,1,0,78.0091610699892,8.429483686174666e-06,185,1,0
64,37,53,0,0,0,8.340900966099332,"[0.0, 8.340900966099332]",8.340900966099332,5.714285714285714,8.340900966099332,3.0666666666666607,0,1,0,77.34168401360512,8.340900966099332e-06,184,1,0
64,38,38,0,0,0,8.328029087611608,"[0.0, 8.328029087611608]",8.328029087611608,5.714285714285714,8.328029087611608,3.2499999999999933,0,1,0,76.7784453034401,8.328029087611608e-06,195,1,0
64,39,14,0,0,0,8.188135964529856,"[0.0, 8.188135964529856]",8.188135964529856,5.714285714285714,8.188135964529856,3.049999999999994,0,1,0,76.55822788178921,8.188135964529856e-06,183,1,0
64,40,25,0,0,0,8.02724838256836,"[0.0, 8.02724838256836]",8.02724838256836,5.714285714285714,8.02724838256836,3.0333333333333274,0,1,0,76.00336642563343,8.02724838256836e-06,182,1,0
64,41,43,0,0,0,7.945684705461775,"[0.0, 7.945684705461775]",7.945684705461775,5.714285714285714,7.945684705461775,3.016666666666661,0,1,0,75.35218669474125,7.945684705461775e-06,181,1,0
64,42,46,0,0,0,7.827475411551339,"[0.0, 7.827475411551339]",7.827475411551339,5.714285714285714,7.827475411551339,2.9999999999999942,0,1,0,74.693622559309,7.82747541155134e-06,180,1,0
64,43,17,0,0,0,7.769840785435268,"[0.0, 7.769840785435268]",7.769840785435268,5.714285714285714,7.769840785435268,2.9999999999999942,0,1,0,74.69374810159206,7.769840785435269e-06,180,1,0
64,44,45,0,0,0,7.581086839948381,"[0.0, 7.581086839948381]",7.581086839948381,5.714285714285714,7.581086839948381,3.099999999999994,0,1,0,73.18845449388027,7.581086839948381e-06,186,1,0
64,45,34,0,0,0,7.467850276402064,"[0.0, 7.467850276402064]",7.467850276402064,5.714285714285714,7.467850276402064,2.9499999999999944,0,1,0,72.73224201798439,7.467850276402064e-06,177,1,0
64,46,9,0,0,0,5.717288425990513,"[0.0, 5.717288425990513]",5.717288425990513,5.714285714285714,5.717288425990513,2.3166666666666633,0,1,0,49.758883252739906,5.717288425990513e-06,139,1,0
64,47,47,0,0,0,5.713936941964286,"[0.0, 5.713936941964286]",5.713936941964286,2.857142857142857,5.713936941964286,2.3166666666666633,0,1,0,49.75884371995926,5.713936941964286e-06,139,1,0
64,48,10,0,0,0,5.619544982910156,"[0.0, 5.619544982910156]",5.619544982910156,2.857142857142857,5.619544982910156,2.366666666666663,0,1,0,48.598684534430504,5.6195449829101564e-06,142,1,0
64,49,63,0,0,0,5.43067387172154,"[0.0, 5.43067387172154]",5.43067387172154,2.857142857142857,5.43067387172154,6.21666666666665,0,1,0,45.869488059630385,5.43067387172154e-06,373,1,0
64,50,31,0,0,0,5.426090785435267,"[0.0, 5.426090785435267]",5.426090785435267,2.857142857142857,5.426090785435267,6.21666666666665,0,1,0,45.86803630477516,5.426090785435268e-06,373,1,0
64,51,41,0,0,0,5.368281773158482,"[0.0, 5.368281773158482]",5.368281773158482,2.857142857142857,5.368281773158482,2.199999999999997,0,1,0,45.920118629932404,5.368281773158482e-06,132,1,0
64,52,44,0,0,0,5.362646920340402,"[0.0, 5.362646920340402]",5.362646920340402,2.857142857142857,5.362646920340402,2.199999999999997,0,1,0,45.92027096450329,5.362646920340402e-06,132,1,0
64,53,33,0,0,0,5.34315926688058,"[0.0, 5.34315926688058]",5.34315926688058,2.857142857142857,5.34315926688058,2.199999999999997,0,1,0,45.920410975813866,5.34315926688058e-06,132,1,0
64,54,51,0,0,0,5.25254385811942,"[0.0, 5.25254385811942]",5.25254385811942,2.857142857142857,5.25254385811942,2.166666666666664,0,1,0,44.84644550085068,5.25254385811942e-06,130,1,0
64,55,52,0,0,0,5.2190399169921875,"[0.0, 5.2190399169921875]",5.2190399169921875,2.857142857142857,5.2190399169921875,2.1499999999999972,0,1,0,44.314001843333244,5.219039916992187e-06,129,1,0
64,56,54,0,0,0,5.218505859375,"[0.0, 5.218505859375]",5.218505859375,2.857142857142857,5.218505859375,2.1499999999999972,0,1,0,44.31384052336216,5.218505859375e-06,129,1,0
64,57,62,0,0,0,5.208445957728794,"[0.0, 5.208445957728794]",5.208445957728794,2.857142857142857,5.208445957728794,2.7833333333333283,0,1,0,44.57870748639107,5.2084459577287945e-06,167,1,0
64,58,59,0,0,0,5.060397556849888,"[0.0, 5.060397556849888]",5.060397556849888,2.857142857142857,5.060397556849888,2.0999999999999974,0,1,0,42.73090082406998,5.060397556849888e-06,126,1,0
64,59,40,0,0,0,5.059754507882254,"[0.0, 5.059754507882254]",5.059754507882254,2.857142857142857,5.059754507882254,2.0999999999999974,0,1,0,42.73112115263939,5.059754507882254e-06,126,1,0
64,60,42,0,0,0,4.919237409319196,"[0.0, 4.919237409319196]",4.919237409319196,2.857142857142857,4.919237409319196,2.0499999999999976,0,1,0,41.17264524102211,4.919237409319196e-06,123,1,0
64,61,11,0,0,0,4.915101187569754,"[0.0, 4.915101187569754]",4.915101187569754,2.857142857142857,4.915101187569754,2.0499999999999976,0,1,0,41.17234034836292,4.915101187569754e-06,123,1,0
64,62,8,0,0,0,4.542884826660156,"[0.0, 4.542884826660156]",4.542884826660156,2.857142857142857,4.542884826660156,1.9166666666666647,0,1,0,37.132863476872444,4.542884826660156e-06,115,1,0
64,63,49,0,0,0,2.1098981584821432,"[0.0, 2.1098981584821432]",2.1098981584821432,0.0,2.1098981584821432,5.016666666666654,0,1,0,7.70574699788267,2.1098981584821432e-06,301,1,0
64,64,39,0,0,0,1.8757683890206471,"[0.0, 1.8757683890206471]",1.8757683890206471,0.0,1.8757683890206471,5.016666666666654,0,1,0,5.174044029205106,1.8757683890206472e-06,301,1,0
65,1,0,0,1,1,10.43133054460798,"[0.0, 10.43133054460798]",10.43133054460798,8.571428571428571,10.43133054460798,5.116666666666654,0,1,0,88.44709768891335,1.0431330544607978e-05,307,1,0
65,2,1,0,1,1,10.206157139369418,"[0.0, 10.206157139369418]",10.206157139369418,8.571428571428571,10.206157139369418,3.2833333333333266,0,1,0,86.19815623760223,1.0206157139369418e-05,197,1,0
65,3,2,0,1,1,10.197933741978236,"[0.0, 10.197933741978236]",10.197933741978236,8.571428571428571,10.197933741978236,3.2833333333333266,0,1,0,86.19837695360184,1.0197933741978236e-05,197,1,0
65,4,3,0,1,1,10.183086395263672,"[0.0, 10.183086395263672]",10.183086395263672,8.571428571428571,10.183086395263672,3.2833333333333266,0,1,0,86.19834478199482,1.0183086395263672e-05,197,1,0
65,5,4,0,1,1,10.02087184361049,"[0.0, 10.02087184361049]",10.02087184361049,8.571428571428571,10.02087184361049,3.2499999999999933,0,1,0,84.81070260703564,1.002087184361049e-05,195,1,0
65,6,5,0,1,1,10.000465938023158,"[0.0, 10.000465938023158]",10.000465938023158,8.571428571428571,10.000465938023158,3.2499999999999933,0,1,0,84.81068161129951,1.0000465938023157e-05,195,1,0
65,7,6,0,1,1,9.99277114868164,"[0.0, 9.99277114868164]",9.99277114868164,8.571428571428571,9.99277114868164,3.2499999999999933,0,1,0,84.810611307621,9.99277114868164e-06,195,1,0
65,8,7,0,1,1,9.98971939086914,"[0.0, 9.98971939086914]",9.98971939086914,8.571428571428571,9.98971939086914,3.2499999999999933,0,1,0,84.81095300614834,9.989719390869141e-06,195,1,0
65,9,38,0,0,1,9.785641261509486,"[0.0, 9.785641261509486]",9.785641261509486,8.571428571428571,9.785641261509486,3.21666666666666,0,1,0,83.43234938383102,9.785641261509487e-06,193,1,0
65,10,46,0,0,1,9.71440179007394,"[0.0, 9.71440179007394]",9.71440179007394,8.571428571428571,9.71440179007394,3.1999999999999935,0,1,0,82.74679858982563,9.71440179007394e-06,192,1,0
65,11,63,0,0,1,9.70761707850865,"[0.0, 9.70761707850865]",9.70761707850865,8.571428571428571,9.70761707850865,3.1999999999999935,0,1,0,82.74647676944733,9.70761707850865e-06,192,1,0
65,12,54,0,0,1,9.582762037004745,"[0.0, 9.582762037004745]",9.582762037004745,8.571428571428571,9.582762037004745,3.183333333333327,0,1,0,82.06308443844318,9.582762037004745e-06,191,1,0
65,13,33,0,0,1,9.423817225864955,"[0.0, 9.423817225864955]",9.423817225864955,8.571428571428571,9.423817225864955,3.1666666666666603,0,1,0,81.38171431422234,9.423817225864955e-06,190,1,0
65,14,60,0,0,1,9.412196023123604,"[0.0, 9.412196023123604]",9.412196023123604,8.571428571428571,9.412196023123604,3.1666666666666603,0,1,0,81.32418484985828,9.412196023123605e-06,190,1,0
65,15,50,0,0,1,9.239450182233538,"[0.0, 9.239450182233538]",9.239450182233538,8.571428571428571,9.239450182233538,3.1499999999999937,0,1,0,80.70248481631279,9.239450182233538e-06,189,1,0
65,16,36,0,0,1,9.226559230259486,"[0.0, 9.226559230259486]",9.226559230259486,8.571428571428571,9.226559230259486,3.133333333333327,0,1,0,80.0257238149643,9.226559230259486e-06,188,1,0
65,17,22,0,0,1,9.209466661725726,"[0.0, 9.209466661725726]",9.209466661725726,8.571428571428571,9.209466661725726,3.1499999999999937,0,1,0,80.70255254209042,9.209466661725726e-06,189,1,0
65,18,53,0,0,1,9.161404200962611,"[0.0, 9.161404200962611]",9.161404200962611,8.571428571428571,9.161404200962611,3.133333333333327,0,1,0,80.02578030526638,9.161404200962612e-06,188,1,0
65,19,24,0,0,1,9.124126434326172,"[0.0, 9.124126434326172]",9.124126434326172,8.571428571428571,9.124126434326172,3.133333333333327,0,1,0,80.02616350352764,9.124126434326172e-06,188,1,0
65,20,9,0,0,1,9.031726292201451,"[0.0, 9.031726292201451]",9.031726292201451,8.571428571428571,9.031726292201451,3.133333333333327,0,1,0,80.02584432065487,9.031726292201452e-06,188,1,0
65,21,13,0,0,1,9.031628199986049,"[0.0, 9.031628199986049]",9.031628199986049,8.571428571428571,9.031628199986049,3.183333333333327,0,1,0,80.11384458839893,9.03162819998605e-06,191,1,0
65,22,52,0,0,1,9.015143258231028,"[0.0, 9.015143258231028]",9.015143258231028,8.571428571428571,9.015143258231028,3.1166666666666605,0,1,0,79.35118108987808,9.015143258231029e-06,187,1,0
65,23,51,0,0,1,9.012464795793807,"[0.0, 9.012464795793807]",9.012464795793807,8.571428571428571,9.012464795793807,3.1166666666666605,0,1,0,79.35135953128338,9.012464795793807e-06,187,1,0
65,24,30,0,0,1,8.970227922712054,"[0.0, 8.970227922712054]",8.970227922712054,8.571428571428571,8.970227922712054,3.1166666666666605,0,1,0,79.35139247775078,8.970227922712054e-06,187,1,0
65,25,23,0,0,1,8.692983899797714,"[0.0, 8.692983899797714]",8.692983899797714,8.571428571428571,8.692983899797714,3.0833333333333273,0,1,0,78.0084812939167,8.692983899797714e-06,185,1,0
65,26,37,0,0,1,8.653202056884766,"[0.0, 8.653202056884766]",8.653202056884766,8.571428571428571,8.653202056884766,3.0833333333333273,0,1,0,78.00908394157887,8.653202056884765e-06,185,1,0
65,27,11,0,0,1,8.6379759652274,"[0.0, 8.6379759652274]",8.6379759652274,8.571428571428571,8.6379759652274,3.099999999999994,0,1,0,78.45875453948975,8.637975965227399e-06,186,1,0
65,28,40,0,0,1,8.587376730782644,"[0.0, 8.587376730782644]",8.587376730782644,8.571428571428571,8.587376730782644,3.0833333333333273,0,1,0,78.00897450745106,8.587376730782643e-06,185,1,0
65,29,20,0,0,1,8.506793975830078,"[0.0, 8.506793975830078]",8.506793975830078,5.714285714285714,8.506793975830078,3.0833333333333273,0,1,0,78.00886258482933,8.506793975830077e-06,185,1,0
65,30,48,0,0,1,8.469478062220983,"[0.0, 8.469478062220983]",8.469478062220983,5.714285714285714,8.469478062220983,3.0666666666666607,0,1,0,77.34121154248714,8.469478062220983e-06,184,1,0
65,31,8,0,0,1,8.409249441964285,"[0.0, 8.409249441964285]",8.409249441964285,5.714285714285714,8.409249441964285,3.0666666666666607,0,1,0,77.34089595079422,8.409249441964285e-06,184,1,0
65,32,12,0,0,1,8.280018397739955,"[0.0, 8.280018397739955]",8.280018397739955,5.714285714285714,8.280018397739955,3.049999999999994,0,1,0,76.67599122226238,8.280018397739954e-06,183,1,0
65,33,31,0,0,0,8.252435411725726,"[0.0, 8.252435411725726]",8.252435411725726,5.714285714285714,8.252435411725726,3.049999999999994,0,1,0,76.67616538703442,8.252435411725726e-06,183,1,0
65,34,49,0,0,0,8.139403206961497,"[0.0, 8.139403206961497]",8.139403206961497,5.714285714285714,8.139403206961497,3.0333333333333274,0,1,0,76.01275806128979,8.139403206961496e-06,182,1,0
65,35,39,0,0,0,8.06670870099749,"[0.0, 8.06670870099749]",8.06670870099749,5.714285714285714,8.06670870099749,3.0333333333333274,0,1,0,76.0131815969944,8.06670870099749e-06,182,1,0
65,36,15,0,0,0,7.958812713623047,"[0.0, 7.958812713623047]",7.958812713623047,5.714285714285714,7.958812713623047,3.016666666666661,0,1,0,75.35213093459606,7.958812713623048e-06,181,1,0
65,37,19,0,0,0,7.858303615025111,"[0.0, 7.858303615025111]",7.858303615025111,5.714285714285714,7.858303615025111,5.516666666666652,0,1,0,75.15223883092403,7.858303615025111e-06,331,1,0
65,38,14,0,0,0,7.4504225594656805,"[0.0, 7.4504225594656805]",7.4504225594656805,5.714285714285714,7.4504225594656805,2.9499999999999944,0,1,0,72.73202092945576,7.45042255946568e-06,177,1,0
65,39,34,0,0,0,6.965408325195313,"[0.0, 6.965408325195313]",6.965408325195313,5.714285714285714,6.965408325195313,2.6833333333333287,0,1,0,62.629620403051376,6.965408325195314e-06,161,1,0
65,40,42,0,0,0,5.564275469098772,"[0.0, 5.564275469098772]",5.564275469098772,2.857142857142857,5.564275469098772,2.2666666666666635,0,1,0,48.09806087613106,5.564275469098772e-06,136,1,0
65,41,55,0,0,0,5.558504377092634,"[0.0, 5.558504377092634]",5.558504377092634,2.857142857142857,5.558504377092634,2.2666666666666635,0,1,0,48.0980689227581,5.5585043770926335e-06,136,1,0
65,42,61,0,0,0,5.557071140834263,"[0.0, 5.557071140834263]",5.557071140834263,2.857142857142857,5.557071140834263,2.2666666666666635,0,1,0,48.09854918718338,5.557071140834263e-06,136,1,0
65,43,41,0,0,0,5.506902422223773,"[0.0, 5.506902422223773]",5.506902422223773,2.857142857142857,5.506902422223773,2.249999999999997,0,1,0,47.54981277883053,5.506902422223773e-06,135,1,0
65,44,35,0,0,0,5.211917332240514,"[0.0, 5.211917332240514]",5.211917332240514,2.857142857142857,5.211917332240514,2.1499999999999972,0,1,0,44.314113318920135,5.211917332240514e-06,129,1,0
65,45,58,0,0,0,5.195045471191406,"[0.0, 5.195045471191406]",5.195045471191406,2.857142857142857,5.195045471191406,2.1499999999999972,0,1,0,44.31392225623131,5.195045471191406e-06,129,1,0
65,46,10,0,0,0,5.1454925537109375,"[0.0, 5.1454925537109375]",5.1454925537109375,2.857142857142857,5.1454925537109375,2.1333333333333306,0,1,0,43.78374031186104,5.145492553710937e-06,128,1,0
65,47,32,0,0,0,5.063160487583705,"[0.0, 5.063160487583705]",5.063160487583705,2.857142857142857,5.063160487583705,2.0999999999999974,0,1,0,42.731287345290184,5.063160487583705e-06,126,1,0
65,48,59,0,0,0,5.062670026506696,"[0.0, 5.062670026506696]",5.062670026506696,2.857142857142857,5.062670026506696,2.0999999999999974,0,1,0,42.73118330538273,5.062670026506696e-06,126,1,0
65,49,44,0,0,0,5.062315804617745,"[0.0, 5.062315804617745]",5.062315804617745,2.857142857142857,5.062315804617745,2.0999999999999974,0,1,0,42.73144079744816,5.0623158046177445e-06,126,1,0
65,50,18,0,0,0,5.044844491141183,"[0.0, 5.044844491141183]",5.044844491141183,2.857142857142857,5.044844491141183,2.0999999999999974,0,1,0,42.73105730116367,5.0448444911411836e-06,126,1,0
65,51,57,0,0,0,5.024713788713727,"[0.0, 5.024713788713727]",5.024713788713727,2.857142857142857,5.024713788713727,2.083333333333331,0,1,0,42.20900748670101,5.024713788713728e-06,125,1,0
65,52,62,0,0,0,5.007280622209821,"[0.0, 5.007280622209821]",5.007280622209821,2.857142857142857,5.007280622209821,2.083333333333331,0,1,0,42.209154561161995,5.007280622209821e-06,125,1,0
65,53,17,0,0,0,4.975596836635045,"[0.0, 4.975596836635045]",4.975596836635045,2.857142857142857,4.975596836635045,2.066666666666664,0,1,0,41.68935678899288,4.975596836635045e-06,124,1,0
65,54,45,0,0,0,4.941602434430804,"[0.0, 4.941602434430804]",4.941602434430804,2.857142857142857,4.941602434430804,2.583333333333329,0,1,0,41.67115893959999,4.941602434430804e-06,155,1,0
65,55,43,0,0,0,4.914556230817523,"[0.0, 4.914556230817523]",4.914556230817523,2.857142857142857,4.914556230817523,2.0499999999999976,0,1,0,41.17238990962505,4.9145562308175225e-06,123,1,0
65,56,16,0,0,0,4.9004091535295755,"[0.0, 4.9004091535295755]",4.9004091535295755,2.857142857142857,4.9004091535295755,2.8666666666666614,0,1,0,41.12595358490944,4.900409153529575e-06,172,1,0
65,57,25,0,0,0,4.872223990304129,"[0.0, 4.872223990304129]",4.872223990304129,2.857142857142857,4.872223990304129,2.033333333333331,0,1,0,40.65797759592533,4.872223990304129e-06,122,1,0
65,58,21,0,0,0,4.7735595703125,"[0.0, 4.7735595703125]",4.7735595703125,2.857142857142857,4.7735595703125,1.9999999999999978,0,1,0,39.63748723268509,4.7735595703125e-06,120,1,0
65,59,29,0,0,0,4.746022905622209,"[0.0, 4.746022905622209]",4.746022905622209,2.857142857142857,4.746022905622209,2.466666666666663,0,1,0,39.499208241701126,4.74602290562221e-06,148,1,0
65,60,26,0,0,0,4.678818838936942,"[0.0, 4.678818838936942]",4.678818838936942,2.857142857142857,4.678818838936942,1.9666666666666646,0,1,0,38.62762862443924,4.678818838936942e-06,118,1,0
65,61,47,0,0,0,4.581026349748884,"[0.0, 4.581026349748884]",4.581026349748884,2.857142857142857,4.581026349748884,1.9333333333333313,0,1,0,37.62827625870705,4.5810263497488835e-06,116,1,0
65,62,27,0,0,0,4.388525826590402,"[0.0, 4.388525826590402]",4.388525826590402,2.857142857142857,4.388525826590402,2.166666666666664,0,1,0,35.61469389498234,4.388525826590402e-06,130,1,0
65,63,56,0,0,0,2.14179447719029,"[0.0, 2.14179447719029]",2.14179447719029,0.0,2.14179447719029,5.016666666666654,0,1,0,8.081888856606383,2.14179447719029e-06,301,1,0
65,64,28,0,0,0,2.1081597464425226,"[0.0, 2.1081597464425226]",2.1081597464425226,0.0,2.1081597464425226,5.016666666666654,0,1,0,7.706327910447726,2.1081597464425225e-06,301,1,0
66,1,0,0,1,1,10.43133054460798,"[0.0, 10.43133054460798]",10.43133054460798,8.571428571428571,10.43133054460798,5.116666666666654,0,1,0,88.44709768891335,1.0431330544607978e-05,307,1,0
66,2,1,0,1,1,10.206157139369418,"[0.0, 10.206157139369418]",10.206157139369418,8.571428571428571,10.206157139369418,3.2833333333333266,0,1,0,86.19815623760223,1.0206157139369418e-05,197,1,0
66,3,2,0,1,1,10.197933741978236,"[0.0, 10.197933741978236]",10.197933741978236,8.571428571428571,10.197933741978236,3.2833333333333266,0,1,0,86.19837695360184,1.0197933741978236e-05,197,1,0
66,4,3,0,1,1,10.183086395263672,"[0.0, 10.183086395263672]",10.183086395263672,8.571428571428571,10.183086395263672,3.2833333333333266,0,1,0,86.19834478199482,1.0183086395263672e-05,197,1,0
66,5,63,0,1,1,10.130184718540738,"[0.0, 10.130184718540738]",10.130184718540738,8.571428571428571,10.130184718540738,3.26666666666666,0,1,0,85.50335474312305,1.0130184718540737e-05,196,1,0
66,6,15,0,1,1,10.08732659476144,"[0.0, 10.08732659476144]",10.08732659476144,8.571428571428571,10.08732659476144,3.26666666666666,0,1,0,85.50336655974388,1.008732659476144e-05,196,1,0
66,7,8,0,1,1,10.069029671805245,"[0.0, 10.069029671805245]",10.069029671805245,8.571428571428571,10.069029671805245,3.26666666666666,0,1,0,85.50343856215477,1.0069029671805245e-05,196,1,0
66,8,4,0,1,1,10.02087184361049,"[0.0, 10.02087184361049]",10.02087184361049,8.571428571428571,10.02087184361049,3.2499999999999933,0,1,0,84.81070260703564,1.002087184361049e-05,195,1,0
66,9,5,0,0,1,10.000465938023158,"[0.0, 10.000465938023158]",10.000465938023158,8.571428571428571,10.000465938023158,3.2499999999999933,0,1,0,84.81068161129951,1.0000465938023157e-05,195,1,0
66,10,6,0,0,1,9.99277114868164,"[0.0, 9.99277114868164]",9.99277114868164,8.571428571428571,9.99277114868164,3.2499999999999933,0,1,0,84.810611307621,9.99277114868164e-06,195,1,0
66,11,7,0,0,1,9.98971939086914,"[0.0, 9.98971939086914]",9.98971939086914,8.571428571428571,9.98971939086914,3.2499999999999933,0,1,0,84.81095300614834,9.989719390869141e-06,195,1,0
66,12,32,0,0,1,9.806461334228516,"[0.0, 9.806461334228516]",9.806461334228516,8.571428571428571,9.806461334228516,3.21666666666666,0,1,0,83.43239369988441,9.806461334228515e-06,193,1,0
66,13,20,0,0,1,9.776169913155693,"[0.0, 9.776169913155693]",9.776169913155693,8.571428571428571,9.776169913155693,3.26666666666666,0,1,0,83.07122783362865,9.776169913155693e-06,196,1,0
66,14,43,0,0,1,9.745734078543526,"[0.0, 9.745734078543526]",9.745734078543526,8.571428571428571,9.745734078543526,3.1999999999999935,0,1,0,82.74719303846359,9.745734078543526e-06,192,1,0
66,15,10,0,0,1,9.721696036202566,"[0.0, 9.721696036202566]",9.721696036202566,8.571428571428571,9.721696036202566,3.21666666666666,0,1,0,83.43197336792946,9.721696036202565e-06,193,1,0
66,16,54,0,0,1,9.7028078351702,"[0.0, 9.7028078351702]",9.7028078351702,8.571428571428571,9.7028078351702,3.1999999999999935,0,1,0,82.74646030366421,9.702807835170199e-06,192,1,0
66,17,37,0,0,1,9.579064505440849,"[0.0, 9.579064505440849]",9.579064505440849,8.571428571428571,9.579064505440849,3.1999999999999935,0,1,0,82.74662114679813,9.579064505440849e-06,192,1,0
66,18,40,0,0,1,9.527694157191686,"[0.0, 9.527694157191686]",9.527694157191686,8.571428571428571,9.527694157191686,3.183333333333327,0,1,0,81.57348009943962,9.527694157191685e-06,191,1,0
66,19,59,0,0,1,9.255278451102122,"[0.0, 9.255278451102122]",9.255278451102122,8.571428571428571,9.255278451102122,3.1499999999999937,0,1,0,80.70256477594376,9.255278451102122e-06,189,1,0
66,20,16,0,0,1,9.240616389683314,"[0.0, 9.240616389683314]",9.240616389683314,8.571428571428571,9.240616389683314,3.1499999999999937,0,1,0,80.70273533463478,9.240616389683314e-06,189,1,0
66,21,61,0,0,1,9.219270433698382,"[0.0, 9.219270433698382]",9.219270433698382,8.571428571428571,9.219270433698382,3.133333333333327,0,1,0,80.02564065158367,9.219270433698382e-06,188,1,0
66,22,46,0,0,1,9.075238364083427,"[0.0, 9.075238364083427]",9.075238364083427,8.571428571428571,9.075238364083427,3.1166666666666605,0,1,0,79.35116340219975,9.075238364083427e-06,187,1,0
66,23,38,0,0,1,9.041813441685267,"[0.0, 9.041813441685267]",9.041813441685267,8.571428571428571,9.041813441685267,3.133333333333327,0,1,0,80.02593931555748,9.041813441685267e-06,188,1,0
66,24,56,0,0,1,9.041265760149276,"[0.0, 9.041265760149276]",9.041265760149276,8.571428571428571,9.041265760149276,3.133333333333327,0,1,0,80.02573947608471,9.041265760149276e-06,188,1,0
66,25,13,0,0,1,9.01838847569057,"[0.0, 9.01838847569057]",9.01838847569057,8.571428571428571,9.01838847569057,3.133333333333327,0,1,0,80.02603186666965,9.01838847569057e-06,188,1,0
66,26,60,0,0,1,8.95132064819336,"[0.0, 8.95132064819336]",8.95132064819336,8.571428571428571,8.95132064819336,3.1166666666666605,0,1,0,79.05081006884575,8.951320648193359e-06,187,1,0
66,27,48,0,0,1,8.908642360142299,"[0.0, 8.908642360142299]",8.908642360142299,8.571428571428571,8.908642360142299,3.1166666666666605,0,1,0,79.35183124244213,8.908642360142298e-06,187,1,0
66,28,23,0,0,1,8.827411106654576,"[0.0, 8.827411106654576]",8.827411106654576,8.571428571428571,8.827411106654576,3.099999999999994,0,1,0,78.67921693623066,8.827411106654577e-06,186,1,0
66,29,50,0,0,1,8.807100568498884,"[0.0, 8.807100568498884]",8.807100568498884,8.571428571428571,8.807100568498884,3.099999999999994,0,1,0,78.67898812890053,8.807100568498884e-06,186,1,0
66,30,49,0,0,1,8.685798645019531,"[0.0, 8.685798645019531]",8.685798645019531,8.571428571428571,8.685798645019531,3.0833333333333273,0,1,0,78.00906181335449,8.685798645019532e-06,185,1,0
66,31,19,0,0,1,8.66586685180664,"[0.0, 8.66586685180664]",8.66586685180664,8.571428571428571,8.66586685180664,3.099999999999994,0,1,0,78.67927035689354,8.66586685180664e-06,186,1,0
66,32,25,0,0,1,8.544071742466517,"[0.0, 8.544071742466517]",8.544071742466517,5.714285714285714,8.544071742466517,3.0833333333333273,0,1,0,78.00873918831348,8.544071742466517e-06,185,1,0
66,33,33,0,0,0,8.495469774518693,"[0.0, 8.495469774518693]",8.495469774518693,5.714285714285714,8.495469774518693,3.0833333333333273,0,1,0,78.00930592417717,8.495469774518693e-06,185,1,0
66,34,34,0,0,0,8.399810791015625,"[0.0, 8.399810791015625]",8.399810791015625,5.714285714285714,8.399810791015625,3.0833333333333273,0,1,0,78.00910121202469,8.399810791015626e-06,185,1,0
66,35,47,0,0,0,8.374968937465123,"[0.0, 8.374968937465123]",8.374968937465123,5.714285714285714,8.374968937465123,3.0666666666666607,0,1,0,77.34170934557915,8.374968937465123e-06,184,1,0
66,36,12,0,0,0,8.269947596958707,"[0.0, 8.269947596958707]",8.269947596958707,5.714285714285714,8.269947596958707,3.049999999999994,0,1,0,76.67074406147003,8.269947596958706e-06,183,1,0
66,37,44,0,0,0,8.257677895682198,"[0.0, 8.257677895682198]",8.257677895682198,5.714285714285714,8.257677895682198,3.049999999999994,0,1,0,76.67585514485836,8.257677895682197e-06,183,1,0
66,38,17,0,0,0,8.18852288382394,"[0.0, 8.18852288382394]",8.18852288382394,5.714285714285714,8.18852288382394,3.049999999999994,0,1,0,76.67619766294956,8.18852288382394e-06,183,1,0
66,39,42,0,0,0,8.051681518554688,"[0.0, 8.051681518554688]",8.051681518554688,5.714285714285714,8.051681518554688,3.0333333333333274,0,1,0,76.01265585422516,8.051681518554688e-06,182,1,0
66,40,14,0,0,0,7.9299681527274,"[0.0, 7.9299681527274]",7.9299681527274,5.714285714285714,7.9299681527274,3.016666666666661,0,1,0,75.35235437750816,7.9299681527274e-06,181,1,0
66,41,41,0,0,0,7.49438967023577,"[0.0, 7.49438967023577]",7.49438967023577,5.714285714285714,7.49438967023577,2.966666666666661,0,1,0,73.38404533267021,7.49438967023577e-06,178,1,0
66,42,51,0,0,0,7.385766165597098,"[0.0, 7.385766165597098]",7.385766165597098,5.714285714285714,7.385766165597098,2.966666666666661,0,1,0,72.44412638247013,7.385766165597098e-06,178,1,0
66,43,53,0,0,0,7.308295113699777,"[0.0, 7.308295113699777]",7.308295113699777,5.714285714285714,7.308295113699777,2.933333333333328,0,1,0,72.08336153626442,7.308295113699777e-06,176,1,0
66,44,58,0,0,0,7.249085562569754,"[0.0, 7.249085562569754]",7.249085562569754,5.714285714285714,7.249085562569754,2.916666666666661,0,1,0,71.43633833527565,7.249085562569755e-06,175,1,0
66,45,18,0,0,0,7.232527051653181,"[0.0, 7.232527051653181]",7.232527051653181,5.714285714285714,7.232527051653181,2.8999999999999946,0,1,0,70.79194036126137,7.232527051653182e-06,174,1,0
66,46,55,0,0,0,7.142857142857142,"[0.0, 7.142857142857142]",7.142857142857142,5.714285714285714,7.142857142857142,2.8166666666666615,0,1,0,67.6046978533268,7.142857142857143e-06,169,1,0
66,47,62,0,0,0,7.142857142857142,"[0.0, 7.142857142857142]",7.142857142857142,5.714285714285714,7.142857142857142,2.883333333333328,0,1,0,70.15002782642841,7.142857142857143e-06,173,1,0
66,48,30,0,0,0,6.380713326590402,"[0.0, 6.380713326590402]",6.380713326590402,5.714285714285714,6.380713326590402,2.5166666666666626,0,1,0,56.62977756559849,6.380713326590402e-06,151,1,0
66,49,45,0,0,0,5.75798579624721,"[0.0, 5.75798579624721]",5.75798579624721,5.714285714285714,5.75798579624721,2.33333333333333,0,1,0,50.317146107554436,5.75798579624721e-06,140,1,0
66,50,28,0,0,0,5.750705174037388,"[0.0, 5.750705174037388]",5.750705174037388,5.714285714285714,5.750705174037388,2.33333333333333,0,1,0,50.31751249730587,5.750705174037388e-06,140,1,0
66,51,27,0,0,0,5.658285958426339,"[0.0, 5.658285958426339]",5.658285958426339,2.857142857142857,5.658285958426339,2.2999999999999967,0,1,0,49.202582225203514,5.658285958426339e-06,138,1,0
66,52,29,0,0,0,5.620438711983817,"[0.0, 5.620438711983817]",5.620438711983817,2.857142857142857,5.620438711983817,2.28333333333333,0,1,0,48.64888161420822,5.620438711983817e-06,137,1,0
66,53,57,0,0,0,5.404227120535714,"[0.0, 5.404227120535714]",5.404227120535714,2.857142857142857,5.404227120535714,2.2166666666666637,0,1,0,46.460502088069916,5.4042271205357144e-06,133,1,0
66,54,9,0,0,0,5.354216439383371,"[0.0, 5.354216439383371]",5.354216439383371,2.857142857142857,5.354216439383371,2.199999999999997,0,1,0,45.91979821026325,5.354216439383371e-06,132,1,0
66,55,21,0,0,0,5.300614493233817,"[0.0, 5.300614493233817]",5.300614493233817,2.857142857142857,5.300614493233817,2.1833333333333305,0,1,0,45.382255136966705,5.300614493233817e-06,131,1,0
66,56,11,0,0,0,5.259819030761719,"[0.0, 5.259819030761719]",5.259819030761719,2.857142857142857,5.259819030761719,2.166666666666664,0,1,0,44.84652850031853,5.259819030761719e-06,130,1,0
66,57,35,0,0,0,5.169219970703125,"[0.0, 5.169219970703125]",5.169219970703125,2.857142857142857,5.169219970703125,2.1333333333333306,0,1,0,43.78383255004883,5.169219970703125e-06,128,1,0
66,58,22,0,0,0,5.0052370343889505,"[0.0, 5.0052370343889505]",5.0052370343889505,2.857142857142857,5.0052370343889505,2.083333333333331,0,1,0,42.20901606976986,5.00523703438895e-06,125,1,0
66,59,31,0,0,0,4.96185302734375,"[0.0, 4.96185302734375]",4.96185302734375,2.857142857142857,4.96185302734375,2.066666666666664,0,1,0,41.689280331134796,4.96185302734375e-06,124,1,0
66,60,52,0,0,0,4.908834184919085,"[0.0, 4.908834184919085]",4.908834184919085,2.857142857142857,4.908834184919085,2.0499999999999976,0,1,0,41.172329023480415,4.908834184919085e-06,123,1,0
66,61,36,0,0,0,4.907973153250558,"[0.0, 4.907973153250558]",4.907973153250558,2.857142857142857,4.907973153250558,2.0499999999999976,0,1,0,41.17241060733795,4.907973153250558e-06,123,1,0
66,62,39,0,0,0,4.732230050223214,"[0.0, 4.732230050223214]",4.732230050223214,2.857142857142857,4.732230050223214,1.9833333333333312,0,1,0,39.131031170487404,4.732230050223214e-06,119,1,0
66,63,24,0,0,0,4.719930376325335,"[0.0, 4.719930376325335]",4.719930376325335,2.857142857142857,4.719930376325335,1.9833333333333312,0,1,0,39.130882024765015,4.719930376325335e-06,119,1,0
66,64,26,0,0,0,1.874967302594866,"[0.0, 1.874967302594866]",1.874967302594866,0.0,1.874967302594866,5.016666666666654,0,1,0,5.175641373905819,1.8749673025948662e-06,301,1,0
67,1,0,0,1,1,10.43133054460798,"[0.0, 10.43133054460798]",10.43133054460798,8.571428571428571,10.43133054460798,5.116666666666654,0,1,0,88.44709768891335,1.0431330544607978e-05,307,1,0
67,2,21,0,1,1,10.378456115722656,"[0.0, 10.378456115722656]",10.378456115722656,8.571428571428571,10.378456115722656,3.3166666666666598,0,1,0,87.59461161494255,1.0378456115722656e-05,199,1,0
67,3,1,0,1,1,10.206157139369418,"[0.0, 10.206157139369418]",10.206157139369418,8.571428571428571,10.206157139369418,3.2833333333333266,0,1,0,86.19815623760223,1.0206157139369418e-05,197,1,0
67,4,2,0,1,1,10.197933741978236,"[0.0, 10.197933741978236]",10.197933741978236,8.571428571428571,10.197933741978236,3.2833333333333266,0,1,0,86.19837695360184,1.0197933741978236e-05,197,1,0
67,5,3,0,1,1,10.183086395263672,"[0.0, 10.183086395263672]",10.183086395263672,8.571428571428571,10.183086395263672,3.2833333333333266,0,1,0,86.19834478199482,1.0183086395263672e-05,197,1,0
67,6,4,0,1,1,10.130184718540738,"[0.0, 10.130184718540738]",10.130184718540738,8.571428571428571,10.130184718540738,3.26666666666666,0,1,0,85.50335474312305,1.0130184718540737e-05,196,1,0
67,7,5,0,1,1,10.08732659476144,"[0.0, 10.08732659476144]",10.08732659476144,8.571428571428571,10.08732659476144,3.26666666666666,0,1,0,85.50336655974388,1.008732659476144e-05,196,1,0
67,8,6,0,1,1,10.069029671805245,"[0.0, 10.069029671805245]",10.069029671805245,8.571428571428571,10.069029671805245,3.26666666666666,0,1,0,85.50343856215477,1.0069029671805245e-05,196,1,0
67,9,42,0,0,1,10.06112779889788,"[0.0, 10.06112779889788]",10.06112779889788,8.571428571428571,10.06112779889788,3.26666666666666,0,1,0,85.5030572116375,1.006112779889788e-05,196,1,0
67,10,17,0,0,1,10.042885371616908,"[0.0, 10.042885371616908]",10.042885371616908,8.571428571428571,10.042885371616908,3.2499999999999933,0,1,0,84.81113056838512,1.0042885371616907e-05,195,1,0
67,11,7,0,0,1,10.02087184361049,"[0.0, 10.02087184361049]",10.02087184361049,8.571428571428571,10.02087184361049,3.2499999999999933,0,1,0,84.81070260703564,1.002087184361049e-05,195,1,0
67,12,11,0,0,1,10.007602146693637,"[0.0, 10.007602146693637]",10.007602146693637,8.571428571428571,10.007602146693637,3.2499999999999933,0,1,0,84.81075675785542,1.0007602146693637e-05,195,1,0
67,13,37,0,0,1,9.8226193019322,"[0.0, 9.8226193019322]",9.8226193019322,8.571428571428571,9.8226193019322,3.21666666666666,0,1,0,83.43222588300705,9.822619301932199e-06,193,1,0
67,14,26,0,0,1,9.542645045689174,"[0.0, 9.542645045689174]",9.542645045689174,8.571428571428571,9.542645045689174,3.183333333333327,0,1,0,82.06288287043571,9.542645045689173e-06,191,1,0
67,15,14,0,0,1,9.483868735177177,"[0.0, 9.483868735177177]",9.483868735177177,8.571428571428571,9.483868735177177,3.299999999999993,0,1,0,81.40432053804398,9.483868735177178e-06,198,1,0
67,16,61,0,0,1,9.477874210902623,"[0.0, 9.477874210902623]",9.477874210902623,8.571428571428571,9.477874210902623,3.183333333333327,0,1,0,82.0633469671011,9.477874210902623e-06,191,1,0
67,17,48,0,0,1,9.39741679600307,"[0.0, 9.39741679600307]",9.39741679600307,8.571428571428571,9.39741679600307,3.1499999999999937,0,1,0,80.70290599763393,9.39741679600307e-06,189,1,0
67,18,41,0,0,1,9.328678676060267,"[0.0, 9.328678676060267]",9.328678676060267,8.571428571428571,9.328678676060267,3.2833333333333266,0,1,0,81.32086518406868,9.328678676060268e-06,197,1,0
67,19,28,0,0,1,9.233744485037668,"[0.0, 9.233744485037668]",9.233744485037668,8.571428571428571,9.233744485037668,3.1499999999999937,0,1,0,80.7024931460619,9.233744485037669e-06,189,1,0
67,20,12,0,0,1,9.159387860979352,"[0.0, 9.159387860979352]",9.159387860979352,8.571428571428571,9.159387860979352,3.133333333333327,0,1,0,80.02552978694439,9.159387860979352e-06,188,1,0
67,21,56,0,0,1,9.136268070765905,"[0.0, 9.136268070765905]",9.136268070765905,8.571428571428571,9.136268070765905,3.133333333333327,0,1,0,80.0259035974741,9.136268070765905e-06,188,1,0
67,22,30,0,0,1,9.12726811000279,"[0.0, 9.12726811000279]",9.12726811000279,8.571428571428571,9.12726811000279,3.133333333333327,0,1,0,80.02559208869934,9.12726811000279e-06,188,1,0
67,23,34,0,0,1,9.123052869524274,"[0.0, 9.123052869524274]",9.123052869524274,8.571428571428571,9.123052869524274,3.1499999999999937,0,1,0,80.70223104953766,9.123052869524274e-06,189,1,0
67,24,36,0,0,1,9.090701511928014,"[0.0, 9.090701511928014]",9.090701511928014,8.571428571428571,9.090701511928014,3.383333333333326,0,1,0,80.31081092357635,9.090701511928015e-06,203,1,0
67,25,47,0,0,1,9.00064195905413,"[0.0, 9.00064195905413]",9.00064195905413,8.571428571428571,9.00064195905413,3.1166666666666605,0,1,0,79.35112449526787,9.00064195905413e-06,187,1,0
67,26,39,0,0,1,8.879078456333705,"[0.0, 8.879078456333705]",8.879078456333705,8.571428571428571,8.879078456333705,3.1166666666666605,0,1,0,79.35111394524574,8.879078456333706e-06,187,1,0
67,27,49,0,0,1,8.829558236258372,"[0.0, 8.829558236258372]",8.829558236258372,8.571428571428571,8.829558236258372,8.066666666666647,0,1,0,72.16906675213977,8.829558236258371e-06,484,1,0
67,28,54,0,0,1,8.778136117117745,"[0.0, 8.778136117117745]",8.778136117117745,8.571428571428571,8.778136117117745,3.099999999999994,0,1,0,78.67886790633202,8.778136117117745e-06,186,1,0
67,29,31,0,0,1,8.65995134626116,"[0.0, 8.65995134626116]",8.65995134626116,8.571428571428571,8.65995134626116,3.099999999999994,0,1,0,78.67871886491776,8.65995134626116e-06,186,1,0
67,30,9,0,0,1,8.656673431396484,"[0.0, 8.656673431396484]",8.656673431396484,8.571428571428571,8.656673431396484,3.099999999999994,0,1,0,78.6786659359932,8.656673431396485e-06,186,1,0
67,31,46,0,0,1,8.556469508579799,"[0.0, 8.556469508579799]",8.556469508579799,5.714285714285714,8.556469508579799,3.0833333333333273,0,1,0,78.00893135368824,8.556469508579798e-06,185,1,0
67,32,19,0,0,1,8.437998635428293,"[0.0, 8.437998635428293]",8.437998635428293,5.714285714285714,8.437998635428293,3.0833333333333273,0,1,0,78.00931471586227,8.437998635428293e-06,185,1,0
67,33,13,0,0,0,8.235410962785995,"[0.0, 8.235410962785995]",8.235410962785995,5.714285714285714,8.235410962785995,3.0666666666666607,0,1,0,77.34118753671646,8.235410962785995e-06,184,1,0
67,34,27,0,0,0,8.15981183733259,"[0.0, 8.15981183733259]",8.15981183733259,5.714285714285714,8.15981183733259,3.049999999999994,0,1,0,76.67606629431248,8.15981183733259e-06,183,1,0
67,35,15,0,0,0,8.047703334263392,"[0.0, 8.047703334263392]",8.047703334263392,5.714285714285714,8.047703334263392,3.0333333333333274,0,1,0,76.0128830075264,8.047703334263393e-06,182,1,0
67,36,32,0,0,0,7.950425829206194,"[0.0, 7.950425829206194]",7.950425829206194,5.714285714285714,7.950425829206194,3.016666666666661,0,1,0,75.35203763842583,7.950425829206193e-06,181,1,0
67,37,55,0,0,0,7.751347678048271,"[0.0, 7.751347678048271]",7.751347678048271,5.714285714285714,7.751347678048271,2.9999999999999942,0,1,0,74.69371744990349,7.75134767804827e-06,180,1,0
67,38,20,0,0,0,7.595792497907366,"[0.0, 7.595792497907366]",7.595792497907366,5.714285714285714,7.595792497907366,2.966666666666661,0,1,0,73.38363912701607,7.595792497907367e-06,178,1,0
67,39,33,0,0,0,7.142857142857142,"[0.0, 7.142857142857142]",7.142857142857142,5.714285714285714,7.142857142857142,2.883333333333328,0,1,0,70.14965909719467,7.142857142857143e-06,173,1,0
67,40,50,0,0,0,7.095925467354911,"[0.0, 7.095925467354911]",7.095925467354911,5.714285714285714,7.095925467354911,2.716666666666662,0,1,0,63.85896807909012,7.0959254673549105e-06,163,1,0
67,41,44,0,0,0,5.760350908551897,"[0.0, 5.760350908551897]",5.760350908551897,5.714285714285714,5.760350908551897,2.33333333333333,0,1,0,50.31744207441807,5.760350908551896e-06,140,1,0
67,42,58,0,0,0,5.708378383091517,"[0.0, 5.708378383091517]",5.708378383091517,2.857142857142857,5.708378383091517,2.3166666666666633,0,1,0,49.75853842496872,5.708378383091517e-06,139,1,0
67,43,38,0,0,0,5.702748979840959,"[0.0, 5.702748979840959]",5.702748979840959,2.857142857142857,5.702748979840959,2.3166666666666633,0,1,0,49.7587566524744,5.702748979840959e-06,139,1,0
67,44,25,0,0,0,5.698650905064174,"[0.0, 5.698650905064174]",5.698650905064174,2.857142857142857,5.698650905064174,2.3166666666666633,0,1,0,49.758447006344795,5.698650905064173e-06,139,1,0
67,45,59,0,0,0,5.65575190952846,"[0.0, 5.65575190952846]",5.65575190952846,2.857142857142857,5.65575190952846,2.2999999999999967,0,1,0,49.20236960053444,5.65575190952846e-06,138,1,0
67,46,23,0,0,0,5.616422380719866,"[0.0, 5.616422380719866]",5.616422380719866,2.857142857142857,5.616422380719866,2.28333333333333,0,1,0,48.648622289299965,5.616422380719867e-06,137,1,0
67,47,8,0,0,0,5.607517787388392,"[0.0, 5.607517787388392]",5.607517787388392,2.857142857142857,5.607517787388392,2.28333333333333,0,1,0,48.649186581373215,5.607517787388392e-06,137,1,0
67,48,60,0,0,0,5.506880623953683,"[0.0, 5.506880623953683]",5.506880623953683,2.857142857142857,5.506880623953683,2.249999999999997,0,1,0,47.54969750344753,5.506880623953683e-06,135,1,0
67,49,29,0,0,0,5.503747122628348,"[0.0, 5.503747122628348]",5.503747122628348,2.857142857142857,5.503747122628348,2.249999999999997,0,1,0,47.54969123005867,5.5037471226283485e-06,135,1,0
67,50,22,0,0,0,5.398243495396205,"[0.0, 5.398243495396205]",5.398243495396205,2.857142857142857,5.398243495396205,2.2166666666666637,0,1,0,46.46101100742817,5.398243495396205e-06,133,1,0
67,51,45,0,0,0,5.357497079031808,"[0.0, 5.357497079031808]",5.357497079031808,2.857142857142857,5.357497079031808,2.199999999999997,0,1,0,45.92018675804138,5.357497079031808e-06,132,1,0
67,52,52,0,0,0,5.354456220354352,"[0.0, 5.354456220354352]",5.354456220354352,2.857142857142857,5.354456220354352,2.199999999999997,0,1,0,45.92007885873318,5.354456220354352e-06,132,1,0
67,53,62,0,0,0,5.312162126813616,"[0.0, 5.312162126813616]",5.312162126813616,2.857142857142857,5.312162126813616,2.1833333333333305,0,1,0,45.38206648826599,5.312162126813616e-06,131,1,0
67,54,24,0,0,0,5.306396484375,"[0.0, 5.306396484375]",5.306396484375,2.857142857142857,5.306396484375,2.1833333333333305,0,1,0,45.3820631057024,5.306396484375e-06,131,1,0
67,55,53,0,0,0,5.208097185407366,"[0.0, 5.208097185407366]",5.208097185407366,2.857142857142857,5.208097185407366,2.1499999999999972,0,1,0,44.313973158597946,5.2080971854073665e-06,129,1,0
67,56,16,0,0,0,5.05561283656529,"[0.0, 5.05561283656529]",5.05561283656529,2.857142857142857,5.05561283656529,2.0999999999999974,0,1,0,42.7310406267643,5.05561283656529e-06,126,1,0
67,57,10,0,0,0,5.049242292131696,"[0.0, 5.049242292131696]",5.049242292131696,2.857142857142857,5.049242292131696,2.0999999999999974,0,1,0,42.73126831650734,5.049242292131696e-06,126,1,0
67,58,43,0,0,0,5.009149823869977,"[0.0, 5.009149823869977]",5.009149823869977,2.857142857142857,5.009149823869977,2.083333333333331,0,1,0,42.208888828754425,5.009149823869977e-06,125,1,0
67,59,35,0,0,0,4.675194876534598,"[0.0, 4.675194876534598]",4.675194876534598,2.857142857142857,4.675194876534598,1.9666666666666646,0,1,0,38.627479538321495,4.675194876534598e-06,118,1,0
67,60,57,0,0,0,4.583909170968193,"[0.0, 4.583909170968193]",4.583909170968193,2.857142857142857,4.583909170968193,1.9333333333333313,0,1,0,37.62859936058521,4.583909170968193e-06,116,1,0
67,61,18,0,0,0,4.4574737548828125,"[0.0, 4.4574737548828125]",4.4574737548828125,2.857142857142857,4.4574737548828125,2.116666666666664,0,1,0,36.34867990016937,4.457473754882813e-06,127,1,0
67,62,51,0,0,0,4.224815368652344,"[0.0, 4.224815368652344]",4.224815368652344,2.857142857142857,4.224815368652344,6.583333333333315,0,1,0,32.907017249606724,4.224815368652344e-06,395,1,0
67,63,40,0,0,0,2.168453761509487,"[0.0, 2.168453761509487]",2.168453761509487,0.0,2.168453761509487,5.016666666666654,0,1,0,8.348094256754848,2.168453761509487e-06,301,1,0
67,64,63,0,0,0,2.1116856166294644,"[0.0, 2.1116856166294644]",2.1116856166294644,0.0,2.1116856166294644,5.016666666666654,0,1,0,7.70595135394251,2.1116856166294644e-06,301,1,0
68,1,0,0,1,1,10.43133054460798,"[0.0, 10.43133054460798]",10.43133054460798,8.571428571428571,10.43133054460798,5.116666666666654,0,1,0,88.44709768891335,1.0431330544607978e-05,307,1,0
68,2,1,0,1,1,10.378456115722656,"[0.0, 10.378456115722656]",10.378456115722656,8.571428571428571,10.378456115722656,3.3166666666666598,0,1,0,87.59461161494255,1.0378456115722656e-05,199,1,0
68,3,53,0,1,1,10.233088902064733,"[0.0, 10.233088902064733]",10.233088902064733,8.571428571428571,10.233088902064733,3.2833333333333266,0,1,0,86.19838900864124,1.0233088902064733e-05,197,1,0
68,4,2,0,1,1,10.206157139369418,"[0.0, 10.206157139369418]",10.206157139369418,8.571428571428571,10.206157139369418,3.2833333333333266,0,1,0,86.19815623760223,1.0206157139369418e-05,197,1,0
68,5,3,0,1,1,10.197933741978236,"[0.0, 10.197933741978236]",10.197933741978236,8.571428571428571,10.197933741978236,3.2833333333333266,0,1,0,86.19837695360184,1.0197933741978236e-05,197,1,0
68,6,4,0,1,1,10.183086395263672,"[0.0, 10.183086395263672]",10.183086395263672,8.571428571428571,10.183086395263672,3.2833333333333266,0,1,0,86.19834478199482,1.0183086395263672e-05,197,1,0
68,7,5,0,1,1,10.130184718540738,"[0.0, 10.130184718540738]",10.130184718540738,8.571428571428571,10.130184718540738,3.26666666666666,0,1,0,85.50335474312305,1.0130184718540737e-05,196,1,0
68,8,36,0,1,1,10.1239504132952,"[0.0, 10.1239504132952]",10.1239504132952,8.571428571428571,10.1239504132952,3.26666666666666,0,1,0,85.50353014469147,1.01239504132952e-05,196,1,0
68,9,6,0,0,1,10.08732659476144,"[0.0, 10.08732659476144]",10.08732659476144,8.571428571428571,10.08732659476144,3.26666666666666,0,1,0,85.50336655974388,1.008732659476144e-05,196,1,0
68,10,7,0,0,1,10.069029671805245,"[0.0, 10.069029671805245]",10.069029671805245,8.571428571428571,10.069029671805245,3.26666666666666,0,1,0,85.50343856215477,1.0069029671805245e-05,196,1,0
68,11,54,0,0,1,10.040435791015625,"[0.0, 10.040435791015625]",10.040435791015625,8.571428571428571,10.040435791015625,4.7499999999999885,0,1,0,85.58650264143944,1.0040435791015625e-05,285,1,0
68,12,41,0,0,1,9.892569950648717,"[0.0, 9.892569950648717]",9.892569950648717,8.571428571428571,9.892569950648717,3.2333333333333267,0,1,0,84.12060907483101,9.892569950648717e-06,194,1,0
68,13,12,0,0,1,9.73649161202567,"[0.0, 9.73649161202567]",9.73649161202567,8.571428571428571,9.73649161202567,3.1999999999999935,0,1,0,82.74699501693249,9.73649161202567e-06,192,1,0
68,14,22,0,0,1,9.619854518345424,"[0.0, 9.619854518345424]",9.619854518345424,8.571428571428571,9.619854518345424,3.183333333333327,0,1,0,82.06295266747475,9.619854518345424e-06,191,1,0
68,15,10,0,0,1,9.585980006626674,"[0.0, 9.585980006626674]",9.585980006626674,8.571428571428571,9.585980006626674,3.2499999999999933,0,1,0,82.61143372952938,9.585980006626674e-06,195,1,0
68,16,20,0,0,1,9.583661215645927,"[0.0, 9.583661215645927]",9.583661215645927,8.571428571428571,9.583661215645927,3.183333333333327,0,1,0,82.06327301263809,9.583661215645928e-06,191,1,0
68,17,11,0,0,1,9.545249938964844,"[0.0, 9.545249938964844]",9.545249938964844,8.571428571428571,9.545249938964844,3.183333333333327,0,1,0,82.0625396668911,9.545249938964844e-06,191,1,0
68,18,9,0,0,1,9.243602752685547,"[0.0, 9.243602752685547]",9.243602752685547,8.571428571428571,9.243602752685547,3.1499999999999937,0,1,0,80.70255468785763,9.243602752685547e-06,189,1,0
68,19,17,0,0,1,9.172962733677455,"[0.0, 9.172962733677455]",9.172962733677455,8.571428571428571,9.172962733677455,3.133333333333327,0,1,0,79.91486737132072,9.172962733677455e-06,188,1,0
68,20,8,0,0,1,9.097137451171875,"[0.0, 9.097137451171875]",9.097137451171875,8.571428571428571,9.097137451171875,3.1166666666666605,0,1,0,79.35111865401268,9.097137451171875e-06,187,1,0
68,21,59,0,0,1,9.032677241734095,"[0.0, 9.032677241734095]",9.032677241734095,8.571428571428571,9.032677241734095,3.133333333333327,0,1,0,80.02581803500652,9.032677241734095e-06,188,1,0
68,22,38,0,0,1,8.816664559500557,"[0.0, 8.816664559500557]",8.816664559500557,8.571428571428571,8.816664559500557,5.049999999999987,0,1,0,79.6113678663969,8.816664559500557e-06,303,1,0
68,23,46,0,0,1,8.811531066894531,"[0.0, 8.811531066894531]",8.811531066894531,8.571428571428571,8.811531066894531,3.099999999999994,0,1,0,78.67830596864223,8.811531066894532e-06,186,1,0
68,24,44,0,0,1,8.801640101841517,"[0.0, 8.801640101841517]",8.801640101841517,8.571428571428571,8.801640101841517,3.1166666666666605,0,1,0,79.35122913122177,8.801640101841517e-06,187,1,0
68,25,56,0,0,1,8.733626774379186,"[0.0, 8.733626774379186]",8.733626774379186,8.571428571428571,8.733626774379186,3.099999999999994,0,1,0,78.6787916123867,8.733626774379186e-06,186,1,0
68,26,35,0,0,1,8.712340763636998,"[0.0, 8.712340763636998]",8.712340763636998,8.571428571428571,8.712340763636998,3.099999999999994,0,1,0,78.67831155657768,8.712340763636998e-06,186,1,0
68,27,40,0,0,1,8.688888549804688,"[0.0, 8.688888549804688]",8.688888549804688,8.571428571428571,8.688888549804688,3.099999999999994,0,1,0,78.67931841313839,8.688888549804688e-06,186,1,0
68,28,33,0,0,1,8.668569837297714,"[0.0, 8.668569837297714]",8.668569837297714,8.571428571428571,8.668569837297714,3.099999999999994,0,1,0,78.67865259945393,8.668569837297714e-06,186,1,0
68,29,63,0,0,1,8.616085052490234,"[0.0, 8.616085052490234]",8.616085052490234,8.571428571428571,8.616085052490234,3.349999999999993,0,1,0,78.26191428303719,8.616085052490235e-06,201,1,0
68,30,34,0,0,1,8.594548361642019,"[0.0, 8.594548361642019]",8.594548361642019,8.571428571428571,8.594548361642019,3.0666666666666607,0,1,0,77.34164507687092,8.59454836164202e-06,184,1,0
68,31,62,0,0,1,8.550011771065847,"[0.0, 8.550011771065847]",8.550011771065847,5.714285714285714,8.550011771065847,3.0833333333333273,0,1,0,78.00911544263363,8.550011771065847e-06,185,1,0
68,32,55,0,0,1,8.473023005894252,"[0.0, 8.473023005894252]",8.473023005894252,5.714285714285714,8.473023005894252,3.0833333333333273,0,1,0,78.00878991186619,8.473023005894251e-06,185,1,0
68,33,27,0,0,0,8.37562016078404,"[0.0, 8.37562016078404]",8.37562016078404,5.714285714285714,8.37562016078404,3.0666666666666607,0,1,0,77.3413262963295,8.37562016078404e-06,184,1,0
68,34,58,0,0,0,8.37545394897461,"[0.0, 8.37545394897461]",8.37545394897461,5.714285714285714,8.37545394897461,3.0666666666666607,0,1,0,77.34124173223972,8.375453948974609e-06,184,1,0
68,35,39,0,0,0,8.368064335414342,"[0.0, 8.368064335414342]",8.368064335414342,5.714285714285714,8.368064335414342,3.0666666666666607,0,1,0,77.22276377677917,8.368064335414343e-06,184,1,0
68,36,60,0,0,0,8.279334477015905,"[0.0, 8.279334477015905]",8.279334477015905,5.714285714285714,8.279334477015905,3.2499999999999933,0,1,0,77.02214246988297,8.279334477015905e-06,195,1,0
68,37,14,0,0,0,8.209757123674667,"[0.0, 8.209757123674667]",8.209757123674667,5.714285714285714,8.209757123674667,3.049999999999994,0,1,0,76.67607589066029,8.209757123674667e-06,183,1,0
68,38,28,0,0,0,7.943526676722936,"[0.0, 7.943526676722936]",7.943526676722936,5.714285714285714,7.943526676722936,3.0333333333333274,0,1,0,76.01309542357922,7.943526676722935e-06,182,1,0
68,39,50,0,0,0,7.362954275948661,"[0.0, 7.362954275948661]",7.362954275948661,5.714285714285714,7.362954275948661,2.933333333333328,0,1,0,72.08301159739494,7.362954275948661e-06,176,1,0
68,40,45,0,0,0,7.142857142857142,"[0.0, 7.142857142857142]",7.142857142857142,5.714285714285714,7.142857142857142,2.799999999999995,0,1,0,66.97418963909149,7.142857142857143e-06,168,1,0
68,41,48,0,0,0,5.933641706194196,"[0.0, 5.933641706194196]",5.933641706194196,5.714285714285714,5.933641706194196,2.3999999999999964,0,1,0,52.577362552285194,5.933641706194196e-06,144,1,0
68,42,18,0,0,0,5.903843470982143,"[0.0, 5.903843470982143]",5.903843470982143,5.714285714285714,5.903843470982143,3.816666666666658,0,1,0,52.38807360827923,5.903843470982144e-06,229,1,0
68,43,13,0,0,0,5.67741938999721,"[0.0, 5.67741938999721]",5.67741938999721,2.857142857142857,5.67741938999721,2.2999999999999967,0,1,0,49.20269259810448,5.67741938999721e-06,138,1,0
68,44,25,0,0,0,5.659681047712054,"[0.0, 5.659681047712054]",5.659681047712054,2.857142857142857,5.659681047712054,2.2999999999999967,0,1,0,49.20284715294838,5.659681047712054e-06,138,1,0
68,45,21,0,0,0,5.646029881068639,"[0.0, 5.646029881068639]",5.646029881068639,2.857142857142857,5.646029881068639,2.2999999999999967,0,1,0,49.202851846814156,5.6460298810686386e-06,138,1,0
68,46,15,0,0,0,5.641822814941406,"[0.0, 5.641822814941406]",5.641822814941406,2.857142857142857,5.641822814941406,2.2999999999999967,0,1,0,49.20268855988979,5.641822814941406e-06,138,1,0
68,47,51,0,0,0,5.507910592215402,"[0.0, 5.507910592215402]",5.507910592215402,2.857142857142857,5.507910592215402,2.249999999999997,0,1,0,47.54981783032417,5.507910592215402e-06,135,1,0
68,48,37,0,0,0,5.499360220772879,"[0.0, 5.499360220772879]",5.499360220772879,2.857142857142857,5.499360220772879,2.249999999999997,0,1,0,47.549785420298576,5.499360220772879e-06,135,1,0
68,49,19,0,0,0,5.448635646275111,"[0.0, 5.448635646275111]",5.448635646275111,2.857142857142857,5.448635646275111,2.2333333333333303,0,1,0,47.004098013043404,5.448635646275111e-06,134,1,0
68,50,30,0,0,0,5.408761160714286,"[0.0, 5.408761160714286]",5.408761160714286,2.857142857142857,5.408761160714286,2.2333333333333303,0,1,0,46.570173382759094,5.4087611607142854e-06,134,1,0
68,51,61,0,0,0,5.408570425851004,"[0.0, 5.408570425851004]",5.408570425851004,2.857142857142857,5.408570425851004,2.2166666666666637,0,1,0,46.46046927571297,5.408570425851005e-06,133,1,0
68,52,52,0,0,0,5.355464390345982,"[0.0, 5.355464390345982]",5.355464390345982,2.857142857142857,5.355464390345982,2.199999999999997,0,1,0,45.92036698758602,5.355464390345982e-06,132,1,0
68,53,32,0,0,0,5.305976867675781,"[0.0, 5.305976867675781]",5.305976867675781,2.857142857142857,5.305976867675781,2.1833333333333305,0,1,0,45.38195687532425,5.305976867675781e-06,131,1,0
68,54,26,0,0,0,5.303464617047991,"[0.0, 5.303464617047991]",5.303464617047991,2.857142857142857,5.303464617047991,2.1833333333333305,0,1,0,45.38215282559395,5.303464617047991e-06,131,1,0
68,55,47,0,0,0,5.301677158900669,"[0.0, 5.301677158900669]",5.301677158900669,2.857142857142857,5.301677158900669,6.2333333333333165,0,1,0,45.27385605429299,5.3016771589006695e-06,374,1,0
68,56,43,0,0,0,5.299720764160156,"[0.0, 5.299720764160156]",5.299720764160156,2.857142857142857,5.299720764160156,2.1833333333333305,0,1,0,45.381797686219215,5.299720764160156e-06,131,1,0
68,57,42,0,0,0,5.224772862025669,"[0.0, 5.224772862025669]",5.224772862025669,2.857142857142857,5.224772862025669,2.1499999999999972,0,1,0,44.31427547335625,5.224772862025669e-06,129,1,0
68,58,23,0,0,0,5.201350620814732,"[0.0, 5.201350620814732]",5.201350620814732,2.857142857142857,5.201350620814732,2.1499999999999972,0,1,0,44.31403152644634,5.201350620814732e-06,129,1,0
68,59,57,0,0,0,5.108702523367746,"[0.0, 5.108702523367746]",5.108702523367746,2.857142857142857,5.108702523367746,2.116666666666664,0,1,0,43.25593216717243,5.108702523367746e-06,127,1,0
68,60,16,0,0,0,5.073934282575335,"[0.0, 5.073934282575335]",5.073934282575335,2.857142857142857,5.073934282575335,2.0999999999999974,0,1,0,42.73113302886486,5.073934282575335e-06,126,1,0
68,61,24,0,0,0,5.055531093052455,"[0.0, 5.055531093052455]",5.055531093052455,2.857142857142857,5.055531093052455,2.0999999999999974,0,1,0,42.73108173906803,5.055531093052455e-06,126,1,0
68,62,29,0,0,0,4.827973502022879,"[0.0, 4.827973502022879]",4.827973502022879,2.857142857142857,4.827973502022879,2.0166666666666644,0,1,0,40.14641512930393,4.827973502022879e-06,121,1,0
68,63,31,0,0,0,4.76593017578125,"[0.0, 4.76593017578125]",4.76593017578125,2.857142857142857,4.76593017578125,1.9999999999999978,0,1,0,39.63749195635319,4.76593017578125e-06,120,1,0
68,64,49,0,0,0,4.618655613490513,"[0.0, 4.618655613490513]",4.618655613490513,2.857142857142857,4.618655613490513,1.949999999999998,0,1,0,38.12674304842949,4.618655613490513e-06,117,1,0
69,1,0,0,1,1,10.43133054460798,"[0.0, 10.43133054460798]",10.43133054460798,8.571428571428571,10.43133054460798,5.116666666666654,0,1,0,88.44709768891335,1.0431330544607978e-05,307,1,0
69,2,1,0,1,1,10.378456115722656,"[0.0, 10.378456115722656]",10.378456115722656,8.571428571428571,10.378456115722656,3.3166666666666598,0,1,0,87.59461161494255,1.0378456115722656e-05,199,1,0
69,3,2,0,1,1,10.233088902064733,"[0.0, 10.233088902064733]",10.233088902064733,8.571428571428571,10.233088902064733,3.2833333333333266,0,1,0,86.19838900864124,1.0233088902064733e-05,197,1,0
69,4,3,0,1,1,10.206157139369418,"[0.0, 10.206157139369418]",10.206157139369418,8.571428571428571,10.206157139369418,3.2833333333333266,0,1,0,86.19815623760223,1.0206157139369418e-05,197,1,0
69,5,4,0,1,1,10.197933741978236,"[0.0, 10.197933741978236]",10.197933741978236,8.571428571428571,10.197933741978236,3.2833333333333266,0,1,0,86.19837695360184,1.0197933741978236e-05,197,1,0
69,6,5,0,1,1,10.183086395263672,"[0.0, 10.183086395263672]",10.183086395263672,8.571428571428571,10.183086395263672,3.2833333333333266,0,1,0,86.19834478199482,1.0183086395263672e-05,197,1,0
69,7,6,0,1,1,10.130184718540738,"[0.0, 10.130184718540738]",10.130184718540738,8.571428571428571,10.130184718540738,3.26666666666666,0,1,0,85.50335474312305,1.0130184718540737e-05,196,1,0
69,8,7,0,1,1,10.1239504132952,"[0.0, 10.1239504132952]",10.1239504132952,8.571428571428571,10.1239504132952,3.26666666666666,0,1,0,85.50353014469147,1.01239504132952e-05,196,1,0
69,9,40,0,0,1,9.951558794294085,"[0.0, 9.951558794294085]",9.951558794294085,8.571428571428571,9.951558794294085,3.2333333333333267,0,1,0,84.12080073356628,9.951558794294086e-06,194,1,0
69,10,12,0,0,1,9.932964869907925,"[0.0, 9.932964869907925]",9.932964869907925,8.571428571428571,9.932964869907925,3.2333333333333267,0,1,0,84.12041409313679,9.932964869907925e-06,194,1,0
69,11,54,0,0,1,9.796646663120814,"[0.0, 9.796646663120814]",9.796646663120814,8.571428571428571,9.796646663120814,3.21666666666666,0,1,0,83.4325729161501,9.796646663120815e-06,193,1,0
69,12,52,0,0,1,9.71278326851981,"[0.0, 9.71278326851981]",9.71278326851981,8.571428571428571,9.71278326851981,3.1999999999999935,0,1,0,82.7463018745184,9.71278326851981e-06,192,1,0
69,13,42,0,0,1,9.697074890136719,"[0.0, 9.697074890136719]",9.697074890136719,8.571428571428571,9.697074890136719,3.1999999999999935,0,1,0,82.7467081695795,9.697074890136719e-06,192,1,0
69,14,33,0,0,1,9.479435511997767,"[0.0, 9.479435511997767]",9.479435511997767,8.571428571428571,9.479435511997767,3.3666666666666596,0,1,0,82.36672523617744,9.479435511997768e-06,202,1,0
69,15,62,0,0,1,9.47150366646903,"[0.0, 9.47150366646903]",9.47150366646903,8.571428571428571,9.47150366646903,3.1666666666666603,0,1,0,81.38142050802708,9.47150366646903e-06,190,1,0
69,16,18,0,0,1,9.404525756835938,"[0.0, 9.404525756835938]",9.404525756835938,8.571428571428571,9.404525756835938,3.1666666666666603,0,1,0,81.13568702340126,9.404525756835937e-06,190,1,0
69,17,24,0,0,1,9.393117087227958,"[0.0, 9.393117087227958]",9.393117087227958,8.571428571428571,9.393117087227958,3.1666666666666603,0,1,0,81.38143946230412,9.39311708722796e-06,190,1,0
69,18,32,0,0,1,9.391553061349052,"[0.0, 9.391553061349052]",9.391553061349052,8.571428571428571,9.391553061349052,3.1666666666666603,0,1,0,81.38179343938828,9.391553061349053e-06,190,1,0
69,19,39,0,0,1,9.332621438162668,"[0.0, 9.332621438162668]",9.332621438162668,8.571428571428571,9.332621438162668,3.1666666666666603,0,1,0,81.38174813985825,9.332621438162668e-06,190,1,0
69,20,17,0,0,1,9.329523359026227,"[0.0, 9.329523359026227]",9.329523359026227,8.571428571428571,9.329523359026227,3.1499999999999937,0,1,0,80.70249219238758,9.329523359026227e-06,189,1,0
69,21,28,0,0,1,9.238401140485491,"[0.0, 9.238401140485491]",9.238401140485491,8.571428571428571,9.238401140485491,3.1499999999999937,0,1,0,80.70226772129536,9.238401140485492e-06,189,1,0
69,22,45,0,0,1,9.204229627336774,"[0.0, 9.204229627336774]",9.204229627336774,8.571428571428571,9.204229627336774,3.1499999999999937,0,1,0,80.70285059511662,9.204229627336775e-06,189,1,0
69,23,61,0,0,1,9.16153771536691,"[0.0, 9.16153771536691]",9.16153771536691,8.571428571428571,9.16153771536691,3.3166666666666598,0,1,0,80.31690010428429,9.16153771536691e-06,199,1,0
69,24,37,0,0,1,9.148565019880023,"[0.0, 9.148565019880023]",9.148565019880023,8.571428571428571,9.148565019880023,3.133333333333327,0,1,0,80.02541290223598,9.148565019880023e-06,188,1,0
69,25,29,0,0,1,8.894478934151785,"[0.0, 8.894478934151785]",8.894478934151785,8.571428571428571,8.894478934151785,3.1166666666666605,0,1,0,79.35130855441093,8.894478934151784e-06,187,1,0
69,26,58,0,0,1,8.707122802734375,"[0.0, 8.707122802734375]",8.707122802734375,8.571428571428571,8.707122802734375,3.099999999999994,0,1,0,78.67887718975544,8.707122802734375e-06,186,1,0
69,27,38,0,0,1,8.634986877441406,"[0.0, 8.634986877441406]",8.634986877441406,8.571428571428571,8.634986877441406,3.099999999999994,0,1,0,78.67915891110897,8.634986877441406e-06,186,1,0
69,28,27,0,0,1,8.538251604352679,"[0.0, 8.538251604352679]",8.538251604352679,5.714285714285714,8.538251604352679,3.0833333333333273,0,1,0,78.00943093001842,8.538251604352679e-06,185,1,0
69,29,10,0,0,1,8.212999616350448,"[0.0, 8.212999616350448]",8.212999616350448,5.714285714285714,8.212999616350448,3.049999999999994,0,1,0,76.6755422949791,8.212999616350447e-06,183,1,0
69,30,63,0,0,1,8.21016584123884,"[0.0, 8.21016584123884]",8.21016584123884,5.714285714285714,8.21016584123884,3.049999999999994,0,1,0,76.67607371509075,8.210165841238841e-06,183,1,0
69,31,34,0,0,1,8.156106131417411,"[0.0, 8.156106131417411]",8.156106131417411,5.714285714285714,8.156106131417411,3.049999999999994,0,1,0,76.67590475082397,8.156106131417412e-06,183,1,0
69,32,56,0,0,1,8.018741607666016,"[0.0, 8.018741607666016]",8.018741607666016,5.714285714285714,8.018741607666016,3.0333333333333274,0,1,0,76.01298566162586,8.018741607666016e-06,182,1,0
69,33,59,0,0,0,7.6901817321777335,"[0.0, 7.6901817321777335]",7.6901817321777335,5.714285714285714,7.6901817321777335,2.9833333333333276,0,1,0,74.03711445629597,7.690181732177734e-06,179,1,0
69,34,9,0,0,0,7.430330004010882,"[0.0, 7.430330004010882]",7.430330004010882,5.714285714285714,7.430330004010882,2.9499999999999944,0,1,0,72.7323223054409,7.430330004010882e-06,177,1,0
69,35,49,0,0,0,7.159382956368583,"[0.0, 7.159382956368583]",7.159382956368583,5.714285714285714,7.159382956368583,2.8999999999999946,0,1,0,70.79176400601864,7.159382956368583e-06,174,1,0
69,36,16,0,0,0,7.142857142857142,"[0.0, 7.142857142857142]",7.142857142857142,5.714285714285714,7.142857142857142,2.7666666666666617,0,1,0,65.72091770172119,7.142857142857143e-06,166,1,0
69,37,26,0,0,0,7.142857142857142,"[0.0, 7.142857142857142]",7.142857142857142,5.714285714285714,7.142857142857142,2.8499999999999948,0,1,0,68.87267047166824,7.142857142857143e-06,171,1,0
69,38,57,0,0,0,5.800541469029017,"[0.0, 5.800541469029017]",5.800541469029017,5.714285714285714,5.800541469029017,2.3499999999999965,0,1,0,50.87853389978409,5.800541469029017e-06,141,1,0
69,39,25,0,0,0,5.718966892787388,"[0.0, 5.718966892787388]",5.718966892787388,5.714285714285714,5.718966892787388,2.3166666666666633,0,1,0,49.75900150835514,5.718966892787388e-06,139,1,0
69,40,20,0,0,0,5.620471409388951,"[0.0, 5.620471409388951]",5.620471409388951,2.857142857142857,5.620471409388951,2.28333333333333,0,1,0,48.64922697842121,5.620471409388951e-06,137,1,0
69,41,13,0,0,0,5.571310860770089,"[0.0, 5.571310860770089]",5.571310860770089,2.857142857142857,5.571310860770089,2.2666666666666635,0,1,0,48.09777604043484,5.57131086077009e-06,136,1,0
69,42,51,0,0,0,5.51886967250279,"[0.0, 5.51886967250279]",5.51886967250279,2.857142857142857,5.51886967250279,2.249999999999997,0,1,0,47.54995311796665,5.51886967250279e-06,135,1,0
69,43,44,0,0,0,5.505649021693639,"[0.0, 5.505649021693639]",5.505649021693639,2.857142857142857,5.505649021693639,2.249999999999997,0,1,0,47.54987674951553,5.505649021693639e-06,135,1,0
69,44,46,0,0,0,5.460106985909598,"[0.0, 5.460106985909598]",5.460106985909598,2.857142857142857,5.460106985909598,2.2333333333333303,0,1,0,47.004032015800476,5.460106985909598e-06,134,1,0
69,45,36,0,0,0,5.454766409737723,"[0.0, 5.454766409737723]",5.454766409737723,2.857142857142857,5.454766409737723,2.2333333333333303,0,1,0,47.00415447354317,5.454766409737723e-06,134,1,0
69,46,19,0,0,0,5.416875566755023,"[0.0, 5.416875566755023]",5.416875566755023,2.857142857142857,5.416875566755023,2.2166666666666637,0,1,0,46.4609464854002,5.4168755667550226e-06,133,1,0
69,47,60,0,0,0,5.407137189592634,"[0.0, 5.407137189592634]",5.407137189592634,2.857142857142857,5.407137189592634,2.2166666666666637,0,1,0,46.460536763072014,5.407137189592634e-06,133,1,0
69,48,30,0,0,0,5.405464172363281,"[0.0, 5.405464172363281]",5.405464172363281,2.857142857142857,5.405464172363281,2.2166666666666637,0,1,0,46.460460752248764,5.405464172363282e-06,133,1,0
69,49,47,0,0,0,5.35423823765346,"[0.0, 5.35423823765346]",5.35423823765346,2.857142857142857,5.35423823765346,2.199999999999997,0,1,0,45.92000564932823,5.35423823765346e-06,132,1,0
69,50,22,0,0,0,5.352826799665179,"[0.0, 5.352826799665179]",5.352826799665179,2.857142857142857,5.352826799665179,2.199999999999997,0,1,0,45.91992376744747,5.3528267996651785e-06,132,1,0
69,51,23,0,0,0,5.346821376255581,"[0.0, 5.346821376255581]",5.346821376255581,2.857142857142857,5.346821376255581,2.199999999999997,0,1,0,45.91995657980442,5.346821376255581e-06,132,1,0
69,52,53,0,0,0,5.309420994349889,"[0.0, 5.309420994349889]",5.309420994349889,2.857142857142857,5.309420994349889,2.1833333333333305,0,1,0,45.38219450414181,5.309420994349889e-06,131,1,0
69,53,8,0,0,0,5.2040863037109375,"[0.0, 5.2040863037109375]",5.2040863037109375,2.857142857142857,5.2040863037109375,2.1499999999999972,0,1,0,44.313919112086296,5.2040863037109375e-06,129,1,0
69,54,43,0,0,0,5.203699384416852,"[0.0, 5.203699384416852]",5.203699384416852,2.857142857142857,5.203699384416852,2.1499999999999972,0,1,0,44.314429089426994,5.203699384416852e-06,129,1,0
69,55,11,0,0,0,5.200331551688058,"[0.0, 5.200331551688058]",5.200331551688058,2.857142857142857,5.200331551688058,2.1499999999999972,0,1,0,44.31406506896019,5.200331551688058e-06,129,1,0
69,56,55,0,0,0,5.149923052106585,"[0.0, 5.149923052106585]",5.149923052106585,2.857142857142857,5.149923052106585,2.1333333333333306,0,1,0,43.78391367197037,5.149923052106585e-06,128,1,0
69,57,21,0,0,0,5.148468017578125,"[0.0, 5.148468017578125]",5.148468017578125,2.857142857142857,5.148468017578125,2.1333333333333306,0,1,0,43.78377839922905,5.148468017578125e-06,128,1,0
69,58,35,0,0,0,4.674475533621652,"[0.0, 4.674475533621652]",4.674475533621652,2.857142857142857,4.674475533621652,1.9666666666666646,0,1,0,38.62765760719776,4.674475533621652e-06,118,1,0
69,59,31,0,0,0,4.623685564313616,"[0.0, 4.623685564313616]",4.623685564313616,2.857142857142857,4.623685564313616,1.949999999999998,0,1,0,38.12686228752136,4.6236855643136165e-06,117,1,0
69,60,50,0,0,0,4.579821995326451,"[0.0, 4.579821995326451]",4.579821995326451,2.857142857142857,4.579821995326451,1.9333333333333313,0,1,0,37.628145933151245,4.579821995326452e-06,116,1,0
69,61,14,0,0,0,4.577456883021763,"[0.0, 4.577456883021763]",4.577456883021763,2.857142857142857,4.577456883021763,1.9333333333333313,0,1,0,37.62833212316036,4.577456883021763e-06,116,1,0
69,62,41,0,0,0,2.1558598109654015,"[0.0, 2.1558598109654015]",2.1558598109654015,0.0,2.1558598109654015,5.016666666666654,0,1,0,8.21415724819235,2.1558598109654017e-06,301,1,0
69,63,15,0,0,0,2.111718314034598,"[0.0, 2.111718314034598]",2.111718314034598,0.0,2.111718314034598,5.016666666666654,0,1,0,7.7057812517741695,2.111718314034598e-06,301,1,0
69,64,48,0,0,0,1.8749782017299106,"[0.0, 1.8749782017299106]",1.8749782017299106,0.0,1.8749782017299106,5.016666666666654,0,1,0,5.175566239864565,1.8749782017299106e-06,301,1,0
70,1,0,0,1,1,10.43133054460798,"[0.0, 10.43133054460798]",10.43133054460798,8.571428571428571,10.43133054460798,5.116666666666654,0,1,0,88.44709768891335,1.0431330544607978e-05,307,1,0
70,2,1,0,1,1,10.378456115722656,"[0.0, 10.378456115722656]",10.378456115722656,8.571428571428571,10.378456115722656,3.3166666666666598,0,1,0,87.59461161494255,1.0378456115722656e-05,199,1,0
70,3,2,0,1,1,10.233088902064733,"[0.0, 10.233088902064733]",10.233088902064733,8.571428571428571,10.233088902064733,3.2833333333333266,0,1,0,86.19838900864124,1.0233088902064733e-05,197,1,0
70,4,3,0,1,1,10.206157139369418,"[0.0, 10.206157139369418]",10.206157139369418,8.571428571428571,10.206157139369418,3.2833333333333266,0,1,0,86.19815623760223,1.0206157139369418e-05,197,1,0
70,5,4,0,1,1,10.197933741978236,"[0.0, 10.197933741978236]",10.197933741978236,8.571428571428571,10.197933741978236,3.2833333333333266,0,1,0,86.19837695360184,1.0197933741978236e-05,197,1,0
70,6,5,0,1,1,10.183086395263672,"[0.0, 10.183086395263672]",10.183086395263672,8.571428571428571,10.183086395263672,3.2833333333333266,0,1,0,86.19834478199482,1.0183086395263672e-05,197,1,0
70,7,35,0,1,1,10.163402557373047,"[0.0, 10.163402557373047]",10.163402557373047,8.571428571428571,10.163402557373047,3.2833333333333266,0,1,0,86.19874265789986,1.0163402557373047e-05,197,1,0
70,8,6,0,1,1,10.130184718540738,"[0.0, 10.130184718540738]",10.130184718540738,8.571428571428571,10.130184718540738,3.26666666666666,0,1,0,85.50335474312305,1.0130184718540737e-05,196,1,0
70,9,7,0,0,1,10.1239504132952,"[0.0, 10.1239504132952]",10.1239504132952,8.571428571428571,10.1239504132952,3.26666666666666,0,1,0,85.50353014469147,1.01239504132952e-05,196,1,0
70,10,60,0,0,1,10.060193198067802,"[0.0, 10.060193198067802]",10.060193198067802,8.571428571428571,10.060193198067802,3.26666666666666,0,1,0,85.50393630564213,1.0060193198067802e-05,196,1,0
70,11,31,0,0,1,9.793148040771484,"[0.0, 9.793148040771484]",9.793148040771484,8.571428571428571,9.793148040771484,3.21666666666666,0,1,0,83.43215802311897,9.793148040771484e-06,193,1,0
70,12,12,0,0,1,9.792584010532925,"[0.0, 9.792584010532925]",9.792584010532925,8.571428571428571,9.792584010532925,3.2333333333333267,0,1,0,84.12120145559311,9.792584010532925e-06,194,1,0
70,13,9,0,0,1,9.65780803135463,"[0.0, 9.65780803135463]",9.65780803135463,8.571428571428571,9.65780803135463,3.183333333333327,0,1,0,82.06302946805954,9.65780803135463e-06,191,1,0
70,14,13,0,0,1,9.521165575299944,"[0.0, 9.521165575299944]",9.521165575299944,8.571428571428571,9.521165575299944,3.1666666666666603,0,1,0,81.38190937042236,9.521165575299945e-06,190,1,0
70,15,21,0,0,1,9.382149832589286,"[0.0, 9.382149832589286]",9.382149832589286,8.571428571428571,9.382149832589286,3.1666666666666603,0,1,0,81.38168449699879,9.382149832589286e-06,190,1,0
70,16,63,0,0,1,9.337302616664342,"[0.0, 9.337302616664342]",9.337302616664342,8.571428571428571,9.337302616664342,3.1499999999999937,0,1,0,80.70235070586205,9.337302616664341e-06,189,1,0
70,17,33,0,0,1,9.18806621006557,"[0.0, 9.18806621006557]",9.18806621006557,8.571428571428571,9.18806621006557,3.1666666666666603,0,1,0,81.38183751702309,9.18806621006557e-06,190,1,0
70,18,15,0,0,1,9.12079129900251,"[0.0, 9.12079129900251]",9.12079129900251,8.571428571428571,9.12079129900251,3.133333333333327,0,1,0,80.02569417655468,9.12079129900251e-06,188,1,0
70,19,51,0,0,1,9.099390847342354,"[0.0, 9.099390847342354]",9.099390847342354,8.571428571428571,9.099390847342354,3.133333333333327,0,1,0,80.02562947571278,9.099390847342354e-06,188,1,0
70,20,23,0,0,1,9.09653799874442,"[0.0, 9.09653799874442]",9.09653799874442,8.571428571428571,9.09653799874442,3.133333333333327,0,1,0,80.02607068419456,9.09653799874442e-06,188,1,0
70,21,38,0,0,1,9.076666150774274,"[0.0, 9.076666150774274]",9.076666150774274,8.571428571428571,9.076666150774274,3.133333333333327,0,1,0,80.02559325098991,9.076666150774275e-06,188,1,0
70,22,61,0,0,1,8.92343248639788,"[0.0, 8.92343248639788]",8.92343248639788,8.571428571428571,8.92343248639788,3.133333333333327,0,1,0,80.02621127665043,8.92343248639788e-06,188,1,0
70,23,59,0,0,1,8.822343008858818,"[0.0, 8.822343008858818]",8.822343008858818,8.571428571428571,8.822343008858818,3.099999999999994,0,1,0,78.67884813249111,8.822343008858817e-06,186,1,0
70,24,19,0,0,1,8.798607417515345,"[0.0, 8.798607417515345]",8.798607417515345,8.571428571428571,8.798607417515345,3.1166666666666605,0,1,0,79.35151259601116,8.798607417515345e-06,187,1,0
70,25,39,0,0,1,8.796166011265345,"[0.0, 8.796166011265345]",8.796166011265345,8.571428571428571,8.796166011265345,3.099999999999994,0,1,0,78.67917077243328,8.796166011265346e-06,186,1,0
70,26,55,0,0,1,8.628956930977957,"[0.0, 8.628956930977957]",8.628956930977957,8.571428571428571,8.628956930977957,3.099999999999994,0,1,0,78.50066538155079,8.628956930977957e-06,186,1,0
70,27,28,0,0,1,8.615992409842354,"[0.0, 8.615992409842354]",8.615992409842354,8.571428571428571,8.615992409842354,3.0833333333333273,0,1,0,78.00887869298458,8.615992409842355e-06,185,1,0
70,28,25,0,0,1,8.603240421840123,"[0.0, 8.603240421840123]",8.603240421840123,8.571428571428571,8.603240421840123,3.0833333333333273,0,1,0,78.00908240675926,8.603240421840123e-06,185,1,0
70,29,32,0,0,1,8.480875832693917,"[0.0, 8.480875832693917]",8.480875832693917,5.714285714285714,8.480875832693917,3.0666666666666607,0,1,0,77.34138737618923,8.480875832693916e-06,184,1,0
70,30,40,0,0,1,8.464017595563616,"[0.0, 8.464017595563616]",8.464017595563616,5.714285714285714,8.464017595563616,3.0833333333333273,0,1,0,78.00907400250435,8.464017595563616e-06,185,1,0
70,31,54,0,0,1,8.443965911865234,"[0.0, 8.443965911865234]",8.443965911865234,5.714285714285714,8.443965911865234,3.0833333333333273,0,1,0,78.00884236395359,8.443965911865234e-06,185,1,0
70,32,56,0,0,1,8.183577401297432,"[0.0, 8.183577401297432]",8.183577401297432,5.714285714285714,8.183577401297432,3.049999999999994,0,1,0,76.67619812488556,8.183577401297432e-06,183,1,0
70,33,50,0,0,0,8.00961903163365,"[0.0, 8.00961903163365]",8.00961903163365,5.714285714285714,8.00961903163365,3.26666666666666,0,1,0,75.53648488223553,8.009619031633649e-06,196,1,0
70,34,57,0,0,0,7.988474709647042,"[0.0, 7.988474709647042]",7.988474709647042,5.714285714285714,7.988474709647042,3.0333333333333274,0,1,0,75.8356214761734,7.988474709647041e-06,182,1,0
70,35,37,0,0,0,7.918142591203963,"[0.0, 7.918142591203963]",7.918142591203963,5.714285714285714,7.918142591203963,3.016666666666661,0,1,0,75.3521568775177,7.918142591203963e-06,181,1,0
70,36,17,0,0,0,7.666326250348772,"[0.0, 7.666326250348772]",7.666326250348772,5.714285714285714,7.666326250348772,2.9833333333333276,0,1,0,74.0378769338131,7.666326250348773e-06,179,1,0
70,37,20,0,0,0,7.641604287283761,"[0.0, 7.641604287283761]",7.641604287283761,5.714285714285714,7.641604287283761,2.9833333333333276,0,1,0,74.0371251553297,7.641604287283761e-06,179,1,0
70,38,45,0,0,0,7.560452052525111,"[0.0, 7.560452052525111]",7.560452052525111,5.714285714285714,7.560452052525111,2.966666666666661,0,1,0,73.38373762369156,7.560452052525111e-06,178,1,0
70,39,49,0,0,0,7.279829297746931,"[0.0, 7.279829297746931]",7.279829297746931,5.714285714285714,7.279829297746931,2.916666666666661,0,1,0,71.43617890775204,7.2798292977469315e-06,175,1,0
70,40,34,0,0,0,7.180107661655971,"[0.0, 7.180107661655971]",7.180107661655971,5.714285714285714,7.180107661655971,2.8999999999999946,0,1,0,70.79192189872265,7.180107661655972e-06,174,1,0
70,41,29,0,0,0,7.142857142857142,"[0.0, 7.142857142857142]",7.142857142857142,5.714285714285714,7.142857142857142,2.8499999999999948,0,1,0,68.87268380820751,7.142857142857143e-06,171,1,0
70,42,14,0,0,0,6.67877197265625,"[0.0, 6.67877197265625]",6.67877197265625,5.714285714285714,6.67877197265625,2.5999999999999956,0,1,0,59.598613888025284,6.67877197265625e-06,156,1,0
70,43,24,0,0,0,6.383138384137835,"[0.0, 6.383138384137835]",6.383138384137835,5.714285714285714,6.383138384137835,2.5166666666666626,0,1,0,56.63003446161747,6.383138384137835e-06,151,1,0
70,44,48,0,0,0,6.165885925292969,"[0.0, 6.165885925292969]",6.165885925292969,5.714285714285714,6.165885925292969,2.466666666666663,0,1,0,54.44241425395012,6.1658859252929686e-06,148,1,0
70,45,26,0,0,0,5.803184509277344,"[0.0, 5.803184509277344]",5.803184509277344,5.714285714285714,5.803184509277344,2.3499999999999965,0,1,0,50.878536477684975,5.803184509277343e-06,141,1,0
70,46,27,0,0,0,5.661299569266183,"[0.0, 5.661299569266183]",5.661299569266183,2.857142857142857,5.661299569266183,2.2999999999999967,0,1,0,49.20254324376583,5.661299569266183e-06,138,1,0
70,47,43,0,0,0,5.601223536900111,"[0.0, 5.601223536900111]",5.601223536900111,2.857142857142857,5.601223536900111,2.28333333333333,0,1,0,48.64910651743412,5.601223536900111e-06,137,1,0
70,48,62,0,0,0,5.564302716936384,"[0.0, 5.564302716936384]",5.564302716936384,2.857142857142857,5.564302716936384,2.2666666666666635,0,1,0,48.09840960800648,5.564302716936383e-06,136,1,0
70,49,22,0,0,0,5.459474836077009,"[0.0, 5.459474836077009]",5.459474836077009,2.857142857142857,5.459474836077009,2.2333333333333303,0,1,0,47.00377340614796,5.459474836077009e-06,134,1,0
70,50,16,0,0,0,5.449284144810268,"[0.0, 5.449284144810268]",5.449284144810268,2.857142857142857,5.449284144810268,6.21666666666665,0,1,0,45.86897109047277,5.449284144810268e-06,373,1,0
70,51,47,0,0,0,5.325540815080916,"[0.0, 5.325540815080916]",5.325540815080916,2.857142857142857,5.325540815080916,2.199999999999997,0,1,0,45.45810067653656,5.325540815080916e-06,132,1,0
70,52,41,0,0,0,5.302816118512835,"[0.0, 5.302816118512835]",5.302816118512835,2.857142857142857,5.302816118512835,2.1833333333333305,0,1,0,45.38205149769783,5.302816118512835e-06,131,1,0
70,53,11,0,0,0,5.301164899553571,"[0.0, 5.301164899553571]",5.301164899553571,2.857142857142857,5.301164899553571,2.1833333333333305,0,1,0,45.382133170962334,5.301164899553571e-06,131,1,0
70,54,8,0,0,0,5.265557425362723,"[0.0, 5.265557425362723]",5.265557425362723,2.857142857142857,5.265557425362723,2.166666666666664,0,1,0,44.846615970134735,5.265557425362723e-06,130,1,0
70,55,18,0,0,0,5.260690961565291,"[0.0, 5.260690961565291]",5.260690961565291,2.857142857142857,5.260690961565291,2.166666666666664,0,1,0,44.8467813283205,5.260690961565291e-06,130,1,0
70,56,52,0,0,0,5.160729544503348,"[0.0, 5.160729544503348]",5.160729544503348,2.857142857142857,5.160729544503348,2.1333333333333306,0,1,0,43.783553779125214,5.1607295445033485e-06,128,1,0
70,57,10,0,0,0,5.10596684047154,"[0.0, 5.10596684047154]",5.10596684047154,2.857142857142857,5.10596684047154,2.116666666666664,0,1,0,43.25610589981079,5.10596684047154e-06,127,1,0
70,58,44,0,0,0,5.105024065290179,"[0.0, 5.105024065290179]",5.105024065290179,2.857142857142857,5.105024065290179,2.116666666666664,0,1,0,43.25587213039398,5.105024065290179e-06,127,1,0
70,59,42,0,0,0,4.958403451102121,"[0.0, 4.958403451102121]",4.958403451102121,2.857142857142857,4.958403451102121,2.066666666666664,0,1,0,41.689256742596626,4.958403451102121e-06,124,1,0
70,60,58,0,0,0,4.867226736886161,"[0.0, 4.867226736886161]",4.867226736886161,2.857142857142857,4.867226736886161,2.033333333333331,0,1,0,40.658108323812485,4.867226736886161e-06,122,1,0
70,61,46,0,0,0,4.584012712751116,"[0.0, 4.584012712751116]",4.584012712751116,2.857142857142857,4.584012712751116,1.9333333333333313,0,1,0,37.6283400952816,4.584012712751117e-06,116,1,0
70,62,30,0,0,0,4.396040780203683,"[0.0, 4.396040780203683]",4.396040780203683,2.857142857142857,4.396040780203683,1.866666666666665,0,1,0,35.66289313137531,4.3960407802036835e-06,112,1,0
70,63,53,0,0,0,4.264771597726004,"[0.0, 4.264771597726004]",4.264771597726004,2.857142857142857,4.264771597726004,1.816666666666665,0,1,0,34.2166927754879,4.264771597726004e-06,109,1,0
70,64,36,0,0,0,2.109391348702567,"[0.0, 2.109391348702567]",2.109391348702567,0.0,2.109391348702567,5.016666666666654,0,1,0,7.705872224840277,2.109391348702567e-06,301,1,0
71,1,0,0,1,1,10.43133054460798,"[0.0, 10.43133054460798]",10.43133054460798,8.571428571428571,10.43133054460798,5.116666666666654,0,1,0,88.44709768891335,1.0431330544607978e-05,307,1,0
71,2,1,0,1,1,10.378456115722656,"[0.0, 10.378456115722656]",10.378456115722656,8.571428571428571,10.378456115722656,3.3166666666666598,0,1,0,87.59461161494255,1.0378456115722656e-05,199,1,0
71,3,2,0,1,1,10.233088902064733,"[0.0, 10.233088902064733]",10.233088902064733,8.571428571428571,10.233088902064733,3.2833333333333266,0,1,0,86.19838900864124,1.0233088902064733e-05,197,1,0
71,4,3,0,1,1,10.206157139369418,"[0.0, 10.206157139369418]",10.206157139369418,8.571428571428571,10.206157139369418,3.2833333333333266,0,1,0,86.19815623760223,1.0206157139369418e-05,197,1,0
71,5,4,0,1,1,10.197933741978236,"[0.0, 10.197933741978236]",10.197933741978236,8.571428571428571,10.197933741978236,3.2833333333333266,0,1,0,86.19837695360184,1.0197933741978236e-05,197,1,0
71,6,5,0,1,1,10.183086395263672,"[0.0, 10.183086395263672]",10.183086395263672,8.571428571428571,10.183086395263672,3.2833333333333266,0,1,0,86.19834478199482,1.0183086395263672e-05,197,1,0
71,7,6,0,1,1,10.163402557373047,"[0.0, 10.163402557373047]",10.163402557373047,8.571428571428571,10.163402557373047,3.2833333333333266,0,1,0,86.19874265789986,1.0163402557373047e-05,197,1,0
71,8,7,0,1,1,10.130184718540738,"[0.0, 10.130184718540738]",10.130184718540738,8.571428571428571,10.130184718540738,3.26666666666666,0,1,0,85.50335474312305,1.0130184718540737e-05,196,1,0
71,9,31,0,0,1,10.037566593715123,"[0.0, 10.037566593715123]",10.037566593715123,8.571428571428571,10.037566593715123,3.2499999999999933,0,1,0,84.81096938252449,1.0037566593715122e-05,195,1,0
71,10,14,0,0,1,9.904809679303849,"[0.0, 9.904809679303849]",9.904809679303849,8.571428571428571,9.904809679303849,3.2333333333333267,0,1,0,84.12049148976803,9.904809679303849e-06,194,1,0
71,11,50,0,0,1,9.694903237479073,"[0.0, 9.694903237479073]",9.694903237479073,8.571428571428571,9.694903237479073,3.1999999999999935,0,1,0,82.7467683404684,9.694903237479072e-06,192,1,0
71,12,12,0,0,1,9.615761893136161,"[0.0, 9.615761893136161]",9.615761893136161,8.571428571428571,9.615761893136161,3.21666666666666,0,1,0,83.43267269432545,9.615761893136161e-06,193,1,0
71,13,26,0,0,1,9.611838204520089,"[0.0, 9.611838204520089]",9.611838204520089,8.571428571428571,9.611838204520089,3.1999999999999935,0,1,0,82.74681939184666,9.611838204520089e-06,192,1,0
71,14,18,0,0,1,9.572407858712333,"[0.0, 9.572407858712333]",9.572407858712333,8.571428571428571,9.572407858712333,3.1999999999999935,0,1,0,82.74673484265804,9.572407858712333e-06,192,1,0
71,15,51,0,0,1,9.42070552280971,"[0.0, 9.42070552280971]",9.42070552280971,8.571428571428571,9.42070552280971,3.1666666666666603,0,1,0,81.38136987388134,9.42070552280971e-06,190,1,0
71,16,46,0,0,1,9.326471601213727,"[0.0, 9.326471601213727]",9.326471601213727,8.571428571428571,9.326471601213727,3.1499999999999937,0,1,0,80.70239496231079,9.326471601213727e-06,189,1,0
71,17,59,0,0,1,9.318512507847379,"[0.0, 9.318512507847379]",9.318512507847379,8.571428571428571,9.318512507847379,3.1666666666666603,0,1,0,81.38183724880219,9.318512507847379e-06,190,1,0
71,18,33,0,0,1,9.315539768763951,"[0.0, 9.315539768763951]",9.315539768763951,8.571428571428571,9.315539768763951,3.1666666666666603,0,1,0,81.38220097124577,9.315539768763951e-06,190,1,0
71,19,62,0,0,1,9.260589054652621,"[0.0, 9.260589054652621]",9.260589054652621,8.571428571428571,9.260589054652621,3.1499999999999937,0,1,0,80.70265345275402,9.260589054652621e-06,189,1,0
71,20,9,0,0,1,9.248303004673549,"[0.0, 9.248303004673549]",9.248303004673549,8.571428571428571,9.248303004673549,3.133333333333327,0,1,0,80.02589663863182,9.248303004673549e-06,188,1,0
71,21,52,0,0,1,9.211311340332031,"[0.0, 9.211311340332031]",9.211311340332031,8.571428571428571,9.211311340332031,3.1499999999999937,0,1,0,80.70270808041096,9.21131134033203e-06,189,1,0
71,22,30,0,0,1,9.171548570905413,"[0.0, 9.171548570905413]",9.171548570905413,8.571428571428571,9.171548570905413,3.133333333333327,0,1,0,80.02612510323524,9.171548570905414e-06,188,1,0
71,23,55,0,0,1,9.094900403703962,"[0.0, 9.094900403703962]",9.094900403703962,8.571428571428571,9.094900403703962,3.1499999999999937,0,1,0,80.70250588655472,9.094900403703961e-06,189,1,0
71,24,40,0,0,1,9.032715388706752,"[0.0, 9.032715388706752]",9.032715388706752,8.571428571428571,9.032715388706752,3.133333333333327,0,1,0,80.02554182708263,9.032715388706752e-06,188,1,0
71,25,10,0,0,1,8.972658429827009,"[0.0, 8.972658429827009]",8.972658429827009,8.571428571428571,8.972658429827009,3.1166666666666605,0,1,0,79.35133393108845,8.97265842982701e-06,187,1,0
71,26,28,0,0,1,8.93402099609375,"[0.0, 8.93402099609375]",8.93402099609375,8.571428571428571,8.93402099609375,3.1166666666666605,0,1,0,79.35163064301014,8.93402099609375e-06,187,1,0
71,27,44,0,0,1,8.832157679966517,"[0.0, 8.832157679966517]",8.832157679966517,8.571428571428571,8.832157679966517,3.099999999999994,0,1,0,78.67891265451908,8.832157679966517e-06,186,1,0
71,28,25,0,0,1,8.53517804827009,"[0.0, 8.53517804827009]",8.53517804827009,5.714285714285714,8.53517804827009,3.099999999999994,0,1,0,78.67887426912785,8.535178048270091e-06,186,1,0
71,29,49,0,0,1,8.528720310756139,"[0.0, 8.528720310756139]",8.528720310756139,5.714285714285714,8.528720310756139,3.0833333333333273,0,1,0,78.00878503918648,8.528720310756139e-06,185,1,0
71,30,24,0,0,1,8.414407457624161,"[0.0, 8.414407457624161]",8.414407457624161,5.714285714285714,8.414407457624161,3.0833333333333273,0,1,0,78.00882017612457,8.414407457624162e-06,185,1,0
71,31,17,0,0,1,8.41047831944057,"[0.0, 8.41047831944057]",8.41047831944057,5.714285714285714,8.41047831944057,3.0666666666666607,0,1,0,77.34151454269886,8.41047831944057e-06,184,1,0
71,32,45,0,0,1,8.209541865757533,"[0.0, 8.209541865757533]",8.209541865757533,5.714285714285714,8.209541865757533,3.0666666666666607,0,1,0,77.34126569330692,8.209541865757533e-06,184,1,0
71,33,22,0,0,0,7.963812691824777,"[0.0, 7.963812691824777]",7.963812691824777,5.714285714285714,7.963812691824777,3.016666666666661,0,1,0,75.3522571772337,7.963812691824777e-06,181,1,0
71,34,35,0,0,0,7.884892054966517,"[0.0, 7.884892054966517]",7.884892054966517,5.714285714285714,7.884892054966517,3.016666666666661,0,1,0,75.35211163759232,7.884892054966517e-06,181,1,0
71,35,27,0,0,0,7.796764373779297,"[0.0, 7.796764373779297]",7.796764373779297,5.714285714285714,7.796764373779297,2.9999999999999942,0,1,0,74.69360308349133,7.796764373779296e-06,180,1,0
71,36,61,0,0,0,7.396850585937501,"[0.0, 7.396850585937501]",7.396850585937501,5.714285714285714,7.396850585937501,2.933333333333328,0,1,0,72.0834528207779,7.396850585937501e-06,176,1,0
71,37,42,0,0,0,7.3715427943638385,"[0.0, 7.3715427943638385]",7.3715427943638385,5.714285714285714,7.3715427943638385,2.933333333333328,0,1,0,72.08278349041939,7.3715427943638384e-06,176,1,0
71,38,20,0,0,0,7.142857142857142,"[0.0, 7.142857142857142]",7.142857142857142,5.714285714285714,7.142857142857142,2.7833333333333283,0,1,0,65.99306945502758,7.142857142857143e-06,167,1,0
71,39,21,0,0,0,7.142857142857142,"[0.0, 7.142857142857142]",7.142857142857142,5.714285714285714,7.142857142857142,2.833333333333328,0,1,0,68.23724035918713,7.142857142857143e-06,170,1,0
71,40,48,0,0,0,6.107602800641741,"[0.0, 6.107602800641741]",6.107602800641741,5.714285714285714,6.107602800641741,2.4333333333333296,0,1,0,53.72310821712017,6.1076028006417416e-06,146,1,0
71,41,34,0,0,0,5.971614292689733,"[0.0, 5.971614292689733]",5.971614292689733,5.714285714285714,5.971614292689733,2.416666666666663,0,1,0,53.14882601797581,5.9716142926897325e-06,145,1,0
71,42,36,0,0,0,5.760487147739955,"[0.0, 5.760487147739955]",5.760487147739955,5.714285714285714,5.760487147739955,2.33333333333333,0,1,0,50.31708712875843,5.760487147739955e-06,140,1,0
71,43,56,0,0,0,5.669152396065848,"[0.0, 5.669152396065848]",5.669152396065848,2.857142857142857,5.669152396065848,2.2999999999999967,0,1,0,49.2025189101696,5.669152396065848e-06,138,1,0
71,44,53,0,0,0,5.6578826904296875,"[0.0, 5.6578826904296875]",5.6578826904296875,2.857142857142857,5.6578826904296875,2.2999999999999967,0,1,0,49.20276179909706,5.657882690429687e-06,138,1,0
71,45,38,0,0,0,5.624302455357142,"[0.0, 5.624302455357142]",5.624302455357142,2.857142857142857,5.624302455357142,2.28333333333333,0,1,0,48.64914874732494,5.624302455357143e-06,137,1,0
71,46,11,0,0,0,5.616008213588169,"[0.0, 5.616008213588169]",5.616008213588169,2.857142857142857,5.616008213588169,2.28333333333333,0,1,0,48.64928229153156,5.61600821358817e-06,137,1,0
71,47,37,0,0,0,5.507005964006696,"[0.0, 5.507005964006696]",5.507005964006696,2.857142857142857,5.507005964006696,2.249999999999997,0,1,0,47.54993765056133,5.507005964006696e-06,135,1,0
71,48,8,0,0,0,5.502826145717076,"[0.0, 5.502826145717076]",5.502826145717076,2.857142857142857,5.502826145717076,2.249999999999997,0,1,0,47.549675688147545,5.5028261457170764e-06,135,1,0
71,49,60,0,0,0,5.466025216238839,"[0.0, 5.466025216238839]",5.466025216238839,2.857142857142857,5.466025216238839,2.2333333333333303,0,1,0,47.00413328409195,5.466025216238839e-06,134,1,0
71,50,63,0,0,0,5.447556631905693,"[0.0, 5.447556631905693]",5.447556631905693,2.857142857142857,5.447556631905693,6.21666666666665,0,1,0,45.868603137059836,5.447556631905693e-06,373,1,0
71,51,39,0,0,0,5.330587114606585,"[0.0, 5.330587114606585]",5.330587114606585,2.857142857142857,5.330587114606585,2.199999999999997,0,1,0,45.92023880779743,5.330587114606585e-06,132,1,0
71,52,57,0,0,0,5.307126726422991,"[0.0, 5.307126726422991]",5.307126726422991,2.857142857142857,5.307126726422991,2.1833333333333305,0,1,0,45.38233444094658,5.3071267264229915e-06,131,1,0
71,53,54,0,0,0,5.300271170479911,"[0.0, 5.300271170479911]",5.300271170479911,2.857142857142857,5.300271170479911,2.1833333333333305,0,1,0,45.38211391866207,5.30027117047991e-06,131,1,0
71,54,15,0,0,0,5.056947980608259,"[0.0, 5.056947980608259]",5.056947980608259,2.857142857142857,5.056947980608259,2.0999999999999974,0,1,0,42.731396213173866,5.056947980608258e-06,126,1,0
71,55,23,0,0,0,5.010059901646206,"[0.0, 5.010059901646206]",5.010059901646206,2.857142857142857,5.010059901646206,2.083333333333331,0,1,0,42.2090518027544,5.0100599016462055e-06,125,1,0
71,56,41,0,0,0,5.009749276297433,"[0.0, 5.009749276297433]",5.009749276297433,2.857142857142857,5.009749276297433,2.083333333333331,0,1,0,42.208865597844124,5.009749276297433e-06,125,1,0
71,57,58,0,0,0,4.9064145769391745,"[0.0, 4.9064145769391745]",4.9064145769391745,2.857142857142857,4.9064145769391745,2.0499999999999976,0,1,0,41.17232966423035,4.9064145769391745e-06,123,1,0
71,58,29,0,0,0,4.901564461844308,"[0.0, 4.901564461844308]",4.901564461844308,2.857142857142857,4.901564461844308,2.0499999999999976,0,1,0,41.172510251402855,4.901564461844308e-06,123,1,0
71,59,16,0,0,0,4.869346618652344,"[0.0, 4.869346618652344]",4.869346618652344,2.857142857142857,4.869346618652344,2.033333333333331,0,1,0,40.65818886458874,4.869346618652344e-06,122,1,0
71,60,47,0,0,0,4.585386003766741,"[0.0, 4.585386003766741]",4.585386003766741,2.857142857142857,4.585386003766741,1.9333333333333313,0,1,0,37.62879866361618,4.585386003766741e-06,116,1,0
71,61,13,0,0,0,4.5781707763671875,"[0.0, 4.5781707763671875]",4.5781707763671875,2.857142857142857,4.5781707763671875,1.9333333333333313,0,1,0,37.6286548525095,4.5781707763671874e-06,116,1,0
71,62,19,0,0,0,4.449070521763393,"[0.0, 4.449070521763393]",4.449070521763393,2.857142857142857,4.449070521763393,1.8833333333333315,0,1,0,36.15036761760712,4.449070521763393e-06,113,1,0
71,63,32,0,0,0,4.444209507533483,"[0.0, 4.444209507533483]",4.444209507533483,2.857142857142857,4.444209507533483,1.8833333333333315,0,1,0,36.14973367750645,4.444209507533483e-06,113,1,0
71,64,43,0,0,0,2.1074458530970985,"[0.0, 2.1074458530970985]",2.1074458530970985,0.0,2.1074458530970985,5.016666666666654,0,1,0,7.705991724316846,2.1074458530970985e-06,301,1,0
72,1,0,0,1,1,10.43133054460798,"[0.0, 10.43133054460798]",10.43133054460798,8.571428571428571,10.43133054460798,5.116666666666654,0,1,0,88.44709768891335,1.0431330544607978e-05,307,1,0
72,2,1,0,1,1,10.378456115722656,"[0.0, 10.378456115722656]",10.378456115722656,8.571428571428571,10.378456115722656,3.3166666666666598,0,1,0,87.59461161494255,1.0378456115722656e-05,199,1,0
72,3,2,0,1,1,10.233088902064733,"[0.0, 10.233088902064733]",10.233088902064733,8.571428571428571,10.233088902064733,3.2833333333333266,0,1,0,86.19838900864124,1.0233088902064733e-05,197,1,0
72,4,3,0,1,1,10.206157139369418,"[0.0, 10.206157139369418]",10.206157139369418,8.571428571428571,10.206157139369418,3.2833333333333266,0,1,0,86.19815623760223,1.0206157139369418e-05,197,1,0
72,5,4,0,1,1,10.197933741978236,"[0.0, 10.197933741978236]",10.197933741978236,8.571428571428571,10.197933741978236,3.2833333333333266,0,1,0,86.19837695360184,1.0197933741978236e-05,197,1,0
72,6,5,0,1,1,10.183086395263672,"[0.0, 10.183086395263672]",10.183086395263672,8.571428571428571,10.183086395263672,3.2833333333333266,0,1,0,86.19834478199482,1.0183086395263672e-05,197,1,0
72,7,6,0,1,1,10.163402557373047,"[0.0, 10.163402557373047]",10.163402557373047,8.571428571428571,10.163402557373047,3.2833333333333266,0,1,0,86.19874265789986,1.0163402557373047e-05,197,1,0
72,8,7,0,1,1,10.130184718540738,"[0.0, 10.130184718540738]",10.130184718540738,8.571428571428571,10.130184718540738,3.26666666666666,0,1,0,85.50335474312305,1.0130184718540737e-05,196,1,0
72,9,31,0,0,1,10.023882729666573,"[0.0, 10.023882729666573]",10.023882729666573,8.571428571428571,10.023882729666573,3.2499999999999933,0,1,0,84.81089466810226,1.0023882729666573e-05,195,1,0
72,10,17,0,0,1,9.968152727399554,"[0.0, 9.968152727399554]",9.968152727399554,8.571428571428571,9.968152727399554,3.2333333333333267,0,1,0,84.12053342163563,9.968152727399555e-06,194,1,0
72,11,59,0,0,1,9.843684605189733,"[0.0, 9.843684605189733]",9.843684605189733,8.571428571428571,9.843684605189733,3.2833333333333266,0,1,0,83.54633450508118,9.843684605189733e-06,197,1,0
72,12,28,0,0,1,9.66165542602539,"[0.0, 9.66165542602539]",9.66165542602539,8.571428571428571,9.66165542602539,3.21666666666666,0,1,0,83.43269142508507,9.66165542602539e-06,193,1,0
72,13,23,0,0,1,9.615756443568639,"[0.0, 9.615756443568639]",9.615756443568639,8.571428571428571,9.615756443568639,3.1999999999999935,0,1,0,82.74633647501469,9.615756443568639e-06,192,1,0
72,14,49,0,0,1,9.573078155517578,"[0.0, 9.573078155517578]",9.573078155517578,8.571428571428571,9.573078155517578,3.1999999999999935,0,1,0,82.74670112133026,9.573078155517578e-06,192,1,0
72,15,57,0,0,1,9.559211730957031,"[0.0, 9.559211730957031]",9.559211730957031,8.571428571428571,9.559211730957031,3.183333333333327,0,1,0,82.06291851401329,9.559211730957031e-06,191,1,0
72,16,37,0,0,1,9.537146432059151,"[0.0, 9.537146432059151]",9.537146432059151,8.571428571428571,9.537146432059151,3.183333333333327,0,1,0,82.06315137445927,9.537146432059151e-06,191,1,0
72,17,19,0,0,1,9.49418476649693,"[0.0, 9.49418476649693]",9.49418476649693,8.571428571428571,9.49418476649693,3.183333333333327,0,1,0,82.06309300661087,9.49418476649693e-06,191,1,0
72,18,36,0,0,1,9.468509129115514,"[0.0, 9.468509129115514]",9.468509129115514,8.571428571428571,9.468509129115514,3.1666666666666603,0,1,0,81.38184197247028,9.468509129115515e-06,190,1,0
72,19,30,0,0,1,9.434334891183035,"[0.0, 9.434334891183035]",9.434334891183035,8.571428571428571,9.434334891183035,3.1666666666666603,0,1,0,81.38155901432037,9.434334891183035e-06,190,1,0
72,20,44,0,0,1,9.432081495012557,"[0.0, 9.432081495012557]",9.432081495012557,8.571428571428571,9.432081495012557,3.1666666666666603,0,1,0,81.38177254796028,9.432081495012557e-06,190,1,0
72,21,29,0,0,1,9.185736519949776,"[0.0, 9.185736519949776]",9.185736519949776,8.571428571428571,9.185736519949776,3.1666666666666603,0,1,0,81.33387637138367,9.185736519949776e-06,190,1,0
72,22,54,0,0,1,9.024903433663505,"[0.0, 9.024903433663505]",9.024903433663505,8.571428571428571,9.024903433663505,3.1499999999999937,0,1,0,80.21260085701942,9.024903433663505e-06,189,1,0
72,23,20,0,0,1,8.802713666643415,"[0.0, 8.802713666643415]",8.802713666643415,8.571428571428571,8.802713666643415,3.1666666666666603,0,1,0,79.25411553680897,8.802713666643415e-06,190,1,0
72,24,8,0,0,1,8.778574807303292,"[0.0, 8.778574807303292]",8.778574807303292,8.571428571428571,8.778574807303292,3.099999999999994,0,1,0,78.67909091711044,8.778574807303292e-06,186,1,0
72,25,24,0,0,1,8.746885572160993,"[0.0, 8.746885572160993]",8.746885572160993,8.571428571428571,8.746885572160993,3.1166666666666605,0,1,0,79.03879427909851,8.746885572160993e-06,187,1,0
72,26,16,0,0,1,8.733340672084264,"[0.0, 8.733340672084264]",8.733340672084264,8.571428571428571,8.733340672084264,3.1166666666666605,0,1,0,79.35124157369137,8.733340672084265e-06,187,1,0
72,27,41,0,0,1,8.698616027832031,"[0.0, 8.698616027832031]",8.698616027832031,8.571428571428571,8.698616027832031,3.099999999999994,0,1,0,78.6791116297245,8.698616027832031e-06,186,1,0
72,28,58,0,0,1,8.620046888078962,"[0.0, 8.620046888078962]",8.620046888078962,8.571428571428571,8.620046888078962,3.099999999999994,0,1,0,78.67911520600319,8.620046888078962e-06,186,1,0
72,29,62,0,0,1,8.53640147617885,"[0.0, 8.53640147617885]",8.53640147617885,5.714285714285714,8.53640147617885,3.0833333333333273,0,1,0,77.92834620177746,8.536401476178851e-06,185,1,0
72,30,33,0,0,1,8.513684953962052,"[0.0, 8.513684953962052]",8.513684953962052,5.714285714285714,8.513684953962052,3.0666666666666607,0,1,0,77.3413995206356,8.513684953962052e-06,184,1,0
72,31,47,0,0,1,8.493693215506418,"[0.0, 8.493693215506418]",8.493693215506418,5.714285714285714,8.493693215506418,3.0833333333333273,0,1,0,78.00893874466419,8.493693215506419e-06,185,1,0
72,32,32,0,0,1,8.436042240687778,"[0.0, 8.436042240687778]",8.436042240687778,5.714285714285714,8.436042240687778,3.0833333333333273,0,1,0,78.0089398175478,8.436042240687778e-06,185,1,0
72,33,18,0,0,0,8.38766370500837,"[0.0, 8.38766370500837]",8.38766370500837,5.714285714285714,8.38766370500837,3.0833333333333273,0,1,0,78.00926905870438,8.38766370500837e-06,185,1,0
72,34,27,0,0,0,8.358612060546875,"[0.0, 8.358612060546875]",8.358612060546875,5.714285714285714,8.358612060546875,3.0666666666666607,0,1,0,77.34157872200012,8.358612060546875e-06,184,1,0
72,35,53,0,0,0,8.34038598196847,"[0.0, 8.34038598196847]",8.34038598196847,5.714285714285714,8.34038598196847,3.0666666666666607,0,1,0,77.3414348512888,8.34038598196847e-06,184,1,0
72,36,46,0,0,0,8.339146205357142,"[0.0, 8.339146205357142]",8.339146205357142,5.714285714285714,8.339146205357142,3.0833333333333273,0,1,0,78.00934030115604,8.339146205357143e-06,185,1,0
72,37,13,0,0,0,8.328535897391182,"[0.0, 8.328535897391182]",8.328535897391182,5.714285714285714,8.328535897391182,3.0666666666666607,0,1,0,77.34111319482327,8.328535897391183e-06,184,1,0
72,38,34,0,0,0,8.184498378208707,"[0.0, 8.184498378208707]",8.184498378208707,5.714285714285714,8.184498378208707,3.049999999999994,0,1,0,76.67585740983486,8.184498378208707e-06,183,1,0
72,39,61,0,0,0,7.960243225097656,"[0.0, 7.960243225097656]",7.960243225097656,5.714285714285714,7.960243225097656,3.016666666666661,0,1,0,75.3520929068327,7.960243225097657e-06,181,1,0
72,40,21,0,0,0,7.9338836669921875,"[0.0, 7.9338836669921875]",7.9338836669921875,5.714285714285714,7.9338836669921875,3.016666666666661,0,1,0,75.35203102231026,7.933883666992187e-06,181,1,0
72,41,25,0,0,0,7.627996717180524,"[0.0, 7.627996717180524]",7.627996717180524,5.714285714285714,7.627996717180524,2.9833333333333276,0,1,0,74.03780736029148,7.627996717180524e-06,179,1,0
72,42,15,0,0,0,7.396692548479352,"[0.0, 7.396692548479352]",7.396692548479352,5.714285714285714,7.396692548479352,2.9499999999999944,0,1,0,72.73196305334568,7.396692548479352e-06,177,1,0
72,43,56,0,0,0,7.2649656023297995,"[0.0, 7.2649656023297995]",7.2649656023297995,5.714285714285714,7.2649656023297995,2.916666666666661,0,1,0,71.43597193062305,7.264965602329799e-06,175,1,0
72,44,39,0,0,0,5.76484135219029,"[0.0, 5.76484135219029]",5.76484135219029,5.714285714285714,5.76484135219029,2.33333333333333,0,1,0,50.317671462893486,5.76484135219029e-06,140,1,0
72,45,12,0,0,0,5.756770542689732,"[0.0, 5.756770542689732]",5.756770542689732,5.714285714285714,5.756770542689732,2.33333333333333,0,1,0,50.31714668869972,5.756770542689732e-06,140,1,0
72,46,63,0,0,0,5.754421779087612,"[0.0, 5.754421779087612]",5.754421779087612,5.714285714285714,5.754421779087612,2.33333333333333,0,1,0,50.31741811335087,5.754421779087612e-06,140,1,0
72,47,26,0,0,0,5.599877493722098,"[0.0, 5.599877493722098]",5.599877493722098,2.857142857142857,5.599877493722098,2.28333333333333,0,1,0,48.64922949671745,5.599877493722098e-06,137,1,0
72,48,48,0,0,0,5.556417192731585,"[0.0, 5.556417192731585]",5.556417192731585,2.857142857142857,5.556417192731585,2.2666666666666635,0,1,0,48.098073184490204,5.556417192731585e-06,136,1,0
72,49,52,0,0,0,5.496831621442523,"[0.0, 5.496831621442523]",5.496831621442523,2.857142857142857,5.496831621442523,2.249999999999997,0,1,0,47.54966698586941,5.496831621442523e-06,135,1,0
72,50,14,0,0,0,5.291094098772321,"[0.0, 5.291094098772321]",5.291094098772321,2.857142857142857,5.291094098772321,2.1833333333333305,0,1,0,45.38226808607578,5.291094098772321e-06,131,1,0
72,51,60,0,0,0,5.25909423828125,"[0.0, 5.25909423828125]",5.25909423828125,2.857142857142857,5.25909423828125,2.166666666666664,0,1,0,44.84682919085026,5.25909423828125e-06,130,1,0
72,52,40,0,0,0,5.209546770368304,"[0.0, 5.209546770368304]",5.209546770368304,2.857142857142857,5.209546770368304,2.1499999999999972,0,1,0,44.313860699534416,5.209546770368304e-06,129,1,0
72,53,10,0,0,0,5.125552586146764,"[0.0, 5.125552586146764]",5.125552586146764,2.857142857142857,5.125552586146764,2.116666666666664,0,1,0,43.25642487406731,5.125552586146764e-06,127,1,0
72,54,43,0,0,0,5.119590759277344,"[0.0, 5.119590759277344]",5.119590759277344,2.857142857142857,5.119590759277344,2.8166666666666615,0,1,0,43.620010390877724,5.119590759277344e-06,169,1,0
72,55,45,0,0,0,5.115111214773996,"[0.0, 5.115111214773996]",5.115111214773996,2.857142857142857,5.115111214773996,2.116666666666664,0,1,0,43.25637623667717,5.115111214773996e-06,127,1,0
72,56,11,0,0,0,5.112882341657366,"[0.0, 5.112882341657366]",5.112882341657366,2.857142857142857,5.112882341657366,2.116666666666664,0,1,0,43.25594399869442,5.112882341657366e-06,127,1,0
72,57,22,0,0,0,5.095830644880022,"[0.0, 5.095830644880022]",5.095830644880022,2.857142857142857,5.095830644880022,2.116666666666664,0,1,0,43.25638368725777,5.095830644880022e-06,127,1,0
72,58,42,0,0,0,5.0571714128766745,"[0.0, 5.0571714128766745]",5.0571714128766745,2.857142857142857,5.0571714128766745,2.0999999999999974,0,1,0,42.73123164474964,5.0571714128766745e-06,126,1,0
72,59,50,0,0,0,4.970087323869977,"[0.0, 4.970087323869977]",4.970087323869977,2.857142857142857,4.970087323869977,2.066666666666664,0,1,0,41.689770221710205,4.970087323869977e-06,124,1,0
72,60,9,0,0,0,4.963700430733817,"[0.0, 4.963700430733817]",4.963700430733817,2.857142857142857,4.963700430733817,2.066666666666664,0,1,0,41.689344614744186,4.9637004307338165e-06,124,1,0
72,61,55,0,0,0,4.817744663783482,"[0.0, 4.817744663783482]",4.817744663783482,2.857142857142857,4.817744663783482,2.0166666666666644,0,1,0,40.14625822007656,4.817744663783482e-06,121,1,0
72,62,51,0,0,0,4.7681427001953125,"[0.0, 4.7681427001953125]",4.7681427001953125,2.857142857142857,4.7681427001953125,1.9999999999999978,0,1,0,39.63733673095703,4.768142700195313e-06,120,1,0
72,63,35,0,0,0,4.574873788016183,"[0.0, 4.574873788016183]",4.574873788016183,2.857142857142857,4.574873788016183,1.9333333333333313,0,1,0,37.628529369831085,4.574873788016183e-06,116,1,0
72,64,38,0,0,0,4.302439008440291,"[0.0, 4.302439008440291]",4.302439008440291,2.857142857142857,4.302439008440291,1.8333333333333317,0,1,0,34.69617661833763,4.302439008440291e-06,110,1,0
73,1,0,0,1,1,10.43133054460798,"[0.0, 10.43133054460798]",10.43133054460798,8.571428571428571,10.43133054460798,5.116666666666654,0,1,0,88.44709768891335,1.0431330544607978e-05,307,1,0
73,2,1,0,1,1,10.378456115722656,"[0.0, 10.378456115722656]",10.378456115722656,8.571428571428571,10.378456115722656,3.3166666666666598,0,1,0,87.59461161494255,1.0378456115722656e-05,199,1,0
73,3,2,0,1,1,10.233088902064733,"[0.0, 10.233088902064733]",10.233088902064733,8.571428571428571,10.233088902064733,3.2833333333333266,0,1,0,86.19838900864124,1.0233088902064733e-05,197,1,0
73,4,3,0,1,1,10.206157139369418,"[0.0, 10.206157139369418]",10.206157139369418,8.571428571428571,10.206157139369418,3.2833333333333266,0,1,0,86.19815623760223,1.0206157139369418e-05,197,1,0
73,5,4,0,1,1,10.197933741978236,"[0.0, 10.197933741978236]",10.197933741978236,8.571428571428571,10.197933741978236,3.2833333333333266,0,1,0,86.19837695360184,1.0197933741978236e-05,197,1,0
73,6,5,0,1,1,10.183086395263672,"[0.0, 10.183086395263672]",10.183086395263672,8.571428571428571,10.183086395263672,3.2833333333333266,0,1,0,86.19834478199482,1.0183086395263672e-05,197,1,0
73,7,6,0,1,1,10.163402557373047,"[0.0, 10.163402557373047]",10.163402557373047,8.571428571428571,10.163402557373047,3.2833333333333266,0,1,0,86.19874265789986,1.0163402557373047e-05,197,1,0
73,8,7,0,1,1,10.130184718540738,"[0.0, 10.130184718540738]",10.130184718540738,8.571428571428571,10.130184718540738,3.26666666666666,0,1,0,85.50335474312305,1.0130184718540737e-05,196,1,0
73,9,15,0,0,1,9.868338448660714,"[0.0, 9.868338448660714]",9.868338448660714,8.571428571428571,9.868338448660714,3.2499999999999933,0,1,0,84.81084680557251,9.868338448660713e-06,195,1,0
73,10,13,0,0,1,9.82654299054827,"[0.0, 9.82654299054827]",9.82654299054827,8.571428571428571,9.82654299054827,3.21666666666666,0,1,0,83.43228995800018,9.82654299054827e-06,193,1,0
73,11,33,0,0,1,9.668328421456474,"[0.0, 9.668328421456474]",9.668328421456474,8.571428571428571,9.668328421456474,3.1999999999999935,0,1,0,82.74655508995056,9.668328421456474e-06,192,1,0
73,12,9,0,0,1,9.651407514299665,"[0.0, 9.651407514299665]",9.651407514299665,8.571428571428571,9.651407514299665,3.1999999999999935,0,1,0,82.74663107097149,9.651407514299665e-06,192,1,0
73,13,41,0,0,1,9.499062129429408,"[0.0, 9.499062129429408]",9.499062129429408,8.571428571428571,9.499062129429408,3.183333333333327,0,1,0,82.06255669891834,9.499062129429407e-06,191,1,0
73,14,61,0,0,1,9.456732613699776,"[0.0, 9.456732613699776]",9.456732613699776,8.571428571428571,9.456732613699776,3.1666666666666603,0,1,0,81.38195115327835,9.456732613699776e-06,190,1,0
73,15,21,0,0,1,9.438996996198382,"[0.0, 9.438996996198382]",9.438996996198382,8.571428571428571,9.438996996198382,3.183333333333327,0,1,0,82.06280300021172,9.438996996198381e-06,191,1,0
73,16,18,0,0,1,9.321558816092356,"[0.0, 9.321558816092356]",9.321558816092356,8.571428571428571,9.321558816092356,3.1499999999999937,0,1,0,80.60773384571075,9.321558816092356e-06,189,1,0
73,17,26,0,0,1,9.221022469656807,"[0.0, 9.221022469656807]",9.221022469656807,8.571428571428571,9.221022469656807,3.1666666666666603,0,1,0,81.38167272508144,9.221022469656807e-06,190,1,0
73,18,27,0,0,1,9.197218758719309,"[0.0, 9.197218758719309]",9.197218758719309,8.571428571428571,9.197218758719309,3.1499999999999937,0,1,0,80.70271506905556,9.197218758719308e-06,189,1,0
73,19,46,0,0,1,9.093750544956752,"[0.0, 9.093750544956752]",9.093750544956752,8.571428571428571,9.093750544956752,3.133333333333327,0,1,0,80.02616359293461,9.093750544956752e-06,188,1,0
73,20,57,0,0,1,8.996347699846542,"[0.0, 8.996347699846542]",8.996347699846542,8.571428571428571,8.996347699846542,3.133333333333327,0,1,0,80.02577605843544,8.996347699846542e-06,188,1,0
73,21,24,0,0,1,8.843468257359095,"[0.0, 8.843468257359095]",8.843468257359095,8.571428571428571,8.843468257359095,3.099999999999994,0,1,0,78.67903077602386,8.843468257359096e-06,186,1,0
73,22,34,0,0,1,8.828860691615512,"[0.0, 8.828860691615512]",8.828860691615512,8.571428571428571,8.828860691615512,3.099999999999994,0,1,0,78.6792052835226,8.828860691615512e-06,186,1,0
73,23,22,0,0,1,8.779948098318917,"[0.0, 8.779948098318917]",8.779948098318917,8.571428571428571,8.779948098318917,3.099999999999994,0,1,0,78.67882385849953,8.779948098318917e-06,186,1,0
73,24,53,0,0,1,8.701057434082031,"[0.0, 8.701057434082031]",8.701057434082031,8.571428571428571,8.701057434082031,3.099999999999994,0,1,0,78.67892561852932,8.701057434082032e-06,186,1,0
73,25,10,0,0,1,8.58417238507952,"[0.0, 8.58417238507952]",8.58417238507952,8.571428571428571,8.58417238507952,3.0833333333333273,0,1,0,78.00951746106148,8.584172385079521e-06,185,1,0
73,26,60,0,0,1,8.565008980887278,"[0.0, 8.565008980887278]",8.565008980887278,5.714285714285714,8.565008980887278,3.099999999999994,0,1,0,78.67907273769379,8.565008980887277e-06,186,1,0
73,27,30,0,0,1,8.487870352608818,"[0.0, 8.487870352608818]",8.487870352608818,5.714285714285714,8.487870352608818,3.0833333333333273,0,1,0,77.7621667534113,8.487870352608818e-06,185,1,0
73,28,16,0,0,1,8.328789302280972,"[0.0, 8.328789302280972]",8.328789302280972,5.714285714285714,8.328789302280972,3.0666666666666607,0,1,0,77.34139502048492,8.328789302280972e-06,184,1,0
73,29,20,0,0,1,8.265672411237444,"[0.0, 8.265672411237444]",8.265672411237444,5.714285714285714,8.265672411237444,3.0666666666666607,0,1,0,77.34143713116646,8.265672411237445e-06,184,1,0
73,30,25,0,0,1,8.180422101702009,"[0.0, 8.180422101702009]",8.180422101702009,5.714285714285714,8.180422101702009,3.049999999999994,0,1,0,76.67627419531345,8.180422101702008e-06,183,1,0
73,31,35,0,0,1,8.110348837716238,"[0.0, 8.110348837716238]",8.110348837716238,5.714285714285714,8.110348837716238,4.899999999999988,0,1,0,76.44544906914234,8.110348837716238e-06,294,1,0
73,32,54,0,0,1,8.031975882393972,"[0.0, 8.031975882393972]",8.031975882393972,5.714285714285714,8.031975882393972,3.0333333333333274,0,1,0,76.01293785870075,8.031975882393973e-06,182,1,0
73,33,14,0,0,0,7.997796194893973,"[0.0, 7.997796194893973]",7.997796194893973,5.714285714285714,7.997796194893973,3.0333333333333274,0,1,0,76.01307936012745,7.997796194893972e-06,182,1,0
73,34,32,0,0,0,7.987627301897321,"[0.0, 7.987627301897321]",7.987627301897321,5.714285714285714,7.987627301897321,3.0333333333333274,0,1,0,76.01275998353958,7.987627301897322e-06,182,1,0
73,35,62,0,0,0,7.790246691022601,"[0.0, 7.790246691022601]",7.790246691022601,5.714285714285714,7.790246691022601,2.9999999999999942,0,1,0,74.69327461719513,7.7902466910226e-06,180,1,0
73,36,52,0,0,0,7.2382000514439175,"[0.0, 7.2382000514439175]",7.2382000514439175,5.714285714285714,7.2382000514439175,2.916666666666661,0,1,0,71.4367357045412,7.238200051443917e-06,175,1,0
73,37,51,0,0,0,7.142857142857142,"[0.0, 7.142857142857142]",7.142857142857142,5.714285714285714,7.142857142857142,2.8166666666666615,0,1,0,67.6051717698574,7.142857142857143e-06,169,1,0
73,38,11,0,0,0,5.79369136265346,"[0.0, 5.79369136265346]",5.79369136265346,5.714285714285714,5.79369136265346,2.3499999999999965,0,1,0,50.87847377359867,5.79369136265346e-06,141,1,0
73,39,36,0,0,0,5.766710553850447,"[0.0, 5.766710553850447]",5.766710553850447,5.714285714285714,5.766710553850447,2.33333333333333,0,1,0,50.317743971943855,5.766710553850447e-06,140,1,0
73,40,19,0,0,0,5.718351091657366,"[0.0, 5.718351091657366]",5.718351091657366,5.714285714285714,5.718351091657366,2.3166666666666633,0,1,0,49.758877128362656,5.718351091657366e-06,139,1,0
73,41,43,0,0,0,5.614683968680245,"[0.0, 5.614683968680245]",5.614683968680245,2.857142857142857,5.614683968680245,2.28333333333333,0,1,0,48.649209678173065,5.614683968680245e-06,137,1,0
73,42,8,0,0,0,5.519327436174666,"[0.0, 5.519327436174666]",5.519327436174666,2.857142857142857,5.519327436174666,2.249999999999997,0,1,0,47.549692556262016,5.519327436174666e-06,135,1,0
73,43,58,0,0,0,5.5105100359235495,"[0.0, 5.5105100359235495]",5.5105100359235495,2.857142857142857,5.5105100359235495,2.249999999999997,0,1,0,47.54991199076176,5.51051003592355e-06,135,1,0
73,44,49,0,0,0,5.5081939697265625,"[0.0, 5.5081939697265625]",5.5081939697265625,2.857142857142857,5.5081939697265625,2.249999999999997,0,1,0,47.54981957376003,5.5081939697265625e-06,135,1,0
73,45,39,0,0,0,5.469529288155692,"[0.0, 5.469529288155692]",5.469529288155692,2.857142857142857,5.469529288155692,2.249999999999997,0,1,0,47.549583688378334,5.469529288155692e-06,135,1,0
73,46,37,0,0,0,5.422052655901228,"[0.0, 5.422052655901228]",5.422052655901228,2.857142857142857,5.422052655901228,2.2166666666666637,0,1,0,46.46071730554104,5.422052655901229e-06,133,1,0
73,47,40,0,0,0,5.418564932686943,"[0.0, 5.418564932686943]",5.418564932686943,2.857142857142857,5.418564932686943,2.2333333333333303,0,1,0,46.55287177860737,5.418564932686942e-06,134,1,0
73,48,47,0,0,0,5.2691650390625,"[0.0, 5.2691650390625]",5.2691650390625,2.857142857142857,5.2691650390625,2.166666666666664,0,1,0,44.84675717353821,5.2691650390625e-06,130,1,0
73,49,31,0,0,0,5.257900782993861,"[0.0, 5.257900782993861]",5.257900782993861,2.857142857142857,5.257900782993861,2.166666666666664,0,1,0,44.84666748344898,5.257900782993861e-06,130,1,0
73,50,29,0,0,0,5.25421142578125,"[0.0, 5.25421142578125]",5.25421142578125,2.857142857142857,5.25421142578125,2.166666666666664,0,1,0,44.846647188067436,5.25421142578125e-06,130,1,0
73,51,55,0,0,0,5.163672310965402,"[0.0, 5.163672310965402]",5.163672310965402,2.857142857142857,5.163672310965402,2.1333333333333306,0,1,0,43.78372764587402,5.1636723109654015e-06,128,1,0
73,52,48,0,0,0,5.159323556082589,"[0.0, 5.159323556082589]",5.159323556082589,2.857142857142857,5.159323556082589,2.1333333333333306,0,1,0,43.78372126817703,5.159323556082589e-06,128,1,0
73,53,59,0,0,0,5.14089856828962,"[0.0, 5.14089856828962]",5.14089856828962,2.857142857142857,5.14089856828962,2.1333333333333306,0,1,0,43.783725157380104,5.14089856828962e-06,128,1,0
73,54,63,0,0,0,5.109846932547433,"[0.0, 5.109846932547433]",5.109846932547433,2.857142857142857,5.109846932547433,2.116666666666664,0,1,0,43.25609587132931,5.109846932547433e-06,127,1,0
73,55,56,0,0,0,5.070915222167969,"[0.0, 5.070915222167969]",5.070915222167969,2.857142857142857,5.070915222167969,2.0999999999999974,0,1,0,42.73114265501499,5.070915222167969e-06,126,1,0
73,56,28,0,0,0,5.061209542410714,"[0.0, 5.061209542410714]",5.061209542410714,2.857142857142857,5.061209542410714,2.0999999999999974,0,1,0,42.73128345608711,5.0612095424107144e-06,126,1,0
73,57,42,0,0,0,5.054838997977121,"[0.0, 5.054838997977121]",5.054838997977121,2.857142857142857,5.054838997977121,2.0999999999999974,0,1,0,42.731419280171394,5.0548389979771205e-06,126,1,0
73,58,17,0,0,0,5.051296779087611,"[0.0, 5.051296779087611]",5.051296779087611,2.857142857142857,5.051296779087611,2.0999999999999974,0,1,0,42.731131717562675,5.051296779087611e-06,126,1,0
73,59,23,0,0,0,5.04723140171596,"[0.0, 5.04723140171596]",5.04723140171596,2.857142857142857,5.04723140171596,2.6499999999999955,0,1,0,42.928104281425476,5.04723140171596e-06,159,1,0
73,60,45,0,0,0,5.0146484375,"[0.0, 5.0146484375]",5.0146484375,2.857142857142857,5.0146484375,2.083333333333331,0,1,0,42.20883995294571,5.0146484375e-06,125,1,0
73,61,12,0,0,0,4.822703770228794,"[0.0, 4.822703770228794]",4.822703770228794,2.857142857142857,4.822703770228794,2.0166666666666644,0,1,0,40.146364241838455,4.822703770228794e-06,121,1,0
73,62,50,0,0,0,4.661271231515067,"[0.0, 4.661271231515067]",4.661271231515067,2.857142857142857,4.661271231515067,3.1166666666666605,0,1,0,38.574027463793755,4.6612712315150664e-06,187,1,0
73,63,44,0,0,0,4.626366751534598,"[0.0, 4.626366751534598]",4.626366751534598,2.857142857142857,4.626366751534598,1.949999999999998,0,1,0,38.126695677638054,4.626366751534598e-06,117,1,0
73,64,38,0,0,0,4.446214948381696,"[0.0, 4.446214948381696]",4.446214948381696,2.857142857142857,4.446214948381696,1.8833333333333315,0,1,0,36.149842619895935,4.446214948381696e-06,113,1,0
74,1,0,0,1,1,10.43133054460798,"[0.0, 10.43133054460798]",10.43133054460798,8.571428571428571,10.43133054460798,5.116666666666654,0,1,0,88.44709768891335,1.0431330544607978e-05,307,1,0
74,2,1,0,1,1,10.378456115722656,"[0.0, 10.378456115722656]",10.378456115722656,8.571428571428571,10.378456115722656,3.3166666666666598,0,1,0,87.59461161494255,1.0378456115722656e-05,199,1,0
74,3,2,0,1,1,10.233088902064733,"[0.0, 10.233088902064733]",10.233088902064733,8.571428571428571,10.233088902064733,3.2833333333333266,0,1,0,86.19838900864124,1.0233088902064733e-05,197,1,0
74,4,3,0,1,1,10.206157139369418,"[0.0, 10.206157139369418]",10.206157139369418,8.571428571428571,10.206157139369418,3.2833333333333266,0,1,0,86.19815623760223,1.0206157139369418e-05,197,1,0
74,5,4,0,1,1,10.197933741978236,"[0.0, 10.197933741978236]",10.197933741978236,8.571428571428571,10.197933741978236,3.2833333333333266,0,1,0,86.19837695360184,1.0197933741978236e-05,197,1,0
74,6,5,0,1,1,10.183086395263672,"[0.0, 10.183086395263672]",10.183086395263672,8.571428571428571,10.183086395263672,3.2833333333333266,0,1,0,86.19834478199482,1.0183086395263672e-05,197,1,0
74,7,6,0,1,1,10.163402557373047,"[0.0, 10.163402557373047]",10.163402557373047,8.571428571428571,10.163402557373047,3.2833333333333266,0,1,0,86.19874265789986,1.0163402557373047e-05,197,1,0
74,8,7,0,1,1,10.130184718540738,"[0.0, 10.130184718540738]",10.130184718540738,8.571428571428571,10.130184718540738,3.26666666666666,0,1,0,85.50335474312305,1.0130184718540737e-05,196,1,0
74,9,12,0,0,1,10.122173854282925,"[0.0, 10.122173854282925]",10.122173854282925,8.571428571428571,10.122173854282925,3.26666666666666,0,1,0,85.5043635070324,1.0122173854282925e-05,196,1,0
74,10,16,0,0,1,9.897711617606026,"[0.0, 9.897711617606026]",9.897711617606026,8.571428571428571,9.897711617606026,3.2333333333333267,0,1,0,84.12048317492008,9.897711617606025e-06,194,1,0
74,11,29,0,0,1,9.796720232282366,"[0.0, 9.796720232282366]",9.796720232282366,8.571428571428571,9.796720232282366,3.21666666666666,0,1,0,83.43215592205524,9.796720232282365e-06,193,1,0
74,12,62,0,0,1,9.640233176095144,"[0.0, 9.640233176095144]",9.640233176095144,8.571428571428571,9.640233176095144,3.1999999999999935,0,1,0,82.74687813222408,9.640233176095144e-06,192,1,0
74,13,54,0,0,1,9.633592878069198,"[0.0, 9.633592878069198]",9.633592878069198,8.571428571428571,9.633592878069198,3.1999999999999935,0,1,0,82.74650955200195,9.633592878069199e-06,192,1,0
74,14,14,0,0,1,9.504244668143135,"[0.0, 9.504244668143135]",9.504244668143135,8.571428571428571,9.504244668143135,3.183333333333327,0,1,0,82.06294862926006,9.504244668143136e-06,191,1,0
74,15,24,0,0,1,9.466525486537389,"[0.0, 9.466525486537389]",9.466525486537389,8.571428571428571,9.466525486537389,3.2333333333333267,0,1,0,81.52124024927616,9.466525486537388e-06,194,1,0
74,16,22,0,0,1,9.439234052385604,"[0.0, 9.439234052385604]",9.439234052385604,8.571428571428571,9.439234052385604,3.1666666666666603,0,1,0,81.3818826675415,9.439234052385604e-06,190,1,0
74,17,23,0,0,1,9.384043557303293,"[0.0, 9.384043557303293]",9.384043557303293,8.571428571428571,9.384043557303293,3.1499999999999937,0,1,0,80.7026224732399,9.384043557303293e-06,189,1,0
74,18,28,0,0,1,9.36873299734933,"[0.0, 9.36873299734933]",9.36873299734933,8.571428571428571,9.36873299734933,3.1499999999999937,0,1,0,80.45633627474308,9.36873299734933e-06,189,1,0
74,19,46,0,0,1,9.335836683000837,"[0.0, 9.335836683000837]",9.335836683000837,8.571428571428571,9.335836683000837,3.1499999999999937,0,1,0,80.61728371679783,9.335836683000838e-06,189,1,0
74,20,19,0,0,1,9.292172023228236,"[0.0, 9.292172023228236]",9.292172023228236,8.571428571428571,9.292172023228236,3.183333333333327,0,1,0,82.06320528686047,9.292172023228236e-06,191,1,0
74,21,58,0,0,1,9.28229740687779,"[0.0, 9.28229740687779]",9.28229740687779,8.571428571428571,9.28229740687779,4.933333333333321,0,1,0,82.38511316478252,9.28229740687779e-06,296,1,0
74,22,59,0,0,1,9.276057652064733,"[0.0, 9.276057652064733]",9.276057652064733,8.571428571428571,9.276057652064733,3.1666666666666603,0,1,0,81.38187305629253,9.276057652064733e-06,190,1,0
74,23,10,0,0,1,9.249738965715682,"[0.0, 9.249738965715682]",9.249738965715682,8.571428571428571,9.249738965715682,3.1499999999999937,0,1,0,80.70263415575027,9.249738965715683e-06,189,1,0
74,24,49,0,0,1,9.195687430245536,"[0.0, 9.195687430245536]",9.195687430245536,8.571428571428571,9.195687430245536,3.1499999999999937,0,1,0,80.70266357064247,9.195687430245537e-06,189,1,0
74,25,32,0,0,1,9.170379638671875,"[0.0, 9.170379638671875]",9.170379638671875,8.571428571428571,9.170379638671875,3.133333333333327,0,1,0,80.02555958926678,9.170379638671875e-06,188,1,0
74,26,60,0,0,1,9.04127665928432,"[0.0, 9.04127665928432]",9.04127665928432,8.571428571428571,9.04127665928432,3.133333333333327,0,1,0,80.02594940364361,9.041276659284319e-06,188,1,0
74,27,26,0,0,1,8.825430188860212,"[0.0, 8.825430188860212]",8.825430188860212,8.571428571428571,8.825430188860212,3.133333333333327,0,1,0,80.02591267228127,8.825430188860211e-06,188,1,0
74,28,13,0,0,1,8.810986110142299,"[0.0, 8.810986110142299]",8.810986110142299,8.571428571428571,8.810986110142299,3.099999999999994,0,1,0,78.67882025241852,8.810986110142299e-06,186,1,0
74,29,35,0,0,1,8.76969746180943,"[0.0, 8.76969746180943]",8.76969746180943,8.571428571428571,8.76969746180943,3.099999999999994,0,1,0,78.6790464669466,8.76969746180943e-06,186,1,0
74,30,52,0,0,1,8.731351579938616,"[0.0, 8.731351579938616]",8.731351579938616,8.571428571428571,8.731351579938616,3.099999999999994,0,1,0,78.6790855973959,8.731351579938616e-06,186,1,0
74,31,17,0,0,1,8.72809546334403,"[0.0, 8.72809546334403]",8.72809546334403,8.571428571428571,8.72809546334403,3.099999999999994,0,1,0,78.6788760125637,8.728095463344029e-06,186,1,0
74,32,53,0,0,1,8.656910487583705,"[0.0, 8.656910487583705]",8.656910487583705,8.571428571428571,8.656910487583705,3.1166666666666605,0,1,0,79.3516793102026,8.656910487583705e-06,187,1,0
74,33,37,0,0,0,8.630812508719309,"[0.0, 8.630812508719309]",8.630812508719309,8.571428571428571,8.630812508719309,3.0833333333333273,0,1,0,77.97041268646717,8.63081250871931e-06,185,1,0
74,34,63,0,0,0,8.569205147879465,"[0.0, 8.569205147879465]",8.569205147879465,5.714285714285714,8.569205147879465,3.0833333333333273,0,1,0,78.00934784114361,8.569205147879465e-06,185,1,0
74,35,44,0,0,0,8.565469469342911,"[0.0, 8.565469469342911]",8.565469469342911,5.714285714285714,8.565469469342911,3.099999999999994,0,1,0,78.67905016243458,8.56546946934291e-06,186,1,0
74,36,45,0,0,0,8.486687796456472,"[0.0, 8.486687796456472]",8.486687796456472,5.714285714285714,8.486687796456472,3.0833333333333273,0,1,0,78.00879836082458,8.486687796456472e-06,185,1,0
74,37,9,0,0,0,8.337170737130302,"[0.0, 8.337170737130302]",8.337170737130302,5.714285714285714,8.337170737130302,3.0666666666666607,0,1,0,77.3414768576622,8.337170737130302e-06,184,1,0
74,38,8,0,0,0,7.7419199262346545,"[0.0, 7.7419199262346545]",7.7419199262346545,5.714285714285714,7.7419199262346545,2.9833333333333276,0,1,0,74.03734159469604,7.741919926234654e-06,179,1,0
74,39,30,0,0,0,7.721072605678013,"[0.0, 7.721072605678013]",7.721072605678013,5.714285714285714,7.721072605678013,2.9833333333333276,0,1,0,74.03736789524555,7.721072605678014e-06,179,1,0
74,40,40,0,0,0,7.491882869175502,"[0.0, 7.491882869175502]",7.491882869175502,5.714285714285714,7.491882869175502,2.966666666666661,0,1,0,73.38365511596203,7.491882869175502e-06,178,1,0
74,41,42,0,0,0,7.490395137241908,"[0.0, 7.490395137241908]",7.490395137241908,5.714285714285714,7.490395137241908,2.966666666666661,0,1,0,73.3837101906538,7.490395137241908e-06,178,1,0
74,42,20,0,0,0,7.422733306884766,"[0.0, 7.422733306884766]",7.422733306884766,5.714285714285714,7.422733306884766,2.9499999999999944,0,1,0,72.73226357996464,7.422733306884765e-06,177,1,0
74,43,61,0,0,0,7.375992366245815,"[0.0, 7.375992366245815]",7.375992366245815,5.714285714285714,7.375992366245815,2.933333333333328,0,1,0,72.08289943635464,7.375992366245815e-06,176,1,0
74,44,27,0,0,0,7.317761012486049,"[0.0, 7.317761012486049]",7.317761012486049,5.714285714285714,7.317761012486049,2.933333333333328,0,1,0,72.0831932425499,7.317761012486049e-06,176,1,0
74,45,41,0,0,0,7.142857142857142,"[0.0, 7.142857142857142]",7.142857142857142,5.714285714285714,7.142857142857142,2.883333333333328,0,1,0,66.6198256611824,7.142857142857143e-06,173,1,0
74,46,25,0,0,0,5.810416085379464,"[0.0, 5.810416085379464]",5.810416085379464,5.714285714285714,5.810416085379464,2.3499999999999965,0,1,0,50.87869165837765,5.810416085379464e-06,141,1,0
74,47,36,0,0,0,5.577877589634487,"[0.0, 5.577877589634487]",5.577877589634487,2.857142857142857,5.577877589634487,2.28333333333333,0,1,0,48.2020738273859,5.577877589634487e-06,137,1,0
74,48,51,0,0,0,5.555479867117746,"[0.0, 5.555479867117746]",5.555479867117746,2.857142857142857,5.555479867117746,2.2666666666666635,0,1,0,48.09759674966335,5.5554798671177455e-06,136,1,0
74,49,38,0,0,0,5.553267342703682,"[0.0, 5.553267342703682]",5.553267342703682,2.857142857142857,5.553267342703682,2.2666666666666635,0,1,0,48.09798562526703,5.553267342703682e-06,136,1,0
74,50,50,0,0,0,5.503185817173549,"[0.0, 5.503185817173549]",5.503185817173549,2.857142857142857,5.503185817173549,2.249999999999997,0,1,0,47.55007392168045,5.503185817173548e-06,135,1,0
74,51,34,0,0,0,5.450951712472098,"[0.0, 5.450951712472098]",5.450951712472098,2.857142857142857,5.450951712472098,2.2333333333333303,0,1,0,47.00413377583027,5.450951712472098e-06,134,1,0
74,52,21,0,0,0,5.349671500069754,"[0.0, 5.349671500069754]",5.349671500069754,2.857142857142857,5.349671500069754,2.199999999999997,0,1,0,45.92033909261227,5.349671500069754e-06,132,1,0
74,53,56,0,0,0,5.264342171805246,"[0.0, 5.264342171805246]",5.264342171805246,2.857142857142857,5.264342171805246,2.166666666666664,0,1,0,44.84687976539135,5.264342171805246e-06,130,1,0
74,54,43,0,0,0,5.250685555594308,"[0.0, 5.250685555594308]",5.250685555594308,2.857142857142857,5.250685555594308,2.166666666666664,0,1,0,44.84686107933521,5.250685555594309e-06,130,1,0
74,55,47,0,0,0,5.1979282924107135,"[0.0, 5.1979282924107135]",5.1979282924107135,2.857142857142857,5.1979282924107135,2.1499999999999972,0,1,0,44.31362545490265,5.197928292410713e-06,129,1,0
74,56,57,0,0,0,5.0340761457170755,"[0.0, 5.0340761457170755]",5.0340761457170755,2.857142857142857,5.0340761457170755,2.083333333333331,0,1,0,42.20876172184944,5.034076145717075e-06,125,1,0
74,57,55,0,0,0,5.023198808942523,"[0.0, 5.023198808942523]",5.023198808942523,2.857142857142857,5.023198808942523,2.083333333333331,0,1,0,42.20921581983566,5.023198808942523e-06,125,1,0
74,58,39,0,0,0,5.0140871320452005,"[0.0, 5.0140871320452005]",5.0140871320452005,2.857142857142857,5.0140871320452005,2.083333333333331,0,1,0,42.20886638760567,5.0140871320452005e-06,125,1,0
74,59,48,0,0,0,4.953264508928571,"[0.0, 4.953264508928571]",4.953264508928571,2.857142857142857,4.953264508928571,2.466666666666663,0,1,0,41.69454684853554,4.953264508928571e-06,148,1,0
74,60,33,0,0,0,4.8169708251953125,"[0.0, 4.8169708251953125]",4.8169708251953125,2.857142857142857,4.8169708251953125,2.0166666666666644,0,1,0,40.146599784493446,4.816970825195312e-06,121,1,0
74,61,18,0,0,0,4.773575919015067,"[0.0, 4.773575919015067]",4.773575919015067,2.857142857142857,4.773575919015067,1.9999999999999978,0,1,0,39.63765440881252,4.773575919015067e-06,120,1,0
74,62,15,0,0,0,4.63531494140625,"[0.0, 4.63531494140625]",4.63531494140625,2.857142857142857,4.63531494140625,1.949999999999998,0,1,0,38.12696261703968,4.63531494140625e-06,117,1,0
74,63,31,0,0,0,2.188562665666853,"[0.0, 2.188562665666853]",2.188562665666853,0.0,2.188562665666853,5.016666666666654,0,1,0,8.595221810377552,2.188562665666853e-06,301,1,0
74,64,11,0,0,0,2.1546663556780135,"[0.0, 2.1546663556780135]",2.1546663556780135,0.0,2.1546663556780135,5.016666666666654,0,1,0,8.213722218592011,2.1546663556780134e-06,301,1,0
75,1,0,0,1,1,10.43133054460798,"[0.0, 10.43133054460798]",10.43133054460798,8.571428571428571,10.43133054460798,5.116666666666654,0,1,0,88.44709768891335,1.0431330544607978e-05,307,1,0
75,2,1,0,1,1,10.378456115722656,"[0.0, 10.378456115722656]",10.378456115722656,8.571428571428571,10.378456115722656,3.3166666666666598,0,1,0,87.59461161494255,1.0378456115722656e-05,199,1,0
75,3,2,0,1,1,10.233088902064733,"[0.0, 10.233088902064733]",10.233088902064733,8.571428571428571,10.233088902064733,3.2833333333333266,0,1,0,86.19838900864124,1.0233088902064733e-05,197,1,0
75,4,3,0,1,1,10.206157139369418,"[0.0, 10.206157139369418]",10.206157139369418,8.571428571428571,10.206157139369418,3.2833333333333266,0,1,0,86.19815623760223,1.0206157139369418e-05,197,1,0
75,5,4,0,1,1,10.197933741978236,"[0.0, 10.197933741978236]",10.197933741978236,8.571428571428571,10.197933741978236,3.2833333333333266,0,1,0,86.19837695360184,1.0197933741978236e-05,197,1,0
75,6,5,0,1,1,10.183086395263672,"[0.0, 10.183086395263672]",10.183086395263672,8.571428571428571,10.183086395263672,3.2833333333333266,0,1,0,86.19834478199482,1.0183086395263672e-05,197,1,0
75,7,6,0,1,1,10.163402557373047,"[0.0, 10.163402557373047]",10.163402557373047,8.571428571428571,10.163402557373047,3.2833333333333266,0,1,0,86.19874265789986,1.0163402557373047e-05,197,1,0
75,8,44,0,1,1,10.136985778808594,"[0.0, 10.136985778808594]",10.136985778808594,8.571428571428571,10.136985778808594,3.26666666666666,0,1,0,85.50380450487137,1.0136985778808594e-05,196,1,0
75,9,7,0,0,1,10.130184718540738,"[0.0, 10.130184718540738]",10.130184718540738,8.571428571428571,10.130184718540738,3.26666666666666,0,1,0,85.50335474312305,1.0130184718540737e-05,196,1,0
75,10,39,0,0,1,10.055691855294365,"[0.0, 10.055691855294365]",10.055691855294365,8.571428571428571,10.055691855294365,3.2499999999999933,0,1,0,84.81057158112526,1.0055691855294364e-05,195,1,0
75,11,41,0,0,1,9.826117924281528,"[0.0, 9.826117924281528]",9.826117924281528,8.571428571428571,9.826117924281528,3.2333333333333267,0,1,0,84.120850071311,9.826117924281528e-06,194,1,0
75,12,16,0,0,1,9.761011941092356,"[0.0, 9.761011941092356]",9.761011941092356,8.571428571428571,9.761011941092356,3.21666666666666,0,1,0,83.43255487084389,9.761011941092356e-06,193,1,0
75,13,38,0,0,1,9.725186484200615,"[0.0, 9.725186484200615]",9.725186484200615,8.571428571428571,9.725186484200615,3.2333333333333267,0,1,0,84.12055240571499,9.725186484200614e-06,194,1,0
75,14,61,0,0,1,9.708518981933594,"[0.0, 9.708518981933594]",9.708518981933594,8.571428571428571,9.708518981933594,3.3333333333333264,0,1,0,82.85247813165188,9.708518981933594e-06,200,1,0
75,15,35,0,0,1,9.695824214390345,"[0.0, 9.695824214390345]",9.695824214390345,8.571428571428571,9.695824214390345,3.1999999999999935,0,1,0,82.74668926000595,9.695824214390346e-06,192,1,0
75,16,47,0,0,1,9.650546482631137,"[0.0, 9.650546482631137]",9.650546482631137,8.571428571428571,9.650546482631137,3.21666666666666,0,1,0,83.43284818530083,9.650546482631138e-06,193,1,0
75,17,37,0,0,1,9.60991995675223,"[0.0, 9.60991995675223]",9.60991995675223,8.571428571428571,9.60991995675223,3.1999999999999935,0,1,0,82.74704737961292,9.609919956752231e-06,192,1,0
75,18,57,0,0,1,9.589494977678571,"[0.0, 9.589494977678571]",9.589494977678571,8.571428571428571,9.589494977678571,3.183333333333327,0,1,0,82.06333468854427,9.589494977678571e-06,191,1,0
75,19,59,0,0,1,9.550631386893137,"[0.0, 9.550631386893137]",9.550631386893137,8.571428571428571,9.550631386893137,3.21666666666666,0,1,0,83.43237286806107,9.550631386893137e-06,193,1,0
75,20,23,0,0,1,9.514086587088448,"[0.0, 9.514086587088448]",9.514086587088448,8.571428571428571,9.514086587088448,3.349999999999993,0,1,0,82.18718409538269,9.514086587088449e-06,201,1,0
75,21,45,0,0,1,9.45840563092913,"[0.0, 9.45840563092913]",9.45840563092913,8.571428571428571,9.45840563092913,3.1666666666666603,0,1,0,81.38127398490906,9.458405630929131e-06,190,1,0
75,22,31,0,0,1,9.452116830008372,"[0.0, 9.452116830008372]",9.452116830008372,8.571428571428571,9.452116830008372,3.3666666666666596,0,1,0,81.75089587271214,9.452116830008372e-06,202,1,0
75,23,19,0,0,1,9.401651109967911,"[0.0, 9.401651109967911]",9.401651109967911,8.571428571428571,9.401651109967911,3.1499999999999937,0,1,0,80.70275661349297,9.401651109967912e-06,189,1,0
75,24,17,0,0,1,9.29464340209961,"[0.0, 9.29464340209961]",9.29464340209961,8.571428571428571,9.29464340209961,3.1499999999999937,0,1,0,80.7027835547924,9.29464340209961e-06,189,1,0
75,25,15,0,0,1,9.219224112374443,"[0.0, 9.219224112374443]",9.219224112374443,8.571428571428571,9.219224112374443,3.349999999999993,0,1,0,80.59997622668743,9.219224112374442e-06,201,1,0
75,26,58,0,0,1,9.150660378592356,"[0.0, 9.150660378592356]",9.150660378592356,8.571428571428571,9.150660378592356,3.1499999999999937,0,1,0,80.70274238288403,9.150660378592356e-06,189,1,0
75,27,30,0,0,1,9.002571105957031,"[0.0, 9.002571105957031]",9.002571105957031,8.571428571428571,9.002571105957031,3.1166666666666605,0,1,0,79.34132158756256,9.002571105957032e-06,187,1,0
75,28,63,0,0,1,8.816204071044922,"[0.0, 8.816204071044922]",8.816204071044922,8.571428571428571,8.816204071044922,3.299999999999993,0,1,0,78.42276059091091,8.816204071044922e-06,198,1,0
75,29,50,0,0,1,8.749138968331472,"[0.0, 8.749138968331472]",8.749138968331472,8.571428571428571,8.749138968331472,3.1166666666666605,0,1,0,78.53151832520962,8.749138968331472e-06,187,1,0
75,30,24,0,0,1,8.692517961774554,"[0.0, 8.692517961774554]",8.692517961774554,8.571428571428571,8.692517961774554,3.099999999999994,0,1,0,78.67883832752705,8.692517961774554e-06,186,1,0
75,31,10,0,0,1,8.647894178118024,"[0.0, 8.647894178118024]",8.647894178118024,8.571428571428571,8.647894178118024,3.099999999999994,0,1,0,78.67916823923588,8.647894178118024e-06,186,1,0
75,32,54,0,0,1,8.592733655657087,"[0.0, 8.592733655657087]",8.592733655657087,8.571428571428571,8.592733655657087,3.099999999999994,0,1,0,78.67863136529922,8.592733655657086e-06,186,1,0
75,33,12,0,0,0,8.522676740373884,"[0.0, 8.522676740373884]",8.522676740373884,5.714285714285714,8.522676740373884,3.1499999999999937,0,1,0,77.57067632675171,8.522676740373884e-06,189,1,0
75,34,46,0,0,0,8.447442735944476,"[0.0, 8.447442735944476]",8.447442735944476,5.714285714285714,8.447442735944476,3.0833333333333273,0,1,0,78.00933322310448,8.447442735944476e-06,185,1,0
75,35,20,0,0,0,8.36244855608259,"[0.0, 8.36244855608259]",8.36244855608259,5.714285714285714,8.36244855608259,3.0833333333333273,0,1,0,78.00911152362823,8.362448556082591e-06,185,1,0
75,36,8,0,0,0,8.287018367222379,"[0.0, 8.287018367222379]",8.287018367222379,5.714285714285714,8.287018367222379,3.0666666666666607,0,1,0,77.341323107481,8.287018367222379e-06,184,1,0
75,37,11,0,0,0,8.221002306256974,"[0.0, 8.221002306256974]",8.221002306256974,5.714285714285714,8.221002306256974,3.049999999999994,0,1,0,76.67602588236332,8.221002306256973e-06,183,1,0
75,38,26,0,0,0,8.124397822788783,"[0.0, 8.124397822788783]",8.124397822788783,5.714285714285714,8.124397822788783,3.049999999999994,0,1,0,76.67615807056427,8.124397822788784e-06,183,1,0
75,39,42,0,0,0,8.100487845284599,"[0.0, 8.100487845284599]",8.100487845284599,5.714285714285714,8.100487845284599,3.049999999999994,0,1,0,76.67590528726578,8.1004878452846e-06,183,1,0
75,40,56,0,0,0,8.090722220284597,"[0.0, 8.090722220284597]",8.090722220284597,5.714285714285714,8.090722220284597,3.049999999999994,0,1,0,76.67631061375141,8.090722220284598e-06,183,1,0
75,41,21,0,0,0,7.830723353794642,"[0.0, 7.830723353794642]",7.830723353794642,5.714285714285714,7.830723353794642,3.016666666666661,0,1,0,75.35195384919643,7.830723353794643e-06,181,1,0
75,42,52,0,0,0,5.7789121355329245,"[0.0, 5.7789121355329245]",5.7789121355329245,5.714285714285714,5.7789121355329245,2.3499999999999965,0,1,0,50.8785263299942,5.778912135532925e-06,141,1,0
75,43,18,0,0,0,5.613517761230469,"[0.0, 5.613517761230469]",5.613517761230469,2.857142857142857,5.613517761230469,2.28333333333333,0,1,0,48.64922481775284,5.613517761230468e-06,137,1,0
75,44,36,0,0,0,5.566362653459821,"[0.0, 5.566362653459821]",5.566362653459821,2.857142857142857,5.566362653459821,2.2666666666666635,0,1,0,48.098203495144844,5.566362653459821e-06,136,1,0
75,45,40,0,0,0,5.5381011962890625,"[0.0, 5.5381011962890625]",5.5381011962890625,2.857142857142857,5.5381011962890625,2.2666666666666635,0,1,0,48.09842671453953,5.538101196289063e-06,136,1,0
75,46,62,0,0,0,5.452401297433036,"[0.0, 5.452401297433036]",5.452401297433036,2.857142857142857,5.452401297433036,2.2333333333333303,0,1,0,47.004062697291374,5.452401297433036e-06,134,1,0
75,47,51,0,0,0,5.418782915387835,"[0.0, 5.418782915387835]",5.418782915387835,2.857142857142857,5.418782915387835,2.2166666666666637,0,1,0,46.46075522899628,5.418782915387835e-06,133,1,0
75,48,33,0,0,0,5.412297930036273,"[0.0, 5.412297930036273]",5.412297930036273,2.857142857142857,5.412297930036273,2.2166666666666637,0,1,0,46.46108974516392,5.412297930036272e-06,133,1,0
75,49,14,0,0,0,5.404456002371652,"[0.0, 5.404456002371652]",5.404456002371652,2.857142857142857,5.404456002371652,2.2166666666666637,0,1,0,46.46115170419216,5.404456002371652e-06,133,1,0
75,50,34,0,0,0,5.312690734863281,"[0.0, 5.312690734863281]",5.312690734863281,2.857142857142857,5.312690734863281,2.1833333333333305,0,1,0,45.38203324377537,5.312690734863281e-06,131,1,0
75,51,53,0,0,0,5.265132359095983,"[0.0, 5.265132359095983]",5.265132359095983,2.857142857142857,5.265132359095983,2.166666666666664,0,1,0,44.84628885984421,5.265132359095982e-06,130,1,0
75,52,55,0,0,0,5.2173886980329245,"[0.0, 5.2173886980329245]",5.2173886980329245,2.857142857142857,5.2173886980329245,2.1499999999999972,0,1,0,44.313713520765305,5.217388698032925e-06,129,1,0
75,53,27,0,0,0,5.161993844168527,"[0.0, 5.161993844168527]",5.161993844168527,2.857142857142857,5.161993844168527,2.1333333333333306,0,1,0,43.78386354446411,5.1619938441685265e-06,128,1,0
75,54,48,0,0,0,5.158680507114955,"[0.0, 5.158680507114955]",5.158680507114955,2.857142857142857,5.158680507114955,2.1333333333333306,0,1,0,43.78372447192669,5.158680507114955e-06,128,1,0
75,55,22,0,0,0,5.157901218959263,"[0.0, 5.157901218959263]",5.157901218959263,2.857142857142857,5.157901218959263,2.1333333333333306,0,1,0,43.78410515189171,5.157901218959263e-06,128,1,0
75,56,49,0,0,0,5.048381260463169,"[0.0, 5.048381260463169]",5.048381260463169,2.857142857142857,5.048381260463169,2.0999999999999974,0,1,0,42.73113541305065,5.0483812604631695e-06,126,1,0
75,57,13,0,0,0,4.964261736188616,"[0.0, 4.964261736188616]",4.964261736188616,2.857142857142857,4.964261736188616,2.066666666666664,0,1,0,41.6891984641552,4.964261736188617e-06,124,1,0
75,58,43,0,0,0,4.7226170131138385,"[0.0, 4.7226170131138385]",4.7226170131138385,2.857142857142857,4.7226170131138385,1.9833333333333312,0,1,0,39.13121825456619,4.722617013113839e-06,119,1,0
75,59,9,0,0,0,4.709565298897879,"[0.0, 4.709565298897879]",4.709565298897879,2.857142857142857,4.709565298897879,6.416666666666649,0,1,0,39.09223399273469,4.709565298897879e-06,385,1,0
75,60,25,0,0,0,4.670175824846541,"[0.0, 4.670175824846541]",4.670175824846541,2.857142857142857,4.670175824846541,2.1333333333333306,0,1,0,38.50796513259411,4.670175824846541e-06,128,1,0
75,61,29,0,0,0,4.492089407784598,"[0.0, 4.492089407784598]",4.492089407784598,2.857142857142857,4.492089407784598,1.8999999999999981,0,1,0,36.64023217558861,4.492089407784598e-06,114,1,0
75,62,60,0,0,0,4.451555524553571,"[0.0, 4.451555524553571]",4.451555524553571,2.857142857142857,4.451555524553571,8.483333333333334,0,1,0,34.483997524832375,4.4515555245535715e-06,509,1,0
75,63,28,0,0,0,3.4588895525251115,"[0.0, 3.4588895525251115]",3.4588895525251115,2.857142857142857,3.4588895525251115,7.433333333333312,0,1,0,24.42588413925114,3.4588895525251116e-06,446,1,0
75,64,32,0,0,0,1.874950953892299,"[0.0, 1.874950953892299]",1.874950953892299,0.0,1.874950953892299,5.016666666666654,0,1,0,5.1819529552522,1.8749509538922991e-06,301,1,0
76,1,0,0,1,1,10.43133054460798,"[0.0, 10.43133054460798]",10.43133054460798,8.571428571428571,10.43133054460798,5.116666666666654,0,1,0,88.44709768891335,1.0431330544607978e-05,307,1,0
76,2,1,0,1,1,10.378456115722656,"[0.0, 10.378456115722656]",10.378456115722656,8.571428571428571,10.378456115722656,3.3166666666666598,0,1,0,87.59461161494255,1.0378456115722656e-05,199,1,0
76,3,2,0,1,1,10.233088902064733,"[0.0, 10.233088902064733]",10.233088902064733,8.571428571428571,10.233088902064733,3.2833333333333266,0,1,0,86.19838900864124,1.0233088902064733e-05,197,1,0
76,4,3,0,1,1,10.206157139369418,"[0.0, 10.206157139369418]",10.206157139369418,8.571428571428571,10.206157139369418,3.2833333333333266,0,1,0,86.19815623760223,1.0206157139369418e-05,197,1,0
76,5,4,0,1,1,10.197933741978236,"[0.0, 10.197933741978236]",10.197933741978236,8.571428571428571,10.197933741978236,3.2833333333333266,0,1,0,86.19837695360184,1.0197933741978236e-05,197,1,0
76,6,5,0,1,1,10.183086395263672,"[0.0, 10.183086395263672]",10.183086395263672,8.571428571428571,10.183086395263672,3.2833333333333266,0,1,0,86.19834478199482,1.0183086395263672e-05,197,1,0
76,7,6,0,1,1,10.163402557373047,"[0.0, 10.163402557373047]",10.163402557373047,8.571428571428571,10.163402557373047,3.2833333333333266,0,1,0,86.19874265789986,1.0163402557373047e-05,197,1,0
76,8,7,0,1,1,10.136985778808594,"[0.0, 10.136985778808594]",10.136985778808594,8.571428571428571,10.136985778808594,3.26666666666666,0,1,0,85.50380450487137,1.0136985778808594e-05,196,1,0
76,9,25,0,0,1,9.923918587820872,"[0.0, 9.923918587820872]",9.923918587820872,8.571428571428571,9.923918587820872,3.2333333333333267,0,1,0,84.12070125341415,9.923918587820871e-06,194,1,0
76,10,19,0,0,1,9.91145270211356,"[0.0, 9.91145270211356]",9.91145270211356,8.571428571428571,9.91145270211356,3.2333333333333267,0,1,0,84.12051939964294,9.91145270211356e-06,194,1,0
76,11,44,0,0,1,9.823308672223773,"[0.0, 9.823308672223773]",9.823308672223773,8.571428571428571,9.823308672223773,3.2333333333333267,0,1,0,84.12027308344841,9.823308672223773e-06,194,1,0
76,12,62,0,0,1,9.794276101248604,"[0.0, 9.794276101248604]",9.794276101248604,8.571428571428571,9.794276101248604,3.21666666666666,0,1,0,83.43281076848507,9.794276101248604e-06,193,1,0
76,13,23,0,0,1,9.676104954310825,"[0.0, 9.676104954310825]",9.676104954310825,8.571428571428571,9.676104954310825,3.1999999999999935,0,1,0,82.7469088435173,9.676104954310825e-06,192,1,0
76,14,17,0,0,1,9.668821607317243,"[0.0, 9.668821607317243]",9.668821607317243,8.571428571428571,9.668821607317243,3.1999999999999935,0,1,0,82.74660919606686,9.668821607317243e-06,192,1,0
76,15,38,0,0,1,9.648726327078682,"[0.0, 9.648726327078682]",9.648726327078682,8.571428571428571,9.648726327078682,3.21666666666666,0,1,0,83.4324233084917,9.648726327078682e-06,193,1,0
76,16,21,0,0,1,9.57853044782366,"[0.0, 9.57853044782366]",9.57853044782366,8.571428571428571,9.57853044782366,3.183333333333327,0,1,0,82.06300288438797,9.57853044782366e-06,191,1,0
76,17,35,0,0,1,9.577772957938057,"[0.0, 9.577772957938057]",9.577772957938057,8.571428571428571,9.577772957938057,3.1999999999999935,0,1,0,82.74660368263721,9.577772957938058e-06,192,1,0
76,18,54,0,0,1,9.534527914864677,"[0.0, 9.534527914864677]",9.534527914864677,8.571428571428571,9.534527914864677,3.183333333333327,0,1,0,82.06326472759247,9.534527914864678e-06,191,1,0
76,19,56,0,0,1,9.514666966029576,"[0.0, 9.514666966029576]",9.514666966029576,8.571428571428571,9.514666966029576,3.183333333333327,0,1,0,82.01974686980247,9.514666966029576e-06,191,1,0
76,20,45,0,0,1,9.321024758475167,"[0.0, 9.321024758475167]",9.321024758475167,8.571428571428571,9.321024758475167,3.1499999999999937,0,1,0,80.70276476442814,9.321024758475166e-06,189,1,0
76,21,18,0,0,1,9.065916878836495,"[0.0, 9.065916878836495]",9.065916878836495,8.571428571428571,9.065916878836495,3.1499999999999937,0,1,0,80.70305719971657,9.065916878836494e-06,189,1,0
76,22,48,0,0,1,9.039647238595146,"[0.0, 9.039647238595146]",9.039647238595146,8.571428571428571,9.039647238595146,3.1499999999999937,0,1,0,80.70338736474514,9.039647238595145e-06,189,1,0
76,23,31,0,0,1,8.976448604038783,"[0.0, 8.976448604038783]",8.976448604038783,8.571428571428571,8.976448604038783,3.1499999999999937,0,1,0,80.70263127982616,8.976448604038784e-06,189,1,0
76,24,47,0,0,1,8.967960902622767,"[0.0, 8.967960902622767]",8.967960902622767,8.571428571428571,8.967960902622767,3.133333333333327,0,1,0,80.02607023715973,8.967960902622768e-06,188,1,0
76,25,9,0,0,1,8.8246944972447,"[0.0, 8.8246944972447]",8.8246944972447,8.571428571428571,8.8246944972447,3.099999999999994,0,1,0,78.67904086411,8.8246944972447e-06,186,1,0
76,26,37,0,0,1,8.692136492047991,"[0.0, 8.692136492047991]",8.692136492047991,8.571428571428571,8.692136492047991,3.3666666666666596,0,1,0,78.58849239349365,8.692136492047991e-06,202,1,0
76,27,27,0,0,1,8.656706128801618,"[0.0, 8.656706128801618]",8.656706128801618,8.571428571428571,8.656706128801618,3.0833333333333273,0,1,0,77.99447679519653,8.656706128801618e-06,185,1,0
76,28,57,0,0,1,8.650711604527064,"[0.0, 8.650711604527064]",8.650711604527064,8.571428571428571,8.650711604527064,3.099999999999994,0,1,0,78.67919547855854,8.650711604527064e-06,186,1,0
76,29,39,0,0,1,8.593395778111049,"[0.0, 8.593395778111049]",8.593395778111049,8.571428571428571,8.593395778111049,3.0833333333333273,0,1,0,78.00929655134678,8.593395778111048e-06,185,1,0
76,30,12,0,0,1,8.522069113595144,"[0.0, 8.522069113595144]",8.522069113595144,5.714285714285714,8.522069113595144,3.0833333333333273,0,1,0,78.00926972925663,8.522069113595144e-06,185,1,0
76,31,60,0,0,1,8.460502624511719,"[0.0, 8.460502624511719]",8.460502624511719,5.714285714285714,8.460502624511719,3.0833333333333273,0,1,0,78.00877234339714,8.460502624511719e-06,185,1,0
76,32,34,0,0,1,8.289721352713448,"[0.0, 8.289721352713448]",8.289721352713448,5.714285714285714,8.289721352713448,3.0666666666666607,0,1,0,77.21492990851402,8.289721352713447e-06,184,1,0
76,33,28,0,0,0,8.254312787737165,"[0.0, 8.254312787737165]",8.254312787737165,5.714285714285714,8.254312787737165,3.0666666666666607,0,1,0,77.0368572473526,8.254312787737164e-06,184,1,0
76,34,43,0,0,0,8.027853284563337,"[0.0, 8.027853284563337]",8.027853284563337,5.714285714285714,8.027853284563337,3.0333333333333274,0,1,0,76.0126817971468,8.027853284563337e-06,182,1,0
76,35,53,0,0,0,8.016670772007533,"[0.0, 8.016670772007533]",8.016670772007533,5.714285714285714,8.016670772007533,3.0666666666666607,0,1,0,76.20027239620686,8.016670772007533e-06,184,1,0
76,36,8,0,0,0,7.984213147844588,"[0.0, 7.984213147844588]",7.984213147844588,5.714285714285714,7.984213147844588,3.0333333333333274,0,1,0,76.01289346814156,7.984213147844588e-06,182,1,0
76,37,11,0,0,0,7.754816327776227,"[0.0, 7.754816327776227]",7.754816327776227,5.714285714285714,7.754816327776227,3.0333333333333274,0,1,0,75.3933852314949,7.754816327776227e-06,182,1,0
76,38,42,0,0,0,7.7070127214704245,"[0.0, 7.7070127214704245]",7.7070127214704245,5.714285714285714,7.7070127214704245,2.9833333333333276,0,1,0,74.03786653280258,7.707012721470425e-06,179,1,0
76,39,16,0,0,0,5.805402483258929,"[0.0, 5.805402483258929]",5.805402483258929,5.714285714285714,5.805402483258929,2.9499999999999944,0,1,0,50.977768689394,5.805402483258929e-06,177,1,0
76,40,15,0,0,0,5.724579947335379,"[0.0, 5.724579947335379]",5.724579947335379,5.714285714285714,5.724579947335379,2.3166666666666633,0,1,0,49.75879588723183,5.72457994733538e-06,139,1,0
76,41,61,0,0,0,5.564776829310826,"[0.0, 5.564776829310826]",5.564776829310826,2.857142857142857,5.564776829310826,2.2666666666666635,0,1,0,48.098337322473526,5.5647768293108266e-06,136,1,0
76,42,52,0,0,0,5.504967825753349,"[0.0, 5.504967825753349]",5.504967825753349,2.857142857142857,5.504967825753349,2.249999999999997,0,1,0,47.54976278543472,5.504967825753349e-06,135,1,0
76,43,40,0,0,0,5.3734588623046875,"[0.0, 5.3734588623046875]",5.3734588623046875,2.857142857142857,5.3734588623046875,2.199999999999997,0,1,0,45.91964581608772,5.3734588623046874e-06,132,1,0
76,44,41,0,0,0,5.243094308035714,"[0.0, 5.243094308035714]",5.243094308035714,2.857142857142857,5.243094308035714,2.166666666666664,0,1,0,44.846855491399765,5.243094308035714e-06,130,1,0
76,45,10,0,0,0,5.186571393694196,"[0.0, 5.186571393694196]",5.186571393694196,2.857142857142857,5.186571393694196,2.1499999999999972,0,1,0,44.31399893760681,5.186571393694196e-06,129,1,0
76,46,14,0,0,0,5.163181849888393,"[0.0, 5.163181849888393]",5.163181849888393,2.857142857142857,5.163181849888393,2.1333333333333306,0,1,0,43.78353236615658,5.163181849888393e-06,128,1,0
76,47,20,0,0,0,5.147737775530134,"[0.0, 5.147737775530134]",5.147737775530134,2.857142857142857,5.147737775530134,2.1333333333333306,0,1,0,43.78366619348526,5.1477377755301336e-06,128,1,0
76,48,63,0,0,0,5.146936689104352,"[0.0, 5.146936689104352]",5.146936689104352,2.857142857142857,5.146936689104352,2.916666666666661,0,1,0,43.89246280491352,5.146936689104352e-06,175,1,0
76,49,22,0,0,0,5.142876761300223,"[0.0, 5.142876761300223]",5.142876761300223,2.857142857142857,5.142876761300223,2.1333333333333306,0,1,0,43.78337548673153,5.1428767613002234e-06,128,1,0
76,50,50,0,0,0,5.061765398297991,"[0.0, 5.061765398297991]",5.061765398297991,2.857142857142857,5.061765398297991,2.116666666666664,0,1,0,42.77695110440254,5.061765398297992e-06,127,1,0
76,51,58,0,0,0,5.046828133719308,"[0.0, 5.046828133719308]",5.046828133719308,2.857142857142857,5.046828133719308,2.0999999999999974,0,1,0,42.731127336621284,5.046828133719308e-06,126,1,0
76,52,24,0,0,0,4.9631227765764505,"[0.0, 4.9631227765764505]",4.9631227765764505,2.857142857142857,4.9631227765764505,2.066666666666664,0,1,0,41.68925918638706,4.96312277657645e-06,124,1,0
76,53,55,0,0,0,4.909907749720982,"[0.0, 4.909907749720982]",4.909907749720982,2.857142857142857,4.909907749720982,2.0499999999999976,0,1,0,41.17243801057339,4.909907749720982e-06,123,1,0
76,54,36,0,0,0,4.901242937360491,"[0.0, 4.901242937360491]",4.901242937360491,2.857142857142857,4.901242937360491,2.0499999999999976,0,1,0,41.172349721193314,4.901242937360491e-06,123,1,0
76,55,13,0,0,0,4.8737062726702005,"[0.0, 4.8737062726702005]",4.8737062726702005,2.857142857142857,4.8737062726702005,2.033333333333331,0,1,0,40.658210307359695,4.873706272670201e-06,122,1,0
76,56,49,0,0,0,4.8717771257672995,"[0.0, 4.8717771257672995]",4.8717771257672995,2.857142857142857,4.8717771257672995,2.033333333333331,0,1,0,40.6578024327755,4.8717771257673e-06,122,1,0
76,57,46,0,0,0,4.866632734026228,"[0.0, 4.866632734026228]",4.866632734026228,2.857142857142857,4.866632734026228,2.033333333333331,0,1,0,40.65803235769272,4.866632734026228e-06,122,1,0
76,58,29,0,0,0,4.763526916503906,"[0.0, 4.763526916503906]",4.763526916503906,2.857142857142857,4.763526916503906,1.9999999999999978,0,1,0,39.63737082481384,4.763526916503906e-06,120,1,0
76,59,33,0,0,0,4.720290047781808,"[0.0, 4.720290047781808]",4.720290047781808,2.857142857142857,4.720290047781808,1.9833333333333312,0,1,0,39.131133541464806,4.720290047781808e-06,119,1,0
76,60,32,0,0,0,4.715330941336496,"[0.0, 4.715330941336496]",4.715330941336496,2.857142857142857,4.715330941336496,1.9833333333333312,0,1,0,39.13115577399731,4.715330941336496e-06,119,1,0
76,61,26,0,0,0,4.672998700823102,"[0.0, 4.672998700823102]",4.672998700823102,2.857142857142857,4.672998700823102,1.9666666666666646,0,1,0,38.627468168735504,4.6729987008231025e-06,118,1,0
76,62,51,0,0,0,4.63082994733538,"[0.0, 4.63082994733538]",4.63082994733538,2.857142857142857,4.63082994733538,1.949999999999998,0,1,0,38.12684401869774,4.63082994733538e-06,117,1,0
76,63,59,0,0,0,4.440176827566964,"[0.0, 4.440176827566964]",4.440176827566964,2.857142857142857,4.440176827566964,1.8833333333333315,0,1,0,36.14993230998516,4.440176827566964e-06,113,1,0
76,64,30,0,0,0,1.8758283342633928,"[0.0, 1.8758283342633928]",1.8758283342633928,0.0,1.8758283342633928,5.016666666666654,0,1,0,5.1733428267762065,1.8758283342633927e-06,301,1,0
77,1,0,0,1,1,10.43133054460798,"[0.0, 10.43133054460798]",10.43133054460798,8.571428571428571,10.43133054460798,5.116666666666654,0,1,0,88.44709768891335,1.0431330544607978e-05,307,1,0
77,2,1,0,1,1,10.378456115722656,"[0.0, 10.378456115722656]",10.378456115722656,8.571428571428571,10.378456115722656,3.3166666666666598,0,1,0,87.59461161494255,1.0378456115722656e-05,199,1,0
77,3,2,0,1,1,10.233088902064733,"[0.0, 10.233088902064733]",10.233088902064733,8.571428571428571,10.233088902064733,3.2833333333333266,0,1,0,86.19838900864124,1.0233088902064733e-05,197,1,0
77,4,3,0,1,1,10.206157139369418,"[0.0, 10.206157139369418]",10.206157139369418,8.571428571428571,10.206157139369418,3.2833333333333266,0,1,0,86.19815623760223,1.0206157139369418e-05,197,1,0
77,5,4,0,1,1,10.197933741978236,"[0.0, 10.197933741978236]",10.197933741978236,8.571428571428571,10.197933741978236,3.2833333333333266,0,1,0,86.19837695360184,1.0197933741978236e-05,197,1,0
77,6,5,0,1,1,10.183086395263672,"[0.0, 10.183086395263672]",10.183086395263672,8.571428571428571,10.183086395263672,3.2833333333333266,0,1,0,86.19834478199482,1.0183086395263672e-05,197,1,0
77,7,6,0,1,1,10.163402557373047,"[0.0, 10.163402557373047]",10.163402557373047,8.571428571428571,10.163402557373047,3.2833333333333266,0,1,0,86.19874265789986,1.0163402557373047e-05,197,1,0
77,8,7,0,1,1,10.136985778808594,"[0.0, 10.136985778808594]",10.136985778808594,8.571428571428571,10.136985778808594,3.26666666666666,0,1,0,85.50380450487137,1.0136985778808594e-05,196,1,0
77,9,26,0,0,1,10.087612697056361,"[0.0, 10.087612697056361]",10.087612697056361,8.571428571428571,10.087612697056361,3.2833333333333266,0,1,0,85.37184926867485,1.0087612697056361e-05,197,1,0
77,10,29,0,0,1,10.084661756243024,"[0.0, 10.084661756243024]",10.084661756243024,8.571428571428571,10.084661756243024,3.26666666666666,0,1,0,85.50387226045132,1.0084661756243025e-05,196,1,0
77,11,21,0,0,1,9.868104117257255,"[0.0, 9.868104117257255]",9.868104117257255,8.571428571428571,9.868104117257255,3.21666666666666,0,1,0,83.43266749382019,9.868104117257255e-06,193,1,0
77,12,13,0,0,1,9.827859061104911,"[0.0, 9.827859061104911]",9.827859061104911,8.571428571428571,9.827859061104911,3.2333333333333267,0,1,0,84.1207327246666,9.827859061104912e-06,194,1,0
77,13,56,0,0,1,9.756551470075335,"[0.0, 9.756551470075335]",9.756551470075335,8.571428571428571,9.756551470075335,3.2499999999999933,0,1,0,84.09908367693424,9.756551470075335e-06,195,1,0
77,14,39,0,0,1,9.724557059151785,"[0.0, 9.724557059151785]",9.724557059151785,8.571428571428571,9.724557059151785,3.21666666666666,0,1,0,83.43245987594128,9.724557059151784e-06,193,1,0
77,15,20,0,0,1,9.675682612827845,"[0.0, 9.675682612827845]",9.675682612827845,8.571428571428571,9.675682612827845,3.1999999999999935,0,1,0,82.74658270180225,9.675682612827845e-06,192,1,0
77,16,51,0,0,1,9.612162453787668,"[0.0, 9.612162453787668]",9.612162453787668,8.571428571428571,9.612162453787668,3.21666666666666,0,1,0,82.56812335550785,9.612162453787668e-06,193,1,0
77,17,48,0,0,1,9.583522251674108,"[0.0, 9.583522251674108]",9.583522251674108,8.571428571428571,9.583522251674108,3.1999999999999935,0,1,0,82.74650111794472,9.583522251674108e-06,192,1,0
77,18,52,0,0,1,9.55564226422991,"[0.0, 9.55564226422991]",9.55564226422991,8.571428571428571,9.55564226422991,3.183333333333327,0,1,0,82.06294998526573,9.555642264229909e-06,191,1,0
77,19,22,0,0,1,9.52284949166434,"[0.0, 9.52284949166434]",9.52284949166434,8.571428571428571,9.52284949166434,3.183333333333327,0,1,0,82.0631683319807,9.52284949166434e-06,191,1,0
77,20,50,0,0,1,9.458421979631696,"[0.0, 9.458421979631696]",9.458421979631696,8.571428571428571,9.458421979631696,3.1999999999999935,0,1,0,81.90986703336239,9.458421979631696e-06,192,1,0
77,21,55,0,0,1,9.361566816057477,"[0.0, 9.361566816057477]",9.361566816057477,8.571428571428571,9.361566816057477,3.1499999999999937,0,1,0,80.70298080146313,9.361566816057478e-06,189,1,0
77,22,45,0,0,1,9.342624119349889,"[0.0, 9.342624119349889]",9.342624119349889,8.571428571428571,9.342624119349889,3.1666666666666603,0,1,0,81.38156181573868,9.342624119349888e-06,190,1,0
77,23,63,0,0,1,9.236739022391182,"[0.0, 9.236739022391182]",9.236739022391182,8.571428571428571,9.236739022391182,3.1499999999999937,0,1,0,80.70246009528637,9.236739022391183e-06,189,1,0
77,24,16,0,0,1,9.183883666992188,"[0.0, 9.183883666992188]",9.183883666992188,8.571428571428571,9.183883666992188,3.1499999999999937,0,1,0,80.70236833393574,9.183883666992188e-06,189,1,0
77,25,14,0,0,1,9.14480209350586,"[0.0, 9.14480209350586]",9.14480209350586,8.571428571428571,9.14480209350586,3.1666666666666603,0,1,0,80.42402943968773,9.144802093505859e-06,190,1,0
77,26,54,0,0,1,9.1390255519322,"[0.0, 9.1390255519322]",9.1390255519322,8.571428571428571,9.1390255519322,3.1499999999999937,0,1,0,80.70286494493484,9.1390255519322e-06,189,1,0
77,27,8,0,0,1,9.106213705880302,"[0.0, 9.106213705880302]",9.106213705880302,8.571428571428571,9.106213705880302,3.866666666666658,0,1,0,79.88993762433529,9.106213705880302e-06,232,1,0
77,28,18,0,0,1,9.088527134486608,"[0.0, 9.088527134486608]",9.088527134486608,8.571428571428571,9.088527134486608,3.1499999999999937,0,1,0,80.70262561738491,9.088527134486608e-06,189,1,0
77,29,40,0,0,1,9.076197487967356,"[0.0, 9.076197487967356]",9.076197487967356,8.571428571428571,9.076197487967356,3.133333333333327,0,1,0,80.02554555237293,9.076197487967356e-06,188,1,0
77,30,43,0,0,1,9.042320251464844,"[0.0, 9.042320251464844]",9.042320251464844,8.571428571428571,9.042320251464844,3.1166666666666605,0,1,0,79.35138083994389,9.042320251464844e-06,187,1,0
77,31,12,0,0,1,8.910563332693917,"[0.0, 8.910563332693917]",8.910563332693917,8.571428571428571,8.910563332693917,3.133333333333327,0,1,0,80.02558216452599,8.910563332693916e-06,188,1,0
77,32,24,0,0,1,8.817528315952845,"[0.0, 8.817528315952845]",8.817528315952845,8.571428571428571,8.817528315952845,3.1166666666666605,0,1,0,79.04226434230804,8.817528315952845e-06,187,1,0
77,33,47,0,0,0,8.744190761021205,"[0.0, 8.744190761021205]",8.744190761021205,8.571428571428571,8.744190761021205,3.099999999999994,0,1,0,78.67891901731491,8.744190761021205e-06,186,1,0
77,34,30,0,0,0,8.27408926827567,"[0.0, 8.27408926827567]",8.27408926827567,5.714285714285714,8.27408926827567,3.049999999999994,0,1,0,76.67624181509018,8.27408926827567e-06,183,1,0
77,35,9,0,0,0,8.205288478306363,"[0.0, 8.205288478306363]",8.205288478306363,5.714285714285714,8.205288478306363,3.1166666666666605,0,1,0,76.56753166019917,8.205288478306362e-06,187,1,0
77,36,31,0,0,0,8.063678741455078,"[0.0, 8.063678741455078]",8.063678741455078,5.714285714285714,8.063678741455078,3.049999999999994,0,1,0,76.67602062225342,8.063678741455078e-06,183,1,0
77,37,59,0,0,0,8.0301148550851,"[0.0, 8.0301148550851]",8.0301148550851,5.714285714285714,8.0301148550851,3.0333333333333274,0,1,0,76.01284292340279,8.030114855085101e-06,182,1,0
77,38,36,0,0,0,7.925306047712054,"[0.0, 7.925306047712054]",7.925306047712054,5.714285714285714,7.925306047712054,3.0333333333333274,0,1,0,76.01298047602177,7.925306047712055e-06,182,1,0
77,39,10,0,0,0,7.779903411865234,"[0.0, 7.779903411865234]",7.779903411865234,5.714285714285714,7.779903411865234,2.9999999999999942,0,1,0,74.69396048784256,7.779903411865234e-06,180,1,0
77,40,61,0,0,0,7.2070721217564175,"[0.0, 7.2070721217564175]",7.2070721217564175,5.714285714285714,7.2070721217564175,3.0666666666666607,0,1,0,70.82356920838356,7.207072121756417e-06,184,1,0
77,41,38,0,0,0,5.808928353445871,"[0.0, 5.808928353445871]",5.808928353445871,5.714285714285714,5.808928353445871,2.3499999999999965,0,1,0,50.87888331711292,5.808928353445871e-06,141,1,0
77,42,28,0,0,0,5.708154950823103,"[0.0, 5.708154950823103]",5.708154950823103,2.857142857142857,5.708154950823103,2.3166666666666633,0,1,0,49.758694633841515,5.7081549508231035e-06,139,1,0
77,43,17,0,0,0,5.616013663155692,"[0.0, 5.616013663155692]",5.616013663155692,2.857142857142857,5.616013663155692,2.28333333333333,0,1,0,48.64889372885227,5.616013663155692e-06,137,1,0
77,44,57,0,0,0,5.561517987932477,"[0.0, 5.561517987932477]",5.561517987932477,2.857142857142857,5.561517987932477,2.2666666666666635,0,1,0,48.0983592569828,5.5615179879324776e-06,136,1,0
77,45,25,0,0,0,5.557708740234375,"[0.0, 5.557708740234375]",5.557708740234375,2.857142857142857,5.557708740234375,3.21666666666666,0,1,0,48.205773174762726,5.557708740234375e-06,193,1,0
77,46,27,0,0,0,5.506591796875,"[0.0, 5.506591796875]",5.506591796875,2.857142857142857,5.506591796875,2.249999999999997,0,1,0,47.54974301159382,5.506591796875e-06,135,1,0
77,47,33,0,0,0,5.462314060756138,"[0.0, 5.462314060756138]",5.462314060756138,2.857142857142857,5.462314060756138,2.2333333333333303,0,1,0,47.003844901919365,5.462314060756138e-06,134,1,0
77,48,58,0,0,0,5.460755484444754,"[0.0, 5.460755484444754]",5.460755484444754,2.857142857142857,5.460755484444754,2.2333333333333303,0,1,0,47.00430081784725,5.460755484444754e-06,134,1,0
77,49,15,0,0,0,5.401273454938616,"[0.0, 5.401273454938616]",5.401273454938616,2.857142857142857,5.401273454938616,2.2166666666666637,0,1,0,46.46060201525688,5.401273454938617e-06,133,1,0
77,50,23,0,0,0,5.3606414794921875,"[0.0, 5.3606414794921875]",5.3606414794921875,2.857142857142857,5.3606414794921875,2.199999999999997,0,1,0,45.92022226750851,5.360641479492187e-06,132,1,0
77,51,42,0,0,0,5.2060971941266745,"[0.0, 5.2060971941266745]",5.2060971941266745,2.857142857142857,5.2060971941266745,2.1499999999999972,0,1,0,44.31406517326832,5.206097194126674e-06,129,1,0
77,52,34,0,0,0,5.187448774065291,"[0.0, 5.187448774065291]",5.187448774065291,2.857142857142857,5.187448774065291,2.1499999999999972,0,1,0,44.313812747597694,5.187448774065291e-06,129,1,0
77,53,62,0,0,0,4.914768763950892,"[0.0, 4.914768763950892]",4.914768763950892,2.857142857142857,4.914768763950892,2.0499999999999976,0,1,0,41.172282457351685,4.914768763950892e-06,123,1,0
77,54,53,0,0,0,4.907526288713727,"[0.0, 4.907526288713727]",4.907526288713727,2.857142857142857,4.907526288713727,2.0499999999999976,0,1,0,41.17261669039726,4.907526288713727e-06,123,1,0
77,55,11,0,0,0,4.8709596906389505,"[0.0, 4.8709596906389505]",4.8709596906389505,2.857142857142857,4.8709596906389505,2.033333333333331,0,1,0,40.65821108222008,4.8709596906389505e-06,122,1,0
77,56,32,0,0,0,4.867008754185268,"[0.0, 4.867008754185268]",4.867008754185268,2.857142857142857,4.867008754185268,2.033333333333331,0,1,0,40.658117190003395,4.8670087541852685e-06,122,1,0
77,57,35,0,0,0,4.862360273088727,"[0.0, 4.862360273088727]",4.862360273088727,2.857142857142857,4.862360273088727,2.033333333333331,0,1,0,40.65799058973789,4.862360273088727e-06,122,1,0
77,58,19,0,0,0,4.861139569963727,"[0.0, 4.861139569963727]",4.861139569963727,2.857142857142857,4.861139569963727,2.0499999999999976,0,1,0,40.74826382100582,4.861139569963728e-06,123,1,0
77,59,37,0,0,0,4.812916346958705,"[0.0, 4.812916346958705]",4.812916346958705,2.857142857142857,4.812916346958705,2.0166666666666644,0,1,0,40.14630287885666,4.812916346958705e-06,121,1,0
77,60,60,0,0,0,4.717903137207031,"[0.0, 4.717903137207031]",4.717903137207031,2.857142857142857,4.717903137207031,1.9833333333333312,0,1,0,39.13096044957638,4.717903137207031e-06,119,1,0
77,61,44,0,0,0,4.680094037737166,"[0.0, 4.680094037737166]",4.680094037737166,2.857142857142857,4.680094037737166,1.9666666666666646,0,1,0,38.6278355717659,4.680094037737166e-06,118,1,0
77,62,46,0,0,0,4.673500061035156,"[0.0, 4.673500061035156]",4.673500061035156,2.857142857142857,4.673500061035156,1.9666666666666646,0,1,0,38.62759591639042,4.6735000610351564e-06,118,1,0
77,63,49,0,0,0,4.542764936174666,"[0.0, 4.542764936174666]",4.542764936174666,2.857142857142857,4.542764936174666,1.9166666666666647,0,1,0,37.13289713859558,4.542764936174666e-06,115,1,0
77,64,41,0,0,0,1.874253409249442,"[0.0, 1.874253409249442]",1.874253409249442,0.0,1.874253409249442,5.016666666666654,0,1,0,5.175825073150918,1.874253409249442e-06,301,1,0
78,1,0,0,1,1,10.43133054460798,"[0.0, 10.43133054460798]",10.43133054460798,8.571428571428571,10.43133054460798,5.116666666666654,0,1,0,88.44709768891335,1.0431330544607978e-05,307,1,0
78,2,1,0,1,1,10.378456115722656,"[0.0, 10.378456115722656]",10.378456115722656,8.571428571428571,10.378456115722656,3.3166666666666598,0,1,0,87.59461161494255,1.0378456115722656e-05,199,1,0
78,3,2,0,1,1,10.233088902064733,"[0.0, 10.233088902064733]",10.233088902064733,8.571428571428571,10.233088902064733,3.2833333333333266,0,1,0,86.19838900864124,1.0233088902064733e-05,197,1,0
78,4,3,0,1,1,10.206157139369418,"[0.0, 10.206157139369418]",10.206157139369418,8.571428571428571,10.206157139369418,3.2833333333333266,0,1,0,86.19815623760223,1.0206157139369418e-05,197,1,0
78,5,4,0,1,1,10.197933741978236,"[0.0, 10.197933741978236]",10.197933741978236,8.571428571428571,10.197933741978236,3.2833333333333266,0,1,0,86.19837695360184,1.0197933741978236e-05,197,1,0
78,6,5,0,1,1,10.183086395263672,"[0.0, 10.183086395263672]",10.183086395263672,8.571428571428571,10.183086395263672,3.2833333333333266,0,1,0,86.19834478199482,1.0183086395263672e-05,197,1,0
78,7,6,0,1,1,10.163402557373047,"[0.0, 10.163402557373047]",10.163402557373047,8.571428571428571,10.163402557373047,3.2833333333333266,0,1,0,86.19874265789986,1.0163402557373047e-05,197,1,0
78,8,26,0,1,1,10.14998299734933,"[0.0, 10.14998299734933]",10.14998299734933,8.571428571428571,10.14998299734933,3.2833333333333266,0,1,0,86.19870136678219,1.014998299734933e-05,197,1,0
78,9,7,0,0,1,10.136985778808594,"[0.0, 10.136985778808594]",10.136985778808594,8.571428571428571,10.136985778808594,3.26666666666666,0,1,0,85.50380450487137,1.0136985778808594e-05,196,1,0
78,10,62,0,0,1,10.09269986833845,"[0.0, 10.09269986833845]",10.09269986833845,8.571428571428571,10.09269986833845,3.2833333333333266,0,1,0,86.19849020242691,1.009269986833845e-05,197,1,0
78,11,47,0,0,1,10.049386705671036,"[0.0, 10.049386705671036]",10.049386705671036,8.571428571428571,10.049386705671036,3.2499999999999933,0,1,0,84.8111764639616,1.0049386705671037e-05,195,1,0
78,12,50,0,0,1,10.035343170166016,"[0.0, 10.035343170166016]",10.035343170166016,8.571428571428571,10.035343170166016,3.2499999999999933,0,1,0,84.8114562034607,1.0035343170166015e-05,195,1,0
78,13,40,0,0,1,10.02265385219029,"[0.0, 10.02265385219029]",10.02265385219029,8.571428571428571,10.02265385219029,3.26666666666666,0,1,0,85.50351835787296,1.002265385219029e-05,196,1,0
78,14,61,0,0,1,9.9935667855399,"[0.0, 9.9935667855399]",9.9935667855399,8.571428571428571,9.9935667855399,3.2499999999999933,0,1,0,84.81066799163818,9.9935667855399e-06,195,1,0
78,15,20,0,0,1,9.874461037772042,"[0.0, 9.874461037772042]",9.874461037772042,8.571428571428571,9.874461037772042,3.2333333333333267,0,1,0,84.12058670818806,9.874461037772042e-06,194,1,0
78,16,57,0,0,1,9.837281363351003,"[0.0, 9.837281363351003]",9.837281363351003,8.571428571428571,9.837281363351003,3.2333333333333267,0,1,0,83.80706652998924,9.837281363351003e-06,194,1,0
78,17,30,0,0,1,9.676064082554408,"[0.0, 9.676064082554408]",9.676064082554408,8.571428571428571,9.676064082554408,3.1999999999999935,0,1,0,82.74612873792648,9.676064082554408e-06,192,1,0
78,18,11,0,0,1,9.658175877162387,"[0.0, 9.658175877162387]",9.658175877162387,8.571428571428571,9.658175877162387,3.21666666666666,0,1,0,83.43255877494812,9.658175877162387e-06,193,1,0
78,19,52,0,0,1,9.649050576346262,"[0.0, 9.649050576346262]",9.649050576346262,8.571428571428571,9.649050576346262,3.183333333333327,0,1,0,82.06288687884808,9.649050576346263e-06,191,1,0
78,20,10,0,0,1,9.585699353899274,"[0.0, 9.585699353899274]",9.585699353899274,8.571428571428571,9.585699353899274,3.1999999999999935,0,1,0,82.74663764238358,9.585699353899274e-06,192,1,0
78,21,43,0,0,1,9.584067208426339,"[0.0, 9.584067208426339]",9.584067208426339,8.571428571428571,9.584067208426339,3.183333333333327,0,1,0,82.06349782645702,9.584067208426338e-06,191,1,0
78,22,19,0,0,1,9.542192731584821,"[0.0, 9.542192731584821]",9.542192731584821,8.571428571428571,9.542192731584821,3.183333333333327,0,1,0,82.0629683881998,9.542192731584821e-06,191,1,0
78,23,58,0,0,1,9.496912275041852,"[0.0, 9.496912275041852]",9.496912275041852,8.571428571428571,9.496912275041852,3.1666666666666603,0,1,0,81.38190969824791,9.496912275041852e-06,190,1,0
78,24,63,0,0,1,9.44070816040039,"[0.0, 9.44070816040039]",9.44070816040039,8.571428571428571,9.44070816040039,3.1999999999999935,0,1,0,82.74676004052162,9.44070816040039e-06,192,1,0
78,25,38,0,0,1,9.297918592180524,"[0.0, 9.297918592180524]",9.297918592180524,8.571428571428571,9.297918592180524,3.2833333333333266,0,1,0,80.42586213350296,9.297918592180524e-06,197,1,0
78,26,24,0,0,1,9.203897203717913,"[0.0, 9.203897203717913]",9.203897203717913,8.571428571428571,9.203897203717913,3.1499999999999937,0,1,0,80.70213635265827,9.203897203717914e-06,189,1,0
78,27,48,0,0,1,9.151695796421595,"[0.0, 9.151695796421595]",9.151695796421595,8.571428571428571,9.151695796421595,3.1499999999999937,0,1,0,80.70265680551529,9.151695796421596e-06,189,1,0
78,28,21,0,0,1,9.104859488351003,"[0.0, 9.104859488351003]",9.104859488351003,8.571428571428571,9.104859488351003,3.133333333333327,0,1,0,80.02560015022755,9.104859488351004e-06,188,1,0
78,29,33,0,0,1,9.09261975969587,"[0.0, 9.09261975969587]",9.09261975969587,8.571428571428571,9.09261975969587,3.1499999999999937,0,1,0,80.70270726084709,9.09261975969587e-06,189,1,0
78,30,37,0,0,1,9.07078606741769,"[0.0, 9.07078606741769]",9.07078606741769,8.571428571428571,9.07078606741769,3.1499999999999937,0,1,0,80.70267413556576,9.07078606741769e-06,189,1,0
78,31,32,0,0,1,8.916833060128349,"[0.0, 8.916833060128349]",8.916833060128349,8.571428571428571,8.916833060128349,3.1166666666666605,0,1,0,79.35167406499386,8.91683306012835e-06,187,1,0
78,32,39,0,0,1,8.828446524483818,"[0.0, 8.828446524483818]",8.828446524483818,8.571428571428571,8.828446524483818,3.099999999999994,0,1,0,78.67919792234898,8.828446524483818e-06,186,1,0
78,33,28,0,0,0,8.768062591552734,"[0.0, 8.768062591552734]",8.768062591552734,8.571428571428571,8.768062591552734,3.133333333333327,0,1,0,79.17733488976955,8.768062591552734e-06,188,1,0
78,34,41,0,0,0,8.670662471226283,"[0.0, 8.670662471226283]",8.670662471226283,8.571428571428571,8.670662471226283,3.099999999999994,0,1,0,78.67929048836231,8.670662471226283e-06,186,1,0
78,35,16,0,0,0,8.576946258544922,"[0.0, 8.576946258544922]",8.576946258544922,8.571428571428571,8.576946258544922,7.416666666666646,0,1,0,77.49208754417486,8.576946258544922e-06,445,1,0
78,36,49,0,0,0,8.462777818952288,"[0.0, 8.462777818952288]",8.462777818952288,5.714285714285714,8.462777818952288,3.099999999999994,0,1,0,78.67930094897747,8.462777818952289e-06,186,1,0
78,37,15,0,0,0,8.39512961251395,"[0.0, 8.39512961251395]",8.39512961251395,5.714285714285714,8.39512961251395,3.0833333333333273,0,1,0,78.00895962119102,8.395129612513949e-06,185,1,0
78,38,34,0,0,0,8.187939780099052,"[0.0, 8.187939780099052]",8.187939780099052,5.714285714285714,8.187939780099052,3.049999999999994,0,1,0,76.67575734853745,8.187939780099052e-06,183,1,0
78,39,12,0,0,0,8.084430694580078,"[0.0, 8.084430694580078]",8.084430694580078,5.714285714285714,8.084430694580078,3.0333333333333274,0,1,0,76.01275670528412,8.084430694580078e-06,182,1,0
78,40,55,0,0,0,7.781186785016741,"[0.0, 7.781186785016741]",7.781186785016741,5.714285714285714,7.781186785016741,2.9999999999999942,0,1,0,74.6938284188509,7.781186785016742e-06,180,1,0
78,41,36,0,0,0,7.432915823800224,"[0.0, 7.432915823800224]",7.432915823800224,5.714285714285714,7.432915823800224,2.9499999999999944,0,1,0,72.73220366239548,7.432915823800224e-06,177,1,0
78,42,27,0,0,0,5.728400094168527,"[0.0, 5.728400094168527]",5.728400094168527,5.714285714285714,5.728400094168527,2.3166666666666633,0,1,0,49.75894424319267,5.728400094168527e-06,139,1,0
78,43,17,0,0,0,5.646863664899553,"[0.0, 5.646863664899553]",5.646863664899553,2.857142857142857,5.646863664899553,2.2999999999999967,0,1,0,49.20283006131649,5.646863664899553e-06,138,1,0
78,44,18,0,0,0,5.561932155064174,"[0.0, 5.561932155064174]",5.561932155064174,2.857142857142857,5.561932155064174,2.2666666666666635,0,1,0,48.09775346517563,5.561932155064174e-06,136,1,0
78,45,54,0,0,0,5.533147539411273,"[0.0, 5.533147539411273]",5.533147539411273,2.857142857142857,5.533147539411273,2.2666666666666635,0,1,0,48.09829418361187,5.533147539411273e-06,136,1,0
78,46,35,0,0,0,5.524722508021764,"[0.0, 5.524722508021764]",5.524722508021764,2.857142857142857,5.524722508021764,2.3166666666666633,0,1,0,47.68722978234291,5.524722508021764e-06,139,1,0
78,47,13,0,0,0,5.448145185198102,"[0.0, 5.448145185198102]",5.448145185198102,2.857142857142857,5.448145185198102,2.2333333333333303,0,1,0,47.00401243567467,5.448145185198103e-06,134,1,0
78,48,29,0,0,0,5.444254193987165,"[0.0, 5.444254193987165]",5.444254193987165,2.857142857142857,5.444254193987165,2.2333333333333303,0,1,0,47.00377553701401,5.444254193987165e-06,134,1,0
78,49,9,0,0,0,5.4233278547014505,"[0.0, 5.4233278547014505]",5.4233278547014505,2.857142857142857,5.4233278547014505,2.2333333333333303,0,1,0,46.56061515212059,5.423327854701451e-06,134,1,0
78,50,42,0,0,0,5.408205304827009,"[0.0, 5.408205304827009]",5.408205304827009,2.857142857142857,5.408205304827009,2.2166666666666637,0,1,0,46.46069693565369,5.408205304827009e-06,133,1,0
78,51,53,0,0,0,5.3070068359375,"[0.0, 5.3070068359375]",5.3070068359375,2.857142857142857,5.3070068359375,2.1833333333333305,0,1,0,45.38220004737377,5.3070068359375e-06,131,1,0
78,52,23,0,0,0,5.295039585658482,"[0.0, 5.295039585658482]",5.295039585658482,2.857142857142857,5.295039585658482,2.1833333333333305,0,1,0,45.38202065229416,5.295039585658482e-06,131,1,0
78,53,22,0,0,0,5.265459333147322,"[0.0, 5.265459333147322]",5.265459333147322,2.857142857142857,5.265459333147322,2.166666666666664,0,1,0,44.846928492188454,5.265459333147322e-06,130,1,0
78,54,59,0,0,0,5.257688249860491,"[0.0, 5.257688249860491]",5.257688249860491,2.857142857142857,5.257688249860491,2.833333333333328,0,1,0,45.12589244544506,5.257688249860491e-06,170,1,0
78,55,14,0,0,0,5.113792419433594,"[0.0, 5.113792419433594]",5.113792419433594,2.857142857142857,5.113792419433594,2.116666666666664,0,1,0,43.2561381906271,5.113792419433593e-06,127,1,0
78,56,46,0,0,0,5.069988795689174,"[0.0, 5.069988795689174]",5.069988795689174,2.857142857142857,5.069988795689174,2.0999999999999974,0,1,0,42.731082424521446,5.069988795689174e-06,126,1,0
78,57,25,0,0,0,4.943656921386719,"[0.0, 4.943656921386719]",4.943656921386719,2.857142857142857,4.943656921386719,2.066666666666664,0,1,0,41.6894012093544,4.9436569213867185e-06,124,1,0
78,58,51,0,0,0,4.91769518171038,"[0.0, 4.91769518171038]",4.91769518171038,2.857142857142857,4.91769518171038,2.0499999999999976,0,1,0,41.17241553962231,4.91769518171038e-06,123,1,0
78,59,31,0,0,0,4.7307586669921875,"[0.0, 4.7307586669921875]",4.7307586669921875,2.857142857142857,4.7307586669921875,1.9833333333333312,0,1,0,39.13100752234459,4.730758666992188e-06,119,1,0
78,60,60,0,0,0,4.628568376813616,"[0.0, 4.628568376813616]",4.628568376813616,2.857142857142857,4.628568376813616,1.949999999999998,0,1,0,38.12652479112148,4.628568376813616e-06,117,1,0
78,61,44,0,0,0,2.190704345703125,"[0.0, 2.190704345703125]",2.190704345703125,0.0,2.190704345703125,5.016666666666654,0,1,0,8.647329604704282,2.190704345703125e-06,301,1,0
78,62,8,0,0,0,2.1754237583705356,"[0.0, 2.1754237583705356]",2.1754237583705356,0.0,2.1754237583705356,5.016666666666654,0,1,0,8.43125445937767,2.1754237583705358e-06,301,1,0
78,63,56,0,0,0,2.108590262276786,"[0.0, 2.108590262276786]",2.108590262276786,0.0,2.108590262276786,5.016666666666654,0,1,0,7.70626885900856,2.108590262276786e-06,301,1,0
78,64,45,0,0,0,1.8758119855608257,"[0.0, 1.8758119855608257]",1.8758119855608257,0.0,1.8758119855608257,5.016666666666654,0,1,0,5.1028172571677715,1.8758119855608257e-06,301,1,0
79,1,0,0,1,1,10.43133054460798,"[0.0, 10.43133054460798]",10.43133054460798,8.571428571428571,10.43133054460798,5.116666666666654,0,1,0,88.44709768891335,1.0431330544607978e-05,307,1,0
79,2,1,0,1,1,10.378456115722656,"[0.0, 10.378456115722656]",10.378456115722656,8.571428571428571,10.378456115722656,3.3166666666666598,0,1,0,87.59461161494255,1.0378456115722656e-05,199,1,0
79,3,63,0,1,1,10.370736803327288,"[0.0, 10.370736803327288]",10.370736803327288,8.571428571428571,10.370736803327288,3.3166666666666598,0,1,0,87.59476399421692,1.0370736803327288e-05,199,1,0
79,4,2,0,1,1,10.233088902064733,"[0.0, 10.233088902064733]",10.233088902064733,8.571428571428571,10.233088902064733,3.2833333333333266,0,1,0,86.19838900864124,1.0233088902064733e-05,197,1,0
79,5,3,0,1,1,10.206157139369418,"[0.0, 10.206157139369418]",10.206157139369418,8.571428571428571,10.206157139369418,3.2833333333333266,0,1,0,86.19815623760223,1.0206157139369418e-05,197,1,0
79,6,15,0,1,1,10.203189849853516,"[0.0, 10.203189849853516]",10.203189849853516,8.571428571428571,10.203189849853516,3.2833333333333266,0,1,0,86.16469928622246,1.0203189849853515e-05,197,1,0
79,7,4,0,1,1,10.197933741978236,"[0.0, 10.197933741978236]",10.197933741978236,8.571428571428571,10.197933741978236,3.2833333333333266,0,1,0,86.19837695360184,1.0197933741978236e-05,197,1,0
79,8,5,0,1,1,10.183086395263672,"[0.0, 10.183086395263672]",10.183086395263672,8.571428571428571,10.183086395263672,3.2833333333333266,0,1,0,86.19834478199482,1.0183086395263672e-05,197,1,0
79,9,6,0,0,1,10.163402557373047,"[0.0, 10.163402557373047]",10.163402557373047,8.571428571428571,10.163402557373047,3.2833333333333266,0,1,0,86.19874265789986,1.0163402557373047e-05,197,1,0
79,10,7,0,0,1,10.14998299734933,"[0.0, 10.14998299734933]",10.14998299734933,8.571428571428571,10.14998299734933,3.2833333333333266,0,1,0,86.19870136678219,1.014998299734933e-05,197,1,0
79,11,20,0,0,1,9.750022888183594,"[0.0, 9.750022888183594]",9.750022888183594,8.571428571428571,9.750022888183594,3.21666666666666,0,1,0,83.43218506872654,9.750022888183593e-06,193,1,0
79,12,49,0,0,1,9.589732033865793,"[0.0, 9.589732033865793]",9.589732033865793,8.571428571428571,9.589732033865793,3.1999999999999935,0,1,0,82.74661786854267,9.589732033865793e-06,192,1,0
79,13,57,0,0,1,9.566748482840403,"[0.0, 9.566748482840403]",9.566748482840403,8.571428571428571,9.566748482840403,3.21666666666666,0,1,0,83.4323014318943,9.566748482840402e-06,193,1,0
79,14,32,0,0,1,9.508424486432757,"[0.0, 9.508424486432757]",9.508424486432757,8.571428571428571,9.508424486432757,3.183333333333327,0,1,0,82.06288450956345,9.508424486432757e-06,191,1,0
79,15,10,0,0,1,9.507124764578682,"[0.0, 9.507124764578682]",9.507124764578682,8.571428571428571,9.507124764578682,3.1999999999999935,0,1,0,82.74679455161095,9.507124764578682e-06,192,1,0
79,16,14,0,0,1,9.497203826904297,"[0.0, 9.497203826904297]",9.497203826904297,8.571428571428571,9.497203826904297,3.183333333333327,0,1,0,82.06347033381462,9.497203826904296e-06,191,1,0
79,17,39,0,0,1,9.386651175362722,"[0.0, 9.386651175362722]",9.386651175362722,8.571428571428571,9.386651175362722,3.1666666666666603,0,1,0,81.3816025853157,9.386651175362722e-06,190,1,0
79,18,62,0,0,1,9.30234364100865,"[0.0, 9.30234364100865]",9.30234364100865,8.571428571428571,9.30234364100865,3.183333333333327,0,1,0,82.06297509372234,9.302343641008649e-06,191,1,0
79,19,44,0,0,1,9.300861358642578,"[0.0, 9.300861358642578]",9.300861358642578,8.571428571428571,9.300861358642578,3.1499999999999937,0,1,0,80.70259660482407,9.300861358642579e-06,189,1,0
79,20,33,0,0,1,9.27234104701451,"[0.0, 9.27234104701451]",9.27234104701451,8.571428571428571,9.27234104701451,3.1499999999999937,0,1,0,80.70267237722874,9.272341047014511e-06,189,1,0
79,21,31,0,0,1,9.259166717529297,"[0.0, 9.259166717529297]",9.259166717529297,8.571428571428571,9.259166717529297,3.1999999999999935,0,1,0,81.62272027134895,9.259166717529297e-06,192,1,0
79,22,42,0,0,1,9.248788016183036,"[0.0, 9.248788016183036]",9.248788016183036,8.571428571428571,9.248788016183036,3.1499999999999937,0,1,0,80.70254829525948,9.248788016183036e-06,189,1,0
79,23,23,0,0,1,9.238883427211217,"[0.0, 9.238883427211217]",9.238883427211217,8.571428571428571,9.238883427211217,3.133333333333327,0,1,0,80.02561542391777,9.238883427211217e-06,188,1,0
79,24,48,0,0,1,9.233646392822266,"[0.0, 9.233646392822266]",9.233646392822266,8.571428571428571,9.233646392822266,3.1499999999999937,0,1,0,80.4319775402546,9.233646392822266e-06,189,1,0
79,25,52,0,0,1,9.19515609741211,"[0.0, 9.19515609741211]",9.19515609741211,8.571428571428571,9.19515609741211,3.1499999999999937,0,1,0,80.7027807533741,9.195156097412109e-06,189,1,0
79,26,51,0,0,1,9.002527509416852,"[0.0, 9.002527509416852]",9.002527509416852,8.571428571428571,9.002527509416852,3.1166666666666605,0,1,0,79.35168102383614,9.002527509416852e-06,187,1,0
79,27,12,0,0,1,8.927797589983259,"[0.0, 8.927797589983259]",8.927797589983259,8.571428571428571,8.927797589983259,3.1166666666666605,0,1,0,79.35108399391174,8.927797589983259e-06,187,1,0
79,28,29,0,0,1,8.566875457763672,"[0.0, 8.566875457763672]",8.566875457763672,5.714285714285714,8.566875457763672,3.0833333333333273,0,1,0,78.00898285210133,8.566875457763672e-06,185,1,0
79,29,17,0,0,1,8.52414539882115,"[0.0, 8.52414539882115]",8.52414539882115,5.714285714285714,8.52414539882115,3.099999999999994,0,1,0,77.78897625207901,8.52414539882115e-06,186,1,0
79,30,8,0,0,1,8.453281947544642,"[0.0, 8.453281947544642]",8.453281947544642,5.714285714285714,8.453281947544642,3.0666666666666607,0,1,0,77.34098355472088,8.453281947544642e-06,184,1,0
79,31,38,0,0,1,8.445848737444196,"[0.0, 8.445848737444196]",8.445848737444196,5.714285714285714,8.445848737444196,3.0833333333333273,0,1,0,78.00896161794662,8.445848737444197e-06,185,1,0
79,32,18,0,0,1,8.406026022774833,"[0.0, 8.406026022774833]",8.406026022774833,5.714285714285714,8.406026022774833,3.0666666666666607,0,1,0,77.34162072837353,8.406026022774834e-06,184,1,0
79,33,45,0,0,0,8.327298845563616,"[0.0, 8.327298845563616]",8.327298845563616,5.714285714285714,8.327298845563616,3.099999999999994,0,1,0,77.47037354111671,8.327298845563616e-06,186,1,0
79,34,24,0,0,0,8.274547031947545,"[0.0, 8.274547031947545]",8.274547031947545,5.714285714285714,8.274547031947545,3.0666666666666607,0,1,0,77.34147524833679,8.274547031947545e-06,184,1,0
79,35,43,0,0,0,8.266094752720424,"[0.0, 8.266094752720424]",8.266094752720424,5.714285714285714,8.266094752720424,3.0666666666666607,0,1,0,77.34149731695652,8.266094752720424e-06,184,1,0
79,36,40,0,0,0,7.584146772112166,"[0.0, 7.584146772112166]",7.584146772112166,5.714285714285714,7.584146772112166,2.9833333333333276,0,1,0,73.62711498141289,7.5841467721121656e-06,179,1,0
79,37,61,0,0,0,7.4811472211565295,"[0.0, 7.4811472211565295]",7.4811472211565295,5.714285714285714,7.4811472211565295,2.966666666666661,0,1,0,73.38361217081547,7.4811472211565295e-06,178,1,0
79,38,27,0,0,0,5.71380615234375,"[0.0, 5.71380615234375]",5.71380615234375,2.857142857142857,5.71380615234375,2.3166666666666633,0,1,0,49.758580058813095,5.71380615234375e-06,139,1,0
79,39,34,0,0,0,5.61755589076451,"[0.0, 5.61755589076451]",5.61755589076451,2.857142857142857,5.61755589076451,2.28333333333333,0,1,0,48.64931555092335,5.617555890764509e-06,137,1,0
79,40,55,0,0,0,5.580111912318638,"[0.0, 5.580111912318638]",5.580111912318638,2.857142857142857,5.580111912318638,2.28333333333333,0,1,0,48.176076754927635,5.580111912318638e-06,137,1,0
79,41,16,0,0,0,5.552782331194196,"[0.0, 5.552782331194196]",5.552782331194196,2.857142857142857,5.552782331194196,2.2666666666666635,0,1,0,48.09819729626179,5.552782331194196e-06,136,1,0
79,42,25,0,0,0,5.513539995465959,"[0.0, 5.513539995465959]",5.513539995465959,2.857142857142857,5.513539995465959,2.249999999999997,0,1,0,47.54989689588547,5.513539995465959e-06,135,1,0
79,43,50,0,0,0,5.362527029854911,"[0.0, 5.362527029854911]",5.362527029854911,2.857142857142857,5.362527029854911,2.199999999999997,0,1,0,45.920125007629395,5.362527029854911e-06,132,1,0
79,44,46,0,0,0,5.361764090401786,"[0.0, 5.361764090401786]",5.361764090401786,2.857142857142857,5.361764090401786,2.199999999999997,0,1,0,45.92028030753136,5.361764090401786e-06,132,1,0
79,45,28,0,0,0,5.354336329868862,"[0.0, 5.354336329868862]",5.354336329868862,2.857142857142857,5.354336329868862,2.199999999999997,0,1,0,45.92059001326561,5.354336329868862e-06,132,1,0
79,46,35,0,0,0,5.3428867885044635,"[0.0, 5.3428867885044635]",5.3428867885044635,2.857142857142857,5.3428867885044635,2.199999999999997,0,1,0,45.92034833133221,5.342886788504463e-06,132,1,0
79,47,26,0,0,0,5.30773707798549,"[0.0, 5.30773707798549]",5.30773707798549,2.857142857142857,5.30773707798549,2.1833333333333305,0,1,0,45.38198330998421,5.30773707798549e-06,131,1,0
79,48,22,0,0,0,5.294658115931919,"[0.0, 5.294658115931919]",5.294658115931919,2.857142857142857,5.294658115931919,2.1833333333333305,0,1,0,45.382481306791306,5.294658115931919e-06,131,1,0
79,49,60,0,0,0,5.203154427664621,"[0.0, 5.203154427664621]",5.203154427664621,2.857142857142857,5.203154427664621,2.1499999999999972,0,1,0,44.314053907990456,5.2031544276646206e-06,129,1,0
79,50,53,0,0,0,5.155367170061384,"[0.0, 5.155367170061384]",5.155367170061384,2.857142857142857,5.155367170061384,2.1333333333333306,0,1,0,43.78378291428089,5.1553671700613836e-06,128,1,0
79,51,30,0,0,0,5.150609697614398,"[0.0, 5.150609697614398]",5.150609697614398,2.857142857142857,5.150609697614398,2.1333333333333306,0,1,0,43.7837101072073,5.150609697614397e-06,128,1,0
79,52,56,0,0,0,5.120680672781807,"[0.0, 5.120680672781807]",5.120680672781807,2.857142857142857,5.120680672781807,2.116666666666664,0,1,0,43.25611901283264,5.120680672781807e-06,127,1,0
79,53,19,0,0,0,4.913967677525111,"[0.0, 4.913967677525111]",4.913967677525111,2.857142857142857,4.913967677525111,2.0499999999999976,0,1,0,41.172277718782425,4.913967677525111e-06,123,1,0
79,54,21,0,0,0,4.874817984444754,"[0.0, 4.874817984444754]",4.874817984444754,2.857142857142857,4.874817984444754,2.033333333333331,0,1,0,40.658396407961845,4.8748179844447545e-06,122,1,0
79,55,9,0,0,0,4.715260096958705,"[0.0, 4.715260096958705]",4.715260096958705,2.857142857142857,4.715260096958705,1.9833333333333312,0,1,0,39.13111121952534,4.7152600969587046e-06,119,1,0
79,56,37,0,0,0,4.679478236607143,"[0.0, 4.679478236607143]",4.679478236607143,2.857142857142857,4.679478236607143,1.9666666666666646,0,1,0,38.627289324998856,4.679478236607143e-06,118,1,0
79,57,54,0,0,0,4.670688084193638,"[0.0, 4.670688084193638]",4.670688084193638,2.857142857142857,4.670688084193638,1.9666666666666646,0,1,0,38.62774974107742,4.670688084193638e-06,118,1,0
79,58,58,0,0,0,4.591990879603794,"[0.0, 4.591990879603794]",4.591990879603794,2.857142857142857,4.591990879603794,1.9333333333333313,0,1,0,37.6282894462347,4.591990879603795e-06,116,1,0
79,59,36,0,0,0,4.5806121826171875,"[0.0, 4.5806121826171875]",4.5806121826171875,2.857142857142857,4.5806121826171875,1.9333333333333313,0,1,0,37.628453865647316,4.580612182617187e-06,116,1,0
79,60,41,0,0,0,4.538138253348214,"[0.0, 4.538138253348214]",4.538138253348214,2.857142857142857,4.538138253348214,1.9166666666666647,0,1,0,37.13299636542797,4.538138253348215e-06,115,1,0
79,61,11,0,0,0,4.535413469587054,"[0.0, 4.535413469587054]",4.535413469587054,2.857142857142857,4.535413469587054,1.9166666666666647,0,1,0,37.133013874292374,4.535413469587053e-06,115,1,0
79,62,59,0,0,0,4.447773524693081,"[0.0, 4.447773524693081]",4.447773524693081,2.857142857142857,4.447773524693081,1.8833333333333315,0,1,0,36.1501993983984,4.4477735246930806e-06,113,1,0
79,63,13,0,0,0,3.652856009347098,"[0.0, 3.652856009347098]",3.652856009347098,2.857142857142857,3.652856009347098,5.099999999999987,0,1,0,25.348294178125798,3.652856009347098e-06,306,1,0
79,64,47,0,0,0,2.1083341326032365,"[0.0, 2.1083341326032365]",2.1083341326032365,0.0,2.1083341326032365,5.016666666666654,0,1,0,7.706810771502205,2.1083341326032365e-06,301,1,0
80,1,0,0,1,1,10.43133054460798,"[0.0, 10.43133054460798]",10.43133054460798,8.571428571428571,10.43133054460798,5.116666666666654,0,1,0,88.44709768891335,1.0431330544607978e-05,307,1,0
80,2,1,0,1,1,10.378456115722656,"[0.0, 10.378456115722656]",10.378456115722656,8.571428571428571,10.378456115722656,3.3166666666666598,0,1,0,87.59461161494255,1.0378456115722656e-05,199,1,0
80,3,2,0,1,1,10.370736803327288,"[0.0, 10.370736803327288]",10.370736803327288,8.571428571428571,10.370736803327288,3.3166666666666598,0,1,0,87.59476399421692,1.0370736803327288e-05,199,1,0
80,4,3,0,1,1,10.233088902064733,"[0.0, 10.233088902064733]",10.233088902064733,8.571428571428571,10.233088902064733,3.2833333333333266,0,1,0,86.19838900864124,1.0233088902064733e-05,197,1,0
80,5,4,0,1,1,10.206157139369418,"[0.0, 10.206157139369418]",10.206157139369418,8.571428571428571,10.206157139369418,3.2833333333333266,0,1,0,86.19815623760223,1.0206157139369418e-05,197,1,0
80,6,5,0,1,1,10.203189849853516,"[0.0, 10.203189849853516]",10.203189849853516,8.571428571428571,10.203189849853516,3.2833333333333266,0,1,0,86.16469928622246,1.0203189849853515e-05,197,1,0
80,7,6,0,1,1,10.197933741978236,"[0.0, 10.197933741978236]",10.197933741978236,8.571428571428571,10.197933741978236,3.2833333333333266,0,1,0,86.19837695360184,1.0197933741978236e-05,197,1,0
80,8,7,0,1,1,10.183086395263672,"[0.0, 10.183086395263672]",10.183086395263672,8.571428571428571,10.183086395263672,3.2833333333333266,0,1,0,86.19834478199482,1.0183086395263672e-05,197,1,0
80,9,62,0,0,1,10.139350891113281,"[0.0, 10.139350891113281]",10.139350891113281,8.571428571428571,10.139350891113281,3.2833333333333266,0,1,0,86.19821056723595,1.0139350891113282e-05,197,1,0
80,10,41,0,0,1,10.067005157470703,"[0.0, 10.067005157470703]",10.067005157470703,8.571428571428571,10.067005157470703,3.26666666666666,0,1,0,85.50362677872181,1.0067005157470703e-05,196,1,0
80,11,57,0,0,1,9.715281895228795,"[0.0, 9.715281895228795]",9.715281895228795,8.571428571428571,9.715281895228795,3.1999999999999935,0,1,0,82.74673733115196,9.715281895228795e-06,192,1,0
80,12,10,0,0,1,9.704783303397042,"[0.0, 9.704783303397042]",9.704783303397042,8.571428571428571,9.704783303397042,3.21666666666666,0,1,0,83.43298907577991,9.704783303397042e-06,193,1,0
80,13,58,0,0,1,9.691851479666573,"[0.0, 9.691851479666573]",9.691851479666573,8.571428571428571,9.691851479666573,3.1999999999999935,0,1,0,82.74672089517117,9.691851479666573e-06,192,1,0
80,14,15,0,0,1,9.68176977975028,"[0.0, 9.68176977975028]",9.68176977975028,8.571428571428571,9.68176977975028,3.1999999999999935,0,1,0,82.74639295041561,9.681769779750279e-06,192,1,0
80,15,59,0,0,1,9.636750902448382,"[0.0, 9.636750902448382]",9.636750902448382,8.571428571428571,9.636750902448382,3.1999999999999935,0,1,0,82.74629335105419,9.636750902448383e-06,192,1,0
80,16,55,0,0,1,9.59003176007952,"[0.0, 9.59003176007952]",9.59003176007952,8.571428571428571,9.59003176007952,3.183333333333327,0,1,0,82.06295569241047,9.59003176007952e-06,191,1,0
80,17,44,0,0,1,9.543734959193637,"[0.0, 9.543734959193637]",9.543734959193637,8.571428571428571,9.543734959193637,3.1999999999999935,0,1,0,82.74665543437004,9.543734959193638e-06,192,1,0
80,18,49,0,0,1,9.538495200020925,"[0.0, 9.538495200020925]",9.538495200020925,8.571428571428571,9.538495200020925,3.183333333333327,0,1,0,82.06344816088676,9.538495200020925e-06,191,1,0
80,19,38,0,0,1,9.460770743233816,"[0.0, 9.460770743233816]",9.460770743233816,8.571428571428571,9.460770743233816,3.1999999999999935,0,1,0,82.13437052071095,9.460770743233815e-06,192,1,0
80,20,13,0,0,1,9.416512080601283,"[0.0, 9.416512080601283]",9.416512080601283,8.571428571428571,9.416512080601283,3.1499999999999937,0,1,0,80.70271827280521,9.416512080601283e-06,189,1,0
80,21,63,0,0,1,9.408441271100726,"[0.0, 9.408441271100726]",9.408441271100726,8.571428571428571,9.408441271100726,3.1666666666666603,0,1,0,81.38157291710377,9.408441271100727e-06,190,1,0
80,22,33,0,0,1,9.318651471819196,"[0.0, 9.318651471819196]",9.318651471819196,8.571428571428571,9.318651471819196,3.1499999999999937,0,1,0,80.70279374718666,9.318651471819197e-06,189,1,0
80,23,53,0,0,1,9.274561745779856,"[0.0, 9.274561745779856]",9.274561745779856,8.571428571428571,9.274561745779856,3.1666666666666603,0,1,0,81.38170377910137,9.274561745779856e-06,190,1,0
80,24,61,0,0,1,9.136366162981306,"[0.0, 9.136366162981306]",9.136366162981306,8.571428571428571,9.136366162981306,3.1166666666666605,0,1,0,79.35105308890343,9.136366162981306e-06,187,1,0
80,25,16,0,0,1,9.114777701241628,"[0.0, 9.114777701241628]",9.114777701241628,8.571428571428571,9.114777701241628,3.1499999999999937,0,1,0,80.70255045592785,9.114777701241628e-06,189,1,0
80,26,27,0,0,1,9.09470694405692,"[0.0, 9.09470694405692]",9.09470694405692,8.571428571428571,9.09470694405692,3.133333333333327,0,1,0,80.02578324079514,9.09470694405692e-06,188,1,0
80,27,32,0,0,1,9.09332547869001,"[0.0, 9.09332547869001]",9.09332547869001,8.571428571428571,9.09332547869001,3.1166666666666605,0,1,0,79.35112898051739,9.093325478690011e-06,187,1,0
80,28,19,0,0,1,9.074764251708984,"[0.0, 9.074764251708984]",9.074764251708984,8.571428571428571,9.074764251708984,3.133333333333327,0,1,0,80.02562117576599,9.074764251708984e-06,188,1,0
80,29,18,0,0,1,9.016947065080917,"[0.0, 9.016947065080917]",9.016947065080917,8.571428571428571,9.016947065080917,3.133333333333327,0,1,0,80.02540199458599,9.016947065080916e-06,188,1,0
80,30,47,0,0,1,8.99493898664202,"[0.0, 8.99493898664202]",8.99493898664202,8.571428571428571,8.99493898664202,3.133333333333327,0,1,0,80.02570530772209,8.99493898664202e-06,188,1,0
80,31,23,0,0,1,8.99259294782366,"[0.0, 8.99259294782366]",8.99259294782366,8.571428571428571,8.99259294782366,3.133333333333327,0,1,0,80.02602949738503,8.99259294782366e-06,188,1,0
80,32,43,0,0,1,8.957672119140625,"[0.0, 8.957672119140625]",8.957672119140625,8.571428571428571,8.957672119140625,3.133333333333327,0,1,0,80.02560114860535,8.957672119140624e-06,188,1,0
80,33,39,0,0,0,8.827182224818639,"[0.0, 8.827182224818639]",8.827182224818639,8.571428571428571,8.827182224818639,3.099999999999994,0,1,0,78.67877116799355,8.82718222481864e-06,186,1,0
80,34,31,0,0,0,8.818713596888951,"[0.0, 8.818713596888951]",8.818713596888951,8.571428571428571,8.818713596888951,3.133333333333327,0,1,0,79.06317315995693,8.81871359688895e-06,188,1,0
80,35,21,0,0,0,8.663888658796036,"[0.0, 8.663888658796036]",8.663888658796036,8.571428571428571,8.663888658796036,3.133333333333327,0,1,0,80.02552510797977,8.663888658796037e-06,188,1,0
80,36,9,0,0,0,8.57485362461635,"[0.0, 8.57485362461635]",8.57485362461635,8.571428571428571,8.57485362461635,3.0833333333333273,0,1,0,78.00902490317822,8.57485362461635e-06,185,1,0
80,37,20,0,0,0,8.53170394897461,"[0.0, 8.53170394897461]",8.53170394897461,5.714285714285714,8.53170394897461,3.099999999999994,0,1,0,78.67895944416523,8.531703948974609e-06,186,1,0
80,38,14,0,0,0,8.390957968575615,"[0.0, 8.390957968575615]",8.390957968575615,5.714285714285714,8.390957968575615,3.2833333333333266,0,1,0,77.72549472749233,8.390957968575615e-06,197,1,0
80,39,25,0,0,0,8.34324972970145,"[0.0, 8.34324972970145]",8.34324972970145,5.714285714285714,8.34324972970145,3.299999999999993,0,1,0,77.48108044266701,8.34324972970145e-06,198,1,0
80,40,29,0,0,0,8.189969744001116,"[0.0, 8.189969744001116]",8.189969744001116,5.714285714285714,8.189969744001116,3.049999999999994,0,1,0,76.67636685073376,8.189969744001116e-06,183,1,0
80,41,46,0,0,0,8.049943106515068,"[0.0, 8.049943106515068]",8.049943106515068,5.714285714285714,8.049943106515068,3.0333333333333274,0,1,0,76.01281000673771,8.049943106515067e-06,182,1,0
80,42,51,0,0,0,7.142857142857142,"[0.0, 7.142857142857142]",7.142857142857142,5.714285714285714,7.142857142857142,2.8666666666666614,0,1,0,69.51026843488216,7.142857142857143e-06,172,1,0
80,43,30,0,0,0,6.8860898699079245,"[0.0, 6.8860898699079245]",6.8860898699079245,5.714285714285714,6.8860898699079245,2.666666666666662,0,1,0,61.87677791714668,6.886089869907925e-06,160,1,0
80,44,40,0,0,0,6.66762215750558,"[0.0, 6.66762215750558]",6.66762215750558,5.714285714285714,6.66762215750558,2.5999999999999956,0,1,0,59.59906402230263,6.66762215750558e-06,156,1,0
80,45,34,0,0,0,6.051139831542969,"[0.0, 6.051139831542969]",6.051139831542969,5.714285714285714,6.051139831542969,2.416666666666663,0,1,0,53.149115800857544,6.051139831542969e-06,145,1,0
80,46,36,0,0,0,5.749969482421875,"[0.0, 5.749969482421875]",5.749969482421875,5.714285714285714,5.749969482421875,2.33333333333333,0,1,0,50.31772145628929,5.749969482421875e-06,140,1,0
80,47,56,0,0,0,5.6575502668108255,"[0.0, 5.6575502668108255]",5.6575502668108255,2.857142857142857,5.6575502668108255,2.2999999999999967,0,1,0,49.20241488516331,5.657550266810825e-06,138,1,0
80,48,11,0,0,0,5.646400451660156,"[0.0, 5.646400451660156]",5.646400451660156,2.857142857142857,5.646400451660156,2.2999999999999967,0,1,0,49.20260478556156,5.646400451660156e-06,138,1,0
80,49,35,0,0,0,5.550177437918527,"[0.0, 5.550177437918527]",5.550177437918527,2.857142857142857,5.550177437918527,2.2666666666666635,0,1,0,48.0978919416666,5.550177437918527e-06,136,1,0
80,50,24,0,0,0,5.460395812988281,"[0.0, 5.460395812988281]",5.460395812988281,2.857142857142857,5.460395812988281,2.2333333333333303,0,1,0,47.003946185112,5.4603958129882815e-06,134,1,0
80,51,48,0,0,0,5.437747410365514,"[0.0, 5.437747410365514]",5.437747410365514,2.857142857142857,5.437747410365514,2.2333333333333303,0,1,0,47.00391583144665,5.437747410365514e-06,134,1,0
80,52,28,0,0,0,5.360597882952009,"[0.0, 5.360597882952009]",5.360597882952009,2.857142857142857,5.360597882952009,2.199999999999997,0,1,0,45.92002306878567,5.360597882952009e-06,132,1,0
80,53,60,0,0,0,5.358984810965402,"[0.0, 5.358984810965402]",5.358984810965402,2.857142857142857,5.358984810965402,2.199999999999997,0,1,0,45.920020803809166,5.358984810965402e-06,132,1,0
80,54,54,0,0,0,5.34393310546875,"[0.0, 5.34393310546875]",5.34393310546875,2.857142857142857,5.34393310546875,2.199999999999997,0,1,0,45.92033597826958,5.34393310546875e-06,132,1,0
80,55,22,0,0,0,5.274440220424107,"[0.0, 5.274440220424107]",5.274440220424107,2.857142857142857,5.274440220424107,2.166666666666664,0,1,0,44.84681935608387,5.2744402204241065e-06,130,1,0
80,56,17,0,0,0,5.251061575753348,"[0.0, 5.251061575753348]",5.251061575753348,2.857142857142857,5.251061575753348,2.166666666666664,0,1,0,44.84672047197819,5.251061575753348e-06,130,1,0
80,57,37,0,0,0,5.050108773367745,"[0.0, 5.050108773367745]",5.050108773367745,2.857142857142857,5.050108773367745,2.0999999999999974,0,1,0,42.731770277023315,5.050108773367745e-06,126,1,0
80,58,12,0,0,0,5.012419564383371,"[0.0, 5.012419564383371]",5.012419564383371,2.857142857142857,5.012419564383371,2.083333333333331,0,1,0,42.20902818441391,5.01241956438337e-06,125,1,0
80,59,52,0,0,0,4.722922188895089,"[0.0, 4.722922188895089]",4.722922188895089,2.857142857142857,4.722922188895089,1.9833333333333312,0,1,0,39.13119314610958,4.722922188895089e-06,119,1,0
80,60,50,0,0,0,4.722317286900111,"[0.0, 4.722317286900111]",4.722317286900111,2.857142857142857,4.722317286900111,1.9833333333333312,0,1,0,39.13133171200752,4.722317286900111e-06,119,1,0
80,61,26,0,0,0,4.719112941196987,"[0.0, 4.719112941196987]",4.719112941196987,2.857142857142857,4.719112941196987,1.9833333333333312,0,1,0,39.131007105112076,4.719112941196987e-06,119,1,0
80,62,8,0,0,0,4.678769792829241,"[0.0, 4.678769792829241]",4.678769792829241,2.857142857142857,4.678769792829241,1.9666666666666646,0,1,0,38.62740211188793,4.6787697928292415e-06,118,1,0
80,63,45,0,0,0,4.635947091238839,"[0.0, 4.635947091238839]",4.635947091238839,2.857142857142857,4.635947091238839,1.949999999999998,0,1,0,38.12641569972038,4.635947091238839e-06,117,1,0
80,64,42,0,0,0,4.266362871442523,"[0.0, 4.266362871442523]",4.266362871442523,2.857142857142857,4.266362871442523,1.816666666666665,0,1,0,34.21680364012718,4.266362871442522e-06,109,1,0
81,1,0,0,1,1,10.43133054460798,"[0.0, 10.43133054460798]",10.43133054460798,8.571428571428571,10.43133054460798,5.116666666666654,0,1,0,88.44709768891335,1.0431330544607978e-05,307,1,0
81,2,1,0,1,1,10.378456115722656,"[0.0, 10.378456115722656]",10.378456115722656,8.571428571428571,10.378456115722656,3.3166666666666598,0,1,0,87.59461161494255,1.0378456115722656e-05,199,1,0
81,3,2,0,1,1,10.370736803327288,"[0.0, 10.370736803327288]",10.370736803327288,8.571428571428571,10.370736803327288,3.3166666666666598,0,1,0,87.59476399421692,1.0370736803327288e-05,199,1,0
81,4,3,0,1,1,10.233088902064733,"[0.0, 10.233088902064733]",10.233088902064733,8.571428571428571,10.233088902064733,3.2833333333333266,0,1,0,86.19838900864124,1.0233088902064733e-05,197,1,0
81,5,4,0,1,1,10.206157139369418,"[0.0, 10.206157139369418]",10.206157139369418,8.571428571428571,10.206157139369418,3.2833333333333266,0,1,0,86.19815623760223,1.0206157139369418e-05,197,1,0
81,6,5,0,1,1,10.203189849853516,"[0.0, 10.203189849853516]",10.203189849853516,8.571428571428571,10.203189849853516,3.2833333333333266,0,1,0,86.16469928622246,1.0203189849853515e-05,197,1,0
81,7,6,0,1,1,10.197933741978236,"[0.0, 10.197933741978236]",10.197933741978236,8.571428571428571,10.197933741978236,3.2833333333333266,0,1,0,86.19837695360184,1.0197933741978236e-05,197,1,0
81,8,7,0,1,1,10.183086395263672,"[0.0, 10.183086395263672]",10.183086395263672,8.571428571428571,10.183086395263672,3.2833333333333266,0,1,0,86.19834478199482,1.0183086395263672e-05,197,1,0
81,9,62,0,0,1,10.068037850516182,"[0.0, 10.068037850516182]",10.068037850516182,8.571428571428571,10.068037850516182,3.2833333333333266,0,1,0,85.08182340860367,1.0068037850516183e-05,197,1,0
81,10,58,0,0,1,10.046994345528738,"[0.0, 10.046994345528738]",10.046994345528738,8.571428571428571,10.046994345528738,3.2499999999999933,0,1,0,84.81095013022423,1.0046994345528738e-05,195,1,0
81,11,30,0,0,1,10.018315996442523,"[0.0, 10.018315996442523]",10.018315996442523,8.571428571428571,10.018315996442523,3.2499999999999933,0,1,0,84.81091232597828,1.0018315996442523e-05,195,1,0
81,12,44,0,0,1,9.769434247698102,"[0.0, 9.769434247698102]",9.769434247698102,8.571428571428571,9.769434247698102,3.3666666666666596,0,1,0,83.38733558356762,9.769434247698102e-06,202,1,0
81,13,48,0,0,1,9.755017416817802,"[0.0, 9.755017416817802]",9.755017416817802,8.571428571428571,9.755017416817802,3.21666666666666,0,1,0,83.4329982995987,9.755017416817802e-06,193,1,0
81,14,50,0,0,1,9.752962929861885,"[0.0, 9.752962929861885]",9.752962929861885,8.571428571428571,9.752962929861885,3.21666666666666,0,1,0,83.43247811496258,9.752962929861886e-06,193,1,0
81,15,63,0,0,1,9.727374485560826,"[0.0, 9.727374485560826]",9.727374485560826,8.571428571428571,9.727374485560826,3.2499999999999933,0,1,0,83.64563846588135,9.727374485560827e-06,195,1,0
81,16,46,0,0,1,9.684513636997767,"[0.0, 9.684513636997767]",9.684513636997767,8.571428571428571,9.684513636997767,3.1999999999999935,0,1,0,82.74639043211937,9.684513636997768e-06,192,1,0
81,17,60,0,0,1,9.575909205845425,"[0.0, 9.575909205845425]",9.575909205845425,8.571428571428571,9.575909205845425,3.183333333333327,0,1,0,82.06287947297096,9.575909205845426e-06,191,1,0
81,18,59,0,0,1,9.544124603271484,"[0.0, 9.544124603271484]",9.544124603271484,8.571428571428571,9.544124603271484,3.183333333333327,0,1,0,82.06276378035545,9.544124603271484e-06,191,1,0
81,19,18,0,0,1,9.37446321759905,"[0.0, 9.37446321759905]",9.37446321759905,8.571428571428571,9.37446321759905,3.1666666666666603,0,1,0,81.38172182440758,9.374463217599051e-06,190,1,0
81,20,32,0,0,1,9.323569706508092,"[0.0, 9.323569706508092]",9.323569706508092,8.571428571428571,9.323569706508092,3.1666666666666603,0,1,0,81.38193812966347,9.323569706508093e-06,190,1,0
81,21,47,0,0,1,9.283346448625837,"[0.0, 9.283346448625837]",9.283346448625837,8.571428571428571,9.283346448625837,3.1499999999999937,0,1,0,80.64051991701126,9.283346448625838e-06,189,1,0
81,22,8,0,0,1,9.252817971365793,"[0.0, 9.252817971365793]",9.252817971365793,8.571428571428571,9.252817971365793,3.1666666666666603,0,1,0,81.38161374628544,9.252817971365794e-06,190,1,0
81,23,9,0,0,1,9.237640925816129,"[0.0, 9.237640925816129]",9.237640925816129,8.571428571428571,9.237640925816129,3.1666666666666603,0,1,0,81.38158702850342,9.237640925816128e-06,190,1,0
81,24,61,0,0,1,9.190428597586497,"[0.0, 9.190428597586497]",9.190428597586497,8.571428571428571,9.190428597586497,3.1499999999999937,0,1,0,80.70246395468712,9.190428597586497e-06,189,1,0
81,25,56,0,0,1,9.071243831089564,"[0.0, 9.071243831089564]",9.071243831089564,8.571428571428571,9.071243831089564,3.133333333333327,0,1,0,80.02579858899117,9.071243831089564e-06,188,1,0
81,26,14,0,0,1,9.047339303152901,"[0.0, 9.047339303152901]",9.047339303152901,8.571428571428571,9.047339303152901,3.133333333333327,0,1,0,80.02589526772499,9.047339303152901e-06,188,1,0
81,27,41,0,0,1,9.013560158865792,"[0.0, 9.013560158865792]",9.013560158865792,8.571428571428571,9.013560158865792,3.133333333333327,0,1,0,80.02539238333702,9.013560158865791e-06,188,1,0
81,28,19,0,0,1,8.954571315220424,"[0.0, 8.954571315220424]",8.954571315220424,8.571428571428571,8.954571315220424,3.1166666666666605,0,1,0,79.35086259245872,8.954571315220424e-06,187,1,0
81,29,36,0,0,1,8.908732278006418,"[0.0, 8.908732278006418]",8.908732278006418,8.571428571428571,8.908732278006418,3.26666666666666,0,1,0,79.67483113706112,8.90873227800642e-06,196,1,0
81,30,38,0,0,1,8.898977552141464,"[0.0, 8.898977552141464]",8.898977552141464,8.571428571428571,8.898977552141464,3.1166666666666605,0,1,0,79.3510220348835,8.898977552141464e-06,187,1,0
81,31,10,0,0,1,8.852323804582868,"[0.0, 8.852323804582868]",8.852323804582868,8.571428571428571,8.852323804582868,3.9333333333333242,0,1,0,79.08403618633747,8.852323804582867e-06,236,1,0
81,32,24,0,0,1,8.75894546508789,"[0.0, 8.75894546508789]",8.75894546508789,8.571428571428571,8.75894546508789,3.099999999999994,0,1,0,78.67872340977192,8.75894546508789e-06,186,1,0
81,33,53,0,0,0,8.521406991141182,"[0.0, 8.521406991141182]",8.521406991141182,5.714285714285714,8.521406991141182,3.0833333333333273,0,1,0,78.00900563597679,8.521406991141183e-06,185,1,0
81,34,28,0,0,0,8.520586831229075,"[0.0, 8.520586831229075]",8.520586831229075,5.714285714285714,8.520586831229075,3.0833333333333273,0,1,0,78.00889444351196,8.520586831229075e-06,185,1,0
81,35,13,0,0,0,8.357492174421038,"[0.0, 8.357492174421038]",8.357492174421038,5.714285714285714,8.357492174421038,3.0833333333333273,0,1,0,78.00911705195904,8.357492174421039e-06,185,1,0
81,36,29,0,0,0,8.34441593715123,"[0.0, 8.34441593715123]",8.34441593715123,5.714285714285714,8.34441593715123,3.0833333333333273,0,1,0,78.00932694971561,8.344415937151229e-06,185,1,0
81,37,15,0,0,0,8.305143628801618,"[0.0, 8.305143628801618]",8.305143628801618,5.714285714285714,8.305143628801618,3.049999999999994,0,1,0,76.67612254619598,8.305143628801617e-06,183,1,0
81,38,54,0,0,0,8.264402662004745,"[0.0, 8.264402662004745]",8.264402662004745,5.714285714285714,8.264402662004745,3.0666666666666607,0,1,0,77.34140062332153,8.264402662004745e-06,184,1,0
81,39,52,0,0,0,8.133689335414342,"[0.0, 8.133689335414342]",8.133689335414342,5.714285714285714,8.133689335414342,3.2333333333333267,0,1,0,76.44963915646076,8.133689335414342e-06,194,1,0
81,40,33,0,0,0,8.117735726492747,"[0.0, 8.117735726492747]",8.117735726492747,5.714285714285714,8.117735726492747,3.049999999999994,0,1,0,76.67625406384468,8.117735726492747e-06,183,1,0
81,41,34,0,0,0,8.020390101841517,"[0.0, 8.020390101841517]",8.020390101841517,5.714285714285714,8.020390101841517,3.0333333333333274,0,1,0,76.0130836814642,8.020390101841517e-06,182,1,0
81,42,17,0,0,0,7.966199602399554,"[0.0, 7.966199602399554]",7.966199602399554,5.714285714285714,7.966199602399554,3.0333333333333274,0,1,0,76.01310774683952,7.966199602399553e-06,182,1,0
81,43,12,0,0,0,7.822469983782088,"[0.0, 7.822469983782088]",7.822469983782088,5.714285714285714,7.822469983782088,2.9999999999999942,0,1,0,74.50404930114746,7.822469983782089e-06,180,1,0
81,44,40,0,0,0,7.461697714669365,"[0.0, 7.461697714669365]",7.461697714669365,5.714285714285714,7.461697714669365,2.9499999999999944,0,1,0,72.73228222131729,7.4616977146693644e-06,177,1,0
81,45,49,0,0,0,7.142857142857142,"[0.0, 7.142857142857142]",7.142857142857142,5.714285714285714,7.142857142857142,2.7833333333333283,0,1,0,66.20610216259956,7.142857142857143e-06,167,1,0
81,46,57,0,0,0,5.946568080357143,"[0.0, 5.946568080357143]",5.946568080357143,5.714285714285714,5.946568080357143,6.9999999999999805,0,1,0,51.113028706022305,5.946568080357143e-06,420,1,0
81,47,25,0,0,0,5.698231288364956,"[0.0, 5.698231288364956]",5.698231288364956,2.857142857142857,5.698231288364956,2.3166666666666633,0,1,0,49.7586567401886,5.698231288364956e-06,139,1,0
81,48,20,0,0,0,5.671212332589286,"[0.0, 5.671212332589286]",5.671212332589286,2.857142857142857,5.671212332589286,2.2999999999999967,0,1,0,49.2026692032814,5.671212332589285e-06,138,1,0
81,49,22,0,0,0,5.651506696428572,"[0.0, 5.651506696428572]",5.651506696428572,2.857142857142857,5.651506696428572,2.2999999999999967,0,1,0,49.20248757302761,5.651506696428572e-06,138,1,0
81,50,51,0,0,0,5.5045863560267865,"[0.0, 5.5045863560267865]",5.5045863560267865,2.857142857142857,5.5045863560267865,2.249999999999997,0,1,0,47.54970136284828,5.504586356026786e-06,135,1,0
81,51,45,0,0,0,5.418821062360491,"[0.0, 5.418821062360491]",5.418821062360491,2.857142857142857,5.418821062360491,2.533333333333329,0,1,0,46.56306856870651,5.418821062360491e-06,152,1,0
81,52,39,0,0,0,5.403540475027901,"[0.0, 5.403540475027901]",5.403540475027901,2.857142857142857,5.403540475027901,2.2166666666666637,0,1,0,46.460863083601,5.403540475027901e-06,133,1,0
81,53,43,0,0,0,5.347508021763392,"[0.0, 5.347508021763392]",5.347508021763392,2.857142857142857,5.347508021763392,2.199999999999997,0,1,0,45.920285776257515,5.347508021763392e-06,132,1,0
81,54,21,0,0,0,5.241377694266183,"[0.0, 5.241377694266183]",5.241377694266183,2.857142857142857,5.241377694266183,2.166666666666664,0,1,0,44.846629440784454,5.241377694266183e-06,130,1,0
81,55,31,0,0,0,5.159263610839844,"[0.0, 5.159263610839844]",5.159263610839844,2.857142857142857,5.159263610839844,2.1333333333333306,0,1,0,43.78363378345966,5.159263610839844e-06,128,1,0
81,56,27,0,0,0,5.147983006068638,"[0.0, 5.147983006068638]",5.147983006068638,2.857142857142857,5.147983006068638,2.1333333333333306,0,1,0,43.78380925953388,5.147983006068638e-06,128,1,0
81,57,42,0,0,0,5.120419093540737,"[0.0, 5.120419093540737]",5.120419093540737,2.857142857142857,5.120419093540737,2.116666666666664,0,1,0,43.25625750422478,5.120419093540737e-06,127,1,0
81,58,23,0,0,0,5.011623927525111,"[0.0, 5.011623927525111]",5.011623927525111,2.857142857142857,5.011623927525111,2.083333333333331,0,1,0,42.20890675485134,5.011623927525111e-06,125,1,0
81,59,37,0,0,0,4.999264308384486,"[0.0, 4.999264308384486]",4.999264308384486,2.857142857142857,4.999264308384486,2.083333333333331,0,1,0,42.209064573049545,4.999264308384486e-06,125,1,0
81,60,26,0,0,0,4.923504420689174,"[0.0, 4.923504420689174]",4.923504420689174,2.857142857142857,4.923504420689174,2.0499999999999976,0,1,0,41.17243009805679,4.923504420689174e-06,123,1,0
81,61,55,0,0,0,4.770535060337611,"[0.0, 4.770535060337611]",4.770535060337611,2.857142857142857,4.770535060337611,1.9999999999999978,0,1,0,39.63750596344471,4.770535060337611e-06,120,1,0
81,62,16,0,0,0,4.562764848981585,"[0.0, 4.562764848981585]",4.562764848981585,2.857142857142857,4.562764848981585,1.9333333333333313,0,1,0,37.425755470991135,4.562764848981585e-06,116,1,0
81,63,11,0,0,0,1.8737901960100445,"[0.0, 1.8737901960100445]",1.8737901960100445,0.0,1.8737901960100445,5.016666666666654,0,1,0,5.181071758328471,1.8737901960100445e-06,301,1,0
81,64,35,0,0,0,1.8725476946149553,"[0.0, 1.8725476946149553]",1.8725476946149553,0.0,1.8725476946149553,5.016666666666654,0,1,0,5.182027896444197,1.8725476946149553e-06,301,1,0
82,1,0,0,1,1,10.43133054460798,"[0.0, 10.43133054460798]",10.43133054460798,8.571428571428571,10.43133054460798,5.116666666666654,0,1,0,88.44709768891335,1.0431330544607978e-05,307,1,0
82,2,1,0,1,1,10.378456115722656,"[0.0, 10.378456115722656]",10.378456115722656,8.571428571428571,10.378456115722656,3.3166666666666598,0,1,0,87.59461161494255,1.0378456115722656e-05,199,1,0
82,3,2,0,1,1,10.370736803327288,"[0.0, 10.370736803327288]",10.370736803327288,8.571428571428571,10.370736803327288,3.3166666666666598,0,1,0,87.59476399421692,1.0370736803327288e-05,199,1,0
82,4,3,0,1,1,10.233088902064733,"[0.0, 10.233088902064733]",10.233088902064733,8.571428571428571,10.233088902064733,3.2833333333333266,0,1,0,86.19838900864124,1.0233088902064733e-05,197,1,0
82,5,4,0,1,1,10.206157139369418,"[0.0, 10.206157139369418]",10.206157139369418,8.571428571428571,10.206157139369418,3.2833333333333266,0,1,0,86.19815623760223,1.0206157139369418e-05,197,1,0
82,6,5,0,1,1,10.203189849853516,"[0.0, 10.203189849853516]",10.203189849853516,8.571428571428571,10.203189849853516,3.2833333333333266,0,1,0,86.16469928622246,1.0203189849853515e-05,197,1,0
82,7,6,0,1,1,10.197933741978236,"[0.0, 10.197933741978236]",10.197933741978236,8.571428571428571,10.197933741978236,3.2833333333333266,0,1,0,86.19837695360184,1.0197933741978236e-05,197,1,0
82,8,7,0,1,1,10.183086395263672,"[0.0, 10.183086395263672]",10.183086395263672,8.571428571428571,10.183086395263672,3.2833333333333266,0,1,0,86.19834478199482,1.0183086395263672e-05,197,1,0
82,9,23,0,0,1,10.047449384416852,"[0.0, 10.047449384416852]",10.047449384416852,8.571428571428571,10.047449384416852,3.4166666666666594,0,1,0,85.28919771313667,1.0047449384416852e-05,205,1,0
82,10,63,0,0,1,9.981997353690012,"[0.0, 9.981997353690012]",9.981997353690012,8.571428571428571,9.981997353690012,3.2499999999999933,0,1,0,84.81098721921444,9.981997353690012e-06,195,1,0
82,11,53,0,0,1,9.7668947492327,"[0.0, 9.7668947492327]",9.7668947492327,8.571428571428571,9.7668947492327,3.21666666666666,0,1,0,83.43228624761105,9.7668947492327e-06,193,1,0
82,12,43,0,0,1,9.685497283935547,"[0.0, 9.685497283935547]",9.685497283935547,8.571428571428571,9.685497283935547,3.21666666666666,0,1,0,83.43221935629845,9.685497283935546e-06,193,1,0
82,13,42,0,0,1,9.606274196079799,"[0.0, 9.606274196079799]",9.606274196079799,8.571428571428571,9.606274196079799,3.1999999999999935,0,1,0,82.74703635275364,9.606274196079798e-06,192,1,0
82,14,9,0,0,1,9.60345949445452,"[0.0, 9.60345949445452]",9.60345949445452,8.571428571428571,9.60345949445452,3.26666666666666,0,1,0,83.15430283546448,9.60345949445452e-06,196,1,0
82,15,52,0,0,1,9.589157104492188,"[0.0, 9.589157104492188]",9.589157104492188,8.571428571428571,9.589157104492188,3.183333333333327,0,1,0,82.06301891803741,9.589157104492187e-06,191,1,0
82,16,44,0,0,1,9.580538613455635,"[0.0, 9.580538613455635]",9.580538613455635,8.571428571428571,9.580538613455635,3.183333333333327,0,1,0,82.06299795210361,9.580538613455636e-06,191,1,0
82,17,54,0,0,1,9.42591803414481,"[0.0, 9.42591803414481]",9.42591803414481,8.571428571428571,9.42591803414481,3.1666666666666603,0,1,0,81.38153420388699,9.425918034144811e-06,190,1,0
82,18,18,0,0,1,9.353307996477401,"[0.0, 9.353307996477401]",9.353307996477401,8.571428571428571,9.353307996477401,3.1499999999999937,0,1,0,80.63110117614269,9.353307996477401e-06,189,1,0
82,19,25,0,0,1,9.335705893380302,"[0.0, 9.335705893380302]",9.335705893380302,8.571428571428571,9.335705893380302,3.1666666666666603,0,1,0,81.38183327019215,9.335705893380303e-06,190,1,0
82,20,47,0,0,1,9.158464159284318,"[0.0, 9.158464159284318]",9.158464159284318,8.571428571428571,9.158464159284318,3.1499999999999937,0,1,0,80.70277294516563,9.158464159284317e-06,189,1,0
82,21,50,0,0,1,9.122646876743861,"[0.0, 9.122646876743861]",9.122646876743861,8.571428571428571,9.122646876743861,3.133333333333327,0,1,0,80.0261000841856,9.122646876743862e-06,188,1,0
82,22,15,0,0,1,9.042592729840958,"[0.0, 9.042592729840958]",9.042592729840958,8.571428571428571,9.042592729840958,3.133333333333327,0,1,0,80.02578318119049,9.042592729840959e-06,188,1,0
82,23,40,0,0,1,8.966827392578125,"[0.0, 8.966827392578125]",8.966827392578125,8.571428571428571,8.966827392578125,3.133333333333327,0,1,0,80.02572876214981,8.966827392578125e-06,188,1,0
82,24,12,0,0,1,8.920857565743583,"[0.0, 8.920857565743583]",8.920857565743583,8.571428571428571,8.920857565743583,3.133333333333327,0,1,0,80.02596175670624,8.920857565743584e-06,188,1,0
82,25,46,0,0,1,8.821234021868024,"[0.0, 8.821234021868024]",8.821234021868024,8.571428571428571,8.821234021868024,3.133333333333327,0,1,0,80.02625031769276,8.821234021868025e-06,188,1,0
82,26,26,0,0,1,8.647128513881139,"[0.0, 8.647128513881139]",8.647128513881139,8.571428571428571,8.647128513881139,3.133333333333327,0,1,0,78.63557125627995,8.647128513881139e-06,188,1,0
82,27,57,0,0,1,8.53607450212751,"[0.0, 8.53607450212751]",8.53607450212751,5.714285714285714,8.53607450212751,3.0833333333333273,0,1,0,78.00938318669796,8.536074502127511e-06,185,1,0
82,28,10,0,0,1,8.49855967930385,"[0.0, 8.49855967930385]",8.49855967930385,5.714285714285714,8.49855967930385,3.0833333333333273,0,1,0,77.97050438821316,8.49855967930385e-06,185,1,0
82,29,16,0,0,1,8.466003962925502,"[0.0, 8.466003962925502]",8.466003962925502,5.714285714285714,8.466003962925502,3.099999999999994,0,1,0,78.67879928648472,8.466003962925501e-06,186,1,0
82,30,49,0,0,1,8.38484627859933,"[0.0, 8.38484627859933]",8.38484627859933,5.714285714285714,8.38484627859933,3.0666666666666607,0,1,0,77.34152156114578,8.38484627859933e-06,184,1,0
82,31,39,0,0,1,8.340789249965123,"[0.0, 8.340789249965123]",8.340789249965123,5.714285714285714,8.340789249965123,3.0833333333333273,0,1,0,78.00947549939156,8.340789249965123e-06,185,1,0
82,32,55,0,0,1,8.215767996651786,"[0.0, 8.215767996651786]",8.215767996651786,5.714285714285714,8.215767996651786,3.049999999999994,0,1,0,76.67558586597443,8.215767996651786e-06,183,1,0
82,33,24,0,0,0,7.762843540736607,"[0.0, 7.762843540736607]",7.762843540736607,5.714285714285714,7.762843540736607,2.9999999999999942,0,1,0,74.69348844885826,7.762843540736607e-06,180,1,0
82,34,60,0,0,0,7.656506129673549,"[0.0, 7.656506129673549]",7.656506129673549,5.714285714285714,7.656506129673549,2.9999999999999942,0,1,0,74.18923641741276,7.656506129673548e-06,180,1,0
82,35,28,0,0,0,7.477294376918247,"[0.0, 7.477294376918247]",7.477294376918247,5.714285714285714,7.477294376918247,2.9499999999999944,0,1,0,72.73226146399975,7.4772943769182476e-06,177,1,0
82,36,31,0,0,0,7.351581028529576,"[0.0, 7.351581028529576]",7.351581028529576,5.714285714285714,7.351581028529576,2.933333333333328,0,1,0,72.08292952179909,7.351581028529576e-06,176,1,0
82,37,32,0,0,0,7.142857142857142,"[0.0, 7.142857142857142]",7.142857142857142,5.714285714285714,7.142857142857142,2.833333333333328,0,1,0,68.23753698170185,7.142857142857143e-06,170,1,0
82,38,33,0,0,0,7.142857142857142,"[0.0, 7.142857142857142]",7.142857142857142,5.714285714285714,7.142857142857142,2.8166666666666615,0,1,0,67.60466855764389,7.142857142857143e-06,169,1,0
82,39,36,0,0,0,7.142857142857142,"[0.0, 7.142857142857142]",7.142857142857142,5.714285714285714,7.142857142857142,2.7833333333333283,0,1,0,66.34653620421886,7.142857142857143e-06,167,1,0
82,40,41,0,0,0,6.794962201799665,"[0.0, 6.794962201799665]",6.794962201799665,5.714285714285714,6.794962201799665,2.633333333333329,0,1,0,60.80409002304077,6.794962201799665e-06,158,1,0
82,41,37,0,0,0,6.676826477050782,"[0.0, 6.676826477050782]",6.676826477050782,5.714285714285714,6.676826477050782,2.5999999999999956,0,1,0,59.59922853112221,6.676826477050782e-06,156,1,0
82,42,29,0,0,0,6.265444074358259,"[0.0, 6.265444074358259]",6.265444074358259,5.714285714285714,6.265444074358259,2.4833333333333294,0,1,0,55.45949190855026,6.265444074358258e-06,149,1,0
82,43,22,0,0,0,5.906426565987723,"[0.0, 5.906426565987723]",5.906426565987723,5.714285714285714,5.906426565987723,8.566666666666672,0,1,0,53.16827536269557,5.906426565987723e-06,514,1,0
82,44,30,0,0,0,5.766590663364955,"[0.0, 5.766590663364955]",5.766590663364955,5.714285714285714,5.766590663364955,2.33333333333333,0,1,0,50.31723213195801,5.766590663364955e-06,140,1,0
82,45,20,0,0,0,5.597463335309709,"[0.0, 5.597463335309709]",5.597463335309709,2.857142857142857,5.597463335309709,2.28333333333333,0,1,0,48.64903490245342,5.597463335309709e-06,137,1,0
82,46,62,0,0,0,5.589893886021206,"[0.0, 5.589893886021206]",5.589893886021206,2.857142857142857,5.589893886021206,2.28333333333333,0,1,0,48.64912228286266,5.589893886021206e-06,137,1,0
82,47,59,0,0,0,5.550776890345982,"[0.0, 5.550776890345982]",5.550776890345982,2.857142857142857,5.550776890345982,2.2666666666666635,0,1,0,48.09821154177189,5.550776890345982e-06,136,1,0
82,48,14,0,0,0,5.360407148088727,"[0.0, 5.360407148088727]",5.360407148088727,2.857142857142857,5.360407148088727,2.199999999999997,0,1,0,45.92013718187809,5.360407148088727e-06,132,1,0
82,49,34,0,0,0,5.299083164760045,"[0.0, 5.299083164760045]",5.299083164760045,2.857142857142857,5.299083164760045,2.1833333333333305,0,1,0,45.38208934664726,5.299083164760045e-06,131,1,0
82,50,48,0,0,0,5.214870997837612,"[0.0, 5.214870997837612]",5.214870997837612,2.857142857142857,5.214870997837612,2.1499999999999972,0,1,0,44.314044296741486,5.214870997837612e-06,129,1,0
82,51,17,0,0,0,5.205247061593192,"[0.0, 5.205247061593192]",5.205247061593192,2.857142857142857,5.205247061593192,2.1499999999999972,0,1,0,44.31410773098469,5.205247061593192e-06,129,1,0
82,52,8,0,0,0,5.095045907156808,"[0.0, 5.095045907156808]",5.095045907156808,2.857142857142857,5.095045907156808,2.116666666666664,0,1,0,43.25614637136459,5.095045907156808e-06,127,1,0
82,53,56,0,0,0,5.072724478585379,"[0.0, 5.072724478585379]",5.072724478585379,2.857142857142857,5.072724478585379,2.0999999999999974,0,1,0,42.73137195408344,5.072724478585379e-06,126,1,0
82,54,45,0,0,0,5.016484941755022,"[0.0, 5.016484941755022]",5.016484941755022,2.857142857142857,5.016484941755022,2.083333333333331,0,1,0,42.20884297788143,5.016484941755022e-06,125,1,0
82,55,35,0,0,0,5.015705653599331,"[0.0, 5.015705653599331]",5.015705653599331,2.857142857142857,5.015705653599331,2.083333333333331,0,1,0,42.20918479561806,5.015705653599331e-06,125,1,0
82,56,51,0,0,0,5.0087738037109375,"[0.0, 5.0087738037109375]",5.0087738037109375,2.857142857142857,5.0087738037109375,2.083333333333331,0,1,0,42.2088767439127,5.008773803710938e-06,125,1,0
82,57,58,0,0,0,4.998321533203125,"[0.0, 4.998321533203125]",4.998321533203125,2.857142857142857,4.998321533203125,2.083333333333331,0,1,0,42.208973810076714,4.998321533203125e-06,125,1,0
82,58,19,0,0,0,4.859651838030134,"[0.0, 4.859651838030134]",4.859651838030134,2.857142857142857,4.859651838030134,2.033333333333331,0,1,0,40.65790395438671,4.8596518380301334e-06,122,1,0
82,59,11,0,0,0,4.72060067313058,"[0.0, 4.72060067313058]",4.72060067313058,2.857142857142857,4.72060067313058,1.9833333333333312,0,1,0,39.131189569830894,4.72060067313058e-06,119,1,0
82,60,61,0,0,0,4.4284548078264505,"[0.0, 4.4284548078264505]",4.4284548078264505,2.857142857142857,4.4284548078264505,1.8833333333333315,0,1,0,36.14981625974178,4.42845480782645e-06,113,1,0
82,61,38,0,0,0,2.1515274047851562,"[0.0, 2.1515274047851562]",2.1515274047851562,0.0,2.1515274047851562,5.016666666666654,0,1,0,8.214115255097568,2.1515274047851563e-06,301,1,0
82,62,13,0,0,0,2.1192332676478793,"[0.0, 2.1192332676478793]",2.1192332676478793,0.0,2.1192332676478793,5.016666666666654,0,1,0,7.826218129404879,2.1192332676478795e-06,301,1,0
82,63,27,0,0,0,2.111353193010603,"[0.0, 2.111353193010603]",2.111353193010603,0.0,2.111353193010603,5.016666666666654,0,1,0,7.705903376991046,2.111353193010603e-06,301,1,0
82,64,21,0,0,0,1.8934522356305803,"[0.0, 1.8934522356305803]",1.8934522356305803,0.0,1.8934522356305803,5.016666666666654,0,1,0,5.288217594381422,1.8934522356305803e-06,301,1,0
83,1,0,0,1,1,10.43133054460798,"[0.0, 10.43133054460798]",10.43133054460798,8.571428571428571,10.43133054460798,5.116666666666654,0,1,0,88.44709768891335,1.0431330544607978e-05,307,1,0
83,2,1,0,1,1,10.378456115722656,"[0.0, 10.378456115722656]",10.378456115722656,8.571428571428571,10.378456115722656,3.3166666666666598,0,1,0,87.59461161494255,1.0378456115722656e-05,199,1,0
83,3,2,0,1,1,10.370736803327288,"[0.0, 10.370736803327288]",10.370736803327288,8.571428571428571,10.370736803327288,3.3166666666666598,0,1,0,87.59476399421692,1.0370736803327288e-05,199,1,0
83,4,33,0,1,1,10.243524823869977,"[0.0, 10.243524823869977]",10.243524823869977,8.571428571428571,10.243524823869977,3.3166666666666598,0,1,0,86.96494564414024,1.0243524823869978e-05,199,1,0
83,5,3,0,1,1,10.233088902064733,"[0.0, 10.233088902064733]",10.233088902064733,8.571428571428571,10.233088902064733,3.2833333333333266,0,1,0,86.19838900864124,1.0233088902064733e-05,197,1,0
83,6,4,0,1,1,10.206157139369418,"[0.0, 10.206157139369418]",10.206157139369418,8.571428571428571,10.206157139369418,3.2833333333333266,0,1,0,86.19815623760223,1.0206157139369418e-05,197,1,0
83,7,5,0,1,1,10.203189849853516,"[0.0, 10.203189849853516]",10.203189849853516,8.571428571428571,10.203189849853516,3.2833333333333266,0,1,0,86.16469928622246,1.0203189849853515e-05,197,1,0
83,8,6,0,1,1,10.197933741978236,"[0.0, 10.197933741978236]",10.197933741978236,8.571428571428571,10.197933741978236,3.2833333333333266,0,1,0,86.19837695360184,1.0197933741978236e-05,197,1,0
83,9,7,0,0,1,10.183086395263672,"[0.0, 10.183086395263672]",10.183086395263672,8.571428571428571,10.183086395263672,3.2833333333333266,0,1,0,86.19834478199482,1.0183086395263672e-05,197,1,0
83,10,10,0,0,1,9.960648672921318,"[0.0, 9.960648672921318]",9.960648672921318,8.571428571428571,9.960648672921318,3.2499999999999933,0,1,0,84.81097693741322,9.960648672921317e-06,195,1,0
83,11,36,0,0,1,9.902193886893135,"[0.0, 9.902193886893135]",9.902193886893135,8.571428571428571,9.902193886893135,3.2333333333333267,0,1,0,84.12036952376366,9.902193886893136e-06,194,1,0
83,12,23,0,0,1,9.786635807582309,"[0.0, 9.786635807582309]",9.786635807582309,8.571428571428571,9.786635807582309,3.299999999999993,0,1,0,84.08384013175964,9.78663580758231e-06,198,1,0
83,13,32,0,0,1,9.724099295479911,"[0.0, 9.724099295479911]",9.724099295479911,8.571428571428571,9.724099295479911,3.1999999999999935,0,1,0,82.74695317447186,9.724099295479911e-06,192,1,0
83,14,43,0,0,1,9.683739798409597,"[0.0, 9.683739798409597]",9.683739798409597,8.571428571428571,9.683739798409597,3.1999999999999935,0,1,0,82.74695056676865,9.683739798409597e-06,192,1,0
83,15,44,0,0,1,9.663382938929967,"[0.0, 9.663382938929967]",9.663382938929967,8.571428571428571,9.663382938929967,3.183333333333327,0,1,0,82.06295390427113,9.663382938929966e-06,191,1,0
83,16,29,0,0,1,9.54643521990095,"[0.0, 9.54643521990095]",9.54643521990095,8.571428571428571,9.54643521990095,3.183333333333327,0,1,0,82.06291972100735,9.546435219900949e-06,191,1,0
83,17,12,0,0,1,9.444051470075335,"[0.0, 9.444051470075335]",9.444051470075335,8.571428571428571,9.444051470075335,3.4166666666666594,0,1,0,81.34756052494049,9.444051470075335e-06,205,1,0
83,18,51,0,0,1,9.403043474469866,"[0.0, 9.403043474469866]",9.403043474469866,8.571428571428571,9.403043474469866,3.183333333333327,0,1,0,82.06310603022575,9.403043474469866e-06,191,1,0
83,19,16,0,0,1,9.392048971993583,"[0.0, 9.392048971993583]",9.392048971993583,8.571428571428571,9.392048971993583,3.1666666666666603,0,1,0,81.38164742290974,9.392048971993584e-06,190,1,0
83,20,13,0,0,1,9.325643266950333,"[0.0, 9.325643266950333]",9.325643266950333,8.571428571428571,9.325643266950333,3.1499999999999937,0,1,0,80.70248492062092,9.325643266950333e-06,189,1,0
83,21,17,0,0,1,9.321972983224052,"[0.0, 9.321972983224052]",9.321972983224052,8.571428571428571,9.321972983224052,3.1499999999999937,0,1,0,80.70292000472546,9.321972983224053e-06,189,1,0
83,22,48,0,0,1,9.255787985665458,"[0.0, 9.255787985665458]",9.255787985665458,8.571428571428571,9.255787985665458,3.2499999999999933,0,1,0,80.50256495177746,9.255787985665459e-06,195,1,0
83,23,56,0,0,1,9.213826315743583,"[0.0, 9.213826315743583]",9.213826315743583,8.571428571428571,9.213826315743583,4.0666666666666575,0,1,0,81.34969739615917,9.213826315743584e-06,244,1,0
83,24,19,0,0,1,9.169393266950335,"[0.0, 9.169393266950335]",9.169393266950335,8.571428571428571,9.169393266950335,3.133333333333327,0,1,0,80.02559068799019,9.169393266950334e-06,188,1,0
83,25,21,0,0,1,9.164954594203405,"[0.0, 9.164954594203405]",9.164954594203405,8.571428571428571,9.164954594203405,3.1499999999999937,0,1,0,80.70284628868103,9.164954594203405e-06,189,1,0
83,26,20,0,0,1,9.089930398123606,"[0.0, 9.089930398123606]",9.089930398123606,8.571428571428571,9.089930398123606,3.1499999999999937,0,1,0,80.70257505774498,9.089930398123606e-06,189,1,0
83,27,30,0,0,1,9.013505663190568,"[0.0, 9.013505663190568]",9.013505663190568,8.571428571428571,9.013505663190568,3.133333333333327,0,1,0,80.02592645585537,9.013505663190568e-06,188,1,0
83,28,38,0,0,1,8.976271493094307,"[0.0, 8.976271493094307]",8.976271493094307,8.571428571428571,8.976271493094307,3.133333333333327,0,1,0,80.02086645364761,8.976271493094308e-06,188,1,0
83,29,59,0,0,1,8.78796168736049,"[0.0, 8.78796168736049]",8.78796168736049,8.571428571428571,8.78796168736049,3.099999999999994,0,1,0,78.67881193757057,8.787961687360489e-06,186,1,0
83,30,57,0,0,1,8.602537427629743,"[0.0, 8.602537427629743]",8.602537427629743,8.571428571428571,8.602537427629743,3.099999999999994,0,1,0,78.67936152219772,8.602537427629742e-06,186,1,0
83,31,39,0,0,1,8.454407283238002,"[0.0, 8.454407283238002]",8.454407283238002,5.714285714285714,8.454407283238002,3.099999999999994,0,1,0,78.67903371155262,8.454407283238001e-06,186,1,0
83,32,34,0,0,1,8.362745557512556,"[0.0, 8.362745557512556]",8.362745557512556,5.714285714285714,8.362745557512556,3.0833333333333273,0,1,0,78.00900009274483,8.362745557512556e-06,185,1,0
83,33,8,0,0,0,8.257563454764231,"[0.0, 8.257563454764231]",8.257563454764231,5.714285714285714,8.257563454764231,3.0666666666666607,0,1,0,77.3416413962841,8.257563454764231e-06,184,1,0
83,34,14,0,0,0,8.161779131208146,"[0.0, 8.161779131208146]",8.161779131208146,5.714285714285714,8.161779131208146,3.049999999999994,0,1,0,76.67577120661736,8.161779131208146e-06,183,1,0
83,35,31,0,0,0,8.14427239554269,"[0.0, 8.14427239554269]",8.14427239554269,5.714285714285714,8.14427239554269,3.0666666666666607,0,1,0,77.34179653227329,8.14427239554269e-06,184,1,0
83,36,63,0,0,0,8.124163491385323,"[0.0, 8.124163491385323]",8.124163491385323,5.714285714285714,8.124163491385323,3.0333333333333274,0,1,0,76.0132592767477,8.124163491385324e-06,182,1,0
83,37,25,0,0,0,8.099120003836495,"[0.0, 8.099120003836495]",8.099120003836495,5.714285714285714,8.099120003836495,3.049999999999994,0,1,0,76.67615996301174,8.099120003836495e-06,183,1,0
83,38,40,0,0,0,7.995556422642299,"[0.0, 7.995556422642299]",7.995556422642299,5.714285714285714,7.995556422642299,3.0333333333333274,0,1,0,76.01309379935265,7.995556422642298e-06,182,1,0
83,39,49,0,0,0,7.494218008858818,"[0.0, 7.494218008858818]",7.494218008858818,5.714285714285714,7.494218008858818,2.966666666666661,0,1,0,73.3835414648056,7.494218008858818e-06,178,1,0
83,40,55,0,0,0,7.332681928362166,"[0.0, 7.332681928362166]",7.332681928362166,5.714285714285714,7.332681928362166,2.933333333333328,0,1,0,72.08279611170292,7.332681928362166e-06,176,1,0
83,41,22,0,0,0,7.311202457972936,"[0.0, 7.311202457972936]",7.311202457972936,5.714285714285714,7.311202457972936,2.933333333333328,0,1,0,72.08298739790916,7.311202457972935e-06,176,1,0
83,42,53,0,0,0,7.187366485595703,"[0.0, 7.187366485595703]",7.187366485595703,5.714285714285714,7.187366485595703,2.8999999999999946,0,1,0,70.79180373251438,7.187366485595703e-06,174,1,0
83,43,9,0,0,0,7.142857142857142,"[0.0, 7.142857142857142]",7.142857142857142,5.714285714285714,7.142857142857142,2.8499999999999948,0,1,0,68.87242241203785,7.142857142857143e-06,171,1,0
83,44,54,0,0,0,7.142857142857142,"[0.0, 7.142857142857142]",7.142857142857142,5.714285714285714,7.142857142857142,2.7666666666666617,0,1,0,65.72122864425182,7.142857142857143e-06,166,1,0
83,45,46,0,0,0,5.790928431919643,"[0.0, 5.790928431919643]",5.790928431919643,5.714285714285714,5.790928431919643,2.3499999999999965,0,1,0,50.87863543629646,5.790928431919643e-06,141,1,0
83,46,52,0,0,0,5.658623831612723,"[0.0, 5.658623831612723]",5.658623831612723,2.857142857142857,5.658623831612723,2.2999999999999967,0,1,0,49.202651008963585,5.658623831612723e-06,138,1,0
83,47,15,0,0,0,5.647261483328683,"[0.0, 5.647261483328683]",5.647261483328683,2.857142857142857,5.647261483328683,2.2999999999999967,0,1,0,49.202474892139435,5.647261483328683e-06,138,1,0
83,48,60,0,0,0,5.444831848144531,"[0.0, 5.444831848144531]",5.444831848144531,2.857142857142857,5.444831848144531,2.2333333333333303,0,1,0,47.00395829975605,5.444831848144531e-06,134,1,0
83,49,47,0,0,0,5.355933053152902,"[0.0, 5.355933053152902]",5.355933053152902,2.857142857142857,5.355933053152902,2.199999999999997,0,1,0,45.92031556367874,5.3559330531529015e-06,132,1,0
83,50,61,0,0,0,5.26709965297154,"[0.0, 5.26709965297154]",5.26709965297154,2.857142857142857,5.26709965297154,2.166666666666664,0,1,0,44.84694458544254,5.26709965297154e-06,130,1,0
83,51,58,0,0,0,5.266135079520089,"[0.0, 5.266135079520089]",5.266135079520089,2.857142857142857,5.266135079520089,2.166666666666664,0,1,0,44.84649081528187,5.266135079520089e-06,130,1,0
83,52,37,0,0,0,5.211197989327567,"[0.0, 5.211197989327567]",5.211197989327567,2.857142857142857,5.211197989327567,2.1499999999999972,0,1,0,44.31420436501503,5.211197989327567e-06,129,1,0
83,53,45,0,0,0,5.0643157958984375,"[0.0, 5.0643157958984375]",5.0643157958984375,2.857142857142857,5.0643157958984375,2.0999999999999974,0,1,0,42.731217727065086,5.0643157958984374e-06,126,1,0
83,54,35,0,0,0,5.063062395368304,"[0.0, 5.063062395368304]",5.063062395368304,2.857142857142857,5.063062395368304,2.116666666666664,0,1,0,42.816933393478394,5.063062395368304e-06,127,1,0
83,55,62,0,0,0,5.005607604980469,"[0.0, 5.005607604980469]",5.005607604980469,2.857142857142857,5.005607604980469,2.083333333333331,0,1,0,42.20893642306328,5.005607604980469e-06,125,1,0
83,56,41,0,0,0,4.965362548828125,"[0.0, 4.965362548828125]",4.965362548828125,2.857142857142857,4.965362548828125,2.066666666666664,0,1,0,41.68955318629742,4.965362548828125e-06,124,1,0
83,57,27,0,0,0,4.92140633719308,"[0.0, 4.92140633719308]",4.92140633719308,2.857142857142857,4.92140633719308,2.0499999999999976,0,1,0,41.17252139747143,4.92140633719308e-06,123,1,0
83,58,50,0,0,0,4.819504874093192,"[0.0, 4.819504874093192]",4.819504874093192,2.857142857142857,4.819504874093192,2.0166666666666644,0,1,0,40.14645917713642,4.819504874093192e-06,121,1,0
83,59,42,0,0,0,4.6802520751953125,"[0.0, 4.6802520751953125]",4.6802520751953125,2.857142857142857,4.6802520751953125,1.9666666666666646,0,1,0,38.62715604901314,4.680252075195313e-06,118,1,0
83,60,26,0,0,0,4.672720772879464,"[0.0, 4.672720772879464]",4.672720772879464,2.857142857142857,4.672720772879464,1.9666666666666646,0,1,0,38.627379938960075,4.672720772879465e-06,118,1,0
83,61,28,0,0,0,4.442776271275112,"[0.0, 4.442776271275112]",4.442776271275112,2.857142857142857,4.442776271275112,1.8833333333333315,0,1,0,36.150052681565285,4.442776271275112e-06,113,1,0
83,62,18,0,0,0,4.391577584402902,"[0.0, 4.391577584402902]",4.391577584402902,2.857142857142857,4.391577584402902,1.866666666666665,0,1,0,35.66264081001282,4.391577584402902e-06,112,1,0
83,63,24,0,0,0,2.35466548374721,"[0.0, 2.35466548374721]",2.35466548374721,0.0,2.35466548374721,5.18333333333332,0,1,0,11.158689249743475,2.35466548374721e-06,311,1,0
83,64,11,0,0,0,2.142699105398995,"[0.0, 2.142699105398995]",2.142699105398995,0.0,2.142699105398995,5.016666666666654,0,1,0,8.08021734689828,2.142699105398995e-06,301,1,0
84,1,0,0,1,1,10.43133054460798,"[0.0, 10.43133054460798]",10.43133054460798,8.571428571428571,10.43133054460798,5.116666666666654,0,1,0,88.44709768891335,1.0431330544607978e-05,307,1,0
84,2,1,0,1,1,10.378456115722656,"[0.0, 10.378456115722656]",10.378456115722656,8.571428571428571,10.378456115722656,3.3166666666666598,0,1,0,87.59461161494255,1.0378456115722656e-05,199,1,0
84,3,2,0,1,1,10.370736803327288,"[0.0, 10.370736803327288]",10.370736803327288,8.571428571428571,10.370736803327288,3.3166666666666598,0,1,0,87.59476399421692,1.0370736803327288e-05,199,1,0
84,4,59,0,1,1,10.258151463099889,"[0.0, 10.258151463099889]",10.258151463099889,8.571428571428571,10.258151463099889,3.433333333333326,0,1,0,86.53461600840092,1.0258151463099889e-05,206,1,0
84,5,3,0,1,1,10.243524823869977,"[0.0, 10.243524823869977]",10.243524823869977,8.571428571428571,10.243524823869977,3.3166666666666598,0,1,0,86.96494564414024,1.0243524823869978e-05,199,1,0
84,6,4,0,1,1,10.233088902064733,"[0.0, 10.233088902064733]",10.233088902064733,8.571428571428571,10.233088902064733,3.2833333333333266,0,1,0,86.19838900864124,1.0233088902064733e-05,197,1,0
84,7,5,0,1,1,10.206157139369418,"[0.0, 10.206157139369418]",10.206157139369418,8.571428571428571,10.206157139369418,3.2833333333333266,0,1,0,86.19815623760223,1.0206157139369418e-05,197,1,0
84,8,6,0,1,1,10.203189849853516,"[0.0, 10.203189849853516]",10.203189849853516,8.571428571428571,10.203189849853516,3.2833333333333266,0,1,0,86.16469928622246,1.0203189849853515e-05,197,1,0
84,9,45,0,0,1,10.198868342808314,"[0.0, 10.198868342808314]",10.198868342808314,8.571428571428571,10.198868342808314,3.2833333333333266,0,1,0,86.19834870100021,1.0198868342808314e-05,197,1,0
84,10,7,0,0,1,10.197933741978236,"[0.0, 10.197933741978236]",10.197933741978236,8.571428571428571,10.197933741978236,3.2833333333333266,0,1,0,86.19837695360184,1.0197933741978236e-05,197,1,0
84,11,58,0,0,1,10.192244393484932,"[0.0, 10.192244393484932]",10.192244393484932,8.571428571428571,10.192244393484932,3.3166666666666598,0,1,0,87.03205418586731,1.0192244393484931e-05,199,1,0
84,12,48,0,0,1,10.185012817382812,"[0.0, 10.185012817382812]",10.185012817382812,8.571428571428571,10.185012817382812,3.299999999999993,0,1,0,86.89533500373363,1.0185012817382812e-05,198,1,0
84,13,18,0,0,1,10.075370243617467,"[0.0, 10.075370243617467]",10.075370243617467,8.571428571428571,10.075370243617467,3.26666666666666,0,1,0,85.50365921854973,1.0075370243617467e-05,196,1,0
84,14,24,0,0,1,9.937054770333427,"[0.0, 9.937054770333427]",9.937054770333427,8.571428571428571,9.937054770333427,3.2499999999999933,0,1,0,84.81099434196949,9.937054770333427e-06,195,1,0
84,15,42,0,0,1,9.936191013881139,"[0.0, 9.936191013881139]",9.936191013881139,8.571428571428571,9.936191013881139,3.2333333333333267,0,1,0,84.12043970823288,9.936191013881139e-06,194,1,0
84,16,9,0,0,1,9.899398258754186,"[0.0, 9.899398258754186]",9.899398258754186,8.571428571428571,9.899398258754186,3.2499999999999933,0,1,0,84.8106908351183,9.899398258754186e-06,195,1,0
84,17,26,0,0,1,9.814295087541852,"[0.0, 9.814295087541852]",9.814295087541852,8.571428571428571,9.814295087541852,3.2333333333333267,0,1,0,84.12037308514118,9.814295087541853e-06,194,1,0
84,18,19,0,0,1,9.480814252580917,"[0.0, 9.480814252580917]",9.480814252580917,8.571428571428571,9.480814252580917,3.1999999999999935,0,1,0,82.74644987285137,9.480814252580916e-06,192,1,0
84,19,21,0,0,1,9.472923278808594,"[0.0, 9.472923278808594]",9.472923278808594,8.571428571428571,9.472923278808594,3.6666666666666585,0,1,0,82.6457584053278,9.472923278808594e-06,220,1,0
84,20,43,0,0,1,9.453269413539342,"[0.0, 9.453269413539342]",9.453269413539342,8.571428571428571,9.453269413539342,3.21666666666666,0,1,0,81.50508762896061,9.453269413539342e-06,193,1,0
84,21,23,0,0,1,9.45291519165039,"[0.0, 9.45291519165039]",9.45291519165039,8.571428571428571,9.45291519165039,3.3666666666666596,0,1,0,81.56606550514698,9.452915191650391e-06,202,1,0
84,22,11,0,0,1,9.44282259259905,"[0.0, 9.44282259259905]",9.44282259259905,8.571428571428571,9.44282259259905,3.183333333333327,0,1,0,82.06307198107243,9.44282259259905e-06,191,1,0
84,23,52,0,0,1,9.440672738211497,"[0.0, 9.440672738211497]",9.440672738211497,8.571428571428571,9.440672738211497,3.183333333333327,0,1,0,82.06287255883217,9.440672738211497e-06,191,1,0
84,24,12,0,0,1,9.330885750906807,"[0.0, 9.330885750906807]",9.330885750906807,8.571428571428571,9.330885750906807,3.1499999999999937,0,1,0,80.7024841606617,9.330885750906806e-06,189,1,0
84,25,16,0,0,1,9.301730564662389,"[0.0, 9.301730564662389]",9.301730564662389,8.571428571428571,9.301730564662389,3.1666666666666603,0,1,0,81.32806222140789,9.30173056466239e-06,190,1,0
84,26,50,0,0,1,9.297834123883929,"[0.0, 9.297834123883929]",9.297834123883929,8.571428571428571,9.297834123883929,3.4166666666666594,0,1,0,80.67693035304546,9.29783412388393e-06,205,1,0
84,27,62,0,0,1,9.21752657209124,"[0.0, 9.21752657209124]",9.21752657209124,8.571428571428571,9.21752657209124,3.133333333333327,0,1,0,80.0252706259489,9.21752657209124e-06,188,1,0
84,28,63,0,0,1,9.142461504255023,"[0.0, 9.142461504255023]",9.142461504255023,8.571428571428571,9.142461504255023,3.133333333333327,0,1,0,80.02574087679386,9.142461504255023e-06,188,1,0
84,29,27,0,0,1,9.139439719063896,"[0.0, 9.139439719063896]",9.139439719063896,8.571428571428571,9.139439719063896,3.1499999999999937,0,1,0,80.70275177061558,9.139439719063897e-06,189,1,0
84,30,10,0,0,1,9.059453691755023,"[0.0, 9.059453691755023]",9.059453691755023,8.571428571428571,9.059453691755023,3.133333333333327,0,1,0,80.02585843205452,9.059453691755023e-06,188,1,0
84,31,32,0,0,1,9.018214089529856,"[0.0, 9.018214089529856]",9.018214089529856,8.571428571428571,9.018214089529856,3.133333333333327,0,1,0,80.0262728780508,9.018214089529856e-06,188,1,0
84,32,35,0,0,1,8.968985421316965,"[0.0, 8.968985421316965]",8.968985421316965,8.571428571428571,8.968985421316965,3.1499999999999937,0,1,0,80.70257279276848,8.968985421316965e-06,189,1,0
84,33,47,0,0,0,8.948620387486049,"[0.0, 8.948620387486049]",8.948620387486049,8.571428571428571,8.948620387486049,3.1166666666666605,0,1,0,79.3512354195118,8.94862038748605e-06,187,1,0
84,34,54,0,0,0,8.92449242728097,"[0.0, 8.92449242728097]",8.92449242728097,8.571428571428571,8.92449242728097,3.133333333333327,0,1,0,79.76081520318985,8.92449242728097e-06,188,1,0
84,35,38,0,0,0,8.924007415771484,"[0.0, 8.924007415771484]",8.924007415771484,8.571428571428571,8.924007415771484,3.26666666666666,0,1,0,79.73721949756145,8.924007415771484e-06,196,1,0
84,36,60,0,0,0,8.923914773123604,"[0.0, 8.923914773123604]",8.923914773123604,8.571428571428571,8.923914773123604,3.133333333333327,0,1,0,80.0257377922535,8.923914773123604e-06,188,1,0
84,37,14,0,0,0,8.835032326834542,"[0.0, 8.835032326834542]",8.835032326834542,8.571428571428571,8.835032326834542,3.1166666666666605,0,1,0,79.35145823657513,8.835032326834542e-06,187,1,0
84,38,57,0,0,0,8.831402914864677,"[0.0, 8.831402914864677]",8.831402914864677,8.571428571428571,8.831402914864677,3.099999999999994,0,1,0,78.67900781333447,8.831402914864678e-06,186,1,0
84,39,41,0,0,0,8.78631591796875,"[0.0, 8.78631591796875]",8.78631591796875,8.571428571428571,8.78631591796875,3.099999999999994,0,1,0,78.67923498153687,8.78631591796875e-06,186,1,0
84,40,30,0,0,0,8.775275094168526,"[0.0, 8.775275094168526]",8.775275094168526,8.571428571428571,8.775275094168526,3.1166666666666605,0,1,0,79.00378687679768,8.775275094168526e-06,187,1,0
84,41,55,0,0,0,8.50433894566127,"[0.0, 8.50433894566127]",8.50433894566127,5.714285714285714,8.50433894566127,3.0833333333333273,0,1,0,78.00910864770412,8.50433894566127e-06,185,1,0
84,42,22,0,0,0,8.50391115461077,"[0.0, 8.50391115461077]",8.50391115461077,5.714285714285714,8.50391115461077,3.0833333333333273,0,1,0,78.00914919376373,8.50391115461077e-06,185,1,0
84,43,13,0,0,0,8.47888674054827,"[0.0, 8.47888674054827]",8.47888674054827,5.714285714285714,8.47888674054827,3.099999999999994,0,1,0,78.6791835129261,8.478886740548271e-06,186,1,0
84,44,17,0,0,0,8.20448466709682,"[0.0, 8.20448466709682]",8.20448466709682,5.714285714285714,8.20448466709682,3.049999999999994,0,1,0,76.6759433299303,8.204484667096819e-06,183,1,0
84,45,20,0,0,0,7.663418906075615,"[0.0, 7.663418906075615]",7.663418906075615,5.714285714285714,7.663418906075615,2.9833333333333276,0,1,0,74.03770942986012,7.663418906075615e-06,179,1,0
84,46,49,0,0,0,5.919325692313058,"[0.0, 5.919325692313058]",5.919325692313058,5.714285714285714,5.919325692313058,2.3999999999999964,0,1,0,52.57772499322891,5.919325692313058e-06,144,1,0
84,47,36,0,0,0,5.550471714564733,"[0.0, 5.550471714564733]",5.550471714564733,2.857142857142857,5.550471714564733,2.2666666666666635,0,1,0,48.09808048605919,5.550471714564732e-06,136,1,0
84,48,31,0,0,0,5.460831778390067,"[0.0, 5.460831778390067]",5.460831778390067,2.857142857142857,5.460831778390067,2.2333333333333303,0,1,0,47.003683134913445,5.4608317783900665e-06,134,1,0
84,49,40,0,0,0,5.438063485281807,"[0.0, 5.438063485281807]",5.438063485281807,2.857142857142857,5.438063485281807,2.2333333333333303,0,1,0,47.003905817866325,5.438063485281807e-06,134,1,0
84,50,46,0,0,0,5.299655369349889,"[0.0, 5.299655369349889]",5.299655369349889,2.857142857142857,5.299655369349889,2.1833333333333305,0,1,0,45.38181647658348,5.299655369349889e-06,131,1,0
84,51,56,0,0,0,5.298668997628348,"[0.0, 5.298668997628348]",5.298668997628348,2.857142857142857,5.298668997628348,2.1833333333333305,0,1,0,45.38238087296486,5.298668997628348e-06,131,1,0
84,52,53,0,0,0,5.245252336774554,"[0.0, 5.245252336774554]",5.245252336774554,2.857142857142857,5.245252336774554,2.166666666666664,0,1,0,44.846933752298355,5.2452523367745535e-06,130,1,0
84,53,37,0,0,0,5.198843819754464,"[0.0, 5.198843819754464]",5.198843819754464,2.857142857142857,5.198843819754464,2.1499999999999972,0,1,0,44.314147993922234,5.198843819754464e-06,129,1,0
84,54,61,0,0,0,5.158958435058594,"[0.0, 5.158958435058594]",5.158958435058594,2.857142857142857,5.158958435058594,2.1333333333333306,0,1,0,43.78380490839481,5.158958435058594e-06,128,1,0
84,55,15,0,0,0,5.1589202880859375,"[0.0, 5.1589202880859375]",5.1589202880859375,2.857142857142857,5.1589202880859375,2.1333333333333306,0,1,0,43.78410090506077,5.158920288085937e-06,128,1,0
84,56,29,0,0,0,5.156271798270089,"[0.0, 5.156271798270089]",5.156271798270089,2.857142857142857,5.156271798270089,2.1333333333333306,0,1,0,43.783643528819084,5.15627179827009e-06,128,1,0
84,57,34,0,0,0,5.139601571219308,"[0.0, 5.139601571219308]",5.139601571219308,2.857142857142857,5.139601571219308,2.1333333333333306,0,1,0,43.78365518152714,5.1396015712193084e-06,128,1,0
84,58,33,0,0,0,5.049879891531808,"[0.0, 5.049879891531808]",5.049879891531808,2.857142857142857,5.049879891531808,2.0999999999999974,0,1,0,42.73147734999657,5.0498798915318085e-06,126,1,0
84,59,8,0,0,0,5.011449541364398,"[0.0, 5.011449541364398]",5.011449541364398,2.857142857142857,5.011449541364398,2.0999999999999974,0,1,0,42.302994042634964,5.011449541364398e-06,126,1,0
84,60,28,0,0,0,5.005841936383929,"[0.0, 5.005841936383929]",5.005841936383929,2.857142857142857,5.005841936383929,2.083333333333331,0,1,0,42.208980709314346,5.005841936383929e-06,125,1,0
84,61,51,0,0,0,4.8751613071986615,"[0.0, 4.8751613071986615]",4.8751613071986615,2.857142857142857,4.8751613071986615,2.033333333333331,0,1,0,40.6580705344677,4.875161307198661e-06,122,1,0
84,62,39,0,0,0,4.858578273228237,"[0.0, 4.858578273228237]",4.858578273228237,2.857142857142857,4.858578273228237,2.533333333333329,0,1,0,40.566847667098045,4.858578273228237e-06,152,1,0
84,63,44,0,0,0,4.647456577845982,"[0.0, 4.647456577845982]",4.647456577845982,2.857142857142857,4.647456577845982,2.3833333333333298,0,1,0,38.288124576210976,4.647456577845982e-06,143,1,0
84,64,25,0,0,0,4.437659127371651,"[0.0, 4.437659127371651]",4.437659127371651,2.857142857142857,4.437659127371651,1.8833333333333315,0,1,0,36.15010693669319,4.437659127371651e-06,113,1,0
85,1,49,0,1,1,11.501966203962054,"[0.0, 11.501966203962054]",11.501966203962054,11.428571428571429,11.501966203962054,5.733333333333318,0,1,0,98.66476927697659,1.1501966203962054e-05,344,1,0
85,2,0,0,1,1,10.43133054460798,"[0.0, 10.43133054460798]",10.43133054460798,8.571428571428571,10.43133054460798,5.116666666666654,0,1,0,88.44709768891335,1.0431330544607978e-05,307,1,0
85,3,1,0,1,1,10.378456115722656,"[0.0, 10.378456115722656]",10.378456115722656,8.571428571428571,10.378456115722656,3.3166666666666598,0,1,0,87.59461161494255,1.0378456115722656e-05,199,1,0
85,4,2,0,1,1,10.370736803327288,"[0.0, 10.370736803327288]",10.370736803327288,8.571428571428571,10.370736803327288,3.3166666666666598,0,1,0,87.59476399421692,1.0370736803327288e-05,199,1,0
85,5,3,0,1,1,10.258151463099889,"[0.0, 10.258151463099889]",10.258151463099889,8.571428571428571,10.258151463099889,3.433333333333326,0,1,0,86.53461600840092,1.0258151463099889e-05,206,1,0
85,6,4,0,1,1,10.243524823869977,"[0.0, 10.243524823869977]",10.243524823869977,8.571428571428571,10.243524823869977,3.3166666666666598,0,1,0,86.96494564414024,1.0243524823869978e-05,199,1,0
85,7,5,0,1,1,10.233088902064733,"[0.0, 10.233088902064733]",10.233088902064733,8.571428571428571,10.233088902064733,3.2833333333333266,0,1,0,86.19838900864124,1.0233088902064733e-05,197,1,0
85,8,6,0,1,1,10.206157139369418,"[0.0, 10.206157139369418]",10.206157139369418,8.571428571428571,10.206157139369418,3.2833333333333266,0,1,0,86.19815623760223,1.0206157139369418e-05,197,1,0
85,9,7,0,0,1,10.203189849853516,"[0.0, 10.203189849853516]",10.203189849853516,8.571428571428571,10.203189849853516,3.2833333333333266,0,1,0,86.16469928622246,1.0203189849853515e-05,197,1,0
85,10,27,0,0,1,9.895578111921038,"[0.0, 9.895578111921038]",9.895578111921038,8.571428571428571,9.895578111921038,3.2333333333333267,0,1,0,84.12040573358536,9.895578111921039e-06,194,1,0
85,11,20,0,0,1,9.883736201695033,"[0.0, 9.883736201695033]",9.883736201695033,8.571428571428571,9.883736201695033,3.3166666666666598,0,1,0,83.81120930612087,9.883736201695033e-06,199,1,0
85,12,53,0,0,1,9.848978860037667,"[0.0, 9.848978860037667]",9.848978860037667,8.571428571428571,9.848978860037667,3.21666666666666,0,1,0,83.43221892416477,9.848978860037666e-06,193,1,0
85,13,55,0,0,1,9.820905412946429,"[0.0, 9.820905412946429]",9.820905412946429,8.571428571428571,9.820905412946429,3.2333333333333267,0,1,0,84.12053737044334,9.820905412946429e-06,194,1,0
85,14,61,0,0,1,9.748870304652621,"[0.0, 9.748870304652621]",9.748870304652621,8.571428571428571,9.748870304652621,3.21666666666666,0,1,0,83.4323601424694,9.748870304652622e-06,193,1,0
85,15,39,0,0,1,9.733750479561943,"[0.0, 9.733750479561943]",9.733750479561943,8.571428571428571,9.733750479561943,3.2333333333333267,0,1,0,84.12060548365116,9.733750479561943e-06,194,1,0
85,16,25,0,0,1,9.713390895298549,"[0.0, 9.713390895298549]",9.713390895298549,8.571428571428571,9.713390895298549,3.21666666666666,0,1,0,83.43231302499771,9.713390895298548e-06,193,1,0
85,17,13,0,0,1,9.675189426967076,"[0.0, 9.675189426967076]",9.675189426967076,8.571428571428571,9.675189426967076,3.1999999999999935,0,1,0,82.74660664796829,9.675189426967076e-06,192,1,0
85,18,63,0,0,1,9.665094103131976,"[0.0, 9.665094103131976]",9.665094103131976,8.571428571428571,9.665094103131976,3.183333333333327,0,1,0,82.06289775669575,9.665094103131976e-06,191,1,0
85,19,35,0,0,1,9.648527417864118,"[0.0, 9.648527417864118]",9.648527417864118,8.571428571428571,9.648527417864118,3.26666666666666,0,1,0,82.10729265213013,9.648527417864117e-06,196,1,0
85,20,40,0,0,1,9.555380684988839,"[0.0, 9.555380684988839]",9.555380684988839,8.571428571428571,9.555380684988839,3.183333333333327,0,1,0,82.06256413459778,9.555380684988838e-06,191,1,0
85,21,51,0,0,1,9.52338354928153,"[0.0, 9.52338354928153]",9.52338354928153,8.571428571428571,9.52338354928153,3.183333333333327,0,1,0,82.06282959878445,9.52338354928153e-06,191,1,0
85,22,50,0,0,1,9.508282797677177,"[0.0, 9.508282797677177]",9.508282797677177,8.571428571428571,9.508282797677177,3.183333333333327,0,1,0,82.06297835707664,9.508282797677177e-06,191,1,0
85,23,22,0,0,1,9.404553004673549,"[0.0, 9.404553004673549]",9.404553004673549,8.571428571428571,9.404553004673549,3.1666666666666603,0,1,0,81.38174432516098,9.404553004673548e-06,190,1,0
85,24,21,0,0,1,9.347850254603793,"[0.0, 9.347850254603793]",9.347850254603793,8.571428571428571,9.347850254603793,3.2499999999999933,0,1,0,82.22592289745808,9.347850254603793e-06,195,1,0
85,25,43,0,0,1,9.225613730294365,"[0.0, 9.225613730294365]",9.225613730294365,8.571428571428571,9.225613730294365,3.1499999999999937,0,1,0,80.70220099389553,9.225613730294364e-06,189,1,0
85,26,31,0,0,1,9.21741213117327,"[0.0, 9.21741213117327]",9.21741213117327,8.571428571428571,9.21741213117327,3.1499999999999937,0,1,0,80.70251774787903,9.217412131173271e-06,189,1,0
85,27,57,0,0,1,9.072276524135045,"[0.0, 9.072276524135045]",9.072276524135045,8.571428571428571,9.072276524135045,3.1166666666666605,0,1,0,79.35096789896488,9.072276524135045e-06,187,1,0
85,28,54,0,0,1,9.059935978480746,"[0.0, 9.059935978480746]",9.059935978480746,8.571428571428571,9.059935978480746,3.133333333333327,0,1,0,80.02588483691216,9.059935978480746e-06,188,1,0
85,29,46,0,0,1,9.049546377999441,"[0.0, 9.049546377999441]",9.049546377999441,8.571428571428571,9.049546377999441,3.133333333333327,0,1,0,80.02567474544048,9.049546377999442e-06,188,1,0
85,30,62,0,0,1,8.977868216378349,"[0.0, 8.977868216378349]",8.977868216378349,8.571428571428571,8.977868216378349,3.1166666666666605,0,1,0,79.35113912820816,8.97786821637835e-06,187,1,0
85,31,56,0,0,1,8.842133113316127,"[0.0, 8.842133113316127]",8.842133113316127,8.571428571428571,8.842133113316127,3.1166666666666605,0,1,0,79.08832930028439,8.842133113316127e-06,187,1,0
85,32,41,0,0,1,8.822838919503347,"[0.0, 8.822838919503347]",8.822838919503347,8.571428571428571,8.822838919503347,3.1166666666666605,0,1,0,79.351842045784,8.822838919503347e-06,187,1,0
85,33,12,0,0,0,8.565205165318082,"[0.0, 8.565205165318082]",8.565205165318082,5.714285714285714,8.565205165318082,3.0833333333333273,0,1,0,78.008624330163,8.565205165318081e-06,185,1,0
85,34,59,0,0,0,8.451769692557198,"[0.0, 8.451769692557198]",8.451769692557198,5.714285714285714,8.451769692557198,3.0833333333333273,0,1,0,78.00882695615292,8.451769692557198e-06,185,1,0
85,35,38,0,0,0,8.196822575160436,"[0.0, 8.196822575160436]",8.196822575160436,5.714285714285714,8.196822575160436,3.049999999999994,0,1,0,76.67612110078335,8.196822575160436e-06,183,1,0
85,36,36,0,0,0,7.9960223606654575,"[0.0, 7.9960223606654575]",7.9960223606654575,5.714285714285714,7.9960223606654575,3.0333333333333274,0,1,0,76.01254437863827,7.996022360665458e-06,182,1,0
85,37,58,0,0,0,7.142857142857142,"[0.0, 7.142857142857142]",7.142857142857142,5.714285714285714,7.142857142857142,2.8166666666666615,0,1,0,67.6049806624651,7.142857142857143e-06,169,1,0
85,38,18,0,0,0,5.7096099853515625,"[0.0, 5.7096099853515625]",5.7096099853515625,2.857142857142857,5.7096099853515625,2.3166666666666633,0,1,0,49.75878284871578,5.709609985351562e-06,139,1,0
85,39,11,0,0,0,5.620351518903459,"[0.0, 5.620351518903459]",5.620351518903459,2.857142857142857,5.620351518903459,2.28333333333333,0,1,0,48.649146005511284,5.620351518903459e-06,137,1,0
85,40,29,0,0,0,5.617125374930246,"[0.0, 5.617125374930246]",5.617125374930246,2.857142857142857,5.617125374930246,2.28333333333333,0,1,0,48.64910584688187,5.617125374930245e-06,137,1,0
85,41,42,0,0,0,5.601997375488281,"[0.0, 5.601997375488281]",5.601997375488281,2.857142857142857,5.601997375488281,2.28333333333333,0,1,0,48.649146631360054,5.601997375488281e-06,137,1,0
85,42,24,0,0,0,5.59150150844029,"[0.0, 5.59150150844029]",5.59150150844029,2.857142857142857,5.59150150844029,2.28333333333333,0,1,0,48.649138793349266,5.59150150844029e-06,137,1,0
85,43,34,0,0,0,5.451970781598773,"[0.0, 5.451970781598773]",5.451970781598773,2.857142857142857,5.451970781598773,2.2333333333333303,0,1,0,47.00399008393288,5.451970781598773e-06,134,1,0
85,44,45,0,0,0,5.4518890380859375,"[0.0, 5.4518890380859375]",5.4518890380859375,2.857142857142857,5.4518890380859375,2.2333333333333303,0,1,0,47.00404390692711,5.451889038085937e-06,134,1,0
85,45,9,0,0,0,5.439469473702567,"[0.0, 5.439469473702567]",5.439469473702567,2.857142857142857,5.439469473702567,2.2333333333333303,0,1,0,47.00412428379059,5.439469473702567e-06,134,1,0
85,46,17,0,0,0,5.396036420549665,"[0.0, 5.396036420549665]",5.396036420549665,2.857142857142857,5.396036420549665,2.2166666666666637,0,1,0,46.460729226469994,5.396036420549665e-06,133,1,0
85,47,44,0,0,0,5.357072012765067,"[0.0, 5.357072012765067]",5.357072012765067,2.857142857142857,5.357072012765067,2.199999999999997,0,1,0,45.920142978429794,5.357072012765067e-06,132,1,0
85,48,32,0,0,0,5.35285404750279,"[0.0, 5.35285404750279]",5.35285404750279,2.857142857142857,5.35285404750279,2.2666666666666635,0,1,0,46.0641114115715,5.35285404750279e-06,136,1,0
85,49,26,0,0,0,5.262107849121094,"[0.0, 5.262107849121094]",5.262107849121094,2.857142857142857,5.262107849121094,2.933333333333328,0,1,0,44.890428975224495,5.2621078491210935e-06,176,1,0
85,50,16,0,0,0,5.247661045619419,"[0.0, 5.247661045619419]",5.247661045619419,2.857142857142857,5.247661045619419,2.166666666666664,0,1,0,44.84668928384781,5.247661045619419e-06,130,1,0
85,51,19,0,0,0,5.208396911621094,"[0.0, 5.208396911621094]",5.208396911621094,2.857142857142857,5.208396911621094,2.1499999999999972,0,1,0,44.31392002105713,5.208396911621094e-06,129,1,0
85,52,37,0,0,0,5.2034759521484375,"[0.0, 5.2034759521484375]",5.2034759521484375,2.857142857142857,5.2034759521484375,2.1499999999999972,0,1,0,44.31420010328293,5.203475952148438e-06,129,1,0
85,53,47,0,0,0,5.198353358677455,"[0.0, 5.198353358677455]",5.198353358677455,2.857142857142857,5.198353358677455,2.1499999999999972,0,1,0,44.31405194103718,5.198353358677455e-06,129,1,0
85,54,33,0,0,0,5.10486057826451,"[0.0, 5.10486057826451]",5.10486057826451,2.857142857142857,5.10486057826451,2.116666666666664,0,1,0,43.25628162920475,5.10486057826451e-06,127,1,0
85,55,15,0,0,0,5.10277339390346,"[0.0, 5.10277339390346]",5.10277339390346,2.857142857142857,5.10277339390346,2.116666666666664,0,1,0,43.25607733428478,5.10277339390346e-06,127,1,0
85,56,10,0,0,0,5.063035147530693,"[0.0, 5.063035147530693]",5.063035147530693,2.857142857142857,5.063035147530693,2.0999999999999974,0,1,0,42.73125436902046,5.063035147530693e-06,126,1,0
85,57,8,0,0,0,5.00561305454799,"[0.0, 5.00561305454799]",5.00561305454799,2.857142857142857,5.00561305454799,2.083333333333331,0,1,0,42.209039345383644,5.005613054547991e-06,125,1,0
85,58,23,0,0,0,4.949607849121094,"[0.0, 4.949607849121094]",4.949607849121094,2.857142857142857,4.949607849121094,2.066666666666664,0,1,0,41.6894643753767,4.9496078491210935e-06,124,1,0
85,59,60,0,0,0,4.862398420061384,"[0.0, 4.862398420061384]",4.862398420061384,2.857142857142857,4.862398420061384,2.033333333333331,0,1,0,40.657804265618324,4.862398420061384e-06,122,1,0
85,60,14,0,0,0,4.726720537458148,"[0.0, 4.726720537458148]",4.726720537458148,2.857142857142857,4.726720537458148,1.9833333333333312,0,1,0,39.130973264575005,4.726720537458148e-06,119,1,0
85,61,30,0,0,0,4.720905848911831,"[0.0, 4.720905848911831]",4.720905848911831,2.857142857142857,4.720905848911831,1.9833333333333312,0,1,0,39.13105130195618,4.720905848911831e-06,119,1,0
85,62,28,0,0,0,4.7161102294921875,"[0.0, 4.7161102294921875]",4.7161102294921875,2.857142857142857,4.7161102294921875,1.9833333333333312,0,1,0,39.13118927180767,4.716110229492187e-06,119,1,0
85,63,52,0,0,0,4.6701812744140625,"[0.0, 4.6701812744140625]",4.6701812744140625,2.857142857142857,4.6701812744140625,1.9666666666666646,0,1,0,38.62747323513031,4.670181274414062e-06,118,1,0
85,64,48,0,0,0,4.443991524832589,"[0.0, 4.443991524832589]",4.443991524832589,2.857142857142857,4.443991524832589,1.8833333333333315,0,1,0,36.15024110674858,4.44399152483259e-06,113,1,0
86,1,0,0,1,1,11.501966203962054,"[0.0, 11.501966203962054]",11.501966203962054,11.428571428571429,11.501966203962054,5.733333333333318,0,1,0,98.66476927697659,1.1501966203962054e-05,344,1,0
86,2,1,0,1,1,10.43133054460798,"[0.0, 10.43133054460798]",10.43133054460798,8.571428571428571,10.43133054460798,5.116666666666654,0,1,0,88.44709768891335,1.0431330544607978e-05,307,1,0
86,3,2,0,1,1,10.378456115722656,"[0.0, 10.378456115722656]",10.378456115722656,8.571428571428571,10.378456115722656,3.3166666666666598,0,1,0,87.59461161494255,1.0378456115722656e-05,199,1,0
86,4,3,0,1,1,10.370736803327288,"[0.0, 10.370736803327288]",10.370736803327288,8.571428571428571,10.370736803327288,3.3166666666666598,0,1,0,87.59476399421692,1.0370736803327288e-05,199,1,0
86,5,55,0,1,1,10.357867649623326,"[0.0, 10.357867649623326]",10.357867649623326,8.571428571428571,10.357867649623326,3.3166666666666598,0,1,0,87.59474097192287,1.0357867649623326e-05,199,1,0
86,6,4,0,1,1,10.258151463099889,"[0.0, 10.258151463099889]",10.258151463099889,8.571428571428571,10.258151463099889,3.433333333333326,0,1,0,86.53461600840092,1.0258151463099889e-05,206,1,0
86,7,5,0,1,1,10.243524823869977,"[0.0, 10.243524823869977]",10.243524823869977,8.571428571428571,10.243524823869977,3.3166666666666598,0,1,0,86.96494564414024,1.0243524823869978e-05,199,1,0
86,8,6,0,1,1,10.233088902064733,"[0.0, 10.233088902064733]",10.233088902064733,8.571428571428571,10.233088902064733,3.2833333333333266,0,1,0,86.19838900864124,1.0233088902064733e-05,197,1,0
86,9,7,0,0,1,10.206157139369418,"[0.0, 10.206157139369418]",10.206157139369418,8.571428571428571,10.206157139369418,3.2833333333333266,0,1,0,86.19815623760223,1.0206157139369418e-05,197,1,0
86,10,19,0,0,1,10.18871579851423,"[0.0, 10.18871579851423]",10.18871579851423,8.571428571428571,10.18871579851423,3.2833333333333266,0,1,0,86.1983872950077,1.018871579851423e-05,197,1,0
86,11,38,0,0,1,10.120675223214286,"[0.0, 10.120675223214286]",10.120675223214286,8.571428571428571,10.120675223214286,3.26666666666666,0,1,0,85.50373314321041,1.0120675223214286e-05,196,1,0
86,12,9,0,0,1,9.852649143763951,"[0.0, 9.852649143763951]",9.852649143763951,8.571428571428571,9.852649143763951,3.21666666666666,0,1,0,83.43233026564121,9.852649143763951e-06,193,1,0
86,13,37,0,0,1,9.847417558942523,"[0.0, 9.847417558942523]",9.847417558942523,8.571428571428571,9.847417558942523,3.21666666666666,0,1,0,83.43219631910324,9.847417558942522e-06,193,1,0
86,14,52,0,0,1,9.806949070521762,"[0.0, 9.806949070521762]",9.806949070521762,8.571428571428571,9.806949070521762,3.2333333333333267,0,1,0,84.12070098519325,9.806949070521763e-06,194,1,0
86,15,39,0,0,1,9.755635942731585,"[0.0, 9.755635942731585]",9.755635942731585,8.571428571428571,9.755635942731585,3.3333333333333264,0,1,0,83.03868682682514,9.755635942731584e-06,200,1,0
86,16,32,0,0,1,9.75257056100028,"[0.0, 9.75257056100028]",9.75257056100028,8.571428571428571,9.75257056100028,3.21666666666666,0,1,0,83.43225675821304,9.75257056100028e-06,193,1,0
86,17,30,0,0,1,9.650124141148158,"[0.0, 9.650124141148158]",9.650124141148158,8.571428571428571,9.650124141148158,3.1999999999999935,0,1,0,82.7464680224657,9.650124141148157e-06,192,1,0
86,18,45,0,0,1,9.631470271519252,"[0.0, 9.631470271519252]",9.631470271519252,8.571428571428571,9.631470271519252,3.21666666666666,0,1,0,83.43235044181347,9.631470271519251e-06,193,1,0
86,19,23,0,0,1,9.610494886125837,"[0.0, 9.610494886125837]",9.610494886125837,8.571428571428571,9.610494886125837,3.1999999999999935,0,1,0,82.74710214138031,9.610494886125836e-06,192,1,0
86,20,54,0,0,1,9.60866928100586,"[0.0, 9.60866928100586]",9.60866928100586,8.571428571428571,9.60866928100586,3.1999999999999935,0,1,0,82.74660658836365,9.608669281005859e-06,192,1,0
86,21,8,0,0,1,9.537541525704519,"[0.0, 9.537541525704519]",9.537541525704519,8.571428571428571,9.537541525704519,3.183333333333327,0,1,0,82.06313806772232,9.537541525704519e-06,191,1,0
86,22,26,0,0,1,9.439661843436104,"[0.0, 9.439661843436104]",9.439661843436104,8.571428571428571,9.439661843436104,3.183333333333327,0,1,0,82.06319317221642,9.439661843436104e-06,191,1,0
86,23,42,0,0,1,9.320466177804128,"[0.0, 9.320466177804128]",9.320466177804128,8.571428571428571,9.320466177804128,3.1666666666666603,0,1,0,81.38165460526943,9.320466177804129e-06,190,1,0
86,24,53,0,0,1,9.25140653337751,"[0.0, 9.25140653337751]",9.25140653337751,8.571428571428571,9.25140653337751,3.1666666666666603,0,1,0,81.38170725107193,9.25140653337751e-06,190,1,0
86,25,21,0,0,1,9.228654588971818,"[0.0, 9.228654588971818]",9.228654588971818,8.571428571428571,9.228654588971818,3.1666666666666603,0,1,0,81.38181611895561,9.228654588971818e-06,190,1,0
86,26,14,0,0,1,9.205458504813057,"[0.0, 9.205458504813057]",9.205458504813057,8.571428571428571,9.205458504813057,3.1499999999999937,0,1,0,80.7024227231741,9.205458504813058e-06,189,1,0
86,27,43,0,0,1,9.151101793561663,"[0.0, 9.151101793561663]",9.151101793561663,8.571428571428571,9.151101793561663,3.1499999999999937,0,1,0,80.70267632603645,9.151101793561664e-06,189,1,0
86,28,41,0,0,1,9.115358080182755,"[0.0, 9.115358080182755]",9.115358080182755,8.571428571428571,9.115358080182755,3.1499999999999937,0,1,0,80.70227189362049,9.115358080182755e-06,189,1,0
86,29,24,0,0,1,9.055579049246653,"[0.0, 9.055579049246653]",9.055579049246653,8.571428571428571,9.055579049246653,3.133333333333327,0,1,0,80.02587206661701,9.055579049246652e-06,188,1,0
86,30,31,0,0,1,9.021832602364677,"[0.0, 9.021832602364677]",9.021832602364677,8.571428571428571,9.021832602364677,3.133333333333327,0,1,0,80.02544419467449,9.021832602364677e-06,188,1,0
86,31,12,0,0,1,8.940696716308594,"[0.0, 8.940696716308594]",8.940696716308594,8.571428571428571,8.940696716308594,3.1166666666666605,0,1,0,79.35082919895649,8.940696716308594e-06,187,1,0
86,32,58,0,0,1,8.745716639927455,"[0.0, 8.745716639927455]",8.745716639927455,8.571428571428571,8.745716639927455,3.133333333333327,0,1,0,80.02563942968845,8.745716639927454e-06,188,1,0
86,33,22,0,0,0,8.627234867640905,"[0.0, 8.627234867640905]",8.627234867640905,8.571428571428571,8.627234867640905,3.099999999999994,0,1,0,78.67901396751404,8.627234867640904e-06,186,1,0
86,34,40,0,0,0,8.529630388532366,"[0.0, 8.529630388532366]",8.529630388532366,5.714285714285714,8.529630388532366,3.0833333333333273,0,1,0,78.00903980433941,8.529630388532367e-06,185,1,0
86,35,44,0,0,0,8.474017551967076,"[0.0, 8.474017551967076]",8.474017551967076,5.714285714285714,8.474017551967076,3.0833333333333273,0,1,0,78.0086782425642,8.474017551967076e-06,185,1,0
86,36,17,0,0,0,8.41047831944057,"[0.0, 8.41047831944057]",8.41047831944057,5.714285714285714,8.41047831944057,3.0833333333333273,0,1,0,78.00899504125118,8.41047831944057e-06,185,1,0
86,37,25,0,0,0,8.146768297467913,"[0.0, 8.146768297467913]",8.146768297467913,5.714285714285714,8.146768297467913,3.049999999999994,0,1,0,76.67578661441803,8.146768297467914e-06,183,1,0
86,38,47,0,0,0,7.587054116385324,"[0.0, 7.587054116385324]",7.587054116385324,5.714285714285714,7.587054116385324,5.6833333333333185,0,1,0,74.40227104995574,7.5870541163853235e-06,341,1,0
86,39,48,0,0,0,7.4899700709751675,"[0.0, 7.4899700709751675]",7.4899700709751675,5.714285714285714,7.4899700709751675,2.966666666666661,0,1,0,73.38320894539356,7.489970070975167e-06,178,1,0
86,40,56,0,0,0,5.75669424874442,"[0.0, 5.75669424874442]",5.75669424874442,5.714285714285714,5.75669424874442,2.33333333333333,0,1,0,50.317510545253754,5.75669424874442e-06,140,1,0
86,41,36,0,0,0,5.736819675990514,"[0.0, 5.736819675990514]",5.736819675990514,5.714285714285714,5.736819675990514,2.33333333333333,0,1,0,50.31763479113579,5.736819675990514e-06,140,1,0
86,42,46,0,0,0,5.64971923828125,"[0.0, 5.64971923828125]",5.64971923828125,2.857142857142857,5.64971923828125,2.2999999999999967,0,1,0,49.202433690428734,5.64971923828125e-06,138,1,0
86,43,59,0,0,0,5.557065691266741,"[0.0, 5.557065691266741]",5.557065691266741,2.857142857142857,5.557065691266741,2.2666666666666635,0,1,0,48.0979678183794,5.5570656912667416e-06,136,1,0
86,44,11,0,0,0,5.500166756766183,"[0.0, 5.500166756766183]",5.500166756766183,2.857142857142857,5.500166756766183,2.249999999999997,0,1,0,47.54948675632477,5.500166756766183e-06,135,1,0
86,45,61,0,0,0,5.408652169363839,"[0.0, 5.408652169363839]",5.408652169363839,2.857142857142857,5.408652169363839,2.2166666666666637,0,1,0,46.460922345519066,5.40865216936384e-06,133,1,0
86,46,49,0,0,0,5.405518668038504,"[0.0, 5.405518668038504]",5.405518668038504,2.857142857142857,5.405518668038504,2.2166666666666637,0,1,0,46.46072120964527,5.405518668038504e-06,133,1,0
86,47,35,0,0,0,5.404810224260602,"[0.0, 5.404810224260602]",5.404810224260602,2.857142857142857,5.404810224260602,2.2166666666666637,0,1,0,46.46085707843304,5.4048102242606025e-06,133,1,0
86,48,18,0,0,0,5.348200116838727,"[0.0, 5.348200116838727]",5.348200116838727,2.857142857142857,5.348200116838727,2.199999999999997,0,1,0,45.920100301504135,5.348200116838728e-06,132,1,0
86,49,60,0,0,0,5.301039559500558,"[0.0, 5.301039559500558]",5.301039559500558,2.857142857142857,5.301039559500558,2.1833333333333305,0,1,0,45.38209742307663,5.301039559500558e-06,131,1,0
86,50,27,0,0,0,5.252941676548549,"[0.0, 5.252941676548549]",5.252941676548549,2.857142857142857,5.252941676548549,2.166666666666664,0,1,0,44.846557691693306,5.252941676548549e-06,130,1,0
86,51,57,0,0,0,5.210129874093192,"[0.0, 5.210129874093192]",5.210129874093192,2.857142857142857,5.210129874093192,2.1499999999999972,0,1,0,44.31385590136051,5.2101298740931915e-06,129,1,0
86,52,29,0,0,0,5.169824872698102,"[0.0, 5.169824872698102]",5.169824872698102,2.857142857142857,5.169824872698102,2.1499999999999972,0,1,0,44.31421038508415,5.169824872698102e-06,129,1,0
86,53,51,0,0,0,5.110440935407366,"[0.0, 5.110440935407366]",5.110440935407366,2.857142857142857,5.110440935407366,2.116666666666664,0,1,0,43.25614185631275,5.110440935407366e-06,127,1,0
86,54,10,0,0,0,5.102904183523996,"[0.0, 5.102904183523996]",5.102904183523996,2.857142857142857,5.102904183523996,2.116666666666664,0,1,0,43.24672985076904,5.102904183523995e-06,127,1,0
86,55,13,0,0,0,5.017509460449219,"[0.0, 5.017509460449219]",5.017509460449219,2.857142857142857,5.017509460449219,2.083333333333331,0,1,0,42.20925435423851,5.017509460449219e-06,125,1,0
86,56,62,0,0,0,5.00708988734654,"[0.0, 5.00708988734654]",5.00708988734654,2.857142857142857,5.00708988734654,2.083333333333331,0,1,0,42.209014013409615,5.00708988734654e-06,125,1,0
86,57,15,0,0,0,4.999536786760602,"[0.0, 4.999536786760602]",4.999536786760602,2.857142857142857,4.999536786760602,2.083333333333331,0,1,0,42.20872242748737,4.999536786760602e-06,125,1,0
86,58,63,0,0,0,4.9129758562360495,"[0.0, 4.9129758562360495]",4.9129758562360495,2.857142857142857,4.9129758562360495,2.0499999999999976,0,1,0,41.17202880978584,4.912975856236049e-06,123,1,0
86,59,16,0,0,0,4.866185869489397,"[0.0, 4.866185869489397]",4.866185869489397,2.857142857142857,4.866185869489397,2.033333333333331,0,1,0,40.658021196722984,4.8661858694893966e-06,122,1,0
86,60,34,0,0,0,4.862158639090402,"[0.0, 4.862158639090402]",4.862158639090402,2.857142857142857,4.862158639090402,2.033333333333331,0,1,0,40.658266216516495,4.8621586390904015e-06,122,1,0
86,61,20,0,0,0,4.81240953717913,"[0.0, 4.81240953717913]",4.81240953717913,2.857142857142857,4.81240953717913,2.6499999999999955,0,1,0,40.062389209866524,4.812409537179131e-06,159,1,0
86,62,33,0,0,0,4.392923627580915,"[0.0, 4.392923627580915]",4.392923627580915,2.857142857142857,4.392923627580915,1.866666666666665,0,1,0,35.66241692006588,4.392923627580915e-06,112,1,0
86,63,50,0,0,0,2.153843470982143,"[0.0, 2.153843470982143]",2.153843470982143,0.0,2.153843470982143,5.016666666666654,0,1,0,8.214555216130975,2.1538434709821427e-06,301,1,0
86,64,28,0,0,0,2.1046720232282365,"[0.0, 2.1046720232282365]",2.1046720232282365,0.0,2.1046720232282365,5.016666666666654,0,1,0,7.733523545881326,2.1046720232282366e-06,301,1,0
87,1,0,0,1,1,11.501966203962054,"[0.0, 11.501966203962054]",11.501966203962054,11.428571428571429,11.501966203962054,5.733333333333318,0,1,0,98.66476927697659,1.1501966203962054e-05,344,1,0
87,2,1,0,1,1,10.43133054460798,"[0.0, 10.43133054460798]",10.43133054460798,8.571428571428571,10.43133054460798,5.116666666666654,0,1,0,88.44709768891335,1.0431330544607978e-05,307,1,0
87,3,2,0,1,1,10.378456115722656,"[0.0, 10.378456115722656]",10.378456115722656,8.571428571428571,10.378456115722656,3.3166666666666598,0,1,0,87.59461161494255,1.0378456115722656e-05,199,1,0
87,4,3,0,1,1,10.370736803327288,"[0.0, 10.370736803327288]",10.370736803327288,8.571428571428571,10.370736803327288,3.3166666666666598,0,1,0,87.59476399421692,1.0370736803327288e-05,199,1,0
87,5,4,0,1,1,10.357867649623326,"[0.0, 10.357867649623326]",10.357867649623326,8.571428571428571,10.357867649623326,3.3166666666666598,0,1,0,87.59474097192287,1.0357867649623326e-05,199,1,0
87,6,57,0,1,1,10.3155517578125,"[0.0, 10.3155517578125]",10.3155517578125,8.571428571428571,10.3155517578125,3.3166666666666598,0,1,0,87.59466800093651,1.03155517578125e-05,199,1,0
87,7,5,0,1,1,10.258151463099889,"[0.0, 10.258151463099889]",10.258151463099889,8.571428571428571,10.258151463099889,3.433333333333326,0,1,0,86.53461600840092,1.0258151463099889e-05,206,1,0
87,8,6,0,1,1,10.243524823869977,"[0.0, 10.243524823869977]",10.243524823869977,8.571428571428571,10.243524823869977,3.3166666666666598,0,1,0,86.96494564414024,1.0243524823869978e-05,199,1,0
87,9,7,0,0,1,10.233088902064733,"[0.0, 10.233088902064733]",10.233088902064733,8.571428571428571,10.233088902064733,3.2833333333333266,0,1,0,86.19838900864124,1.0233088902064733e-05,197,1,0
87,10,43,0,0,1,10.169585091727122,"[0.0, 10.169585091727122]",10.169585091727122,8.571428571428571,10.169585091727122,3.2833333333333266,0,1,0,86.19817362725735,1.0169585091727121e-05,197,1,0
87,11,24,0,0,1,9.848591940743583,"[0.0, 9.848591940743583]",9.848591940743583,8.571428571428571,9.848591940743583,3.2333333333333267,0,1,0,84.1204816699028,9.848591940743583e-06,194,1,0
87,12,34,0,0,1,9.816033499581474,"[0.0, 9.816033499581474]",9.816033499581474,8.571428571428571,9.816033499581474,3.2333333333333267,0,1,0,84.12085601687431,9.816033499581475e-06,194,1,0
87,13,30,0,0,1,9.794815608433314,"[0.0, 9.794815608433314]",9.794815608433314,8.571428571428571,9.794815608433314,3.2333333333333267,0,1,0,84.1207749247551,9.794815608433315e-06,194,1,0
87,14,36,0,0,1,9.684720720563616,"[0.0, 9.684720720563616]",9.684720720563616,8.571428571428571,9.684720720563616,3.1999999999999935,0,1,0,82.74657490849495,9.684720720563617e-06,192,1,0
87,15,54,0,0,1,9.631399427141464,"[0.0, 9.631399427141464]",9.631399427141464,8.571428571428571,9.631399427141464,3.1999999999999935,0,1,0,82.746417760849,9.631399427141464e-06,192,1,0
87,16,37,0,0,1,9.498013087681361,"[0.0, 9.498013087681361]",9.498013087681361,8.571428571428571,9.498013087681361,3.183333333333327,0,1,0,82.06325101852417,9.498013087681361e-06,191,1,0
87,17,41,0,0,1,9.407781873430524,"[0.0, 9.407781873430524]",9.407781873430524,8.571428571428571,9.407781873430524,3.183333333333327,0,1,0,82.0628382563591,9.407781873430524e-06,191,1,0
87,18,26,0,0,1,9.20821053641183,"[0.0, 9.20821053641183]",9.20821053641183,8.571428571428571,9.20821053641183,3.133333333333327,0,1,0,80.02539467811584,9.20821053641183e-06,188,1,0
87,19,51,0,0,1,9.177464076450894,"[0.0, 9.177464076450894]",9.177464076450894,8.571428571428571,9.177464076450894,3.1499999999999937,0,1,0,80.53953514993191,9.177464076450895e-06,189,1,0
87,20,35,0,0,1,9.163330623081752,"[0.0, 9.163330623081752]",9.163330623081752,8.571428571428571,9.163330623081752,3.1499999999999937,0,1,0,80.70243778824806,9.163330623081752e-06,189,1,0
87,21,47,0,0,1,9.097794124058314,"[0.0, 9.097794124058314]",9.097794124058314,8.571428571428571,9.097794124058314,3.133333333333327,0,1,0,79.8380239456892,9.097794124058314e-06,188,1,0
87,22,52,0,0,1,9.08651624407087,"[0.0, 9.08651624407087]",9.08651624407087,8.571428571428571,9.08651624407087,3.1499999999999937,0,1,0,80.7027553319931,9.08651624407087e-06,189,1,0
87,23,23,0,0,1,9.0774781363351,"[0.0, 9.0774781363351]",9.0774781363351,8.571428571428571,9.0774781363351,3.1499999999999937,0,1,0,80.70272661745548,9.0774781363351e-06,189,1,0
87,24,25,0,0,1,8.988173348563059,"[0.0, 8.988173348563059]",8.988173348563059,8.571428571428571,8.988173348563059,3.1166666666666605,0,1,0,79.35131399333477,8.98817334856306e-06,187,1,0
87,25,40,0,0,1,8.97068841116769,"[0.0, 8.97068841116769]",8.97068841116769,8.571428571428571,8.97068841116769,3.133333333333327,0,1,0,80.02598161995411,8.97068841116769e-06,188,1,0
87,26,15,0,0,1,8.96660396030971,"[0.0, 8.96660396030971]",8.96660396030971,8.571428571428571,8.96660396030971,3.1499999999999937,0,1,0,79.96612107753754,8.96660396030971e-06,189,1,0
87,27,44,0,0,1,8.93918718610491,"[0.0, 8.93918718610491]",8.93918718610491,8.571428571428571,8.93918718610491,3.1499999999999937,0,1,0,80.70240788161755,8.939187186104909e-06,189,1,0
87,28,16,0,0,1,8.93127713884626,"[0.0, 8.93127713884626]",8.93127713884626,8.571428571428571,8.93127713884626,3.133333333333327,0,1,0,80.02624300122261,8.93127713884626e-06,188,1,0
87,29,19,0,0,1,8.884906768798828,"[0.0, 8.884906768798828]",8.884906768798828,8.571428571428571,8.884906768798828,3.1166666666666605,0,1,0,79.35149058699608,8.884906768798828e-06,187,1,0
87,30,10,0,0,1,8.819261278424944,"[0.0, 8.819261278424944]",8.819261278424944,8.571428571428571,8.819261278424944,3.099999999999994,0,1,0,78.67845830321312,8.819261278424944e-06,186,1,0
87,31,22,0,0,1,8.683834075927734,"[0.0, 8.683834075927734]",8.683834075927734,8.571428571428571,8.683834075927734,3.099999999999994,0,1,0,78.67905786633492,8.683834075927735e-06,186,1,0
87,32,42,0,0,1,8.652591705322266,"[0.0, 8.652591705322266]",8.652591705322266,8.571428571428571,8.652591705322266,3.0833333333333273,0,1,0,77.99441789090633,8.652591705322266e-06,185,1,0
87,33,17,0,0,0,8.590692792619977,"[0.0, 8.590692792619977]",8.590692792619977,8.571428571428571,8.590692792619977,3.099999999999994,0,1,0,78.67912244796753,8.590692792619978e-06,186,1,0
87,34,29,0,0,0,8.342805589948382,"[0.0, 8.342805589948382]",8.342805589948382,5.714285714285714,8.342805589948382,3.0666666666666607,0,1,0,77.34146223962307,8.342805589948381e-06,184,1,0
87,35,62,0,0,0,8.259266444614957,"[0.0, 8.259266444614957]",8.259266444614957,5.714285714285714,8.259266444614957,3.0666666666666607,0,1,0,77.34156127274036,8.259266444614957e-06,184,1,0
87,36,31,0,0,0,8.224727085658483,"[0.0, 8.224727085658483]",8.224727085658483,5.714285714285714,8.224727085658483,3.0666666666666607,0,1,0,77.34129378199577,8.224727085658482e-06,184,1,0
87,37,60,0,0,0,8.121144430977957,"[0.0, 8.121144430977957]",8.121144430977957,5.714285714285714,8.121144430977957,3.049999999999994,0,1,0,76.67615406215191,8.121144430977956e-06,183,1,0
87,38,38,0,0,0,7.702001844133649,"[0.0, 7.702001844133649]",7.702001844133649,5.714285714285714,7.702001844133649,2.9833333333333276,0,1,0,74.0374013632536,7.70200184413365e-06,179,1,0
87,39,39,0,0,0,7.142857142857142,"[0.0, 7.142857142857142]",7.142857142857142,5.714285714285714,7.142857142857142,2.749999999999995,0,1,0,65.09822253882885,7.142857142857143e-06,165,1,0
87,40,28,0,0,0,6.958776201520648,"[0.0, 6.958776201520648]",6.958776201520648,5.714285714285714,6.958776201520648,2.7333333333333285,0,1,0,62.48214262723923,6.958776201520647e-06,164,1,0
87,41,49,0,0,0,5.756350925990513,"[0.0, 5.756350925990513]",5.756350925990513,5.714285714285714,5.756350925990513,2.33333333333333,0,1,0,50.317219614982605,5.756350925990513e-06,140,1,0
87,42,18,0,0,0,5.749615260532924,"[0.0, 5.749615260532924]",5.749615260532924,5.714285714285714,5.749615260532924,2.33333333333333,0,1,0,50.31758652627468,5.749615260532923e-06,140,1,0
87,43,58,0,0,0,5.6766782488141745,"[0.0, 5.6766782488141745]",5.6766782488141745,2.857142857142857,5.6766782488141745,3.4999999999999925,0,1,0,49.7085999250412,5.676678248814174e-06,210,1,0
87,44,46,0,0,0,5.64953395298549,"[0.0, 5.64953395298549]",5.64953395298549,2.857142857142857,5.64953395298549,2.2999999999999967,0,1,0,49.202592104673386,5.649533952985491e-06,138,1,0
87,45,63,0,0,0,5.513120378766741,"[0.0, 5.513120378766741]",5.513120378766741,2.857142857142857,5.513120378766741,2.249999999999997,0,1,0,47.54963634908199,5.513120378766742e-06,135,1,0
87,46,20,0,0,0,5.504956926618303,"[0.0, 5.504956926618303]",5.504956926618303,2.857142857142857,5.504956926618303,2.249999999999997,0,1,0,47.550158366560936,5.504956926618303e-06,135,1,0
87,47,56,0,0,0,5.47438485281808,"[0.0, 5.47438485281808]",5.47438485281808,2.857142857142857,5.47438485281808,2.249999999999997,0,1,0,47.54992954432964,5.47438485281808e-06,135,1,0
87,48,33,0,0,0,5.44043949672154,"[0.0, 5.44043949672154]",5.44043949672154,2.857142857142857,5.44043949672154,2.2333333333333303,0,1,0,47.00408384203911,5.44043949672154e-06,134,1,0
87,49,9,0,0,0,5.358745029994419,"[0.0, 5.358745029994419]",5.358745029994419,2.857142857142857,5.358745029994419,2.199999999999997,0,1,0,45.919913709163666,5.358745029994419e-06,132,1,0
87,50,45,0,0,0,5.342924935477121,"[0.0, 5.342924935477121]",5.342924935477121,2.857142857142857,5.342924935477121,2.199999999999997,0,1,0,45.92025908827782,5.342924935477121e-06,132,1,0
87,51,61,0,0,0,5.339617047991071,"[0.0, 5.339617047991071]",5.339617047991071,2.857142857142857,5.339617047991071,2.199999999999997,0,1,0,45.92011430859566,5.339617047991071e-06,132,1,0
87,52,55,0,0,0,5.237448556082589,"[0.0, 5.237448556082589]",5.237448556082589,2.857142857142857,5.237448556082589,2.166666666666664,0,1,0,44.84664070606232,5.2374485560825895e-06,130,1,0
87,53,13,0,0,0,5.164544241768973,"[0.0, 5.164544241768973]",5.164544241768973,2.857142857142857,5.164544241768973,2.8999999999999946,0,1,0,43.999939903616905,5.164544241768973e-06,174,1,0
87,54,59,0,0,0,5.152239118303571,"[0.0, 5.152239118303571]",5.152239118303571,2.857142857142857,5.152239118303571,2.1333333333333306,0,1,0,43.7835613489151,5.152239118303571e-06,128,1,0
87,55,21,0,0,0,5.131007603236607,"[0.0, 5.131007603236607]",5.131007603236607,2.857142857142857,5.131007603236607,2.3999999999999964,0,1,0,43.54673086106777,5.131007603236607e-06,144,1,0
87,56,14,0,0,0,5.095983232770648,"[0.0, 5.095983232770648]",5.095983232770648,2.857142857142857,5.095983232770648,2.116666666666664,0,1,0,43.25611752271652,5.095983232770648e-06,127,1,0
87,57,27,0,0,0,4.7153200422014505,"[0.0, 4.7153200422014505]",4.7153200422014505,2.857142857142857,4.7153200422014505,1.9833333333333312,0,1,0,39.13122846186161,4.715320042201451e-06,119,1,0
87,58,53,0,0,0,4.63031223842076,"[0.0, 4.63031223842076]",4.63031223842076,2.857142857142857,4.63031223842076,1.949999999999998,0,1,0,38.12671813368797,4.6303122384207595e-06,117,1,0
87,59,12,0,0,0,4.572971888950892,"[0.0, 4.572971888950892]",4.572971888950892,2.857142857142857,4.572971888950892,1.9333333333333313,0,1,0,37.628685370087624,4.5729718889508925e-06,116,1,0
87,60,48,0,0,0,4.350002833775111,"[0.0, 4.350002833775111]",4.350002833775111,2.857142857142857,4.350002833775111,1.8499999999999983,0,1,0,35.17786565423012,4.350002833775111e-06,111,1,0
87,61,50,0,0,0,4.05318123953683,"[0.0, 4.05318123953683]",4.05318123953683,2.857142857142857,4.05318123953683,2.8666666666666614,0,1,0,32.056131318211555,4.05318123953683e-06,172,1,0
87,62,8,0,0,0,2.1803992135184154,"[0.0, 2.1803992135184154]",2.1803992135184154,0.0,2.1803992135184154,5.016666666666654,0,1,0,8.490471858800447,2.1803992135184154e-06,301,1,0
87,63,32,0,0,0,2.1118763514927457,"[0.0, 2.1118763514927457]",2.1118763514927457,0.0,2.1118763514927457,5.016666666666654,0,1,0,7.7056914017302915,2.1118763514927457e-06,301,1,0
87,64,11,0,0,0,1.875730242047991,"[0.0, 1.875730242047991]",1.875730242047991,0.0,1.875730242047991,5.016666666666654,0,1,0,5.174878365651239,1.875730242047991e-06,301,1,0
88,1,0,0,1,1,11.501966203962054,"[0.0, 11.501966203962054]",11.501966203962054,11.428571428571429,11.501966203962054,5.733333333333318,0,1,0,98.66476927697659,1.1501966203962054e-05,344,1,0
88,2,1,0,1,1,10.43133054460798,"[0.0, 10.43133054460798]",10.43133054460798,8.571428571428571,10.43133054460798,5.116666666666654,0,1,0,88.44709768891335,1.0431330544607978e-05,307,1,0
88,3,2,0,1,1,10.378456115722656,"[0.0, 10.378456115722656]",10.378456115722656,8.571428571428571,10.378456115722656,3.3166666666666598,0,1,0,87.59461161494255,1.0378456115722656e-05,199,1,0
88,4,3,0,1,1,10.370736803327288,"[0.0, 10.370736803327288]",10.370736803327288,8.571428571428571,10.370736803327288,3.3166666666666598,0,1,0,87.59476399421692,1.0370736803327288e-05,199,1,0
88,5,4,0,1,1,10.357867649623326,"[0.0, 10.357867649623326]",10.357867649623326,8.571428571428571,10.357867649623326,3.3166666666666598,0,1,0,87.59474097192287,1.0357867649623326e-05,199,1,0
88,6,5,0,1,1,10.3155517578125,"[0.0, 10.3155517578125]",10.3155517578125,8.571428571428571,10.3155517578125,3.3166666666666598,0,1,0,87.59466800093651,1.03155517578125e-05,199,1,0
88,7,6,0,1,1,10.258151463099889,"[0.0, 10.258151463099889]",10.258151463099889,8.571428571428571,10.258151463099889,3.433333333333326,0,1,0,86.53461600840092,1.0258151463099889e-05,206,1,0
88,8,7,0,1,1,10.243524823869977,"[0.0, 10.243524823869977]",10.243524823869977,8.571428571428571,10.243524823869977,3.3166666666666598,0,1,0,86.96494564414024,1.0243524823869978e-05,199,1,0
88,9,59,0,0,1,10.071724482945035,"[0.0, 10.071724482945035]",10.071724482945035,8.571428571428571,10.071724482945035,3.26666666666666,0,1,0,85.50357149541378,1.0071724482945035e-05,196,1,0
88,10,57,0,0,1,9.914681570870536,"[0.0, 9.914681570870536]",9.914681570870536,8.571428571428571,9.914681570870536,3.2333333333333267,0,1,0,84.12089790403843,9.914681570870536e-06,194,1,0
88,11,31,0,0,1,9.826409476143972,"[0.0, 9.826409476143972]",9.826409476143972,8.571428571428571,9.826409476143972,3.2333333333333267,0,1,0,84.12049385905266,9.826409476143972e-06,194,1,0
88,12,42,0,0,1,9.73116193498884,"[0.0, 9.73116193498884]",9.73116193498884,8.571428571428571,9.73116193498884,3.21666666666666,0,1,0,83.43277661502361,9.731161934988841e-06,193,1,0
88,13,26,0,0,1,9.663404737200056,"[0.0, 9.663404737200056]",9.663404737200056,8.571428571428571,9.663404737200056,3.183333333333327,0,1,0,82.0630361288786,9.663404737200056e-06,191,1,0
88,14,21,0,0,1,9.625693729945592,"[0.0, 9.625693729945592]",9.625693729945592,8.571428571428571,9.625693729945592,3.183333333333327,0,1,0,82.06293231248856,9.625693729945592e-06,191,1,0
88,15,51,0,0,1,9.61348124912807,"[0.0, 9.61348124912807]",9.61348124912807,8.571428571428571,9.61348124912807,3.183333333333327,0,1,0,82.06330604851246,9.61348124912807e-06,191,1,0
88,16,46,0,0,1,9.546010153634207,"[0.0, 9.546010153634207]",9.546010153634207,8.571428571428571,9.546010153634207,3.183333333333327,0,1,0,82.06280465424061,9.546010153634206e-06,191,1,0
88,17,19,0,0,1,9.534544263567243,"[0.0, 9.534544263567243]",9.534544263567243,8.571428571428571,9.534544263567243,3.183333333333327,0,1,0,82.06322403252125,9.534544263567243e-06,191,1,0
88,18,40,0,0,1,9.366733006068637,"[0.0, 9.366733006068637]",9.366733006068637,8.571428571428571,9.366733006068637,3.1666666666666603,0,1,0,81.31942383944988,9.366733006068637e-06,190,1,0
88,19,9,0,0,1,9.332951136997767,"[0.0, 9.332951136997767]",9.332951136997767,8.571428571428571,9.332951136997767,5.049999999999987,0,1,0,81.99619793891907,9.332951136997767e-06,303,1,0
88,20,55,0,0,1,9.055132184709821,"[0.0, 9.055132184709821]",9.055132184709821,8.571428571428571,9.055132184709821,3.183333333333327,0,1,0,82.06308753788471,9.055132184709822e-06,191,1,0
88,21,34,0,0,1,8.989167894635882,"[0.0, 8.989167894635882]",8.989167894635882,8.571428571428571,8.989167894635882,3.133333333333327,0,1,0,79.78436017036438,8.989167894635882e-06,188,1,0
88,22,17,0,0,1,8.954764774867467,"[0.0, 8.954764774867467]",8.954764774867467,8.571428571428571,8.954764774867467,3.1166666666666605,0,1,0,79.35157090425491,8.954764774867467e-06,187,1,0
88,23,49,0,0,1,8.932181767054967,"[0.0, 8.932181767054967]",8.932181767054967,8.571428571428571,8.932181767054967,3.1166666666666605,0,1,0,79.35065825283527,8.932181767054967e-06,187,1,0
88,24,33,0,0,1,8.712455204554967,"[0.0, 8.712455204554967]",8.712455204554967,8.571428571428571,8.712455204554967,3.099999999999994,0,1,0,78.67907094955444,8.712455204554967e-06,186,1,0
88,25,43,0,0,1,8.58292715890067,"[0.0, 8.58292715890067]",8.58292715890067,8.571428571428571,8.58292715890067,3.1166666666666605,0,1,0,79.35152190923691,8.58292715890067e-06,187,1,0
88,26,13,0,0,1,8.579191480364118,"[0.0, 8.579191480364118]",8.579191480364118,8.571428571428571,8.579191480364118,3.1166666666666605,0,1,0,79.35135808587074,8.579191480364119e-06,187,1,0
88,27,15,0,0,1,8.467320033482142,"[0.0, 8.467320033482142]",8.467320033482142,5.714285714285714,8.467320033482142,3.0833333333333273,0,1,0,78.00926831364632,8.467320033482143e-06,185,1,0
88,28,63,0,0,1,8.398876190185547,"[0.0, 8.398876190185547]",8.398876190185547,5.714285714285714,8.398876190185547,3.0666666666666607,0,1,0,77.34134203195572,8.398876190185547e-06,184,1,0
88,29,48,0,0,1,8.282279968261719,"[0.0, 8.282279968261719]",8.282279968261719,5.714285714285714,8.282279968261719,7.399999999999979,0,1,0,57.80646703191451,8.282279968261718e-06,444,1,0
88,30,32,0,0,1,7.972526550292969,"[0.0, 7.972526550292969]",7.972526550292969,5.714285714285714,7.972526550292969,3.0333333333333274,0,1,0,76.01298788189888,7.972526550292969e-06,182,1,0
88,31,50,0,0,1,7.8724806649344305,"[0.0, 7.8724806649344305]",7.8724806649344305,5.714285714285714,7.8724806649344305,3.016666666666661,0,1,0,75.35195651650429,7.872480664934431e-06,181,1,0
88,32,58,0,0,1,7.641819545200892,"[0.0, 7.641819545200892]",7.641819545200892,5.714285714285714,7.641819545200892,2.9833333333333276,0,1,0,74.03748220205307,7.641819545200892e-06,179,1,0
88,33,52,0,0,0,7.435125623430524,"[0.0, 7.435125623430524]",7.435125623430524,5.714285714285714,7.435125623430524,2.9499999999999944,0,1,0,72.73218497633934,7.4351256234305245e-06,177,1,0
88,34,36,0,0,0,7.407986777169364,"[0.0, 7.407986777169364]",7.407986777169364,5.714285714285714,7.407986777169364,2.9499999999999944,0,1,0,72.73225329816341,7.407986777169364e-06,177,1,0
88,35,35,0,0,0,7.303352355957031,"[0.0, 7.303352355957031]",7.303352355957031,5.714285714285714,7.303352355957031,2.933333333333328,0,1,0,72.08316648006439,7.3033523559570315e-06,176,1,0
88,36,54,0,0,0,7.18792234148298,"[0.0, 7.18792234148298]",7.18792234148298,5.714285714285714,7.18792234148298,2.966666666666661,0,1,0,71.06940996646881,7.18792234148298e-06,178,1,0
88,37,27,0,0,0,7.142857142857142,"[0.0, 7.142857142857142]",7.142857142857142,5.714285714285714,7.142857142857142,2.8666666666666614,0,1,0,69.50944927334785,7.142857142857143e-06,172,1,0
88,38,30,0,0,0,7.142857142857142,"[0.0, 7.142857142857142]",7.142857142857142,5.714285714285714,7.142857142857142,2.7333333333333285,0,1,0,64.47727559506893,7.142857142857143e-06,164,1,0
88,39,44,0,0,0,7.142857142857142,"[0.0, 7.142857142857142]",7.142857142857142,5.714285714285714,7.142857142857142,2.833333333333328,0,1,0,68.23752154409885,7.142857142857143e-06,170,1,0
88,40,53,0,0,0,7.142857142857142,"[0.0, 7.142857142857142]",7.142857142857142,5.714285714285714,7.142857142857142,2.883333333333328,0,1,0,70.14926986396313,7.142857142857143e-06,173,1,0
88,41,56,0,0,0,7.142857142857142,"[0.0, 7.142857142857142]",7.142857142857142,5.714285714285714,7.142857142857142,2.799999999999995,0,1,0,64.4311241209507,7.142857142857143e-06,168,1,0
88,42,11,0,0,0,5.804628644670759,"[0.0, 5.804628644670759]",5.804628644670759,5.714285714285714,5.804628644670759,3.5833333333333255,0,1,0,50.758779123425484,5.804628644670759e-06,215,1,0
88,43,12,0,0,0,5.770514351981026,"[0.0, 5.770514351981026]",5.770514351981026,5.714285714285714,5.770514351981026,2.3499999999999965,0,1,0,50.40255092084408,5.770514351981026e-06,141,1,0
88,44,38,0,0,0,5.707277570452009,"[0.0, 5.707277570452009]",5.707277570452009,2.857142857142857,5.707277570452009,2.3166666666666633,0,1,0,49.75887557864189,5.707277570452008e-06,139,1,0
88,45,61,0,0,0,5.701266697474888,"[0.0, 5.701266697474888]",5.701266697474888,2.857142857142857,5.701266697474888,2.3166666666666633,0,1,0,49.75884050130844,5.701266697474888e-06,139,1,0
88,46,37,0,0,0,5.565212794712612,"[0.0, 5.565212794712612]",5.565212794712612,2.857142857142857,5.565212794712612,2.2666666666666635,0,1,0,48.098461627960205,5.565212794712612e-06,136,1,0
88,47,62,0,0,0,5.5278778076171875,"[0.0, 5.5278778076171875]",5.5278778076171875,2.857142857142857,5.5278778076171875,2.249999999999997,0,1,0,47.549980744719505,5.527877807617188e-06,135,1,0
88,48,22,0,0,0,5.402510506766183,"[0.0, 5.402510506766183]",5.402510506766183,2.857142857142857,5.402510506766183,3.0833333333333273,0,1,0,46.424383237957954,5.402510506766183e-06,185,1,0
88,49,41,0,0,0,5.379344395228794,"[0.0, 5.379344395228794]",5.379344395228794,2.857142857142857,5.379344395228794,2.2166666666666637,0,1,0,46.460428565740585,5.379344395228794e-06,133,1,0
88,50,16,0,0,0,5.336134774344308,"[0.0, 5.336134774344308]",5.336134774344308,2.857142857142857,5.336134774344308,2.199999999999997,0,1,0,45.9200364202261,5.3361347743443085e-06,132,1,0
88,51,47,0,0,0,5.205590384347098,"[0.0, 5.205590384347098]",5.205590384347098,2.857142857142857,5.205590384347098,2.1499999999999972,0,1,0,44.3140951693058,5.2055903843470985e-06,129,1,0
88,52,10,0,0,0,5.193525041852679,"[0.0, 5.193525041852679]",5.193525041852679,2.857142857142857,5.193525041852679,2.1499999999999972,0,1,0,44.31398156285286,5.1935250418526784e-06,129,1,0
88,53,29,0,0,0,5.101688929966517,"[0.0, 5.101688929966517]",5.101688929966517,2.857142857142857,5.101688929966517,2.116666666666664,0,1,0,43.256365954875946,5.101688929966518e-06,127,1,0
88,54,45,0,0,0,5.049007960728236,"[0.0, 5.049007960728236]",5.049007960728236,2.857142857142857,5.049007960728236,2.0999999999999974,0,1,0,42.73119992017746,5.049007960728236e-06,126,1,0
88,55,25,0,0,0,5.008103506905693,"[0.0, 5.008103506905693]",5.008103506905693,2.857142857142857,5.008103506905693,2.083333333333331,0,1,0,42.209169536828995,5.008103506905693e-06,125,1,0
88,56,24,0,0,0,5.0069427490234375,"[0.0, 5.0069427490234375]",5.0069427490234375,2.857142857142857,5.0069427490234375,2.083333333333331,0,1,0,42.209067568182945,5.006942749023438e-06,125,1,0
88,57,20,0,0,0,4.974970136369978,"[0.0, 4.974970136369978]",4.974970136369978,2.857142857142857,4.974970136369978,2.066666666666664,0,1,0,41.689292043447495,4.974970136369978e-06,124,1,0
88,58,28,0,0,0,4.812780107770647,"[0.0, 4.812780107770647]",4.812780107770647,2.857142857142857,4.812780107770647,2.0166666666666644,0,1,0,40.14620745182037,4.8127801077706465e-06,121,1,0
88,59,60,0,0,0,4.715216500418527,"[0.0, 4.715216500418527]",4.715216500418527,2.857142857142857,4.715216500418527,1.9833333333333312,0,1,0,39.131108045578,4.715216500418527e-06,119,1,0
88,60,39,0,0,0,4.634813581194196,"[0.0, 4.634813581194196]",4.634813581194196,2.857142857142857,4.634813581194196,1.949999999999998,0,1,0,38.12689423561096,4.634813581194196e-06,117,1,0
88,61,8,0,0,0,4.629805428641183,"[0.0, 4.629805428641183]",4.629805428641183,2.857142857142857,4.629805428641183,1.949999999999998,0,1,0,38.12684500217438,4.6298054286411835e-06,117,1,0
88,62,23,0,0,0,4.482449122837612,"[0.0, 4.482449122837612]",4.482449122837612,2.857142857142857,4.482449122837612,1.8999999999999981,0,1,0,36.639941677451134,4.482449122837612e-06,114,1,0
88,63,18,0,0,0,2.6624625069754466,"[0.0, 2.6624625069754466]",2.6624625069754466,0.0,2.6624625069754466,5.016666666666654,0,1,0,13.880252133480099,2.6624625069754466e-06,301,1,0
88,64,14,0,0,0,2.4265343802315846,"[0.0, 2.4265343802315846]",2.4265343802315846,0.0,2.4265343802315846,5.016666666666654,0,1,0,12.72547403936187,2.4265343802315845e-06,301,1,0
89,1,0,0,1,1,11.501966203962054,"[0.0, 11.501966203962054]",11.501966203962054,11.428571428571429,11.501966203962054,5.733333333333318,0,1,0,98.66476927697659,1.1501966203962054e-05,344,1,0
89,2,1,0,1,1,10.43133054460798,"[0.0, 10.43133054460798]",10.43133054460798,8.571428571428571,10.43133054460798,5.116666666666654,0,1,0,88.44709768891335,1.0431330544607978e-05,307,1,0
89,3,2,0,1,1,10.378456115722656,"[0.0, 10.378456115722656]",10.378456115722656,8.571428571428571,10.378456115722656,3.3166666666666598,0,1,0,87.59461161494255,1.0378456115722656e-05,199,1,0
89,4,3,0,1,1,10.370736803327288,"[0.0, 10.370736803327288]",10.370736803327288,8.571428571428571,10.370736803327288,3.3166666666666598,0,1,0,87.59476399421692,1.0370736803327288e-05,199,1,0
89,5,4,0,1,1,10.357867649623326,"[0.0, 10.357867649623326]",10.357867649623326,8.571428571428571,10.357867649623326,3.3166666666666598,0,1,0,87.59474097192287,1.0357867649623326e-05,199,1,0
89,6,5,0,1,1,10.3155517578125,"[0.0, 10.3155517578125]",10.3155517578125,8.571428571428571,10.3155517578125,3.3166666666666598,0,1,0,87.59466800093651,1.03155517578125e-05,199,1,0
89,7,60,0,1,1,10.29728753226144,"[0.0, 10.29728753226144]",10.29728753226144,8.571428571428571,10.29728753226144,3.3166666666666598,0,1,0,87.5945694744587,1.029728753226144e-05,199,1,0
89,8,6,0,1,1,10.258151463099889,"[0.0, 10.258151463099889]",10.258151463099889,8.571428571428571,10.258151463099889,3.433333333333326,0,1,0,86.53461600840092,1.0258151463099889e-05,206,1,0
89,9,7,0,0,1,10.243524823869977,"[0.0, 10.243524823869977]",10.243524823869977,8.571428571428571,10.243524823869977,3.3166666666666598,0,1,0,86.96494564414024,1.0243524823869978e-05,199,1,0
89,10,52,0,0,1,10.143590654645648,"[0.0, 10.143590654645648]",10.143590654645648,8.571428571428571,10.143590654645648,3.2833333333333266,0,1,0,86.19806143641472,1.0143590654645647e-05,197,1,0
89,11,53,0,0,1,9.9630982535226,"[0.0, 9.9630982535226]",9.9630982535226,8.571428571428571,9.9630982535226,3.2499999999999933,0,1,0,84.41054297983646,9.963098253522601e-06,195,1,0
89,12,17,0,0,1,9.943586077008929,"[0.0, 9.943586077008929]",9.943586077008929,8.571428571428571,9.943586077008929,3.2333333333333267,0,1,0,84.12071219086647,9.94358607700893e-06,194,1,0
89,13,36,0,0,1,9.893180302211217,"[0.0, 9.893180302211217]",9.893180302211217,8.571428571428571,9.893180302211217,3.2333333333333267,0,1,0,84.12053646147251,9.893180302211217e-06,194,1,0
89,14,40,0,0,1,9.738641466413226,"[0.0, 9.738641466413226]",9.738641466413226,8.571428571428571,9.738641466413226,3.21666666666666,0,1,0,83.43234503269196,9.738641466413226e-06,193,1,0
89,15,34,0,0,1,9.672347477504186,"[0.0, 9.672347477504186]",9.672347477504186,8.571428571428571,9.672347477504186,3.21666666666666,0,1,0,83.432527333498,9.672347477504186e-06,193,1,0
89,16,46,0,0,1,9.62634767804827,"[0.0, 9.62634767804827]",9.62634767804827,8.571428571428571,9.62634767804827,3.21666666666666,0,1,0,83.43248833715916,9.626347678048272e-06,193,1,0
89,17,12,0,0,1,9.511893136160714,"[0.0, 9.511893136160714]",9.511893136160714,8.571428571428571,9.511893136160714,3.1999999999999935,0,1,0,82.74670778214931,9.511893136160714e-06,192,1,0
89,18,56,0,0,1,9.50251715523856,"[0.0, 9.50251715523856]",9.50251715523856,8.571428571428571,9.50251715523856,3.1999999999999935,0,1,0,82.74634493887424,9.502517155238561e-06,192,1,0
89,19,16,0,0,1,9.501075744628906,"[0.0, 9.501075744628906]",9.501075744628906,8.571428571428571,9.501075744628906,3.2333333333333267,0,1,0,82.0718949586153,9.501075744628906e-06,194,1,0
89,20,20,0,0,1,9.314755031040736,"[0.0, 9.314755031040736]",9.314755031040736,8.571428571428571,9.314755031040736,3.1499999999999937,0,1,0,80.61223369836807,9.314755031040737e-06,189,1,0
89,21,39,0,0,1,9.237384796142578,"[0.0, 9.237384796142578]",9.237384796142578,8.571428571428571,9.237384796142578,3.183333333333327,0,1,0,82.06302212178707,9.237384796142578e-06,191,1,0
89,22,44,0,0,1,9.159911019461497,"[0.0, 9.159911019461497]",9.159911019461497,8.571428571428571,9.159911019461497,3.1499999999999937,0,1,0,80.70265202224255,9.159911019461497e-06,189,1,0
89,23,27,0,0,1,9.114802224295481,"[0.0, 9.114802224295481]",9.114802224295481,8.571428571428571,9.114802224295481,3.1499999999999937,0,1,0,80.70270583033562,9.114802224295481e-06,189,1,0
89,24,35,0,0,1,9.108671460832868,"[0.0, 9.108671460832868]",9.108671460832868,8.571428571428571,9.108671460832868,3.133333333333327,0,1,0,80.02571339905262,9.108671460832868e-06,188,1,0
89,25,48,0,0,1,9.07808576311384,"[0.0, 9.07808576311384]",9.07808576311384,8.571428571428571,9.07808576311384,3.133333333333327,0,1,0,80.02559421956539,9.07808576311384e-06,188,1,0
89,26,28,0,0,1,8.970827375139509,"[0.0, 8.970827375139509]",8.970827375139509,8.571428571428571,8.970827375139509,3.133333333333327,0,1,0,80.02554684877396,8.97082737513951e-06,188,1,0
89,27,13,0,0,1,8.854732513427734,"[0.0, 8.854732513427734]",8.854732513427734,8.571428571428571,8.854732513427734,3.099999999999994,0,1,0,78.67904008924961,8.854732513427734e-06,186,1,0
89,28,54,0,0,1,8.63316399710519,"[0.0, 8.63316399710519]",8.63316399710519,8.571428571428571,8.63316399710519,3.099999999999994,0,1,0,78.67896315455437,8.633163997105189e-06,186,1,0
89,29,30,0,0,1,8.473565237862724,"[0.0, 8.473565237862724]",8.473565237862724,5.714285714285714,8.473565237862724,3.0833333333333273,0,1,0,78.0089922696352,8.473565237862724e-06,185,1,0
89,30,38,0,0,1,8.464080265590121,"[0.0, 8.464080265590121]",8.464080265590121,5.714285714285714,8.464080265590121,3.0833333333333273,0,1,0,78.00887604057789,8.464080265590121e-06,185,1,0
89,31,23,0,0,1,8.25437000819615,"[0.0, 8.25437000819615]",8.25437000819615,5.714285714285714,8.25437000819615,3.0833333333333273,0,1,0,77.10591065883636,8.25437000819615e-06,185,1,0
89,32,22,0,0,1,7.989016941615514,"[0.0, 7.989016941615514]",7.989016941615514,5.714285714285714,7.989016941615514,3.049999999999994,0,1,0,75.79703630506992,7.989016941615514e-06,183,1,0
89,33,63,0,0,0,7.972333090645926,"[0.0, 7.972333090645926]",7.972333090645926,5.714285714285714,7.972333090645926,3.049999999999994,0,1,0,76.67598234117031,7.972333090645926e-06,183,1,0
89,34,45,0,0,0,7.958147866385323,"[0.0, 7.958147866385323]",7.958147866385323,5.714285714285714,7.958147866385323,3.0333333333333274,0,1,0,76.01334473490715,7.958147866385324e-06,182,1,0
89,35,58,0,0,0,7.901074545724052,"[0.0, 7.901074545724052]",7.901074545724052,5.714285714285714,7.901074545724052,3.016666666666661,0,1,0,75.3521204739809,7.901074545724051e-06,181,1,0
89,36,8,0,0,0,7.839020320347377,"[0.0, 7.839020320347377]",7.839020320347377,5.714285714285714,7.839020320347377,2.9999999999999942,0,1,0,74.6935234516859,7.839020320347377e-06,180,1,0
89,37,29,0,0,0,7.747922624860491,"[0.0, 7.747922624860491]",7.747922624860491,5.714285714285714,7.747922624860491,2.9999999999999942,0,1,0,74.69379703700542,7.74792262486049e-06,180,1,0
89,38,62,0,0,0,7.497896466936384,"[0.0, 7.497896466936384]",7.497896466936384,5.714285714285714,7.497896466936384,2.966666666666661,0,1,0,73.38358964025974,7.497896466936383e-06,178,1,0
89,39,42,0,0,0,7.280946459089006,"[0.0, 7.280946459089006]",7.280946459089006,5.714285714285714,7.280946459089006,2.916666666666661,0,1,0,71.43600292503834,7.280946459089006e-06,175,1,0
89,40,9,0,0,0,7.142857142857142,"[0.0, 7.142857142857142]",7.142857142857142,5.714285714285714,7.142857142857142,2.8499999999999948,0,1,0,68.87257833778858,7.142857142857143e-06,171,1,0
89,41,15,0,0,0,7.142857142857142,"[0.0, 7.142857142857142]",7.142857142857142,5.714285714285714,7.142857142857142,2.8666666666666614,0,1,0,69.50998422503471,7.142857142857143e-06,172,1,0
89,42,49,0,0,0,7.142857142857142,"[0.0, 7.142857142857142]",7.142857142857142,5.714285714285714,7.142857142857142,2.7833333333333283,0,1,0,66.3467974960804,7.142857142857143e-06,167,1,0
89,43,55,0,0,0,7.142857142857142,"[0.0, 7.142857142857142]",7.142857142857142,5.714285714285714,7.142857142857142,2.883333333333328,0,1,0,70.14923253655434,7.142857142857143e-06,173,1,0
89,44,14,0,0,0,5.7682037353515625,"[0.0, 5.7682037353515625]",5.7682037353515625,5.714285714285714,5.7682037353515625,3.433333333333326,0,1,0,50.85326814651489,5.7682037353515625e-06,206,1,0
89,45,25,0,0,0,5.738590785435268,"[0.0, 5.738590785435268]",5.738590785435268,5.714285714285714,5.738590785435268,2.33333333333333,0,1,0,50.317391738295555,5.7385907854352686e-06,140,1,0
89,46,50,0,0,0,5.569392613002233,"[0.0, 5.569392613002233]",5.569392613002233,2.857142857142857,5.569392613002233,2.2666666666666635,0,1,0,48.0984033793211,5.5693926130022325e-06,136,1,0
89,47,24,0,0,0,5.555065699986049,"[0.0, 5.555065699986049]",5.555065699986049,2.857142857142857,5.555065699986049,2.2666666666666635,0,1,0,48.098385348916054,5.555065699986049e-06,136,1,0
89,48,32,0,0,0,5.3970118931361615,"[0.0, 5.3970118931361615]",5.3970118931361615,2.857142857142857,5.3970118931361615,2.2166666666666637,0,1,0,46.46088847517967,5.397011893136161e-06,133,1,0
89,49,21,0,0,0,5.368036542619977,"[0.0, 5.368036542619977]",5.368036542619977,2.857142857142857,5.368036542619977,2.199999999999997,0,1,0,45.920229613780975,5.368036542619977e-06,132,1,0
89,50,57,0,0,0,5.362178257533482,"[0.0, 5.362178257533482]",5.362178257533482,2.857142857142857,5.362178257533482,2.199999999999997,0,1,0,45.92005281150341,5.362178257533482e-06,132,1,0
89,51,37,0,0,0,5.268571036202567,"[0.0, 5.268571036202567]",5.268571036202567,2.857142857142857,5.268571036202567,2.166666666666664,0,1,0,44.846706226468086,5.2685710362025665e-06,130,1,0
89,52,18,0,0,0,4.997089930943081,"[0.0, 4.997089930943081]",4.997089930943081,2.857142857142857,4.997089930943081,2.083333333333331,0,1,0,42.20915678143501,4.997089930943081e-06,125,1,0
89,53,41,0,0,0,4.951874869210379,"[0.0, 4.951874869210379]",4.951874869210379,2.857142857142857,4.951874869210379,2.066666666666664,0,1,0,41.689423739910126,4.9518748692103794e-06,124,1,0
89,54,10,0,0,0,4.906806945800781,"[0.0, 4.906806945800781]",4.906806945800781,2.857142857142857,4.906806945800781,2.0499999999999976,0,1,0,41.17251555621624,4.906806945800781e-06,123,1,0
89,55,51,0,0,0,4.728126525878906,"[0.0, 4.728126525878906]",4.728126525878906,2.857142857142857,4.728126525878906,1.9833333333333312,0,1,0,39.131429478526115,4.728126525878906e-06,119,1,0
89,56,47,0,0,0,4.543059212820871,"[0.0, 4.543059212820871]",4.543059212820871,2.857142857142857,4.543059212820871,2.033333333333331,0,1,0,37.23341551423073,4.54305921282087e-06,122,1,0
89,57,33,0,0,0,4.498002188546317,"[0.0, 4.498002188546317]",4.498002188546317,2.857142857142857,4.498002188546317,2.466666666666663,0,1,0,36.83681398630142,4.498002188546317e-06,148,1,0
89,58,19,0,0,0,4.355250767299107,"[0.0, 4.355250767299107]",4.355250767299107,2.857142857142857,4.355250767299107,2.499999999999996,0,1,0,35.30391938984394,4.355250767299107e-06,150,1,0
89,59,43,0,0,0,4.30952889578683,"[0.0, 4.30952889578683]",4.30952889578683,2.857142857142857,4.30952889578683,1.8333333333333317,0,1,0,34.69604650139809,4.3095288957868295e-06,110,1,0
89,60,59,0,0,0,2.186529976981027,"[0.0, 2.186529976981027]",2.186529976981027,0.0,2.186529976981027,5.016666666666654,0,1,0,8.58014128125069,2.186529976981027e-06,301,1,0
89,61,26,0,0,0,2.1576527186802457,"[0.0, 2.1576527186802457]",2.1576527186802457,0.0,2.1576527186802457,5.016666666666654,0,1,0,8.214294634759426,2.1576527186802457e-06,301,1,0
89,62,31,0,0,0,2.1572004045758932,"[0.0, 2.1572004045758932]",2.1572004045758932,0.0,2.1572004045758932,5.016666666666654,0,1,0,8.21392560438835,2.157200404575893e-06,301,1,0
89,63,11,0,0,0,1.876084463936942,"[0.0, 1.876084463936942]",1.876084463936942,0.0,1.876084463936942,5.016666666666654,0,1,0,5.125685997889377,1.876084463936942e-06,301,1,0
89,64,61,0,0,0,1.8747765677315849,"[0.0, 1.8747765677315849]",1.8747765677315849,0.0,1.8747765677315849,5.016666666666654,0,1,0,5.175426644156687,1.874776567731585e-06,301,1,0
90,1,0,0,1,1,11.501966203962054,"[0.0, 11.501966203962054]",11.501966203962054,11.428571428571429,11.501966203962054,5.733333333333318,0,1,0,98.66476927697659,1.1501966203962054e-05,344,1,0
90,2,21,0,1,1,10.433807373046875,"[0.0, 10.433807373046875]",10.433807373046875,8.571428571428571,10.433807373046875,3.3333333333333264,0,1,0,88.29597687721252,1.0433807373046875e-05,200,1,0
90,3,1,0,1,1,10.43133054460798,"[0.0, 10.43133054460798]",10.43133054460798,8.571428571428571,10.43133054460798,5.116666666666654,0,1,0,88.44709768891335,1.0431330544607978e-05,307,1,0
90,4,2,0,1,1,10.378456115722656,"[0.0, 10.378456115722656]",10.378456115722656,8.571428571428571,10.378456115722656,3.3166666666666598,0,1,0,87.59461161494255,1.0378456115722656e-05,199,1,0
90,5,3,0,1,1,10.370736803327288,"[0.0, 10.370736803327288]",10.370736803327288,8.571428571428571,10.370736803327288,3.3166666666666598,0,1,0,87.59476399421692,1.0370736803327288e-05,199,1,0
90,6,4,0,1,1,10.357867649623326,"[0.0, 10.357867649623326]",10.357867649623326,8.571428571428571,10.357867649623326,3.3166666666666598,0,1,0,87.59474097192287,1.0357867649623326e-05,199,1,0
90,7,5,0,1,1,10.3155517578125,"[0.0, 10.3155517578125]",10.3155517578125,8.571428571428571,10.3155517578125,3.3166666666666598,0,1,0,87.59466800093651,1.03155517578125e-05,199,1,0
90,8,6,0,1,1,10.29728753226144,"[0.0, 10.29728753226144]",10.29728753226144,8.571428571428571,10.29728753226144,3.3166666666666598,0,1,0,87.5945694744587,1.029728753226144e-05,199,1,0
90,9,7,0,0,1,10.258151463099889,"[0.0, 10.258151463099889]",10.258151463099889,8.571428571428571,10.258151463099889,3.433333333333326,0,1,0,86.53461600840092,1.0258151463099889e-05,206,1,0
90,10,31,0,0,1,10.190375191824778,"[0.0, 10.190375191824778]",10.190375191824778,8.571428571428571,10.190375191824778,3.4166666666666594,0,1,0,86.56916503608227,1.0190375191824778e-05,205,1,0
90,11,20,0,0,1,9.90279061453683,"[0.0, 9.90279061453683]",9.90279061453683,8.571428571428571,9.90279061453683,3.2333333333333267,0,1,0,84.12024138867855,9.90279061453683e-06,194,1,0
90,12,60,0,0,1,9.880943298339844,"[0.0, 9.880943298339844]",9.880943298339844,8.571428571428571,9.880943298339844,3.2499999999999933,0,1,0,84.81086064875126,9.880943298339844e-06,195,1,0
90,13,28,0,0,1,9.865937914167132,"[0.0, 9.865937914167132]",9.865937914167132,8.571428571428571,9.865937914167132,3.2333333333333267,0,1,0,84.12050986289978,9.865937914167131e-06,194,1,0
90,14,11,0,0,1,9.861570085797991,"[0.0, 9.861570085797991]",9.861570085797991,8.571428571428571,9.861570085797991,3.3333333333333264,0,1,0,83.82787807285786,9.861570085797992e-06,200,1,0
90,15,23,0,0,1,9.647347586495536,"[0.0, 9.647347586495536]",9.647347586495536,8.571428571428571,9.647347586495536,3.1999999999999935,0,1,0,82.7465317696333,9.647347586495537e-06,192,1,0
90,16,62,0,0,1,9.479656219482422,"[0.0, 9.479656219482422]",9.479656219482422,8.571428571428571,9.479656219482422,3.1999999999999935,0,1,0,82.74653267860413,9.479656219482421e-06,192,1,0
90,17,44,0,0,1,9.402386801583425,"[0.0, 9.402386801583425]",9.402386801583425,8.571428571428571,9.402386801583425,3.1666666666666603,0,1,0,81.38193000853062,9.402386801583426e-06,190,1,0
90,18,61,0,0,1,9.238292149135045,"[0.0, 9.238292149135045]",9.238292149135045,8.571428571428571,9.238292149135045,3.183333333333327,0,1,0,82.0629814863205,9.238292149135045e-06,191,1,0
90,19,43,0,0,1,9.188695635114396,"[0.0, 9.188695635114396]",9.188695635114396,8.571428571428571,9.188695635114396,3.1499999999999937,0,1,0,80.70255686342716,9.188695635114396e-06,189,1,0
90,20,12,0,0,1,9.130050114222936,"[0.0, 9.130050114222936]",9.130050114222936,8.571428571428571,9.130050114222936,3.1666666666666603,0,1,0,81.38164448738098,9.130050114222936e-06,190,1,0
90,21,34,0,0,1,9.110529763357981,"[0.0, 9.110529763357981]",9.110529763357981,8.571428571428571,9.110529763357981,3.1499999999999937,0,1,0,80.70239509642124,9.11052976335798e-06,189,1,0
90,22,14,0,0,1,8.775403159005302,"[0.0, 8.775403159005302]",8.775403159005302,8.571428571428571,8.775403159005302,3.099999999999994,0,1,0,78.67919032275677,8.775403159005302e-06,186,1,0
90,23,51,0,0,1,8.710030147007533,"[0.0, 8.710030147007533]",8.710030147007533,8.571428571428571,8.710030147007533,3.383333333333326,0,1,0,79.18772739171982,8.710030147007533e-06,203,1,0
90,24,36,0,0,1,8.531063624790738,"[0.0, 8.531063624790738]",8.531063624790738,5.714285714285714,8.531063624790738,3.099999999999994,0,1,0,78.67877428233624,8.531063624790737e-06,186,1,0
90,25,26,0,0,1,8.525496891566684,"[0.0, 8.525496891566684]",8.525496891566684,5.714285714285714,8.525496891566684,3.0666666666666607,0,1,0,77.34133879840374,8.525496891566684e-06,184,1,0
90,26,57,0,0,1,8.478943961007253,"[0.0, 8.478943961007253]",8.478943961007253,5.714285714285714,8.478943961007253,3.099999999999994,0,1,0,78.67868898808956,8.478943961007253e-06,186,1,0
90,27,40,0,0,1,8.11532974243164,"[0.0, 8.11532974243164]",8.11532974243164,5.714285714285714,8.11532974243164,3.049999999999994,0,1,0,76.67624406516552,8.11532974243164e-06,183,1,0
90,28,24,0,0,1,8.056624276297434,"[0.0, 8.056624276297434]",8.056624276297434,5.714285714285714,8.056624276297434,3.0333333333333274,0,1,0,76.01301600039005,8.056624276297434e-06,182,1,0
90,29,48,0,0,1,7.999294825962612,"[0.0, 7.999294825962612]",7.999294825962612,5.714285714285714,7.999294825962612,3.0666666666666607,0,1,0,77.34139209985733,7.999294825962611e-06,184,1,0
90,30,17,0,0,1,7.757227761404854,"[0.0, 7.757227761404854]",7.757227761404854,5.714285714285714,7.757227761404854,2.9999999999999942,0,1,0,74.69374033808708,7.757227761404855e-06,180,1,0
90,31,33,0,0,1,7.538111550467355,"[0.0, 7.538111550467355]",7.538111550467355,5.714285714285714,7.538111550467355,2.966666666666661,0,1,0,73.38365164399147,7.538111550467355e-06,178,1,0
90,32,27,0,0,1,7.355147770472935,"[0.0, 7.355147770472935]",7.355147770472935,5.714285714285714,7.355147770472935,2.933333333333328,0,1,0,72.08330799639225,7.355147770472935e-06,176,1,0
90,33,18,0,0,0,7.250434330531529,"[0.0, 7.250434330531529]",7.250434330531529,5.714285714285714,7.250434330531529,2.916666666666661,0,1,0,71.43644133210182,7.250434330531528e-06,175,1,0
90,34,53,0,0,0,7.142857142857142,"[0.0, 7.142857142857142]",7.142857142857142,5.714285714285714,7.142857142857142,2.833333333333328,0,1,0,68.23758563399315,7.142857142857143e-06,170,1,0
90,35,55,0,0,0,7.142857142857142,"[0.0, 7.142857142857142]",7.142857142857142,5.714285714285714,7.142857142857142,2.833333333333328,0,1,0,68.23731249570847,7.142857142857143e-06,170,1,0
90,36,47,0,0,0,6.336201259068081,"[0.0, 6.336201259068081]",6.336201259068081,5.714285714285714,6.336201259068081,2.499999999999996,0,1,0,56.043469697237015,6.336201259068081e-06,150,1,0
90,37,19,0,0,0,5.691860743931362,"[0.0, 5.691860743931362]",5.691860743931362,2.857142857142857,5.691860743931362,2.3166666666666633,0,1,0,49.758795991539955,5.691860743931362e-06,139,1,0
90,38,50,0,0,0,5.676002502441406,"[0.0, 5.676002502441406]",5.676002502441406,2.857142857142857,5.676002502441406,4.19999999999999,0,1,0,50.50462279841304,5.676002502441406e-06,252,1,0
90,39,22,0,0,0,5.654078892299108,"[0.0, 5.654078892299108]",5.654078892299108,2.857142857142857,5.654078892299108,2.2999999999999967,0,1,0,49.20259441435337,5.6540788922991075e-06,138,1,0
90,40,15,0,0,0,5.5898284912109375,"[0.0, 5.5898284912109375]",5.5898284912109375,2.857142857142857,5.5898284912109375,2.28333333333333,0,1,0,48.64901830255985,5.589828491210938e-06,137,1,0
90,41,37,0,0,0,5.5352783203125,"[0.0, 5.5352783203125]",5.5352783203125,2.857142857142857,5.5352783203125,2.2666666666666635,0,1,0,48.098071709275246,5.5352783203125e-06,136,1,0
90,42,8,0,0,0,5.454041617257255,"[0.0, 5.454041617257255]",5.454041617257255,2.857142857142857,5.454041617257255,2.2333333333333303,0,1,0,47.00404970347881,5.454041617257255e-06,134,1,0
90,43,39,0,0,0,5.453643798828125,"[0.0, 5.453643798828125]",5.453643798828125,2.857142857142857,5.453643798828125,2.2333333333333303,0,1,0,47.003801450133324,5.453643798828125e-06,134,1,0
90,44,29,0,0,0,5.406281607491629,"[0.0, 5.406281607491629]",5.406281607491629,2.857142857142857,5.406281607491629,2.2166666666666637,0,1,0,46.46077220141888,5.406281607491629e-06,133,1,0
90,45,38,0,0,0,5.392766680036273,"[0.0, 5.392766680036273]",5.392766680036273,2.857142857142857,5.392766680036273,2.2166666666666637,0,1,0,46.46060562133789,5.392766680036272e-06,133,1,0
90,46,63,0,0,0,5.354227338518415,"[0.0, 5.354227338518415]",5.354227338518415,2.857142857142857,5.354227338518415,2.199999999999997,0,1,0,45.92033068835735,5.354227338518415e-06,132,1,0
90,47,56,0,0,0,5.249791826520648,"[0.0, 5.249791826520648]",5.249791826520648,2.857142857142857,5.249791826520648,2.166666666666664,0,1,0,44.84640210866928,5.249791826520647e-06,130,1,0
90,48,35,0,0,0,5.240740094866071,"[0.0, 5.240740094866071]",5.240740094866071,2.857142857142857,5.240740094866071,2.166666666666664,0,1,0,44.84656988084316,5.240740094866071e-06,130,1,0
90,49,45,0,0,0,5.200832911900111,"[0.0, 5.200832911900111]",5.200832911900111,2.857142857142857,5.200832911900111,2.1499999999999972,0,1,0,44.31378930807114,5.200832911900111e-06,129,1,0
90,50,13,0,0,0,5.050904410226004,"[0.0, 5.050904410226004]",5.050904410226004,2.857142857142857,5.050904410226004,2.0999999999999974,0,1,0,42.731244057416916,5.050904410226004e-06,126,1,0
90,51,59,0,0,0,5.045918055943081,"[0.0, 5.045918055943081]",5.045918055943081,2.857142857142857,5.045918055943081,2.0999999999999974,0,1,0,42.594477742910385,5.045918055943081e-06,126,1,0
90,52,16,0,0,0,4.90220206124442,"[0.0, 4.90220206124442]",4.90220206124442,2.857142857142857,4.90220206124442,2.0499999999999976,0,1,0,41.17234814167023,4.90220206124442e-06,123,1,0
90,53,54,0,0,0,4.895635332380023,"[0.0, 4.895635332380023]",4.895635332380023,2.857142857142857,4.895635332380023,2.8499999999999948,0,1,0,40.99769251048565,4.895635332380022e-06,171,1,0
90,54,32,0,0,0,4.860529218401228,"[0.0, 4.860529218401228]",4.860529218401228,2.857142857142857,4.860529218401228,2.033333333333331,0,1,0,40.657905369997025,4.860529218401229e-06,122,1,0
90,55,42,0,0,0,4.859226771763392,"[0.0, 4.859226771763392]",4.859226771763392,2.857142857142857,4.859226771763392,2.033333333333331,0,1,0,40.65826125442982,4.8592267717633925e-06,122,1,0
90,56,46,0,0,0,4.691385541643415,"[0.0, 4.691385541643415]",4.691385541643415,2.857142857142857,4.691385541643415,1.9666666666666646,0,1,0,38.62748870253563,4.691385541643415e-06,118,1,0
90,57,52,0,0,0,4.673352922712053,"[0.0, 4.673352922712053]",4.673352922712053,2.857142857142857,4.673352922712053,1.9666666666666646,0,1,0,38.62755064666271,4.673352922712053e-06,118,1,0
90,58,10,0,0,0,4.66728755405971,"[0.0, 4.66728755405971]",4.66728755405971,2.857142857142857,4.66728755405971,1.9666666666666646,0,1,0,38.62756824493408,4.6672875540597105e-06,118,1,0
90,59,58,0,0,0,4.633086068289621,"[0.0, 4.633086068289621]",4.633086068289621,2.857142857142857,4.633086068289621,1.949999999999998,0,1,0,38.1269311606884,4.6330860682896205e-06,117,1,0
90,60,41,0,0,0,4.432558332170759,"[0.0, 4.432558332170759]",4.432558332170759,2.857142857142857,4.432558332170759,1.8833333333333315,0,1,0,36.14997045695782,4.432558332170759e-06,113,1,0
90,61,49,0,0,0,2.186110360281808,"[0.0, 2.186110360281808]",2.186110360281808,0.0,2.186110360281808,5.016666666666654,0,1,0,8.54654536088492,2.1861103602818083e-06,301,1,0
90,62,30,0,0,0,1.9228799002511159,"[0.0, 1.9228799002511159]",1.9228799002511159,0.0,1.9228799002511159,5.016666666666654,0,1,0,5.610299720749026,1.922879900251116e-06,301,1,0
90,63,25,0,0,0,1.8769836425781248,"[0.0, 1.8769836425781248]",1.8769836425781248,0.0,1.8769836425781248,5.016666666666654,0,1,0,5.153164874471258,1.8769836425781247e-06,301,1,0
90,64,9,0,0,0,1.8758283342633928,"[0.0, 1.8758283342633928]",1.8758283342633928,0.0,1.8758283342633928,5.016666666666654,0,1,0,5.173563347547315,1.8758283342633927e-06,301,1,0
91,1,0,0,1,1,11.501966203962054,"[0.0, 11.501966203962054]",11.501966203962054,11.428571428571429,11.501966203962054,5.733333333333318,0,1,0,98.66476927697659,1.1501966203962054e-05,344,1,0
91,2,1,0,1,1,10.433807373046875,"[0.0, 10.433807373046875]",10.433807373046875,8.571428571428571,10.433807373046875,3.3333333333333264,0,1,0,88.29597687721252,1.0433807373046875e-05,200,1,0
91,3,2,0,1,1,10.43133054460798,"[0.0, 10.43133054460798]",10.43133054460798,8.571428571428571,10.43133054460798,5.116666666666654,0,1,0,88.44709768891335,1.0431330544607978e-05,307,1,0
91,4,3,0,1,1,10.378456115722656,"[0.0, 10.378456115722656]",10.378456115722656,8.571428571428571,10.378456115722656,3.3166666666666598,0,1,0,87.59461161494255,1.0378456115722656e-05,199,1,0
91,5,4,0,1,1,10.370736803327288,"[0.0, 10.370736803327288]",10.370736803327288,8.571428571428571,10.370736803327288,3.3166666666666598,0,1,0,87.59476399421692,1.0370736803327288e-05,199,1,0
91,6,5,0,1,1,10.357867649623326,"[0.0, 10.357867649623326]",10.357867649623326,8.571428571428571,10.357867649623326,3.3166666666666598,0,1,0,87.59474097192287,1.0357867649623326e-05,199,1,0
91,7,6,0,1,1,10.3155517578125,"[0.0, 10.3155517578125]",10.3155517578125,8.571428571428571,10.3155517578125,3.3166666666666598,0,1,0,87.59466800093651,1.03155517578125e-05,199,1,0
91,8,7,0,1,1,10.29728753226144,"[0.0, 10.29728753226144]",10.29728753226144,8.571428571428571,10.29728753226144,3.3166666666666598,0,1,0,87.5945694744587,1.029728753226144e-05,199,1,0
91,9,46,0,0,1,10.271546500069755,"[0.0, 10.271546500069755]",10.271546500069755,8.571428571428571,10.271546500069755,3.3166666666666598,0,1,0,87.59452630579472,1.0271546500069755e-05,199,1,0
91,10,35,0,0,1,9.95067868913923,"[0.0, 9.95067868913923]",9.95067868913923,8.571428571428571,9.95067868913923,3.26666666666666,0,1,0,85.50353586673737,9.950678689139229e-06,196,1,0
91,11,10,0,0,1,9.867264883858818,"[0.0, 9.867264883858818]",9.867264883858818,8.571428571428571,9.867264883858818,3.2499999999999933,0,1,0,84.81119507551193,9.867264883858817e-06,195,1,0
91,12,48,0,0,1,9.86468996320452,"[0.0, 9.86468996320452]",9.86468996320452,8.571428571428571,9.86468996320452,3.2333333333333267,0,1,0,84.12065505981445,9.864689963204521e-06,194,1,0
91,13,60,0,0,1,9.735540662493026,"[0.0, 9.735540662493026]",9.735540662493026,8.571428571428571,9.735540662493026,3.21666666666666,0,1,0,83.43278194963932,9.735540662493026e-06,193,1,0
91,14,13,0,0,1,9.682066781180247,"[0.0, 9.682066781180247]",9.682066781180247,8.571428571428571,9.682066781180247,3.2333333333333267,0,1,0,84.12069375813007,9.682066781180246e-06,194,1,0
91,15,23,0,0,1,9.620530264718193,"[0.0, 9.620530264718193]",9.620530264718193,8.571428571428571,9.620530264718193,3.21666666666666,0,1,0,83.4327367991209,9.620530264718193e-06,193,1,0
91,16,59,0,0,1,9.572854723249163,"[0.0, 9.572854723249163]",9.572854723249163,8.571428571428571,9.572854723249163,3.183333333333327,0,1,0,82.06306844949722,9.572854723249164e-06,191,1,0
91,17,28,0,0,1,9.407708304268974,"[0.0, 9.407708304268974]",9.407708304268974,8.571428571428571,9.407708304268974,3.1666666666666603,0,1,0,81.38174653053284,9.407708304268975e-06,190,1,0
91,18,61,0,0,1,9.378465924944196,"[0.0, 9.378465924944196]",9.378465924944196,8.571428571428571,9.378465924944196,3.1666666666666603,0,1,0,81.38179036974907,9.378465924944196e-06,190,1,0
91,19,41,0,0,1,9.363316127232142,"[0.0, 9.363316127232142]",9.363316127232142,8.571428571428571,9.363316127232142,3.1666666666666603,0,1,0,81.38216017186642,9.363316127232142e-06,190,1,0
91,20,49,0,0,1,9.35711179460798,"[0.0, 9.35711179460798]",9.35711179460798,8.571428571428571,9.35711179460798,3.183333333333327,0,1,0,82.0636583417654,9.35711179460798e-06,191,1,0
91,21,44,0,0,1,9.199935368129184,"[0.0, 9.199935368129184]",9.199935368129184,8.571428571428571,9.199935368129184,3.1499999999999937,0,1,0,80.70294490456581,9.199935368129185e-06,189,1,0
91,22,24,0,0,1,9.17727061680385,"[0.0, 9.17727061680385]",9.17727061680385,8.571428571428571,9.17727061680385,3.1499999999999937,0,1,0,80.11117494106293,9.17727061680385e-06,189,1,0
91,23,40,0,0,1,9.173712049211774,"[0.0, 9.173712049211774]",9.173712049211774,8.571428571428571,9.173712049211774,3.1499999999999937,0,1,0,80.7028671503067,9.173712049211775e-06,189,1,0
91,24,55,0,0,1,9.160769326346262,"[0.0, 9.160769326346262]",9.160769326346262,8.571428571428571,9.160769326346262,3.1499999999999937,0,1,0,80.70283587276936,9.160769326346262e-06,189,1,0
91,25,39,0,0,1,9.126578739711217,"[0.0, 9.126578739711217]",9.126578739711217,8.571428571428571,9.126578739711217,5.13333333333332,0,1,0,79.69033213244984,9.126578739711216e-06,308,1,0
91,26,20,0,0,1,9.100211007254465,"[0.0, 9.100211007254465]",9.100211007254465,8.571428571428571,9.100211007254465,3.133333333333327,0,1,0,80.02631159126759,9.100211007254466e-06,188,1,0
91,27,14,0,0,1,9.081123897007533,"[0.0, 9.081123897007533]",9.081123897007533,8.571428571428571,9.081123897007533,3.133333333333327,0,1,0,80.02597001194954,9.081123897007533e-06,188,1,0
91,28,54,0,0,1,8.940247126988002,"[0.0, 8.940247126988002]",8.940247126988002,8.571428571428571,8.940247126988002,3.1166666666666605,0,1,0,79.35100607573986,8.940247126988003e-06,187,1,0
91,29,25,0,0,1,8.880416325160436,"[0.0, 8.880416325160436]",8.880416325160436,8.571428571428571,8.880416325160436,3.1166666666666605,0,1,0,79.03836251795292,8.880416325160435e-06,187,1,0
91,30,52,0,0,1,8.761068071637833,"[0.0, 8.761068071637833]",8.761068071637833,8.571428571428571,8.761068071637833,3.133333333333327,0,1,0,80.02608354389668,8.761068071637833e-06,188,1,0
91,31,36,0,0,1,8.575325012207031,"[0.0, 8.575325012207031]",8.575325012207031,8.571428571428571,8.575325012207031,3.1166666666666605,0,1,0,79.35130435228348,8.575325012207031e-06,187,1,0
91,32,18,0,0,1,8.546336037772043,"[0.0, 8.546336037772043]",8.546336037772043,5.714285714285714,8.546336037772043,3.099999999999994,0,1,0,78.67899346351624,8.546336037772043e-06,186,1,0
91,33,63,0,0,0,8.518992832728795,"[0.0, 8.518992832728795]",8.518992832728795,5.714285714285714,8.518992832728795,3.0833333333333273,0,1,0,78.00914005935192,8.518992832728796e-06,185,1,0
91,34,19,0,0,0,8.268353598458427,"[0.0, 8.268353598458427]",8.268353598458427,5.714285714285714,8.268353598458427,3.0833333333333273,0,1,0,78.00941440463066,8.268353598458427e-06,185,1,0
91,35,22,0,0,0,8.198798043387278,"[0.0, 8.198798043387278]",8.198798043387278,5.714285714285714,8.198798043387278,3.0666666666666607,0,1,0,77.24541296064854,8.198798043387277e-06,184,1,0
91,36,51,0,0,0,8.146847316196986,"[0.0, 8.146847316196986]",8.146847316196986,5.714285714285714,8.146847316196986,3.049999999999994,0,1,0,76.6760765761137,8.146847316196986e-06,183,1,0
91,37,34,0,0,0,7.739227839878628,"[0.0, 7.739227839878628]",7.739227839878628,5.714285714285714,7.739227839878628,2.9999999999999942,0,1,0,74.69361032545567,7.739227839878628e-06,180,1,0
91,38,45,0,0,0,7.160342080252511,"[0.0, 7.160342080252511]",7.160342080252511,5.714285714285714,7.160342080252511,2.8999999999999946,0,1,0,70.69686129689217,7.160342080252512e-06,174,1,0
91,39,57,0,0,0,7.142857142857142,"[0.0, 7.142857142857142]",7.142857142857142,5.714285714285714,7.142857142857142,2.799999999999995,0,1,0,66.97424840927124,7.142857142857143e-06,168,1,0
91,40,30,0,0,0,7.0375551496233255,"[0.0, 7.0375551496233255]",7.0375551496233255,5.714285714285714,7.0375551496233255,2.6999999999999953,0,1,0,63.24318489432335,7.037555149623326e-06,162,1,0
91,41,32,0,0,0,5.934137616838727,"[0.0, 5.934137616838727]",5.934137616838727,5.714285714285714,5.934137616838727,2.416666666666663,0,1,0,53.149126157164574,5.9341376168387275e-06,145,1,0
91,42,27,0,0,0,5.845456804547991,"[0.0, 5.845456804547991]",5.845456804547991,5.714285714285714,5.845456804547991,2.366666666666663,0,1,0,51.44250002503395,5.845456804547991e-06,142,1,0
91,43,15,0,0,0,5.674754551478794,"[0.0, 5.674754551478794]",5.674754551478794,2.857142857142857,5.674754551478794,2.3166666666666633,0,1,0,49.47899408638477,5.674754551478794e-06,139,1,0
91,44,50,0,0,0,5.6390380859375,"[0.0, 5.6390380859375]",5.6390380859375,2.857142857142857,5.6390380859375,2.2999999999999967,0,1,0,49.20258209109306,5.6390380859375e-06,138,1,0
91,45,29,0,0,0,5.619948250906808,"[0.0, 5.619948250906808]",5.619948250906808,2.857142857142857,5.619948250906808,2.28333333333333,0,1,0,48.64933097362518,5.6199482509068086e-06,137,1,0
91,46,37,0,0,0,5.599730355398996,"[0.0, 5.599730355398996]",5.599730355398996,2.857142857142857,5.599730355398996,2.6999999999999953,0,1,0,48.743016958236694,5.599730355398996e-06,162,1,0
91,47,43,0,0,0,5.45379638671875,"[0.0, 5.45379638671875]",5.45379638671875,2.857142857142857,5.45379638671875,2.2333333333333303,0,1,0,47.004158332943916,5.45379638671875e-06,134,1,0
91,48,58,0,0,0,5.352439880371094,"[0.0, 5.352439880371094]",5.352439880371094,2.857142857142857,5.352439880371094,2.199999999999997,0,1,0,45.91994273662567,5.352439880371094e-06,132,1,0
91,49,8,0,0,0,5.336183820452009,"[0.0, 5.336183820452009]",5.336183820452009,2.857142857142857,5.336183820452009,3.8833333333333244,0,1,0,46.297683868557215,5.336183820452009e-06,233,1,0
91,50,17,0,0,0,5.314047677176339,"[0.0, 5.314047677176339]",5.314047677176339,2.857142857142857,5.314047677176339,2.1833333333333305,0,1,0,45.38205176591873,5.314047677176339e-06,131,1,0
91,51,12,0,0,0,5.26115962437221,"[0.0, 5.26115962437221]",5.26115962437221,2.857142857142857,5.26115962437221,3.599999999999992,0,1,0,45.041598405689,5.26115962437221e-06,216,1,0
91,52,11,0,0,0,5.253573826381138,"[0.0, 5.253573826381138]",5.253573826381138,2.857142857142857,5.253573826381138,2.166666666666664,0,1,0,44.84664495289326,5.253573826381138e-06,130,1,0
91,53,56,0,0,0,5.115334647042411,"[0.0, 5.115334647042411]",5.115334647042411,2.857142857142857,5.115334647042411,2.116666666666664,0,1,0,43.25603145360947,5.115334647042411e-06,127,1,0
91,54,33,0,0,0,5.108206612723214,"[0.0, 5.108206612723214]",5.108206612723214,2.857142857142857,5.108206612723214,2.116666666666664,0,1,0,43.256364077329636,5.108206612723214e-06,127,1,0
91,55,9,0,0,0,5.0859560285295755,"[0.0, 5.0859560285295755]",5.0859560285295755,2.857142857142857,5.0859560285295755,3.3666666666666596,0,1,0,42.981751285493374,5.085956028529575e-06,202,1,0
91,56,42,0,0,0,5.042806352887834,"[0.0, 5.042806352887834]",5.042806352887834,2.857142857142857,5.042806352887834,2.0999999999999974,0,1,0,42.73121003806591,5.042806352887834e-06,126,1,0
91,57,21,0,0,0,5.01535143171038,"[0.0, 5.01535143171038]",5.01535143171038,2.857142857142857,5.01535143171038,2.083333333333331,0,1,0,42.20886279642582,5.01535143171038e-06,125,1,0
91,58,31,0,0,0,4.999809265136719,"[0.0, 4.999809265136719]",4.999809265136719,2.857142857142857,4.999809265136719,2.083333333333331,0,1,0,42.20907771587372,4.999809265136719e-06,125,1,0
91,59,38,0,0,0,4.860501970563616,"[0.0, 4.860501970563616]",4.860501970563616,2.857142857142857,4.860501970563616,2.033333333333331,0,1,0,40.65817981958389,4.860501970563616e-06,122,1,0
91,60,53,0,0,0,4.810976300920759,"[0.0, 4.810976300920759]",4.810976300920759,2.857142857142857,4.810976300920759,2.0166666666666644,0,1,0,40.14632464945316,4.810976300920759e-06,121,1,0
91,61,62,0,0,0,4.6657562255859375,"[0.0, 4.6657562255859375]",4.6657562255859375,2.857142857142857,4.6657562255859375,1.9666666666666646,0,1,0,38.62772981822491,4.665756225585938e-06,118,1,0
91,62,16,0,0,0,4.4886016845703125,"[0.0, 4.4886016845703125]",4.4886016845703125,2.857142857142857,4.4886016845703125,1.8999999999999981,0,1,0,36.64005805552006,4.488601684570313e-06,114,1,0
91,63,26,0,0,0,4.205169677734375,"[0.0, 4.205169677734375]",4.205169677734375,2.857142857142857,4.205169677734375,1.7999999999999985,0,1,0,33.74053367972374,4.205169677734375e-06,108,1,0
91,64,47,0,0,0,1.8758283342633928,"[0.0, 1.8758283342633928]",1.8758283342633928,0.0,1.8758283342633928,5.016666666666654,0,1,0,5.173340425826609,1.8758283342633927e-06,301,1,0
92,1,0,0,1,1,11.501966203962054,"[0.0, 11.501966203962054]",11.501966203962054,11.428571428571429,11.501966203962054,5.733333333333318,0,1,0,98.66476927697659,1.1501966203962054e-05,344,1,0
92,2,1,0,1,1,10.433807373046875,"[0.0, 10.433807373046875]",10.433807373046875,8.571428571428571,10.433807373046875,3.3333333333333264,0,1,0,88.29597687721252,1.0433807373046875e-05,200,1,0
92,3,2,0,1,1,10.43133054460798,"[0.0, 10.43133054460798]",10.43133054460798,8.571428571428571,10.43133054460798,5.116666666666654,0,1,0,88.44709768891335,1.0431330544607978e-05,307,1,0
92,4,3,0,1,1,10.378456115722656,"[0.0, 10.378456115722656]",10.378456115722656,8.571428571428571,10.378456115722656,3.3166666666666598,0,1,0,87.59461161494255,1.0378456115722656e-05,199,1,0
92,5,4,0,1,1,10.370736803327288,"[0.0, 10.370736803327288]",10.370736803327288,8.571428571428571,10.370736803327288,3.3166666666666598,0,1,0,87.59476399421692,1.0370736803327288e-05,199,1,0
92,6,5,0,1,1,10.357867649623326,"[0.0, 10.357867649623326]",10.357867649623326,8.571428571428571,10.357867649623326,3.3166666666666598,0,1,0,87.59474097192287,1.0357867649623326e-05,199,1,0
92,7,6,0,1,1,10.3155517578125,"[0.0, 10.3155517578125]",10.3155517578125,8.571428571428571,10.3155517578125,3.3166666666666598,0,1,0,87.59466800093651,1.03155517578125e-05,199,1,0
92,8,7,0,1,1,10.29728753226144,"[0.0, 10.29728753226144]",10.29728753226144,8.571428571428571,10.29728753226144,3.3166666666666598,0,1,0,87.5945694744587,1.029728753226144e-05,199,1,0
92,9,22,0,0,1,9.69695772443499,"[0.0, 9.69695772443499]",9.69695772443499,8.571428571428571,9.69695772443499,3.21666666666666,0,1,0,83.43256285786629,9.69695772443499e-06,193,1,0
92,10,36,0,0,1,9.603849138532366,"[0.0, 9.603849138532366]",9.603849138532366,8.571428571428571,9.603849138532366,3.183333333333327,0,1,0,82.06328830122948,9.603849138532366e-06,191,1,0
92,11,63,0,0,1,9.393574850899833,"[0.0, 9.393574850899833]",9.393574850899833,8.571428571428571,9.393574850899833,3.183333333333327,0,1,0,82.06346301734447,9.393574850899834e-06,191,1,0
92,12,18,0,0,1,9.353858402797153,"[0.0, 9.353858402797153]",9.353858402797153,8.571428571428571,9.353858402797153,3.183333333333327,0,1,0,82.06314033269882,9.353858402797152e-06,191,1,0
92,13,42,0,0,1,9.280580793108259,"[0.0, 9.280580793108259]",9.280580793108259,8.571428571428571,9.280580793108259,3.1666666666666603,0,1,0,80.61099860072136,9.280580793108259e-06,190,1,0
92,14,17,0,0,1,9.233673640659877,"[0.0, 9.233673640659877]",9.233673640659877,8.571428571428571,9.233673640659877,3.1666666666666603,0,1,0,81.38164189457893,9.233673640659877e-06,190,1,0
92,15,13,0,0,1,9.193649291992188,"[0.0, 9.193649291992188]",9.193649291992188,8.571428571428571,9.193649291992188,3.1999999999999935,0,1,0,81.3927429318428,9.193649291992188e-06,192,1,0
92,16,9,0,0,1,9.191267830984932,"[0.0, 9.191267830984932]",9.191267830984932,8.571428571428571,9.191267830984932,3.1499999999999937,0,1,0,80.70268027484417,9.191267830984932e-06,189,1,0
92,17,41,0,0,1,9.174744742257253,"[0.0, 9.174744742257253]",9.174744742257253,8.571428571428571,9.174744742257253,3.1499999999999937,0,1,0,80.70276184380054,9.174744742257253e-06,189,1,0
92,18,26,0,0,1,9.133080073765345,"[0.0, 9.133080073765345]",9.133080073765345,8.571428571428571,9.133080073765345,3.1666666666666603,0,1,0,81.381632655859,9.133080073765346e-06,190,1,0
92,19,29,0,0,1,9.057377406529017,"[0.0, 9.057377406529017]",9.057377406529017,8.571428571428571,9.057377406529017,3.1666666666666603,0,1,0,81.38202096521854,9.057377406529017e-06,190,1,0
92,20,12,0,0,1,9.006464821951731,"[0.0, 9.006464821951731]",9.006464821951731,8.571428571428571,9.006464821951731,3.1166666666666605,0,1,0,79.3509900867939,9.006464821951732e-06,187,1,0
92,21,27,0,0,1,8.941031864711217,"[0.0, 8.941031864711217]",8.941031864711217,8.571428571428571,8.941031864711217,3.1166666666666605,0,1,0,79.16803687810898,8.941031864711217e-06,187,1,0
92,22,47,0,0,1,8.657444545200892,"[0.0, 8.657444545200892]",8.657444545200892,8.571428571428571,8.657444545200892,3.1666666666666603,0,1,0,81.38151723146439,8.657444545200893e-06,190,1,0
92,23,49,0,0,1,8.646785191127233,"[0.0, 8.646785191127233]",8.646785191127233,8.571428571428571,8.646785191127233,3.099999999999994,0,1,0,78.678950548172,8.646785191127232e-06,186,1,0
92,24,32,0,0,1,8.564109802246094,"[0.0, 8.564109802246094]",8.564109802246094,5.714285714285714,8.564109802246094,3.0833333333333273,0,1,0,78.00909920036793,8.564109802246093e-06,185,1,0
92,25,52,0,0,1,8.558464050292969,"[0.0, 8.558464050292969]",8.558464050292969,5.714285714285714,8.558464050292969,3.0833333333333273,0,1,0,77.75833787024021,8.558464050292968e-06,185,1,0
92,26,19,0,0,1,8.42599596296038,"[0.0, 8.42599596296038]",8.42599596296038,5.714285714285714,8.42599596296038,3.0833333333333273,0,1,0,78.00906230509281,8.42599596296038e-06,185,1,0
92,27,48,0,0,1,8.302541460309708,"[0.0, 8.302541460309708]",8.302541460309708,5.714285714285714,8.302541460309708,3.0666666666666607,0,1,0,77.3412749171257,8.302541460309709e-06,184,1,0
92,28,45,0,0,1,8.27698298863002,"[0.0, 8.27698298863002]",8.27698298863002,5.714285714285714,8.27698298863002,3.0666666666666607,0,1,0,77.34107625484467,8.27698298863002e-06,184,1,0
92,29,50,0,0,1,7.8266062055315295,"[0.0, 7.8266062055315295]",7.8266062055315295,5.714285714285714,7.8266062055315295,3.016666666666661,0,1,0,75.3521309196949,7.82660620553153e-06,181,1,0
92,30,57,0,0,1,7.569293975830078,"[0.0, 7.569293975830078]",7.569293975830078,5.714285714285714,7.569293975830078,2.9833333333333276,0,1,0,74.03735540807247,7.569293975830078e-06,179,1,0
92,31,59,0,0,1,7.510038103376115,"[0.0, 7.510038103376115]",7.510038103376115,5.714285714285714,7.510038103376115,3.1499999999999937,0,1,0,73.23987303674221,7.510038103376116e-06,189,1,0
92,32,30,0,0,1,7.30490003313337,"[0.0, 7.30490003313337]",7.30490003313337,5.714285714285714,7.30490003313337,2.933333333333328,0,1,0,72.08302839100361,7.30490003313337e-06,176,1,0
92,33,62,0,0,0,7.243851252964564,"[0.0, 7.243851252964564]",7.243851252964564,5.714285714285714,7.243851252964564,3.0333333333333274,0,1,0,71.13837897777557,7.243851252964564e-06,182,1,0
92,34,11,0,0,0,7.232366289411273,"[0.0, 7.232366289411273]",7.232366289411273,5.714285714285714,7.232366289411273,2.916666666666661,0,1,0,71.43581381440163,7.232366289411272e-06,175,1,0
92,35,46,0,0,0,7.142857142857142,"[0.0, 7.142857142857142]",7.142857142857142,5.714285714285714,7.142857142857142,2.799999999999995,0,1,0,66.9748654961586,7.142857142857143e-06,168,1,0
92,36,56,0,0,0,7.142857142857142,"[0.0, 7.142857142857142]",7.142857142857142,5.714285714285714,7.142857142857142,2.8666666666666614,0,1,0,69.50950148701668,7.142857142857143e-06,172,1,0
92,37,60,0,0,0,6.601110185895648,"[0.0, 6.601110185895648]",6.601110185895648,5.714285714285714,6.601110185895648,5.566666666666652,0,1,0,58.88952420651913,6.601110185895648e-06,334,1,0
92,38,28,0,0,0,6.33070809500558,"[0.0, 6.33070809500558]",6.33070809500558,5.714285714285714,6.33070809500558,2.499999999999996,0,1,0,56.04365216195583,6.33070809500558e-06,150,1,0
92,39,20,0,0,0,5.784699576241629,"[0.0, 5.784699576241629]",5.784699576241629,5.714285714285714,5.784699576241629,2.3499999999999965,0,1,0,50.87865626811981,5.78469957624163e-06,141,1,0
92,40,33,0,0,0,5.769168308803013,"[0.0, 5.769168308803013]",5.769168308803013,5.714285714285714,5.769168308803013,3.516666666666659,0,1,0,50.58847080171108,5.769168308803013e-06,211,1,0
92,41,16,0,0,0,5.704847063337053,"[0.0, 5.704847063337053]",5.704847063337053,2.857142857142857,5.704847063337053,2.3166666666666633,0,1,0,49.758728086948395,5.704847063337053e-06,139,1,0
92,42,58,0,0,0,5.695811680385045,"[0.0, 5.695811680385045]",5.695811680385045,2.857142857142857,5.695811680385045,2.3166666666666633,0,1,0,49.75863017141819,5.695811680385045e-06,139,1,0
92,43,44,0,0,0,5.681234087262835,"[0.0, 5.681234087262835]",5.681234087262835,2.857142857142857,5.681234087262835,2.3166666666666633,0,1,0,49.75870530307293,5.681234087262835e-06,139,1,0
92,44,53,0,0,0,5.660253252301898,"[0.0, 5.660253252301898]",5.660253252301898,2.857142857142857,5.660253252301898,2.2999999999999967,0,1,0,49.20273919403553,5.660253252301898e-06,138,1,0
92,45,39,0,0,0,5.605997358049665,"[0.0, 5.605997358049665]",5.605997358049665,2.857142857142857,5.605997358049665,2.28333333333333,0,1,0,48.649275094270706,5.605997358049665e-06,137,1,0
92,46,8,0,0,0,5.553316388811384,"[0.0, 5.553316388811384]",5.553316388811384,2.857142857142857,5.553316388811384,2.2666666666666635,0,1,0,48.098146468400955,5.5533163888113834e-06,136,1,0
92,47,37,0,0,0,5.548994881766183,"[0.0, 5.548994881766183]",5.548994881766183,2.857142857142857,5.548994881766183,2.2666666666666635,0,1,0,48.098083943128586,5.548994881766183e-06,136,1,0
92,48,14,0,0,0,5.46801975795201,"[0.0, 5.46801975795201]",5.46801975795201,2.857142857142857,5.46801975795201,2.249999999999997,0,1,0,47.164087012410164,5.4680197579520095e-06,135,1,0
92,49,23,0,0,0,5.464793613978794,"[0.0, 5.464793613978794]",5.464793613978794,2.857142857142857,5.464793613978794,2.249999999999997,0,1,0,47.244273245334625,5.464793613978794e-06,135,1,0
92,50,24,0,0,0,5.462401253836496,"[0.0, 5.462401253836496]",5.462401253836496,2.857142857142857,5.462401253836496,6.21666666666665,0,1,0,45.888476596417604,5.462401253836496e-06,373,1,0
92,51,43,0,0,0,5.434608459472656,"[0.0, 5.434608459472656]",5.434608459472656,2.857142857142857,5.434608459472656,6.183333333333317,0,1,0,45.03556796780322,5.434608459472656e-06,371,1,0
92,52,40,0,0,0,5.389834812709263,"[0.0, 5.389834812709263]",5.389834812709263,2.857142857142857,5.389834812709263,2.2166666666666637,0,1,0,46.460549771785736,5.389834812709263e-06,133,1,0
92,53,34,0,0,0,5.298440115792411,"[0.0, 5.298440115792411]",5.298440115792411,2.857142857142857,5.298440115792411,2.1833333333333305,0,1,0,45.382287949323654,5.29844011579241e-06,131,1,0
92,54,31,0,0,0,5.2372251238141745,"[0.0, 5.2372251238141745]",5.2372251238141745,2.857142857142857,5.2372251238141745,2.166666666666664,0,1,0,44.84673872590065,5.237225123814174e-06,130,1,0
92,55,10,0,0,0,5.142402648925781,"[0.0, 5.142402648925781]",5.142402648925781,2.857142857142857,5.142402648925781,2.1333333333333306,0,1,0,43.78374794125557,5.142402648925781e-06,128,1,0
92,56,38,0,0,0,4.9609375,"[0.0, 4.9609375]",4.9609375,2.857142857142857,4.9609375,2.066666666666664,0,1,0,41.689437195658684,4.9609375e-06,124,1,0
92,57,25,0,0,0,4.959346226283482,"[0.0, 4.959346226283482]",4.959346226283482,2.857142857142857,4.959346226283482,2.066666666666664,0,1,0,41.68922862410545,4.9593462262834815e-06,124,1,0
92,58,61,0,0,0,4.851166861397879,"[0.0, 4.851166861397879]",4.851166861397879,2.857142857142857,4.851166861397879,2.033333333333331,0,1,0,40.65791590511799,4.8511668613978795e-06,122,1,0
92,59,51,0,0,0,4.816992623465402,"[0.0, 4.816992623465402]",4.816992623465402,2.857142857142857,4.816992623465402,2.6499999999999955,0,1,0,39.84661251306534,4.816992623465402e-06,159,1,0
92,60,55,0,0,0,4.769347054617745,"[0.0, 4.769347054617745]",4.769347054617745,2.857142857142857,4.769347054617745,1.9999999999999978,0,1,0,39.63745138049126,4.7693470546177445e-06,120,1,0
92,61,35,0,0,0,4.395621163504464,"[0.0, 4.395621163504464]",4.395621163504464,2.857142857142857,4.395621163504464,1.866666666666665,0,1,0,35.66263319551945,4.3956211635044646e-06,112,1,0
92,62,54,0,0,0,2.1098109654017856,"[0.0, 2.1098109654017856]",2.1098109654017856,0.0,2.1098109654017856,5.016666666666654,0,1,0,7.723404493743146,2.1098109654017854e-06,301,1,0
92,63,21,0,0,0,1.8758010864257812,"[0.0, 1.8758010864257812]",1.8758010864257812,0.0,1.8758010864257812,5.016666666666654,0,1,0,5.173526732774917,1.8758010864257813e-06,301,1,0
92,64,15,0,0,0,1.8666022164481026,"[0.0, 1.8666022164481026]",1.8666022164481026,0.0,1.8666022164481026,5.016666666666654,0,1,0,5.192969702431583,1.8666022164481027e-06,301,1,0
93,1,0,0,1,1,11.501966203962054,"[0.0, 11.501966203962054]",11.501966203962054,11.428571428571429,11.501966203962054,5.733333333333318,0,1,0,98.66476927697659,1.1501966203962054e-05,344,1,0
93,2,1,0,1,1,10.433807373046875,"[0.0, 10.433807373046875]",10.433807373046875,8.571428571428571,10.433807373046875,3.3333333333333264,0,1,0,88.29597687721252,1.0433807373046875e-05,200,1,0
93,3,2,0,1,1,10.43133054460798,"[0.0, 10.43133054460798]",10.43133054460798,8.571428571428571,10.43133054460798,5.116666666666654,0,1,0,88.44709768891335,1.0431330544607978e-05,307,1,0
93,4,3,0,1,1,10.378456115722656,"[0.0, 10.378456115722656]",10.378456115722656,8.571428571428571,10.378456115722656,3.3166666666666598,0,1,0,87.59461161494255,1.0378456115722656e-05,199,1,0
93,5,4,0,1,1,10.370736803327288,"[0.0, 10.370736803327288]",10.370736803327288,8.571428571428571,10.370736803327288,3.3166666666666598,0,1,0,87.59476399421692,1.0370736803327288e-05,199,1,0
93,6,5,0,1,1,10.357867649623326,"[0.0, 10.357867649623326]",10.357867649623326,8.571428571428571,10.357867649623326,3.3166666666666598,0,1,0,87.59474097192287,1.0357867649623326e-05,199,1,0
93,7,6,0,1,1,10.3155517578125,"[0.0, 10.3155517578125]",10.3155517578125,8.571428571428571,10.3155517578125,3.3166666666666598,0,1,0,87.59466800093651,1.03155517578125e-05,199,1,0
93,8,7,0,1,1,10.29728753226144,"[0.0, 10.29728753226144]",10.29728753226144,8.571428571428571,10.29728753226144,3.3166666666666598,0,1,0,87.5945694744587,1.029728753226144e-05,199,1,0
93,9,31,0,0,1,10.191187177385602,"[0.0, 10.191187177385602]",10.191187177385602,8.571428571428571,10.191187177385602,3.2833333333333266,0,1,0,86.19839648902416,1.0191187177385602e-05,197,1,0
93,10,46,0,0,1,10.064983367919922,"[0.0, 10.064983367919922]",10.064983367919922,8.571428571428571,10.064983367919922,3.26666666666666,0,1,0,85.50401024520397,1.0064983367919922e-05,196,1,0
93,11,8,0,0,1,9.972106388636998,"[0.0, 9.972106388636998]",9.972106388636998,8.571428571428571,9.972106388636998,3.2833333333333266,0,1,0,85.83383859694004,9.972106388636999e-06,197,1,0
93,12,41,0,0,1,9.879019601004464,"[0.0, 9.879019601004464]",9.879019601004464,8.571428571428571,9.879019601004464,3.2333333333333267,0,1,0,84.12030854821205,9.879019601004464e-06,194,1,0
93,13,30,0,0,1,9.77630615234375,"[0.0, 9.77630615234375]",9.77630615234375,8.571428571428571,9.77630615234375,3.21666666666666,0,1,0,83.4327720105648,9.77630615234375e-06,193,1,0
93,14,47,0,0,1,9.771641322544642,"[0.0, 9.771641322544642]",9.771641322544642,8.571428571428571,9.771641322544642,3.2333333333333267,0,1,0,84.1206259727478,9.771641322544643e-06,194,1,0
93,15,58,0,0,1,9.767676762172155,"[0.0, 9.767676762172155]",9.767676762172155,8.571428571428571,9.767676762172155,3.2333333333333267,0,1,0,84.12081143260002,9.767676762172154e-06,194,1,0
93,16,36,0,0,1,9.685478210449219,"[0.0, 9.685478210449219]",9.685478210449219,8.571428571428571,9.685478210449219,3.21666666666666,0,1,0,83.43256948888302,9.685478210449219e-06,193,1,0
93,17,27,0,0,1,9.65402603149414,"[0.0, 9.65402603149414]",9.65402603149414,8.571428571428571,9.65402603149414,3.2333333333333267,0,1,0,84.12090827524662,9.65402603149414e-06,194,1,0
93,18,62,0,0,1,9.621734619140625,"[0.0, 9.621734619140625]",9.621734619140625,8.571428571428571,9.621734619140625,3.183333333333327,0,1,0,82.03409622609615,9.621734619140624e-06,191,1,0
93,19,21,0,0,1,9.614928109305247,"[0.0, 9.614928109305247]",9.614928109305247,8.571428571428571,9.614928109305247,3.1999999999999935,0,1,0,82.74698075652122,9.614928109305246e-06,192,1,0
93,20,17,0,0,1,9.60592542375837,"[0.0, 9.60592542375837]",9.60592542375837,8.571428571428571,9.60592542375837,3.21666666666666,0,1,0,83.43244095146656,9.60592542375837e-06,193,1,0
93,21,55,0,0,1,9.483882359095983,"[0.0, 9.483882359095983]",9.483882359095983,8.571428571428571,9.483882359095983,3.1999999999999935,0,1,0,82.7467800527811,9.483882359095982e-06,192,1,0
93,22,53,0,0,1,9.441721779959543,"[0.0, 9.441721779959543]",9.441721779959543,8.571428571428571,9.441721779959543,3.183333333333327,0,1,0,82.06320211291313,9.441721779959543e-06,191,1,0
93,23,49,0,0,1,9.397525787353516,"[0.0, 9.397525787353516]",9.397525787353516,8.571428571428571,9.397525787353516,3.1999999999999935,0,1,0,82.74706506729126,9.397525787353516e-06,192,1,0
93,24,16,0,0,1,9.26708493913923,"[0.0, 9.26708493913923]",9.26708493913923,8.571428571428571,9.26708493913923,3.21666666666666,0,1,0,83.4326253682375,9.26708493913923e-06,193,1,0
93,25,43,0,0,1,9.233232225690568,"[0.0, 9.233232225690568]",9.233232225690568,8.571428571428571,9.233232225690568,3.6999999999999917,0,1,0,79.97372490167618,9.233232225690568e-06,222,1,0
93,26,39,0,0,1,9.187355041503906,"[0.0, 9.187355041503906]",9.187355041503906,8.571428571428571,9.187355041503906,3.1499999999999937,0,1,0,80.70263968408108,9.187355041503906e-06,189,1,0
93,27,24,0,0,1,9.159186226981026,"[0.0, 9.159186226981026]",9.159186226981026,8.571428571428571,9.159186226981026,3.1499999999999937,0,1,0,80.7023913115263,9.159186226981025e-06,189,1,0
93,28,37,0,0,1,9.147981916155135,"[0.0, 9.147981916155135]",9.147981916155135,8.571428571428571,9.147981916155135,3.1666666666666603,0,1,0,81.38171952962875,9.147981916155136e-06,190,1,0
93,29,29,0,0,1,9.130420684814453,"[0.0, 9.130420684814453]",9.130420684814453,8.571428571428571,9.130420684814453,3.1499999999999937,0,1,0,80.70246106386185,9.130420684814453e-06,189,1,0
93,30,28,0,0,1,9.0646607535226,"[0.0, 9.0646607535226]",9.0646607535226,8.571428571428571,9.0646607535226,3.133333333333327,0,1,0,80.02606423199177,9.0646607535226e-06,188,1,0
93,31,20,0,0,1,9.047865186418806,"[0.0, 9.047865186418806]",9.047865186418806,8.571428571428571,9.047865186418806,3.133333333333327,0,1,0,79.87323647737503,9.047865186418805e-06,188,1,0
93,32,22,0,0,1,8.986691066196986,"[0.0, 8.986691066196986]",8.986691066196986,8.571428571428571,8.986691066196986,3.1166666666666605,0,1,0,79.35102620720863,8.986691066196985e-06,187,1,0
93,33,54,0,0,0,8.90289306640625,"[0.0, 8.90289306640625]",8.90289306640625,8.571428571428571,8.90289306640625,3.1499999999999937,0,1,0,80.70288299024105,8.90289306640625e-06,189,1,0
93,34,23,0,0,0,8.722632271902901,"[0.0, 8.722632271902901]",8.722632271902901,8.571428571428571,8.722632271902901,3.1166666666666605,0,1,0,79.35130885243416,8.722632271902902e-06,187,1,0
93,35,51,0,0,0,8.650597163609095,"[0.0, 8.650597163609095]",8.650597163609095,8.571428571428571,8.650597163609095,3.1166666666666605,0,1,0,79.35148142278194,8.650597163609096e-06,187,1,0
93,36,11,0,0,0,8.577289581298828,"[0.0, 8.577289581298828]",8.577289581298828,8.571428571428571,8.577289581298828,3.0833333333333273,0,1,0,78.00927199423313,8.577289581298828e-06,185,1,0
93,37,35,0,0,0,8.576583862304688,"[0.0, 8.576583862304688]",8.576583862304688,8.571428571428571,8.576583862304688,3.099999999999994,0,1,0,78.67909924685955,8.576583862304687e-06,186,1,0
93,38,48,0,0,0,8.543687547956194,"[0.0, 8.543687547956194]",8.543687547956194,5.714285714285714,8.543687547956194,3.099999999999994,0,1,0,78.67882652580738,8.543687547956195e-06,186,1,0
93,39,60,0,0,0,8.468069349016462,"[0.0, 8.468069349016462]",8.468069349016462,5.714285714285714,8.468069349016462,3.0666666666666607,0,1,0,77.34135639667511,8.468069349016461e-06,184,1,0
93,40,32,0,0,0,8.430453709193639,"[0.0, 8.430453709193639]",8.430453709193639,5.714285714285714,8.430453709193639,3.099999999999994,0,1,0,78.67892046272755,8.430453709193639e-06,186,1,0
93,41,14,0,0,0,8.414173126220703,"[0.0, 8.414173126220703]",8.414173126220703,5.714285714285714,8.414173126220703,3.0833333333333273,0,1,0,78.00899639725685,8.414173126220704e-06,185,1,0
93,42,18,0,0,0,8.402143205915179,"[0.0, 8.402143205915179]",8.402143205915179,5.714285714285714,8.402143205915179,3.0666666666666607,0,1,0,77.3415567278862,8.40214320591518e-06,184,1,0
93,43,50,0,0,0,8.284626007080078,"[0.0, 8.284626007080078]",8.284626007080078,5.714285714285714,8.284626007080078,3.099999999999994,0,1,0,78.67911951243877,8.284626007080079e-06,186,1,0
93,44,26,0,0,0,8.180977957589286,"[0.0, 8.180977957589286]",8.180977957589286,5.714285714285714,8.180977957589286,3.0666666666666607,0,1,0,77.1144160926342,8.180977957589287e-06,184,1,0
93,45,45,0,0,0,8.056308201381139,"[0.0, 8.056308201381139]",8.056308201381139,5.714285714285714,8.056308201381139,3.049999999999994,0,1,0,76.6757793277502,8.05630820138114e-06,183,1,0
93,46,63,0,0,0,8.008967808314733,"[0.0, 8.008967808314733]",8.008967808314733,5.714285714285714,8.008967808314733,3.0333333333333274,0,1,0,76.01258304715157,8.008967808314733e-06,182,1,0
93,47,38,0,0,0,7.8776686532156805,"[0.0, 7.8776686532156805]",7.8776686532156805,5.714285714285714,7.8776686532156805,3.049999999999994,0,1,0,76.67590571939945,7.877668653215681e-06,183,1,0
93,48,15,0,0,0,7.876363481794085,"[0.0, 7.876363481794085]",7.876363481794085,5.714285714285714,7.876363481794085,3.0333333333333274,0,1,0,76.01293006539345,7.876363481794085e-06,182,1,0
93,49,19,0,0,0,7.159306662423271,"[0.0, 7.159306662423271]",7.159306662423271,5.714285714285714,7.159306662423271,2.8999999999999946,0,1,0,70.64244532585144,7.159306662423271e-06,174,1,0
93,50,13,0,0,0,7.142857142857142,"[0.0, 7.142857142857142]",7.142857142857142,5.714285714285714,7.142857142857142,2.7666666666666617,0,1,0,65.72112268209457,7.142857142857143e-06,166,1,0
93,51,25,0,0,0,7.142857142857142,"[0.0, 7.142857142857142]",7.142857142857142,5.714285714285714,7.142857142857142,2.8666666666666614,0,1,0,68.64105096459389,7.142857142857143e-06,172,1,0
93,52,40,0,0,0,7.142857142857142,"[0.0, 7.142857142857142]",7.142857142857142,5.714285714285714,7.142857142857142,2.8666666666666614,0,1,0,69.50941447913647,7.142857142857143e-06,172,1,0
93,53,10,0,0,0,5.664629255022321,"[0.0, 5.664629255022321]",5.664629255022321,2.857142857142857,5.664629255022321,2.2999999999999967,0,1,0,49.20251852273941,5.664629255022321e-06,138,1,0
93,54,42,0,0,0,5.6268801007952005,"[0.0, 5.6268801007952005]",5.6268801007952005,2.857142857142857,5.6268801007952005,2.28333333333333,0,1,0,48.64911466836929,5.6268801007952e-06,137,1,0
93,55,9,0,0,0,5.580929347446987,"[0.0, 5.580929347446987]",5.580929347446987,2.857142857142857,5.580929347446987,2.28333333333333,0,1,0,48.648829594254494,5.580929347446987e-06,137,1,0
93,56,56,0,0,0,5.53276606968471,"[0.0, 5.53276606968471]",5.53276606968471,2.857142857142857,5.53276606968471,2.2666666666666635,0,1,0,48.098011538386345,5.53276606968471e-06,136,1,0
93,57,59,0,0,0,5.4069301060267865,"[0.0, 5.4069301060267865]",5.4069301060267865,2.857142857142857,5.4069301060267865,2.2166666666666637,0,1,0,46.46077619493008,5.406930106026786e-06,133,1,0
93,58,34,0,0,0,5.30616215297154,"[0.0, 5.30616215297154]",5.30616215297154,2.857142857142857,5.30616215297154,2.1833333333333305,0,1,0,45.38211804628372,5.30616215297154e-06,131,1,0
93,59,44,0,0,0,5.299704415457589,"[0.0, 5.299704415457589]",5.299704415457589,2.857142857142857,5.299704415457589,2.1833333333333305,0,1,0,45.38188625872135,5.299704415457589e-06,131,1,0
93,60,33,0,0,0,4.74503653390067,"[0.0, 4.74503653390067]",4.74503653390067,2.857142857142857,4.74503653390067,1.9999999999999978,0,1,0,39.478714257478714,4.74503653390067e-06,120,1,0
93,61,12,0,0,0,4.726050240652901,"[0.0, 4.726050240652901]",4.726050240652901,2.857142857142857,4.726050240652901,1.9833333333333312,0,1,0,39.13144202530384,4.726050240652901e-06,119,1,0
93,62,61,0,0,0,2.905545915876116,"[0.0, 2.905545915876116]",2.905545915876116,2.857142857142857,2.905545915876116,5.999999999999984,0,1,0,21.942723743690294,2.905545915876116e-06,360,1,0
93,63,52,0,0,0,2.173663548060826,"[0.0, 2.173663548060826]",2.173663548060826,0.0,2.173663548060826,5.016666666666654,0,1,0,8.40977021339495,2.173663548060826e-06,301,1,0
93,64,57,0,0,0,2.111494881766183,"[0.0, 2.111494881766183]",2.111494881766183,0.0,2.111494881766183,5.016666666666654,0,1,0,7.706020215962781,2.1114948817661832e-06,301,1,0
94,1,0,0,1,1,11.501966203962054,"[0.0, 11.501966203962054]",11.501966203962054,11.428571428571429,11.501966203962054,5.733333333333318,0,1,0,98.66476927697659,1.1501966203962054e-05,344,1,0
94,2,1,0,1,1,10.433807373046875,"[0.0, 10.433807373046875]",10.433807373046875,8.571428571428571,10.433807373046875,3.3333333333333264,0,1,0,88.29597687721252,1.0433807373046875e-05,200,1,0
94,3,2,0,1,1,10.43133054460798,"[0.0, 10.43133054460798]",10.43133054460798,8.571428571428571,10.43133054460798,5.116666666666654,0,1,0,88.44709768891335,1.0431330544607978e-05,307,1,0
94,4,3,0,1,1,10.378456115722656,"[0.0, 10.378456115722656]",10.378456115722656,8.571428571428571,10.378456115722656,3.3166666666666598,0,1,0,87.59461161494255,1.0378456115722656e-05,199,1,0
94,5,4,0,1,1,10.370736803327288,"[0.0, 10.370736803327288]",10.370736803327288,8.571428571428571,10.370736803327288,3.3166666666666598,0,1,0,87.59476399421692,1.0370736803327288e-05,199,1,0
94,6,5,0,1,1,10.357867649623326,"[0.0, 10.357867649623326]",10.357867649623326,8.571428571428571,10.357867649623326,3.3166666666666598,0,1,0,87.59474097192287,1.0357867649623326e-05,199,1,0
94,7,6,0,1,1,10.3155517578125,"[0.0, 10.3155517578125]",10.3155517578125,8.571428571428571,10.3155517578125,3.3166666666666598,0,1,0,87.59466800093651,1.03155517578125e-05,199,1,0
94,8,7,0,1,1,10.29728753226144,"[0.0, 10.29728753226144]",10.29728753226144,8.571428571428571,10.29728753226144,3.3166666666666598,0,1,0,87.5945694744587,1.029728753226144e-05,199,1,0
94,9,58,0,0,1,10.234167916434151,"[0.0, 10.234167916434151]",10.234167916434151,8.571428571428571,10.234167916434151,3.299999999999993,0,1,0,86.88648883998394,1.023416791643415e-05,198,1,0
94,10,37,0,0,1,10.125198364257812,"[0.0, 10.125198364257812]",10.125198364257812,8.571428571428571,10.125198364257812,3.299999999999993,0,1,0,86.89564646780491,1.0125198364257812e-05,198,1,0
94,11,48,0,0,1,9.825273241315568,"[0.0, 9.825273241315568]",9.825273241315568,8.571428571428571,9.825273241315568,3.383333333333326,0,1,0,83.77245476841927,9.825273241315568e-06,203,1,0
94,12,59,0,0,1,9.705080304827009,"[0.0, 9.705080304827009]",9.705080304827009,8.571428571428571,9.705080304827009,3.1999999999999935,0,1,0,82.74669677019119,9.705080304827008e-06,192,1,0
94,13,27,0,0,1,9.617552076067243,"[0.0, 9.617552076067243]",9.617552076067243,8.571428571428571,9.617552076067243,3.21666666666666,0,1,0,83.43247577548027,9.617552076067243e-06,193,1,0
94,14,61,0,0,1,9.531465257917132,"[0.0, 9.531465257917132]",9.531465257917132,8.571428571428571,9.531465257917132,3.1666666666666603,0,1,0,81.32895332574844,9.531465257917132e-06,190,1,0
94,15,51,0,0,1,9.51404299054827,"[0.0, 9.51404299054827]",9.51404299054827,8.571428571428571,9.51404299054827,3.21666666666666,0,1,0,83.43244676291943,9.514042990548271e-06,193,1,0
94,16,55,0,0,1,9.394108908517019,"[0.0, 9.394108908517019]",9.394108908517019,8.571428571428571,9.394108908517019,3.349999999999993,0,1,0,81.99737258255482,9.39410890851702e-06,201,1,0
94,17,11,0,0,1,9.267856052943639,"[0.0, 9.267856052943639]",9.267856052943639,8.571428571428571,9.267856052943639,3.1999999999999935,0,1,0,80.92227400839329,9.26785605294364e-06,192,1,0
94,18,49,0,0,1,9.255812508719307,"[0.0, 9.255812508719307]",9.255812508719307,8.571428571428571,9.255812508719307,4.633333333333322,0,1,0,80.60979588329792,9.255812508719308e-06,278,1,0
94,19,45,0,0,1,9.255804334368024,"[0.0, 9.255804334368024]",9.255804334368024,8.571428571428571,9.255804334368024,3.1499999999999937,0,1,0,80.70235966145992,9.255804334368024e-06,189,1,0
94,20,17,0,0,1,9.150622231619698,"[0.0, 9.150622231619698]",9.150622231619698,8.571428571428571,9.150622231619698,3.133333333333327,0,1,0,80.02588295936584,9.150622231619698e-06,188,1,0
94,21,28,0,0,1,9.147347041538783,"[0.0, 9.147347041538783]",9.147347041538783,8.571428571428571,9.147347041538783,3.1499999999999937,0,1,0,80.70270732045174,9.147347041538784e-06,189,1,0
94,22,19,0,0,1,9.14238248552595,"[0.0, 9.14238248552595]",9.14238248552595,8.571428571428571,9.14238248552595,3.1499999999999937,0,1,0,80.63797324895859,9.14238248552595e-06,189,1,0
94,23,8,0,0,1,8.941004616873604,"[0.0, 8.941004616873604]",8.941004616873604,8.571428571428571,8.941004616873604,3.133333333333327,0,1,0,80.02563309669495,8.941004616873605e-06,188,1,0
94,24,30,0,0,1,8.93364497593471,"[0.0, 8.93364497593471]",8.93364497593471,8.571428571428571,8.93364497593471,3.133333333333327,0,1,0,80.02569407224655,8.93364497593471e-06,188,1,0
94,25,33,0,0,1,8.930862971714564,"[0.0, 8.930862971714564]",8.930862971714564,8.571428571428571,8.930862971714564,3.133333333333327,0,1,0,80.02572618424892,8.930862971714565e-06,188,1,0
94,26,41,0,0,1,8.91902106148856,"[0.0, 8.91902106148856]",8.91902106148856,8.571428571428571,8.91902106148856,3.133333333333327,0,1,0,80.02606046199799,8.91902106148856e-06,188,1,0
94,27,18,0,0,1,8.892947605678012,"[0.0, 8.892947605678012]",8.892947605678012,8.571428571428571,8.892947605678012,3.1499999999999937,0,1,0,80.70245438814163,8.892947605678012e-06,189,1,0
94,28,12,0,0,1,8.888288225446427,"[0.0, 8.888288225446427]",8.888288225446427,8.571428571428571,8.888288225446427,3.133333333333327,0,1,0,80.02579437196255,8.888288225446426e-06,188,1,0
94,29,54,0,0,1,8.782261439732144,"[0.0, 8.782261439732144]",8.782261439732144,8.571428571428571,8.782261439732144,3.1166666666666605,0,1,0,79.35138009488583,8.782261439732144e-06,187,1,0
94,30,16,0,0,1,8.752212524414062,"[0.0, 8.752212524414062]",8.752212524414062,8.571428571428571,8.752212524414062,3.099999999999994,0,1,0,78.67924280464649,8.752212524414063e-06,186,1,0
94,31,50,0,0,1,8.746989113943918,"[0.0, 8.746989113943918]",8.746989113943918,8.571428571428571,8.746989113943918,3.1166666666666605,0,1,0,79.35135167837143,8.746989113943918e-06,187,1,0
94,32,25,0,0,1,8.708234514508927,"[0.0, 8.708234514508927]",8.708234514508927,8.571428571428571,8.708234514508927,3.1166666666666605,0,1,0,79.35104593634605,8.708234514508927e-06,187,1,0
94,33,44,0,0,0,8.689349038260323,"[0.0, 8.689349038260323]",8.689349038260323,8.571428571428571,8.689349038260323,3.1166666666666605,0,1,0,79.35142478346825,8.689349038260323e-06,187,1,0
94,34,10,0,0,0,8.681343623570033,"[0.0, 8.681343623570033]",8.681343623570033,8.571428571428571,8.681343623570033,3.1499999999999937,0,1,0,80.7022465467453,8.681343623570033e-06,189,1,0
94,35,60,0,0,0,8.367838178362165,"[0.0, 8.367838178362165]",8.367838178362165,5.714285714285714,8.367838178362165,3.0833333333333273,0,1,0,78.00912061333656,8.367838178362164e-06,185,1,0
94,36,32,0,0,0,8.17730222429548,"[0.0, 8.17730222429548]",8.17730222429548,5.714285714285714,8.17730222429548,3.0666666666666607,0,1,0,77.34156085550785,8.177302224295479e-06,184,1,0
94,37,57,0,0,0,8.170054299490792,"[0.0, 8.170054299490792]",8.170054299490792,5.714285714285714,8.170054299490792,3.0666666666666607,0,1,0,77.34113135933876,8.170054299490791e-06,184,1,0
94,38,38,0,0,0,8.117803846086774,"[0.0, 8.117803846086774]",8.117803846086774,5.714285714285714,8.117803846086774,3.049999999999994,0,1,0,76.67542590200901,8.117803846086774e-06,183,1,0
94,39,42,0,0,0,7.774186815534319,"[0.0, 7.774186815534319]",7.774186815534319,5.714285714285714,7.774186815534319,2.9999999999999942,0,1,0,74.69357843697071,7.774186815534319e-06,180,1,0
94,40,22,0,0,0,7.578283037458148,"[0.0, 7.578283037458148]",7.578283037458148,5.714285714285714,7.578283037458148,2.9833333333333276,0,1,0,74.03765393793583,7.5782830374581475e-06,179,1,0
94,41,46,0,0,0,7.394820622035435,"[0.0, 7.394820622035435]",7.394820622035435,5.714285714285714,7.394820622035435,2.9499999999999944,0,1,0,72.73220524191856,7.394820622035435e-06,177,1,0
94,42,34,0,0,0,7.142857142857142,"[0.0, 7.142857142857142]",7.142857142857142,5.714285714285714,7.142857142857142,2.8666666666666614,0,1,0,69.5097349435091,7.142857142857143e-06,172,1,0
94,43,56,0,0,0,7.142857142857142,"[0.0, 7.142857142857142]",7.142857142857142,5.714285714285714,7.142857142857142,2.7333333333333285,0,1,0,64.47773613035679,7.142857142857143e-06,164,1,0
94,44,29,0,0,0,7.092394147600446,"[0.0, 7.092394147600446]",7.092394147600446,5.714285714285714,7.092394147600446,2.716666666666662,0,1,0,63.859190702438354,7.0923941476004465e-06,163,1,0
94,45,43,0,0,0,5.777560642787388,"[0.0, 5.777560642787388]",5.777560642787388,5.714285714285714,5.777560642787388,2.33333333333333,0,1,0,50.317434296011925,5.777560642787388e-06,140,1,0
94,46,20,0,0,0,5.754454476492746,"[0.0, 5.754454476492746]",5.754454476492746,5.714285714285714,5.754454476492746,2.33333333333333,0,1,0,50.3174761980772,5.7544544764927455e-06,140,1,0
94,47,53,0,0,0,5.747620718819754,"[0.0, 5.747620718819754]",5.747620718819754,5.714285714285714,5.747620718819754,2.33333333333333,0,1,0,50.31735008955002,5.747620718819754e-06,140,1,0
94,48,36,0,0,0,5.746874128069197,"[0.0, 5.746874128069197]",5.746874128069197,5.714285714285714,5.746874128069197,2.33333333333333,0,1,0,50.31746746599674,5.746874128069197e-06,140,1,0
94,49,52,0,0,0,5.566869463239398,"[0.0, 5.566869463239398]",5.566869463239398,2.857142857142857,5.566869463239398,2.28333333333333,0,1,0,48.64925689995289,5.566869463239398e-06,137,1,0
94,50,62,0,0,0,5.532324654715402,"[0.0, 5.532324654715402]",5.532324654715402,2.857142857142857,5.532324654715402,2.2666666666666635,0,1,0,48.097761780023575,5.532324654715402e-06,136,1,0
94,51,40,0,0,0,5.452390398297991,"[0.0, 5.452390398297991]",5.452390398297991,2.857142857142857,5.452390398297991,2.2333333333333303,0,1,0,47.00389398634434,5.452390398297991e-06,134,1,0
94,52,47,0,0,0,5.382303510393415,"[0.0, 5.382303510393415]",5.382303510393415,2.857142857142857,5.382303510393415,2.2166666666666637,0,1,0,46.46083152294159,5.382303510393415e-06,133,1,0
94,53,9,0,0,0,5.34942626953125,"[0.0, 5.34942626953125]",5.34942626953125,2.857142857142857,5.34942626953125,2.199999999999997,0,1,0,45.92006519436836,5.34942626953125e-06,132,1,0
94,54,35,0,0,0,5.240865434919085,"[0.0, 5.240865434919085]",5.240865434919085,2.857142857142857,5.240865434919085,2.166666666666664,0,1,0,44.846599251031876,5.240865434919085e-06,130,1,0
94,55,21,0,0,0,5.037367684500558,"[0.0, 5.037367684500558]",5.037367684500558,2.857142857142857,5.037367684500558,2.0999999999999974,0,1,0,42.73144167661667,5.037367684500558e-06,126,1,0
94,56,14,0,0,0,5.009449550083706,"[0.0, 5.009449550083706]",5.009449550083706,2.857142857142857,5.009449550083706,2.083333333333331,0,1,0,42.20894484221935,5.009449550083706e-06,125,1,0
94,57,31,0,0,0,4.997907366071429,"[0.0, 4.997907366071429]",4.997907366071429,2.857142857142857,4.997907366071429,2.083333333333331,0,1,0,42.20893315970898,4.9979073660714285e-06,125,1,0
94,58,63,0,0,0,4.76799556187221,"[0.0, 4.76799556187221]",4.76799556187221,2.857142857142857,4.76799556187221,1.9999999999999978,0,1,0,39.63703329861164,4.76799556187221e-06,120,1,0
94,59,23,0,0,0,4.767020089285714,"[0.0, 4.767020089285714]",4.767020089285714,2.857142857142857,4.767020089285714,1.9999999999999978,0,1,0,39.63774302601814,4.767020089285714e-06,120,1,0
94,60,24,0,0,0,4.7550473894391745,"[0.0, 4.7550473894391745]",4.7550473894391745,2.857142857142857,4.7550473894391745,1.9999999999999978,0,1,0,39.63740696012974,4.755047389439175e-06,120,1,0
94,61,15,0,0,0,4.712213788713727,"[0.0, 4.712213788713727]",4.712213788713727,2.857142857142857,4.712213788713727,1.9833333333333312,0,1,0,39.13136178255081,4.712213788713728e-06,119,1,0
94,62,39,0,0,0,4.629429408482142,"[0.0, 4.629429408482142]",4.629429408482142,2.857142857142857,4.629429408482142,1.949999999999998,0,1,0,38.12680630385876,4.629429408482142e-06,117,1,0
94,63,26,0,0,0,4.528803144182477,"[0.0, 4.528803144182477]",4.528803144182477,2.857142857142857,4.528803144182477,6.399999999999983,0,1,0,35.15163754434616,4.528803144182477e-06,384,1,0
94,64,13,0,0,0,2.1074404035295755,"[0.0, 2.1074404035295755]",2.1074404035295755,0.0,2.1074404035295755,5.016666666666654,0,1,0,7.706160350426217,2.1074404035295756e-06,301,1,0
95,1,0,0,1,1,11.501966203962054,"[0.0, 11.501966203962054]",11.501966203962054,11.428571428571429,11.501966203962054,5.733333333333318,0,1,0,98.66476927697659,1.1501966203962054e-05,344,1,0
95,2,1,0,1,1,10.433807373046875,"[0.0, 10.433807373046875]",10.433807373046875,8.571428571428571,10.433807373046875,3.3333333333333264,0,1,0,88.29597687721252,1.0433807373046875e-05,200,1,0
95,3,2,0,1,1,10.43133054460798,"[0.0, 10.43133054460798]",10.43133054460798,8.571428571428571,10.43133054460798,5.116666666666654,0,1,0,88.44709768891335,1.0431330544607978e-05,307,1,0
95,4,3,0,1,1,10.378456115722656,"[0.0, 10.378456115722656]",10.378456115722656,8.571428571428571,10.378456115722656,3.3166666666666598,0,1,0,87.59461161494255,1.0378456115722656e-05,199,1,0
95,5,4,0,1,1,10.370736803327288,"[0.0, 10.370736803327288]",10.370736803327288,8.571428571428571,10.370736803327288,3.3166666666666598,0,1,0,87.59476399421692,1.0370736803327288e-05,199,1,0
95,6,5,0,1,1,10.357867649623326,"[0.0, 10.357867649623326]",10.357867649623326,8.571428571428571,10.357867649623326,3.3166666666666598,0,1,0,87.59474097192287,1.0357867649623326e-05,199,1,0
95,7,59,0,1,1,10.350510733468193,"[0.0, 10.350510733468193]",10.350510733468193,8.571428571428571,10.350510733468193,3.3333333333333264,0,1,0,88.29645788669586,1.0350510733468193e-05,200,1,0
95,8,6,0,1,1,10.3155517578125,"[0.0, 10.3155517578125]",10.3155517578125,8.571428571428571,10.3155517578125,3.3166666666666598,0,1,0,87.59466800093651,1.03155517578125e-05,199,1,0
95,9,7,0,0,1,10.29728753226144,"[0.0, 10.29728753226144]",10.29728753226144,8.571428571428571,10.29728753226144,3.3166666666666598,0,1,0,87.5945694744587,1.029728753226144e-05,199,1,0
95,10,61,0,0,1,10.017801012311663,"[0.0, 10.017801012311663]",10.017801012311663,8.571428571428571,10.017801012311663,3.2499999999999933,0,1,0,84.81105272471905,1.0017801012311663e-05,195,1,0
95,11,19,0,0,1,9.878439222063337,"[0.0, 9.878439222063337]",9.878439222063337,8.571428571428571,9.878439222063337,3.2333333333333267,0,1,0,84.12082163989544,9.878439222063336e-06,194,1,0
95,12,28,0,0,1,9.802308763776507,"[0.0, 9.802308763776507]",9.802308763776507,8.571428571428571,9.802308763776507,3.2333333333333267,0,1,0,84.12061178684235,9.802308763776506e-06,194,1,0
95,13,51,0,0,1,9.725914001464844,"[0.0, 9.725914001464844]",9.725914001464844,8.571428571428571,9.725914001464844,3.3166666666666598,0,1,0,82.71360282599926,9.725914001464843e-06,199,1,0
95,14,48,0,0,1,9.654333932059151,"[0.0, 9.654333932059151]",9.654333932059151,8.571428571428571,9.654333932059151,3.21666666666666,0,1,0,83.43264399468899,9.654333932059152e-06,193,1,0
95,15,27,0,0,1,9.649772644042969,"[0.0, 9.649772644042969]",9.649772644042969,8.571428571428571,9.649772644042969,3.2833333333333266,0,1,0,82.75242897868156,9.649772644042969e-06,197,1,0
95,16,37,0,0,1,9.483410971505302,"[0.0, 9.483410971505302]",9.483410971505302,8.571428571428571,9.483410971505302,3.183333333333327,0,1,0,81.98535980284214,9.483410971505302e-06,191,1,0
95,17,41,0,0,1,9.453917912074498,"[0.0, 9.453917912074498]",9.453917912074498,8.571428571428571,9.453917912074498,3.4166666666666594,0,1,0,83.63250856101513,9.453917912074499e-06,205,1,0
95,18,17,0,0,1,9.383790152413503,"[0.0, 9.383790152413503]",9.383790152413503,8.571428571428571,9.383790152413503,3.1999999999999935,0,1,0,82.74655486643314,9.383790152413503e-06,192,1,0
95,19,26,0,0,1,9.371247972760882,"[0.0, 9.371247972760882]",9.371247972760882,8.571428571428571,9.371247972760882,3.183333333333327,0,1,0,82.06306160986423,9.371247972760881e-06,191,1,0
95,20,58,0,0,1,9.35112271990095,"[0.0, 9.35112271990095]",9.35112271990095,8.571428571428571,9.35112271990095,3.1999999999999935,0,1,0,82.7464846521616,9.35112271990095e-06,192,1,0
95,21,39,0,0,1,9.350485120500837,"[0.0, 9.350485120500837]",9.350485120500837,8.571428571428571,9.350485120500837,3.1666666666666603,0,1,0,81.381442964077,9.350485120500837e-06,190,1,0
95,22,49,0,0,1,9.29276875087193,"[0.0, 9.29276875087193]",9.29276875087193,8.571428571428571,9.29276875087193,3.183333333333327,0,1,0,82.06312498450279,9.29276875087193e-06,191,1,0
95,23,57,0,0,1,9.26370348249163,"[0.0, 9.26370348249163]",9.26370348249163,8.571428571428571,9.26370348249163,3.1499999999999937,0,1,0,80.70224289596081,9.26370348249163e-06,189,1,0
95,24,55,0,0,1,9.141268048967634,"[0.0, 9.141268048967634]",9.141268048967634,8.571428571428571,9.141268048967634,3.133333333333327,0,1,0,80.02583833038807,9.141268048967633e-06,188,1,0
95,25,16,0,0,1,8.993020738874163,"[0.0, 8.993020738874163]",8.993020738874163,8.571428571428571,8.993020738874163,3.133333333333327,0,1,0,80.02556173503399,8.993020738874163e-06,188,1,0
95,26,53,0,0,1,8.971045357840401,"[0.0, 8.971045357840401]",8.971045357840401,8.571428571428571,8.971045357840401,3.1499999999999937,0,1,0,80.70301127433777,8.971045357840401e-06,189,1,0
95,27,22,0,0,1,8.93423080444336,"[0.0, 8.93423080444336]",8.93423080444336,8.571428571428571,8.93423080444336,3.133333333333327,0,1,0,80.02597060799599,8.93423080444336e-06,188,1,0
95,28,34,0,0,1,8.920478820800781,"[0.0, 8.920478820800781]",8.920478820800781,8.571428571428571,8.920478820800781,3.133333333333327,0,1,0,80.0257334113121,8.920478820800781e-06,188,1,0
95,29,52,0,0,1,8.603804452078682,"[0.0, 8.603804452078682]",8.603804452078682,8.571428571428571,8.603804452078682,3.1166666666666605,0,1,0,79.35144406557083,8.603804452078682e-06,187,1,0
95,30,38,0,0,1,8.597085135323661,"[0.0, 8.597085135323661]",8.597085135323661,8.571428571428571,8.597085135323661,3.099999999999994,0,1,0,78.64092591404915,8.59708513532366e-06,186,1,0
95,31,13,0,0,1,8.51511001586914,"[0.0, 8.51511001586914]",8.51511001586914,5.714285714285714,8.51511001586914,3.0666666666666607,0,1,0,77.34146527945995,8.51511001586914e-06,184,1,0
95,32,42,0,0,1,8.484788622174943,"[0.0, 8.484788622174943]",8.484788622174943,5.714285714285714,8.484788622174943,3.099999999999994,0,1,0,78.67884734272957,8.484788622174942e-06,186,1,0
95,33,21,0,0,0,8.45717021397182,"[0.0, 8.45717021397182]",8.45717021397182,5.714285714285714,8.45717021397182,3.0833333333333273,0,1,0,78.00887885689735,8.457170213971819e-06,185,1,0
95,34,29,0,0,0,8.30453872680664,"[0.0, 8.30453872680664]",8.30453872680664,5.714285714285714,8.30453872680664,3.0666666666666607,0,1,0,77.34137536585331,8.304538726806641e-06,184,1,0
95,35,31,0,0,0,8.210359300885882,"[0.0, 8.210359300885882]",8.210359300885882,5.714285714285714,8.210359300885882,3.0833333333333273,0,1,0,78.0089769512415,8.210359300885882e-06,185,1,0
95,36,14,0,0,0,8.104942866734095,"[0.0, 8.104942866734095]",8.104942866734095,5.714285714285714,8.104942866734095,3.049999999999994,0,1,0,76.67617344856262,8.104942866734096e-06,183,1,0
95,37,11,0,0,0,8.08112553187779,"[0.0, 8.08112553187779]",8.08112553187779,5.714285714285714,8.08112553187779,3.049999999999994,0,1,0,76.67601461708546,8.08112553187779e-06,183,1,0
95,38,9,0,0,0,7.929638453892299,"[0.0, 7.929638453892299]",7.929638453892299,5.714285714285714,7.929638453892299,3.016666666666661,0,1,0,75.35215616226196,7.929638453892298e-06,181,1,0
95,39,50,0,0,0,7.837497166224888,"[0.0, 7.837497166224888]",7.837497166224888,5.714285714285714,7.837497166224888,3.016666666666661,0,1,0,75.35190644860268,7.837497166224887e-06,181,1,0
95,40,10,0,0,0,7.215641566685267,"[0.0, 7.215641566685267]",7.215641566685267,5.714285714285714,7.215641566685267,2.8999999999999946,0,1,0,70.79150991141796,7.215641566685268e-06,174,1,0
95,41,23,0,0,0,7.142857142857142,"[0.0, 7.142857142857142]",7.142857142857142,5.714285714285714,7.142857142857142,2.749999999999995,0,1,0,65.09833870828152,7.142857142857143e-06,165,1,0
95,42,40,0,0,0,7.142857142857142,"[0.0, 7.142857142857142]",7.142857142857142,5.714285714285714,7.142857142857142,2.8666666666666614,0,1,0,69.50927314162254,7.142857142857143e-06,172,1,0
95,43,45,0,0,0,7.142857142857142,"[0.0, 7.142857142857142]",7.142857142857142,5.714285714285714,7.142857142857142,2.883333333333328,0,1,0,70.14972734451294,7.142857142857143e-06,173,1,0
95,44,32,0,0,0,5.760307312011719,"[0.0, 5.760307312011719]",5.760307312011719,5.714285714285714,5.760307312011719,2.33333333333333,0,1,0,50.317577838897705,5.760307312011719e-06,140,1,0
95,45,44,0,0,0,5.755795070103237,"[0.0, 5.755795070103237]",5.755795070103237,5.714285714285714,5.755795070103237,2.33333333333333,0,1,0,50.317395225167274,5.755795070103237e-06,140,1,0
95,46,30,0,0,0,5.6991359165736615,"[0.0, 5.6991359165736615]",5.6991359165736615,2.857142857142857,5.6991359165736615,2.3166666666666633,0,1,0,49.759079679846764,5.699135916573661e-06,139,1,0
95,47,20,0,0,0,5.675283159528459,"[0.0, 5.675283159528459]",5.675283159528459,2.857142857142857,5.675283159528459,2.3166666666666633,0,1,0,49.75877006351948,5.675283159528459e-06,139,1,0
95,48,33,0,0,0,5.606062752859933,"[0.0, 5.606062752859933]",5.606062752859933,2.857142857142857,5.606062752859933,2.28333333333333,0,1,0,48.64929063618183,5.606062752859933e-06,137,1,0
95,49,15,0,0,0,5.555207388741629,"[0.0, 5.555207388741629]",5.555207388741629,2.857142857142857,5.555207388741629,2.2666666666666635,0,1,0,48.09835444390774,5.55520738874163e-06,136,1,0
95,50,47,0,0,0,5.505338396344865,"[0.0, 5.505338396344865]",5.505338396344865,2.857142857142857,5.505338396344865,2.249999999999997,0,1,0,47.54977412521839,5.505338396344866e-06,135,1,0
95,51,56,0,0,0,5.501790727887835,"[0.0, 5.501790727887835]",5.501790727887835,2.857142857142857,5.501790727887835,2.249999999999997,0,1,0,47.54950691759586,5.501790727887835e-06,135,1,0
95,52,36,0,0,0,5.478368486676898,"[0.0, 5.478368486676898]",5.478368486676898,2.857142857142857,5.478368486676898,2.249999999999997,0,1,0,47.549437671899796,5.478368486676897e-06,135,1,0
95,53,63,0,0,0,5.468935285295759,"[0.0, 5.468935285295759]",5.468935285295759,2.857142857142857,5.468935285295759,6.21666666666665,0,1,0,45.86897688807221,5.468935285295759e-06,373,1,0
95,54,25,0,0,0,5.4161562238420755,"[0.0, 5.4161562238420755]",5.4161562238420755,2.857142857142857,5.4161562238420755,2.2333333333333303,0,1,0,47.00388118624687,5.416156223842075e-06,134,1,0
95,55,18,0,0,0,5.386336190359933,"[0.0, 5.386336190359933]",5.386336190359933,2.857142857142857,5.386336190359933,2.2166666666666637,0,1,0,46.4606052339077,5.386336190359933e-06,133,1,0
95,56,35,0,0,0,5.083214896065848,"[0.0, 5.083214896065848]",5.083214896065848,2.857142857142857,5.083214896065848,2.7833333333333283,0,1,0,43.2443525493145,5.083214896065848e-06,167,1,0
95,57,46,0,0,0,5.0110081263950885,"[0.0, 5.0110081263950885]",5.0110081263950885,2.857142857142857,5.0110081263950885,2.083333333333331,0,1,0,42.20880179107189,5.011008126395088e-06,125,1,0
95,58,60,0,0,0,4.573609488351005,"[0.0, 4.573609488351005]",4.573609488351005,2.857142857142857,4.573609488351005,2.9833333333333276,0,1,0,37.83780733495951,4.573609488351006e-06,179,1,0
95,59,24,0,0,0,4.473184858049665,"[0.0, 4.473184858049665]",4.473184858049665,2.857142857142857,4.473184858049665,2.2333333333333303,0,1,0,36.46723832190037,4.473184858049665e-06,134,1,0
95,60,62,0,0,0,4.444988795689174,"[0.0, 4.444988795689174]",4.444988795689174,2.857142857142857,4.444988795689174,1.8833333333333315,0,1,0,36.14982011914253,4.444988795689174e-06,113,1,0
95,61,43,0,0,0,2.1166774204799106,"[0.0, 2.1166774204799106]",2.1166774204799106,0.0,2.1166774204799106,5.016666666666654,0,1,0,7.7575289773521945,2.1166774204799105e-06,301,1,0
95,62,12,0,0,0,2.1116202218191966,"[0.0, 2.1116202218191966]",2.1116202218191966,0.0,2.1116202218191966,5.016666666666654,0,1,0,7.7059786814206745,2.1116202218191967e-06,301,1,0
95,63,54,0,0,0,1.8751144409179688,"[0.0, 1.8751144409179688]",1.8751144409179688,0.0,1.8751144409179688,5.016666666666654,0,1,0,5.174900047306437,1.8751144409179687e-06,301,1,0
95,64,8,0,0,0,1.8747329711914062,"[0.0, 1.8747329711914062]",1.8747329711914062,0.0,1.8747329711914062,5.016666666666654,0,1,0,5.175592113286257,1.8747329711914062e-06,301,1,0
96,1,0,0,1,1,11.501966203962054,"[0.0, 11.501966203962054]",11.501966203962054,11.428571428571429,11.501966203962054,5.733333333333318,0,1,0,98.66476927697659,1.1501966203962054e-05,344,1,0
96,2,50,0,1,1,10.550409044538226,"[0.0, 10.550409044538226]",10.550409044538226,8.571428571428571,10.550409044538226,3.3666666666666596,0,1,0,89.70574216544628,1.0550409044538225e-05,202,1,0
96,3,1,0,1,1,10.433807373046875,"[0.0, 10.433807373046875]",10.433807373046875,8.571428571428571,10.433807373046875,3.3333333333333264,0,1,0,88.29597687721252,1.0433807373046875e-05,200,1,0
96,4,2,0,1,1,10.43133054460798,"[0.0, 10.43133054460798]",10.43133054460798,8.571428571428571,10.43133054460798,5.116666666666654,0,1,0,88.44709768891335,1.0431330544607978e-05,307,1,0
96,5,16,0,1,1,10.407412392752512,"[0.0, 10.407412392752512]",10.407412392752512,8.571428571428571,10.407412392752512,3.3333333333333264,0,1,0,88.29640075564384,1.0407412392752512e-05,200,1,0
96,6,3,0,1,1,10.378456115722656,"[0.0, 10.378456115722656]",10.378456115722656,8.571428571428571,10.378456115722656,3.3166666666666598,0,1,0,87.59461161494255,1.0378456115722656e-05,199,1,0
96,7,4,0,1,1,10.370736803327288,"[0.0, 10.370736803327288]",10.370736803327288,8.571428571428571,10.370736803327288,3.3166666666666598,0,1,0,87.59476399421692,1.0370736803327288e-05,199,1,0
96,8,46,0,1,1,10.369033813476562,"[0.0, 10.369033813476562]",10.369033813476562,8.571428571428571,10.369033813476562,3.3166666666666598,0,1,0,87.59518329799175,1.0369033813476562e-05,199,1,0
96,9,5,0,0,1,10.357867649623326,"[0.0, 10.357867649623326]",10.357867649623326,8.571428571428571,10.357867649623326,3.3166666666666598,0,1,0,87.59474097192287,1.0357867649623326e-05,199,1,0
96,10,28,0,0,1,10.351050240652903,"[0.0, 10.351050240652903]",10.351050240652903,8.571428571428571,10.351050240652903,3.3166666666666598,0,1,0,87.59452190995216,1.0351050240652902e-05,199,1,0
96,11,6,0,0,1,10.350510733468193,"[0.0, 10.350510733468193]",10.350510733468193,8.571428571428571,10.350510733468193,3.3333333333333264,0,1,0,88.29645788669586,1.0350510733468193e-05,200,1,0
96,12,7,0,0,1,10.3155517578125,"[0.0, 10.3155517578125]",10.3155517578125,8.571428571428571,10.3155517578125,3.3166666666666598,0,1,0,87.59466800093651,1.03155517578125e-05,199,1,0
96,13,63,0,0,1,10.021395002092634,"[0.0, 10.021395002092634]",10.021395002092634,8.571428571428571,10.021395002092634,3.26666666666666,0,1,0,85.50364179909229,1.0021395002092634e-05,196,1,0
96,14,33,0,0,1,9.888526371547155,"[0.0, 9.888526371547155]",9.888526371547155,8.571428571428571,9.888526371547155,3.2333333333333267,0,1,0,84.1206289678812,9.888526371547155e-06,194,1,0
96,15,25,0,0,1,9.87788336617606,"[0.0, 9.87788336617606]",9.87788336617606,8.571428571428571,9.87788336617606,3.2499999999999933,0,1,0,84.81092177331448,9.87788336617606e-06,195,1,0
96,16,17,0,0,1,9.813295091901507,"[0.0, 9.813295091901507]",9.813295091901507,8.571428571428571,9.813295091901507,3.21666666666666,0,1,0,83.43255130946636,9.813295091901507e-06,193,1,0
96,17,32,0,0,1,9.768597739083425,"[0.0, 9.768597739083425]",9.768597739083425,8.571428571428571,9.768597739083425,3.21666666666666,0,1,0,83.43234118819237,9.768597739083425e-06,193,1,0
96,18,27,0,0,1,9.510647909981863,"[0.0, 9.510647909981863]",9.510647909981863,8.571428571428571,9.510647909981863,3.1999999999999935,0,1,0,82.74656546115875,9.510647909981863e-06,192,1,0
96,19,21,0,0,1,9.507876804896762,"[0.0, 9.507876804896762]",9.507876804896762,8.571428571428571,9.507876804896762,3.21666666666666,0,1,0,82.89571891725063,9.507876804896762e-06,193,1,0
96,20,41,0,0,1,9.302430834089007,"[0.0, 9.302430834089007]",9.302430834089007,8.571428571428571,9.302430834089007,3.1499999999999937,0,1,0,80.70252108573914,9.302430834089006e-06,189,1,0
96,21,34,0,0,1,9.271695273263115,"[0.0, 9.271695273263115]",9.271695273263115,8.571428571428571,9.271695273263115,3.1499999999999937,0,1,0,80.70265737175941,9.271695273263114e-06,189,1,0
96,22,40,0,0,1,9.23715046473912,"[0.0, 9.23715046473912]",9.23715046473912,8.571428571428571,9.23715046473912,3.1499999999999937,0,1,0,80.70322376489639,9.23715046473912e-06,189,1,0
96,23,24,0,0,1,9.19142586844308,"[0.0, 9.19142586844308]",9.19142586844308,8.571428571428571,9.19142586844308,3.1666666666666603,0,1,0,81.38165502250195,9.19142586844308e-06,190,1,0
96,24,55,0,0,1,9.104772295270646,"[0.0, 9.104772295270646]",9.104772295270646,8.571428571428571,9.104772295270646,3.1499999999999937,0,1,0,80.70283509790897,9.104772295270645e-06,189,1,0
96,25,56,0,0,1,8.775724683489118,"[0.0, 8.775724683489118]",8.775724683489118,8.571428571428571,8.775724683489118,3.1166666666666605,0,1,0,79.35103507339954,8.775724683489119e-06,187,1,0
96,26,12,0,0,1,8.736455099923269,"[0.0, 8.736455099923269]",8.736455099923269,8.571428571428571,8.736455099923269,3.299999999999993,0,1,0,79.37936861813068,8.73645509992327e-06,198,1,0
96,27,58,0,0,1,8.45686503819057,"[0.0, 8.45686503819057]",8.45686503819057,5.714285714285714,8.45686503819057,3.0833333333333273,0,1,0,78.00934676826,8.456865038190569e-06,185,1,0
96,28,37,0,0,1,8.234751565115793,"[0.0, 8.234751565115793]",8.234751565115793,5.714285714285714,8.234751565115793,3.0833333333333273,0,1,0,78.00858862698078,8.234751565115794e-06,185,1,0
96,29,43,0,0,1,8.14185278756278,"[0.0, 8.14185278756278]",8.14185278756278,5.714285714285714,8.14185278756278,3.049999999999994,0,1,0,76.67558997869492,8.141852787562779e-06,183,1,0
96,30,8,0,0,1,8.140348706926618,"[0.0, 8.140348706926618]",8.140348706926618,5.714285714285714,8.140348706926618,3.049999999999994,0,1,0,76.53856827318668,8.140348706926619e-06,183,1,0
96,31,57,0,0,1,8.123130798339844,"[0.0, 8.123130798339844]",8.123130798339844,5.714285714285714,8.123130798339844,4.816666666666655,0,1,0,77.46892438828945,8.123130798339844e-06,289,1,0
96,32,11,0,0,1,7.921728406633649,"[0.0, 7.921728406633649]",7.921728406633649,5.714285714285714,7.921728406633649,3.0333333333333274,0,1,0,76.01285474002361,7.921728406633649e-06,182,1,0
96,33,49,0,0,0,7.872319902692522,"[0.0, 7.872319902692522]",7.872319902692522,5.714285714285714,7.872319902692522,3.016666666666661,0,1,0,75.35223437845707,7.872319902692522e-06,181,1,0
96,34,23,0,0,0,7.853232792445591,"[0.0, 7.853232792445591]",7.853232792445591,5.714285714285714,7.853232792445591,3.016666666666661,0,1,0,75.35210593044758,7.853232792445591e-06,181,1,0
96,35,30,0,0,0,7.837352752685548,"[0.0, 7.837352752685548]",7.837352752685548,5.714285714285714,7.837352752685548,3.016666666666661,0,1,0,75.13616760075092,7.837352752685548e-06,181,1,0
96,36,15,0,0,0,7.821380070277622,"[0.0, 7.821380070277622]",7.821380070277622,5.714285714285714,7.821380070277622,2.9999999999999942,0,1,0,74.69385781884193,7.821380070277622e-06,180,1,0
96,37,14,0,0,0,7.6694488525390625,"[0.0, 7.6694488525390625]",7.6694488525390625,5.714285714285714,7.6694488525390625,2.9999999999999942,0,1,0,74.38958089053631,7.669448852539062e-06,180,1,0
96,38,18,0,0,0,7.142857142857142,"[0.0, 7.142857142857142]",7.142857142857142,5.714285714285714,7.142857142857142,3.1166666666666605,0,1,0,68.91991353034973,7.142857142857143e-06,187,1,0
96,39,29,0,0,0,5.755092075892857,"[0.0, 5.755092075892857]",5.755092075892857,5.714285714285714,5.755092075892857,2.3499999999999965,0,1,0,50.878375455737114,5.755092075892857e-06,141,1,0
96,40,10,0,0,0,5.747816903250557,"[0.0, 5.747816903250557]",5.747816903250557,5.714285714285714,5.747816903250557,2.33333333333333,0,1,0,50.3172922283411,5.747816903250557e-06,140,1,0
96,41,48,0,0,0,5.720334734235491,"[0.0, 5.720334734235491]",5.720334734235491,5.714285714285714,5.720334734235491,2.33333333333333,0,1,0,50.31726609170437,5.720334734235491e-06,140,1,0
96,42,47,0,0,0,5.591855730329241,"[0.0, 5.591855730329241]",5.591855730329241,2.857142857142857,5.591855730329241,2.28333333333333,0,1,0,48.64895188808441,5.591855730329242e-06,137,1,0
96,43,42,0,0,0,5.562411717006138,"[0.0, 5.562411717006138]",5.562411717006138,2.857142857142857,5.562411717006138,2.28333333333333,0,1,0,48.64935387670994,5.562411717006138e-06,137,1,0
96,44,19,0,0,0,5.4916163853236615,"[0.0, 5.4916163853236615]",5.4916163853236615,2.857142857142857,5.4916163853236615,2.249999999999997,0,1,0,47.54964891076088,5.491616385323661e-06,135,1,0
96,45,60,0,0,0,5.485954284667969,"[0.0, 5.485954284667969]",5.485954284667969,2.857142857142857,5.485954284667969,2.249999999999997,0,1,0,47.549828231334686,5.485954284667969e-06,135,1,0
96,46,53,0,0,0,5.485660008021764,"[0.0, 5.485660008021764]",5.485660008021764,2.857142857142857,5.485660008021764,2.249999999999997,0,1,0,47.54984597861767,5.485660008021764e-06,135,1,0
96,47,39,0,0,0,5.361262730189733,"[0.0, 5.361262730189733]",5.361262730189733,2.857142857142857,5.361262730189733,2.2166666666666637,0,1,0,46.46053043007851,5.361262730189733e-06,133,1,0
96,48,54,0,0,0,5.341164725167411,"[0.0, 5.341164725167411]",5.341164725167411,2.857142857142857,5.341164725167411,2.199999999999997,0,1,0,45.92002892494202,5.341164725167411e-06,132,1,0
96,49,51,0,0,0,5.3206906999860495,"[0.0, 5.3206906999860495]",5.3206906999860495,2.857142857142857,5.3206906999860495,3.016666666666661,0,1,0,45.75627081096172,5.32069069998605e-06,181,1,0
96,50,26,0,0,0,5.311742510114397,"[0.0, 5.311742510114397]",5.311742510114397,2.857142857142857,5.311742510114397,2.1833333333333305,0,1,0,45.3820628374815,5.311742510114397e-06,131,1,0
96,51,38,0,0,0,5.283361162458148,"[0.0, 5.283361162458148]",5.283361162458148,2.857142857142857,5.283361162458148,2.1833333333333305,0,1,0,45.381506234407425,5.283361162458148e-06,131,1,0
96,52,9,0,0,0,5.239410400390625,"[0.0, 5.239410400390625]",5.239410400390625,2.857142857142857,5.239410400390625,2.166666666666664,0,1,0,44.84690035879612,5.239410400390625e-06,130,1,0
96,53,31,0,0,0,4.963509695870536,"[0.0, 4.963509695870536]",4.963509695870536,2.857142857142857,4.963509695870536,2.066666666666664,0,1,0,41.68947559595108,4.963509695870536e-06,124,1,0
96,54,36,0,0,0,4.9588775634765625,"[0.0, 4.9588775634765625]",4.9588775634765625,2.857142857142857,4.9588775634765625,2.066666666666664,0,1,0,41.689281448721886,4.958877563476563e-06,124,1,0
96,55,62,0,0,0,4.9249267578125,"[0.0, 4.9249267578125]",4.9249267578125,2.857142857142857,4.9249267578125,2.0499999999999976,0,1,0,41.17260800302029,4.9249267578125e-06,123,1,0
96,56,61,0,0,0,4.909101213727678,"[0.0, 4.909101213727678]",4.909101213727678,2.857142857142857,4.909101213727678,2.0499999999999976,0,1,0,41.17260551452637,4.909101213727678e-06,123,1,0
96,57,44,0,0,0,4.850191388811384,"[0.0, 4.850191388811384]",4.850191388811384,2.857142857142857,4.850191388811384,2.033333333333331,0,1,0,40.65797032415867,4.850191388811383e-06,122,1,0
96,58,22,0,0,0,4.673952375139509,"[0.0, 4.673952375139509]",4.673952375139509,2.857142857142857,4.673952375139509,1.9666666666666646,0,1,0,38.627271577715874,4.673952375139509e-06,118,1,0
96,59,59,0,0,0,4.532220023018974,"[0.0, 4.532220023018974]",4.532220023018974,2.857142857142857,4.532220023018974,1.9166666666666647,0,1,0,37.1329510062933,4.532220023018974e-06,115,1,0
96,60,20,0,0,0,4.521778651646206,"[0.0, 4.521778651646206]",4.521778651646206,2.857142857142857,4.521778651646206,2.28333333333333,0,1,0,37.238215267658234,4.521778651646206e-06,137,1,0
96,61,35,0,0,0,4.396645682198661,"[0.0, 4.396645682198661]",4.396645682198661,2.857142857142857,4.396645682198661,1.866666666666665,0,1,0,35.6626755297184,4.3966456821986604e-06,112,1,0
96,62,45,0,0,0,4.395190647670201,"[0.0, 4.395190647670201]",4.395190647670201,2.857142857142857,4.395190647670201,1.866666666666665,0,1,0,35.66283243894577,4.395190647670202e-06,112,1,0
96,63,13,0,0,0,4.211267743791853,"[0.0, 4.211267743791853]",4.211267743791853,2.857142857142857,4.211267743791853,1.7999999999999985,0,1,0,33.74052037298679,4.211267743791853e-06,108,1,0
96,64,52,0,0,0,2.1057292393275673,"[0.0, 2.1057292393275673]",2.1057292393275673,0.0,2.1057292393275673,5.016666666666654,0,1,0,7.7062870164591,2.1057292393275674e-06,301,1,0
97,1,0,0,1,1,11.501966203962054,"[0.0, 11.501966203962054]",11.501966203962054,11.428571428571429,11.501966203962054,5.733333333333318,0,1,0,98.66476927697659,1.1501966203962054e-05,344,1,0
97,2,1,0,1,1,10.550409044538226,"[0.0, 10.550409044538226]",10.550409044538226,8.571428571428571,10.550409044538226,3.3666666666666596,0,1,0,89.70574216544628,1.0550409044538225e-05,202,1,0
97,3,2,0,1,1,10.433807373046875,"[0.0, 10.433807373046875]",10.433807373046875,8.571428571428571,10.433807373046875,3.3333333333333264,0,1,0,88.29597687721252,1.0433807373046875e-05,200,1,0
97,4,3,0,1,1,10.43133054460798,"[0.0, 10.43133054460798]",10.43133054460798,8.571428571428571,10.43133054460798,5.116666666666654,0,1,0,88.44709768891335,1.0431330544607978e-05,307,1,0
97,5,4,0,1,1,10.407412392752512,"[0.0, 10.407412392752512]",10.407412392752512,8.571428571428571,10.407412392752512,3.3333333333333264,0,1,0,88.29640075564384,1.0407412392752512e-05,200,1,0
97,6,5,0,1,1,10.378456115722656,"[0.0, 10.378456115722656]",10.378456115722656,8.571428571428571,10.378456115722656,3.3166666666666598,0,1,0,87.59461161494255,1.0378456115722656e-05,199,1,0
97,7,6,0,1,1,10.370736803327288,"[0.0, 10.370736803327288]",10.370736803327288,8.571428571428571,10.370736803327288,3.3166666666666598,0,1,0,87.59476399421692,1.0370736803327288e-05,199,1,0
97,8,7,0,1,1,10.369033813476562,"[0.0, 10.369033813476562]",10.369033813476562,8.571428571428571,10.369033813476562,3.3166666666666598,0,1,0,87.59518329799175,1.0369033813476562e-05,199,1,0
97,9,11,0,0,1,10.367328098842075,"[0.0, 10.367328098842075]",10.367328098842075,8.571428571428571,10.367328098842075,3.3333333333333264,0,1,0,88.29627861082554,1.0367328098842075e-05,200,1,0
97,10,13,0,0,1,10.177121843610491,"[0.0, 10.177121843610491]",10.177121843610491,8.571428571428571,10.177121843610491,3.2833333333333266,0,1,0,86.19831973314285,1.017712184361049e-05,197,1,0
97,11,61,0,0,1,10.075187683105469,"[0.0, 10.075187683105469]",10.075187683105469,8.571428571428571,10.075187683105469,3.26666666666666,0,1,0,85.50325372815132,1.007518768310547e-05,196,1,0
97,12,52,0,0,1,10.066699981689453,"[0.0, 10.066699981689453]",10.066699981689453,8.571428571428571,10.066699981689453,3.26666666666666,0,1,0,85.50385491549969,1.0066699981689453e-05,196,1,0
97,13,63,0,0,1,10.043465750558035,"[0.0, 10.043465750558035]",10.043465750558035,8.571428571428571,10.043465750558035,3.2833333333333266,0,1,0,86.19831942021847,1.0043465750558035e-05,197,1,0
97,14,27,0,0,1,9.846455710274833,"[0.0, 9.846455710274833]",9.846455710274833,8.571428571428571,9.846455710274833,3.2333333333333267,0,1,0,84.12054271996021,9.846455710274833e-06,194,1,0
97,15,25,0,0,1,9.83640125819615,"[0.0, 9.83640125819615]",9.83640125819615,8.571428571428571,9.83640125819615,3.2333333333333267,0,1,0,84.12102872133255,9.83640125819615e-06,194,1,0
97,16,62,0,0,1,9.80675833565848,"[0.0, 9.80675833565848]",9.80675833565848,8.571428571428571,9.80675833565848,3.2499999999999933,0,1,0,84.56904329359531,9.80675833565848e-06,195,1,0
97,17,15,0,0,1,9.796265193394252,"[0.0, 9.796265193394252]",9.796265193394252,8.571428571428571,9.796265193394252,3.26666666666666,0,1,0,85.50331602990627,9.796265193394251e-06,196,1,0
97,18,8,0,0,1,9.74579129900251,"[0.0, 9.74579129900251]",9.74579129900251,8.571428571428571,9.74579129900251,3.2499999999999933,0,1,0,84.81084509193897,9.74579129900251e-06,195,1,0
97,19,34,0,0,1,9.69231469290597,"[0.0, 9.69231469290597]",9.69231469290597,8.571428571428571,9.69231469290597,3.21666666666666,0,1,0,83.43262696266174,9.69231469290597e-06,193,1,0
97,20,35,0,0,1,9.554130009242465,"[0.0, 9.554130009242465]",9.554130009242465,8.571428571428571,9.554130009242465,3.1999999999999935,0,1,0,82.74624407291412,9.554130009242465e-06,192,1,0
97,21,26,0,0,1,9.497462681361608,"[0.0, 9.497462681361608]",9.497462681361608,8.571428571428571,9.497462681361608,3.1666666666666603,0,1,0,81.38165384531021,9.497462681361608e-06,190,1,0
97,22,39,0,0,1,9.45967538016183,"[0.0, 9.45967538016183]",9.45967538016183,8.571428571428571,9.45967538016183,3.183333333333327,0,1,0,82.06327559053898,9.45967538016183e-06,191,1,0
97,23,48,0,0,1,9.333577837262835,"[0.0, 9.333577837262835]",9.333577837262835,8.571428571428571,9.333577837262835,3.183333333333327,0,1,0,82.0634655058384,9.333577837262836e-06,191,1,0
97,24,28,0,0,1,9.308057512555804,"[0.0, 9.308057512555804]",9.308057512555804,8.571428571428571,9.308057512555804,3.183333333333327,0,1,0,82.06338328123093,9.308057512555803e-06,191,1,0
97,25,41,0,0,1,9.199929918561663,"[0.0, 9.199929918561663]",9.199929918561663,8.571428571428571,9.199929918561663,3.4166666666666594,0,1,0,80.4085260629654,9.199929918561663e-06,205,1,0
97,26,60,0,0,1,9.176712036132812,"[0.0, 9.176712036132812]",9.176712036132812,8.571428571428571,9.176712036132812,3.1666666666666603,0,1,0,81.3819795101881,9.176712036132812e-06,190,1,0
97,27,9,0,0,1,9.155594961983816,"[0.0, 9.155594961983816]",9.155594961983816,8.571428571428571,9.155594961983816,3.183333333333327,0,1,0,82.06301330029964,9.155594961983817e-06,191,1,0
97,28,46,0,0,1,9.14721897670201,"[0.0, 9.14721897670201]",9.14721897670201,8.571428571428571,9.14721897670201,3.1499999999999937,0,1,0,80.70301021635532,9.147218976702011e-06,189,1,0
97,29,33,0,0,1,9.134303501674108,"[0.0, 9.134303501674108]",9.134303501674108,8.571428571428571,9.134303501674108,3.1666666666666603,0,1,0,81.3815091997385,9.134303501674108e-06,190,1,0
97,30,10,0,0,1,9.0591185433524,"[0.0, 9.0591185433524]",9.0591185433524,8.571428571428571,9.0591185433524,3.133333333333327,0,1,0,80.02613705396652,9.0591185433524e-06,188,1,0
97,31,24,0,0,1,8.970132555280413,"[0.0, 8.970132555280413]",8.970132555280413,8.571428571428571,8.970132555280413,3.1499999999999937,0,1,0,80.70247206091881,8.970132555280414e-06,189,1,0
97,32,14,0,0,1,8.90308107648577,"[0.0, 8.90308107648577]",8.90308107648577,8.571428571428571,8.90308107648577,3.133333333333327,0,1,0,80.02602964639664,8.903081076485772e-06,188,1,0
97,33,20,0,0,0,8.758574894496371,"[0.0, 8.758574894496371]",8.758574894496371,8.571428571428571,8.758574894496371,3.1166666666666605,0,1,0,79.35134166479111,8.75857489449637e-06,187,1,0
97,34,12,0,0,0,8.624627249581474,"[0.0, 8.624627249581474]",8.624627249581474,8.571428571428571,8.624627249581474,3.1166666666666605,0,1,0,79.35135158896446,8.624627249581474e-06,187,1,0
97,35,56,0,0,0,8.49226815359933,"[0.0, 8.49226815359933]",8.49226815359933,5.714285714285714,8.49226815359933,3.099999999999994,0,1,0,78.67859737575054,8.492268153599329e-06,186,1,0
97,36,54,0,0,0,7.880684988839286,"[0.0, 7.880684988839286]",7.880684988839286,5.714285714285714,7.880684988839286,3.016666666666661,0,1,0,75.35209903120995,7.880684988839285e-06,181,1,0
97,37,16,0,0,0,7.759693690708705,"[0.0, 7.759693690708705]",7.759693690708705,5.714285714285714,7.759693690708705,2.9999999999999942,0,1,0,74.69357272982597,7.759693690708704e-06,180,1,0
97,38,30,0,0,0,7.726642063685826,"[0.0, 7.726642063685826]",7.726642063685826,5.714285714285714,7.726642063685826,2.9833333333333276,0,1,0,74.03731845319271,7.726642063685827e-06,179,1,0
97,39,50,0,0,0,7.716247013636998,"[0.0, 7.716247013636998]",7.716247013636998,5.714285714285714,7.716247013636998,2.9999999999999942,0,1,0,74.69376420974731,7.716247013636998e-06,180,1,0
97,40,58,0,0,0,7.161451067243303,"[0.0, 7.161451067243303]",7.161451067243303,5.714285714285714,7.161451067243303,2.8999999999999946,0,1,0,70.79204718768597,7.161451067243303e-06,174,1,0
97,41,29,0,0,0,7.142857142857142,"[0.0, 7.142857142857142]",7.142857142857142,5.714285714285714,7.142857142857142,2.883333333333328,0,1,0,70.11715392768383,7.142857142857143e-06,173,1,0
97,42,32,0,0,0,7.142857142857142,"[0.0, 7.142857142857142]",7.142857142857142,5.714285714285714,7.142857142857142,3.0333333333333274,0,1,0,66.47439056634903,7.142857142857143e-06,182,1,0
97,43,45,0,0,0,7.142857142857142,"[0.0, 7.142857142857142]",7.142857142857142,5.714285714285714,7.142857142857142,2.799999999999995,0,1,0,66.97407126426697,7.142857142857143e-06,168,1,0
97,44,37,0,0,0,5.953924996512277,"[0.0, 5.953924996512277]",5.953924996512277,5.714285714285714,5.953924996512277,2.416666666666663,0,1,0,53.14909265935421,5.9539249965122765e-06,145,1,0
97,45,59,0,0,0,5.872938973563057,"[0.0, 5.872938973563057]",5.872938973563057,5.714285714285714,5.872938973563057,2.3833333333333298,0,1,0,52.00874571502209,5.8729389735630575e-06,143,1,0
97,46,51,0,0,0,5.664231436593193,"[0.0, 5.664231436593193]",5.664231436593193,2.857142857142857,5.664231436593193,2.2999999999999967,0,1,0,49.20270085334778,5.6642314365931924e-06,138,1,0
97,47,22,0,0,0,5.650978088378906,"[0.0, 5.650978088378906]",5.650978088378906,2.857142857142857,5.650978088378906,2.2999999999999967,0,1,0,49.20249930024147,5.6509780883789065e-06,138,1,0
97,48,40,0,0,0,5.643888201032366,"[0.0, 5.643888201032366]",5.643888201032366,2.857142857142857,5.643888201032366,2.2999999999999967,0,1,0,49.20267562568188,5.643888201032366e-06,138,1,0
97,49,21,0,0,0,5.514460972377233,"[0.0, 5.514460972377233]",5.514460972377233,2.857142857142857,5.514460972377233,3.26666666666666,0,1,0,47.82948985695839,5.514460972377233e-06,196,1,0
97,50,42,0,0,0,5.497316632952009,"[0.0, 5.497316632952009]",5.497316632952009,2.857142857142857,5.497316632952009,2.249999999999997,0,1,0,47.54987183213234,5.497316632952008e-06,135,1,0
97,51,38,0,0,0,5.480046953473773,"[0.0, 5.480046953473773]",5.480046953473773,2.857142857142857,5.480046953473773,2.2333333333333303,0,1,0,47.0038206577301,5.480046953473772e-06,134,1,0
97,52,17,0,0,0,5.426777430943081,"[0.0, 5.426777430943081]",5.426777430943081,2.857142857142857,5.426777430943081,2.2333333333333303,0,1,0,47.00373117625713,5.4267774309430805e-06,134,1,0
97,53,44,0,0,0,5.054659162248884,"[0.0, 5.054659162248884]",5.054659162248884,2.857142857142857,5.054659162248884,2.0999999999999974,0,1,0,42.73119093477726,5.054659162248884e-06,126,1,0
97,54,18,0,0,0,5.0490570068359375,"[0.0, 5.0490570068359375]",5.0490570068359375,2.857142857142857,5.0490570068359375,2.0999999999999974,0,1,0,42.73112539947033,5.049057006835937e-06,126,1,0
97,55,47,0,0,0,5.005934579031808,"[0.0, 5.005934579031808]",5.005934579031808,2.857142857142857,5.005934579031808,2.083333333333331,0,1,0,42.20899683237076,5.005934579031808e-06,125,1,0
97,56,57,0,0,0,4.965171813964844,"[0.0, 4.965171813964844]",4.965171813964844,2.857142857142857,4.965171813964844,2.066666666666664,0,1,0,41.68970410525799,4.965171813964844e-06,124,1,0
97,57,23,0,0,0,4.855286734444754,"[0.0, 4.855286734444754]",4.855286734444754,2.857142857142857,4.855286734444754,2.033333333333331,0,1,0,40.658163130283356,4.855286734444754e-06,122,1,0
97,58,19,0,0,0,4.710115705217634,"[0.0, 4.710115705217634]",4.710115705217634,2.857142857142857,4.710115705217634,1.9833333333333312,0,1,0,39.13120622932911,4.710115705217634e-06,119,1,0
97,59,31,0,0,0,4.668737139020648,"[0.0, 4.668737139020648]",4.668737139020648,2.857142857142857,4.668737139020648,1.9666666666666646,0,1,0,38.62759572267532,4.668737139020647e-06,118,1,0
97,60,49,0,0,0,4.58242688860212,"[0.0, 4.58242688860212]",4.58242688860212,2.857142857142857,4.58242688860212,1.9333333333333313,0,1,0,37.62846501171589,4.58242688860212e-06,116,1,0
97,61,36,0,0,0,4.52911376953125,"[0.0, 4.52911376953125]",4.52911376953125,2.857142857142857,4.52911376953125,1.9166666666666647,0,1,0,37.13290128111839,4.52911376953125e-06,115,1,0
97,62,43,0,0,0,4.394057137625558,"[0.0, 4.394057137625558]",4.394057137625558,2.857142857142857,4.394057137625558,1.866666666666665,0,1,0,35.66216540336609,4.394057137625558e-06,112,1,0
97,63,53,0,0,0,4.125453404017857,"[0.0, 4.125453404017857]",4.125453404017857,2.857142857142857,4.125453404017857,1.7666666666666653,0,1,0,32.79613293707371,4.125453404017857e-06,106,1,0
97,64,55,0,0,0,2.1118436540876115,"[0.0, 2.1118436540876115]",2.1118436540876115,0.0,2.1118436540876115,5.016666666666654,0,1,0,7.705738775344798,2.1118436540876116e-06,301,1,0
98,1,0,0,1,1,11.501966203962054,"[0.0, 11.501966203962054]",11.501966203962054,11.428571428571429,11.501966203962054,5.733333333333318,0,1,0,98.66476927697659,1.1501966203962054e-05,344,1,0
98,2,1,0,1,1,10.550409044538226,"[0.0, 10.550409044538226]",10.550409044538226,8.571428571428571,10.550409044538226,3.3666666666666596,0,1,0,89.70574216544628,1.0550409044538225e-05,202,1,0
98,3,2,0,1,1,10.433807373046875,"[0.0, 10.433807373046875]",10.433807373046875,8.571428571428571,10.433807373046875,3.3333333333333264,0,1,0,88.29597687721252,1.0433807373046875e-05,200,1,0
98,4,3,0,1,1,10.43133054460798,"[0.0, 10.43133054460798]",10.43133054460798,8.571428571428571,10.43133054460798,5.116666666666654,0,1,0,88.44709768891335,1.0431330544607978e-05,307,1,0
98,5,4,0,1,1,10.407412392752512,"[0.0, 10.407412392752512]",10.407412392752512,8.571428571428571,10.407412392752512,3.3333333333333264,0,1,0,88.29640075564384,1.0407412392752512e-05,200,1,0
98,6,5,0,1,1,10.378456115722656,"[0.0, 10.378456115722656]",10.378456115722656,8.571428571428571,10.378456115722656,3.3166666666666598,0,1,0,87.59461161494255,1.0378456115722656e-05,199,1,0
98,7,6,0,1,1,10.370736803327288,"[0.0, 10.370736803327288]",10.370736803327288,8.571428571428571,10.370736803327288,3.3166666666666598,0,1,0,87.59476399421692,1.0370736803327288e-05,199,1,0
98,8,7,0,1,1,10.369033813476562,"[0.0, 10.369033813476562]",10.369033813476562,8.571428571428571,10.369033813476562,3.3166666666666598,0,1,0,87.59518329799175,1.0369033813476562e-05,199,1,0
98,9,42,0,0,1,10.101754324776786,"[0.0, 10.101754324776786]",10.101754324776786,8.571428571428571,10.101754324776786,3.26666666666666,0,1,0,85.50383092463017,1.0101754324776787e-05,196,1,0
98,10,14,0,0,1,10.019266945975168,"[0.0, 10.019266945975168]",10.019266945975168,8.571428571428571,10.019266945975168,3.26666666666666,0,1,0,85.5032525062561,1.0019266945975168e-05,196,1,0
98,11,27,0,0,1,9.981160845075335,"[0.0, 9.981160845075335]",9.981160845075335,8.571428571428571,9.981160845075335,3.26666666666666,0,1,0,85.41835823655128,9.981160845075335e-06,196,1,0
98,12,41,0,0,1,9.817180633544922,"[0.0, 9.817180633544922]",9.817180633544922,8.571428571428571,9.817180633544922,3.21666666666666,0,1,0,83.42308473587036,9.817180633544922e-06,193,1,0
98,13,39,0,0,1,9.798267909458705,"[0.0, 9.798267909458705]",9.798267909458705,8.571428571428571,9.798267909458705,3.2333333333333267,0,1,0,84.1208987981081,9.798267909458705e-06,194,1,0
98,14,20,0,0,1,9.62402616228376,"[0.0, 9.62402616228376]",9.62402616228376,8.571428571428571,9.62402616228376,3.21666666666666,0,1,0,83.43266719579697,9.62402616228376e-06,193,1,0
98,15,25,0,0,1,9.57293919154576,"[0.0, 9.57293919154576]",9.57293919154576,8.571428571428571,9.57293919154576,3.183333333333327,0,1,0,82.06267090141773,9.57293919154576e-06,191,1,0
98,16,44,0,0,1,9.561048235212054,"[0.0, 9.561048235212054]",9.561048235212054,8.571428571428571,9.561048235212054,3.21666666666666,0,1,0,83.43233069777489,9.561048235212054e-06,193,1,0
98,17,54,0,0,1,9.552936553955078,"[0.0, 9.552936553955078]",9.552936553955078,8.571428571428571,9.552936553955078,3.21666666666666,0,1,0,83.432576328516,9.552936553955078e-06,193,1,0
98,18,48,0,0,1,9.512890407017299,"[0.0, 9.512890407017299]",9.512890407017299,8.571428571428571,9.512890407017299,3.21666666666666,0,1,0,83.43253725767136,9.5128904070173e-06,193,1,0
98,19,46,0,0,1,9.455626351492745,"[0.0, 9.455626351492745]",9.455626351492745,8.571428571428571,9.455626351492745,3.21666666666666,0,1,0,83.40879775583744,9.455626351492745e-06,193,1,0
98,20,40,0,0,1,9.446430206298828,"[0.0, 9.446430206298828]",9.446430206298828,8.571428571428571,9.446430206298828,3.1999999999999935,0,1,0,82.74679790437222,9.446430206298829e-06,192,1,0
98,21,34,0,0,1,9.363880157470703,"[0.0, 9.363880157470703]",9.363880157470703,8.571428571428571,9.363880157470703,3.183333333333327,0,1,0,82.06332087516785,9.363880157470703e-06,191,1,0
98,22,30,0,0,1,9.284537179129464,"[0.0, 9.284537179129464]",9.284537179129464,8.571428571428571,9.284537179129464,3.183333333333327,0,1,0,81.41525219380856,9.284537179129464e-06,191,1,0
98,23,16,0,0,1,9.281090327671595,"[0.0, 9.281090327671595]",9.281090327671595,8.571428571428571,9.281090327671595,3.1499999999999937,0,1,0,80.63319680094719,9.281090327671595e-06,189,1,0
98,24,15,0,0,1,9.23666272844587,"[0.0, 9.23666272844587]",9.23666272844587,8.571428571428571,9.23666272844587,3.133333333333327,0,1,0,80.02577330172062,9.23666272844587e-06,188,1,0
98,25,13,0,0,1,9.13743155343192,"[0.0, 9.13743155343192]",9.13743155343192,8.571428571428571,9.13743155343192,3.1499999999999937,0,1,0,80.70270369946957,9.13743155343192e-06,189,1,0
98,26,59,0,0,1,9.016799926757812,"[0.0, 9.016799926757812]",9.016799926757812,8.571428571428571,9.016799926757812,3.4166666666666594,0,1,0,80.24624420702457,9.016799926757813e-06,205,1,0
98,27,58,0,0,1,8.995028904506139,"[0.0, 8.995028904506139]",8.995028904506139,8.571428571428571,8.995028904506139,3.133333333333327,0,1,0,79.78382140398026,8.99502890450614e-06,188,1,0
98,28,23,0,0,1,8.968290601457868,"[0.0, 8.968290601457868]",8.968290601457868,8.571428571428571,8.968290601457868,3.133333333333327,0,1,0,79.6508396267891,8.968290601457868e-06,188,1,0
98,29,43,0,0,1,8.944854736328125,"[0.0, 8.944854736328125]",8.944854736328125,8.571428571428571,8.944854736328125,3.1166666666666605,0,1,0,79.35168942809105,8.944854736328125e-06,187,1,0
98,30,18,0,0,1,8.901808602469307,"[0.0, 8.901808602469307]",8.901808602469307,8.571428571428571,8.901808602469307,3.133333333333327,0,1,0,80.0258854329586,8.901808602469308e-06,188,1,0
98,31,36,0,0,1,8.889361790248326,"[0.0, 8.889361790248326]",8.889361790248326,8.571428571428571,8.889361790248326,3.1166666666666605,0,1,0,79.3509824424982,8.889361790248326e-06,187,1,0
98,32,32,0,0,1,8.874143872942243,"[0.0, 8.874143872942243]",8.874143872942243,8.571428571428571,8.874143872942243,3.1499999999999937,0,1,0,80.70258894562721,8.874143872942243e-06,189,1,0
98,33,12,0,0,0,8.813108716692243,"[0.0, 8.813108716692243]",8.813108716692243,8.571428571428571,8.813108716692243,3.1666666666666603,0,1,0,81.38127279281616,8.813108716692243e-06,190,1,0
98,34,51,0,0,0,8.741534096854075,"[0.0, 8.741534096854075]",8.741534096854075,8.571428571428571,8.741534096854075,3.099999999999994,0,1,0,78.67874854803085,8.741534096854074e-06,186,1,0
98,35,60,0,0,0,8.727286202566964,"[0.0, 8.727286202566964]",8.727286202566964,8.571428571428571,8.727286202566964,3.099999999999994,0,1,0,78.67935381829739,8.727286202566964e-06,186,1,0
98,36,53,0,0,0,8.193740844726562,"[0.0, 8.193740844726562]",8.193740844726562,5.714285714285714,8.193740844726562,3.0666666666666607,0,1,0,77.34150521457195,8.193740844726563e-06,184,1,0
98,37,57,0,0,0,8.107648577008929,"[0.0, 8.107648577008929]",8.107648577008929,5.714285714285714,8.107648577008929,3.049999999999994,0,1,0,76.67622724175453,8.107648577008928e-06,183,1,0
98,38,49,0,0,0,8.043877737862722,"[0.0, 8.043877737862722]",8.043877737862722,5.714285714285714,8.043877737862722,3.049999999999994,0,1,0,76.67632704973221,8.043877737862723e-06,183,1,0
98,39,50,0,0,0,7.844175611223493,"[0.0, 7.844175611223493]",7.844175611223493,5.714285714285714,7.844175611223493,3.0333333333333274,0,1,0,76.0127859711647,7.844175611223493e-06,182,1,0
98,40,19,0,0,0,7.820625305175781,"[0.0, 7.820625305175781]",7.820625305175781,5.714285714285714,7.820625305175781,3.016666666666661,0,1,0,75.35233944654465,7.82062530517578e-06,181,1,0
98,41,8,0,0,0,7.595759800502232,"[0.0, 7.595759800502232]",7.595759800502232,5.714285714285714,7.595759800502232,2.9833333333333276,0,1,0,74.03730081021786,7.595759800502232e-06,179,1,0
98,42,22,0,0,0,7.142857142857142,"[0.0, 7.142857142857142]",7.142857142857142,5.714285714285714,7.142857142857142,2.7833333333333283,0,1,0,66.34630338847637,7.142857142857143e-06,167,1,0
98,43,29,0,0,0,7.142857142857142,"[0.0, 7.142857142857142]",7.142857142857142,5.714285714285714,7.142857142857142,2.883333333333328,0,1,0,70.1491660028696,7.142857142857143e-06,173,1,0
98,44,35,0,0,0,7.142857142857142,"[0.0, 7.142857142857142]",7.142857142857142,5.714285714285714,7.142857142857142,2.8499999999999948,0,1,0,68.87262623012066,7.142857142857143e-06,171,1,0
98,45,17,0,0,0,7.071495056152344,"[0.0, 7.071495056152344]",7.071495056152344,5.714285714285714,7.071495056152344,2.716666666666662,0,1,0,63.65161144733429,7.071495056152344e-06,163,1,0
98,46,55,0,0,0,5.645168849400112,"[0.0, 5.645168849400112]",5.645168849400112,2.857142857142857,5.645168849400112,2.2999999999999967,0,1,0,49.202478870749474,5.645168849400112e-06,138,1,0
98,47,10,0,0,0,5.51168714250837,"[0.0, 5.51168714250837]",5.51168714250837,2.857142857142857,5.51168714250837,2.249999999999997,0,1,0,47.549875140190125,5.51168714250837e-06,135,1,0
98,48,11,0,0,0,5.402619498116629,"[0.0, 5.402619498116629]",5.402619498116629,2.857142857142857,5.402619498116629,2.2166666666666637,0,1,0,46.46096149086952,5.40261949811663e-06,133,1,0
98,49,56,0,0,0,5.399088178362165,"[0.0, 5.399088178362165]",5.399088178362165,2.857142857142857,5.399088178362165,2.2166666666666637,0,1,0,46.46099469065666,5.399088178362165e-06,133,1,0
98,50,26,0,0,0,5.335845947265625,"[0.0, 5.335845947265625]",5.335845947265625,2.857142857142857,5.335845947265625,2.199999999999997,0,1,0,45.9203826636076,5.335845947265625e-06,132,1,0
98,51,38,0,0,0,5.313350132533482,"[0.0, 5.313350132533482]",5.313350132533482,2.857142857142857,5.313350132533482,2.199999999999997,0,1,0,45.920477360486984,5.3133501325334814e-06,132,1,0
98,52,33,0,0,0,5.262445722307477,"[0.0, 5.262445722307477]",5.262445722307477,2.857142857142857,5.262445722307477,2.1833333333333305,0,1,0,45.03266100585461,5.2624457223074775e-06,131,1,0
98,53,47,0,0,0,5.238091605050223,"[0.0, 5.238091605050223]",5.238091605050223,2.857142857142857,5.238091605050223,2.166666666666664,0,1,0,44.846411287784576,5.238091605050223e-06,130,1,0
98,54,9,0,0,0,5.204189845493862,"[0.0, 5.204189845493862]",5.204189845493862,2.857142857142857,5.204189845493862,2.1499999999999972,0,1,0,44.31379419565201,5.204189845493862e-06,129,1,0
98,55,62,0,0,0,5.1944732666015625,"[0.0, 5.1944732666015625]",5.1944732666015625,2.857142857142857,5.1944732666015625,2.1499999999999972,0,1,0,44.3139233738184,5.194473266601562e-06,129,1,0
98,56,52,0,0,0,5.102217538016183,"[0.0, 5.102217538016183]",5.102217538016183,2.857142857142857,5.102217538016183,2.116666666666664,0,1,0,43.25610026717186,5.102217538016183e-06,127,1,0
98,57,45,0,0,0,5.061765398297991,"[0.0, 5.061765398297991]",5.061765398297991,2.857142857142857,5.061765398297991,2.0999999999999974,0,1,0,42.72175419330597,5.061765398297992e-06,126,1,0
98,58,37,0,0,0,5.011776515415737,"[0.0, 5.011776515415737]",5.011776515415737,2.857142857142857,5.011776515415737,2.083333333333331,0,1,0,42.20885719358921,5.011776515415737e-06,125,1,0
98,59,24,0,0,0,4.907346452985491,"[0.0, 4.907346452985491]",4.907346452985491,2.857142857142857,4.907346452985491,2.0499999999999976,0,1,0,41.17219604551792,4.9073464529854914e-06,123,1,0
98,60,28,0,0,0,4.4398988996233255,"[0.0, 4.4398988996233255]",4.4398988996233255,2.857142857142857,4.4398988996233255,1.8833333333333315,0,1,0,36.15016622841358,4.439898899623326e-06,113,1,0
98,61,61,0,0,0,2.111870901925223,"[0.0, 2.111870901925223]",2.111870901925223,0.0,2.111870901925223,5.016666666666654,0,1,0,7.705662710242905,2.1118709019252233e-06,301,1,0
98,62,21,0,0,0,1.919266836983817,"[0.0, 1.919266836983817]",1.919266836983817,0.0,1.919266836983817,5.016666666666654,0,1,0,5.578106925619068,1.919266836983817e-06,301,1,0
98,63,63,0,0,0,1.8754959106445312,"[0.0, 1.8754959106445312]",1.8754959106445312,0.0,1.8754959106445312,5.016666666666654,0,1,0,5.1746833102661185,1.8754959106445312e-06,301,1,0
98,64,31,0,0,0,1.8732833862304688,"[0.0, 1.8732833862304688]",1.8732833862304688,0.0,1.8732833862304688,5.016666666666654,0,1,0,5.175388293166179,1.8732833862304688e-06,301,1,0
99,1,0,0,1,1,11.501966203962054,"[0.0, 11.501966203962054]",11.501966203962054,11.428571428571429,11.501966203962054,5.733333333333318,0,1,0,98.66476927697659,1.1501966203962054e-05,344,1,0
99,2,1,0,1,1,10.550409044538226,"[0.0, 10.550409044538226]",10.550409044538226,8.571428571428571,10.550409044538226,3.3666666666666596,0,1,0,89.70574216544628,1.0550409044538225e-05,202,1,0
99,3,2,0,1,1,10.433807373046875,"[0.0, 10.433807373046875]",10.433807373046875,8.571428571428571,10.433807373046875,3.3333333333333264,0,1,0,88.29597687721252,1.0433807373046875e-05,200,1,0
99,4,3,0,1,1,10.43133054460798,"[0.0, 10.43133054460798]",10.43133054460798,8.571428571428571,10.43133054460798,5.116666666666654,0,1,0,88.44709768891335,1.0431330544607978e-05,307,1,0
99,5,4,0,1,1,10.407412392752512,"[0.0, 10.407412392752512]",10.407412392752512,8.571428571428571,10.407412392752512,3.3333333333333264,0,1,0,88.29640075564384,1.0407412392752512e-05,200,1,0
99,6,5,0,1,1,10.378456115722656,"[0.0, 10.378456115722656]",10.378456115722656,8.571428571428571,10.378456115722656,3.3166666666666598,0,1,0,87.59461161494255,1.0378456115722656e-05,199,1,0
99,7,6,0,1,1,10.370736803327288,"[0.0, 10.370736803327288]",10.370736803327288,8.571428571428571,10.370736803327288,3.3166666666666598,0,1,0,87.59476399421692,1.0370736803327288e-05,199,1,0
99,8,7,0,1,1,10.369033813476562,"[0.0, 10.369033813476562]",10.369033813476562,8.571428571428571,10.369033813476562,3.3166666666666598,0,1,0,87.59518329799175,1.0369033813476562e-05,199,1,0
99,9,18,0,0,1,10.033937181745255,"[0.0, 10.033937181745255]",10.033937181745255,8.571428571428571,10.033937181745255,3.2833333333333266,0,1,0,84.96867424249649,1.0033937181745256e-05,197,1,0
99,10,38,0,0,1,9.995888301304408,"[0.0, 9.995888301304408]",9.995888301304408,8.571428571428571,9.995888301304408,3.399999999999993,0,1,0,84.73854799568653,9.995888301304408e-06,204,1,0
99,11,32,0,0,1,9.82675552368164,"[0.0, 9.82675552368164]",9.82675552368164,8.571428571428571,9.82675552368164,3.2499999999999933,0,1,0,84.710115686059,9.82675552368164e-06,195,1,0
99,12,29,0,0,1,9.818469456263951,"[0.0, 9.818469456263951]",9.818469456263951,8.571428571428571,9.818469456263951,3.2333333333333267,0,1,0,84.12067790329456,9.818469456263951e-06,194,1,0
99,13,37,0,0,1,9.722935812813894,"[0.0, 9.722935812813894]",9.722935812813894,8.571428571428571,9.722935812813894,3.21666666666666,0,1,0,83.43269062042236,9.722935812813894e-06,193,1,0
99,14,63,0,0,1,9.576503208705358,"[0.0, 9.576503208705358]",9.576503208705358,8.571428571428571,9.576503208705358,3.1999999999999935,0,1,0,82.74638792872429,9.576503208705358e-06,192,1,0
99,15,55,0,0,1,9.517582484654017,"[0.0, 9.517582484654017]",9.517582484654017,8.571428571428571,9.517582484654017,3.183333333333327,0,1,0,82.06283980607986,9.517582484654017e-06,191,1,0
99,16,10,0,0,1,9.501767839704241,"[0.0, 9.501767839704241]",9.501767839704241,8.571428571428571,9.501767839704241,3.1999999999999935,0,1,0,82.747025385499,9.501767839704241e-06,192,1,0
99,17,44,0,0,1,9.491356440952845,"[0.0, 9.491356440952845]",9.491356440952845,8.571428571428571,9.491356440952845,3.2333333333333267,0,1,0,84.1206407546997,9.491356440952845e-06,194,1,0
99,18,16,0,0,1,9.384667532784597,"[0.0, 9.384667532784597]",9.384667532784597,8.571428571428571,9.384667532784597,3.183333333333327,0,1,0,82.06340146064758,9.384667532784598e-06,191,1,0
99,19,11,0,0,1,9.341869354248047,"[0.0, 9.341869354248047]",9.341869354248047,8.571428571428571,9.341869354248047,3.1499999999999937,0,1,0,80.70238645374775,9.341869354248047e-06,189,1,0
99,20,24,0,0,1,9.275556291852679,"[0.0, 9.275556291852679]",9.275556291852679,8.571428571428571,9.275556291852679,3.1499999999999937,0,1,0,80.70272172987461,9.275556291852679e-06,189,1,0
99,21,21,0,0,1,9.138859340122767,"[0.0, 9.138859340122767]",9.138859340122767,8.571428571428571,9.138859340122767,3.1666666666666603,0,1,0,81.38187493383884,9.138859340122767e-06,190,1,0
99,22,49,0,0,1,9.094349997384207,"[0.0, 9.094349997384207]",9.094349997384207,8.571428571428571,9.094349997384207,3.383333333333326,0,1,0,79.33201698958874,9.094349997384207e-06,203,1,0
99,23,51,0,0,1,9.033224923270089,"[0.0, 9.033224923270089]",9.033224923270089,8.571428571428571,9.033224923270089,3.1499999999999937,0,1,0,80.70249718427658,9.03322492327009e-06,189,1,0
99,24,35,0,0,1,8.978505815778458,"[0.0, 8.978505815778458]",8.978505815778458,8.571428571428571,8.978505815778458,3.1499999999999937,0,1,0,80.70271155238152,8.978505815778459e-06,189,1,0
99,25,28,0,0,1,8.620613643101285,"[0.0, 8.620613643101285]",8.620613643101285,8.571428571428571,8.620613643101285,3.1166666666666605,0,1,0,79.35139733552933,8.620613643101285e-06,187,1,0
99,26,52,0,0,1,8.486284528459821,"[0.0, 8.486284528459821]",8.486284528459821,5.714285714285714,8.486284528459821,3.0833333333333273,0,1,0,78.00919331610203,8.48628452845982e-06,185,1,0
99,27,20,0,0,1,8.46736090523856,"[0.0, 8.46736090523856]",8.46736090523856,5.714285714285714,8.46736090523856,3.133333333333327,0,1,0,80.02611045539379,8.467360905238561e-06,188,1,0
99,28,57,0,0,1,8.421243940080915,"[0.0, 8.421243940080915]",8.421243940080915,5.714285714285714,8.421243940080915,3.099999999999994,0,1,0,78.67884531617165,8.421243940080915e-06,186,1,0
99,29,19,0,0,1,8.374366760253906,"[0.0, 8.374366760253906]",8.374366760253906,5.714285714285714,8.374366760253906,3.0833333333333273,0,1,0,78.00865411758423,8.374366760253906e-06,185,1,0
99,30,39,0,0,1,8.263792310442243,"[0.0, 8.263792310442243]",8.263792310442243,5.714285714285714,8.263792310442243,3.0666666666666607,0,1,0,77.34159077703953,8.263792310442242e-06,184,1,0
99,31,33,0,0,1,8.120038168770927,"[0.0, 8.120038168770927]",8.120038168770927,5.714285714285714,8.120038168770927,3.049999999999994,0,1,0,76.67589701712132,8.120038168770928e-06,183,1,0
99,32,30,0,0,1,8.111367906842913,"[0.0, 8.111367906842913]",8.111367906842913,5.714285714285714,8.111367906842913,3.0666666666666607,0,1,0,77.3413316309452,8.111367906842914e-06,184,1,0
99,33,50,0,0,0,8.108280726841517,"[0.0, 8.108280726841517]",8.108280726841517,5.714285714285714,8.108280726841517,3.049999999999994,0,1,0,76.67612724006176,8.108280726841517e-06,183,1,0
99,34,45,0,0,0,8.089754922049385,"[0.0, 8.089754922049385]",8.089754922049385,5.714285714285714,8.089754922049385,3.049999999999994,0,1,0,76.26636834442616,8.089754922049386e-06,183,1,0
99,35,34,0,0,0,7.935164315359932,"[0.0, 7.935164315359932]",7.935164315359932,5.714285714285714,7.935164315359932,3.0333333333333274,0,1,0,75.79732973873615,7.935164315359932e-06,182,1,0
99,36,17,0,0,0,7.935000828334264,"[0.0, 7.935000828334264]",7.935000828334264,5.714285714285714,7.935000828334264,3.0333333333333274,0,1,0,76.01313419640064,7.935000828334264e-06,182,1,0
99,37,40,0,0,0,7.759906223842076,"[0.0, 7.759906223842076]",7.759906223842076,5.714285714285714,7.759906223842076,2.9999999999999942,0,1,0,74.69348531961441,7.759906223842076e-06,180,1,0
99,38,62,0,0,0,7.240104675292969,"[0.0, 7.240104675292969]",7.240104675292969,5.714285714285714,7.240104675292969,2.916666666666661,0,1,0,71.43656788766384,7.240104675292969e-06,175,1,0
99,39,8,0,0,0,7.142857142857142,"[0.0, 7.142857142857142]",7.142857142857142,5.714285714285714,7.142857142857142,2.966666666666661,0,1,0,67.14966632425785,7.142857142857143e-06,178,1,0
99,40,13,0,0,0,7.142857142857142,"[0.0, 7.142857142857142]",7.142857142857142,5.714285714285714,7.142857142857142,2.8999999999999946,0,1,0,67.07958115637302,7.142857142857143e-06,174,1,0
99,41,46,0,0,0,7.142857142857142,"[0.0, 7.142857142857142]",7.142857142857142,5.714285714285714,7.142857142857142,2.883333333333328,0,1,0,70.14968113601208,7.142857142857143e-06,173,1,0
99,42,41,0,0,0,6.973473685128348,"[0.0, 6.973473685128348]",6.973473685128348,5.714285714285714,6.973473685128348,2.6833333333333287,0,1,0,62.62997958064079,6.973473685128348e-06,161,1,0
99,43,61,0,0,0,5.7340240478515625,"[0.0, 5.7340240478515625]",5.7340240478515625,5.714285714285714,5.7340240478515625,2.33333333333333,0,1,0,50.31733998656273,5.734024047851562e-06,140,1,0
99,44,58,0,0,0,5.70147923060826,"[0.0, 5.70147923060826]",5.70147923060826,2.857142857142857,5.70147923060826,2.3166666666666633,0,1,0,49.758834674954414,5.701479230608259e-06,139,1,0
99,45,59,0,0,0,5.644825526646206,"[0.0, 5.644825526646206]",5.644825526646206,2.857142857142857,5.644825526646206,2.2999999999999967,0,1,0,49.202585354447365,5.644825526646206e-06,138,1,0
99,46,22,0,0,0,5.634803771972656,"[0.0, 5.634803771972656]",5.634803771972656,2.857142857142857,5.634803771972656,2.28333333333333,0,1,0,48.64904464781284,5.6348037719726565e-06,137,1,0
99,47,48,0,0,0,5.553022112165178,"[0.0, 5.553022112165178]",5.553022112165178,2.857142857142857,5.553022112165178,2.2666666666666635,0,1,0,48.097915321588516,5.553022112165178e-06,136,1,0
99,48,27,0,0,0,5.5326080322265625,"[0.0, 5.5326080322265625]",5.5326080322265625,2.857142857142857,5.5326080322265625,2.2666666666666635,0,1,0,48.09819579124451,5.532608032226562e-06,136,1,0
99,49,31,0,0,0,5.457540239606585,"[0.0, 5.457540239606585]",5.457540239606585,2.857142857142857,5.457540239606585,2.2333333333333303,0,1,0,47.00402709841728,5.457540239606585e-06,134,1,0
99,50,56,0,0,0,5.353322710309709,"[0.0, 5.353322710309709]",5.353322710309709,2.857142857142857,5.353322710309709,6.21666666666665,0,1,0,45.87728416983737,5.353322710309709e-06,373,1,0
99,51,14,0,0,0,5.238816397530692,"[0.0, 5.238816397530692]",5.238816397530692,2.857142857142857,5.238816397530692,2.166666666666664,0,1,0,44.84670290350914,5.238816397530692e-06,130,1,0
99,52,42,0,0,0,5.233159746442522,"[0.0, 5.233159746442522]",5.233159746442522,2.857142857142857,5.233159746442522,2.166666666666664,0,1,0,44.84658542275429,5.233159746442522e-06,130,1,0
99,53,9,0,0,0,5.232249668666294,"[0.0, 5.232249668666294]",5.232249668666294,2.857142857142857,5.232249668666294,2.166666666666664,0,1,0,44.84694293141365,5.2322496686662946e-06,130,1,0
99,54,12,0,0,0,5.1904296875,"[0.0, 5.1904296875]",5.1904296875,2.857142857142857,5.1904296875,2.1499999999999972,0,1,0,44.31403009593487,5.1904296875e-06,129,1,0
99,55,15,0,0,0,5.1418576921735495,"[0.0, 5.1418576921735495]",5.1418576921735495,2.857142857142857,5.1418576921735495,2.1333333333333306,0,1,0,43.783728927373886,5.1418576921735495e-06,128,1,0
99,56,60,0,0,0,5.055945260184152,"[0.0, 5.055945260184152]",5.055945260184152,2.857142857142857,5.055945260184152,2.749999999999995,0,1,0,42.782101690769196,5.055945260184152e-06,165,1,0
99,57,43,0,0,0,4.954321725027902,"[0.0, 4.954321725027902]",4.954321725027902,2.857142857142857,4.954321725027902,2.066666666666664,0,1,0,41.68957245349884,4.954321725027902e-06,124,1,0
99,58,25,0,0,0,4.9113954816545755,"[0.0, 4.9113954816545755]",4.9113954816545755,2.857142857142857,4.9113954816545755,2.0499999999999976,0,1,0,41.1724164634943,4.911395481654575e-06,123,1,0
99,59,26,0,0,0,4.7551727294921875,"[0.0, 4.7551727294921875]",4.7551727294921875,2.857142857142857,4.7551727294921875,1.9999999999999978,0,1,0,39.63722112774849,4.7551727294921874e-06,120,1,0
99,60,47,0,0,0,4.573653084891182,"[0.0, 4.573653084891182]",4.573653084891182,2.857142857142857,4.573653084891182,1.9333333333333313,0,1,0,37.62856177985668,4.573653084891182e-06,116,1,0
99,61,54,0,0,0,2.1304048810686385,"[0.0, 2.1304048810686385]",2.1304048810686385,0.0,2.1304048810686385,5.016666666666654,0,1,0,7.958932503919641,2.1304048810686382e-06,301,1,0
99,62,23,0,0,0,2.110541207449777,"[0.0, 2.110541207449777]",2.110541207449777,0.0,2.110541207449777,5.016666666666654,0,1,0,7.705821854768146,2.110541207449777e-06,301,1,0
99,63,53,0,0,0,1.8756866455078125,"[0.0, 1.8756866455078125]",1.8756866455078125,0.0,1.8756866455078125,5.016666666666654,0,1,0,5.174703280790709,1.8756866455078126e-06,301,1,0
99,64,36,0,0,0,1.8747111729213168,"[0.0, 1.8747111729213168]",1.8747111729213168,0.0,1.8747111729213168,5.016666666666654,0,1,0,5.1754320721374825,1.8747111729213168e-06,301,1,0
100,1,0,0,1,1,11.501966203962054,"[0.0, 11.501966203962054]",11.501966203962054,11.428571428571429,11.501966203962054,5.733333333333318,0,1,0,98.66476927697659,1.1501966203962054e-05,344,1,0
100,2,1,0,1,1,10.550409044538226,"[0.0, 10.550409044538226]",10.550409044538226,8.571428571428571,10.550409044538226,3.3666666666666596,0,1,0,89.70574216544628,1.0550409044538225e-05,202,1,0
100,3,17,0,1,1,10.500033242361887,"[0.0, 10.500033242361887]",10.500033242361887,8.571428571428571,10.500033242361887,3.349999999999993,0,1,0,88.99980282783508,1.0500033242361888e-05,201,1,0
100,4,2,0,1,1,10.433807373046875,"[0.0, 10.433807373046875]",10.433807373046875,8.571428571428571,10.433807373046875,3.3333333333333264,0,1,0,88.29597687721252,1.0433807373046875e-05,200,1,0
100,5,3,0,1,1,10.43133054460798,"[0.0, 10.43133054460798]",10.43133054460798,8.571428571428571,10.43133054460798,5.116666666666654,0,1,0,88.44709768891335,1.0431330544607978e-05,307,1,0
100,6,4,0,1,1,10.407412392752512,"[0.0, 10.407412392752512]",10.407412392752512,8.571428571428571,10.407412392752512,3.3333333333333264,0,1,0,88.29640075564384,1.0407412392752512e-05,200,1,0
100,7,5,0,1,1,10.378456115722656,"[0.0, 10.378456115722656]",10.378456115722656,8.571428571428571,10.378456115722656,3.3166666666666598,0,1,0,87.59461161494255,1.0378456115722656e-05,199,1,0
100,8,6,0,1,1,10.370736803327288,"[0.0, 10.370736803327288]",10.370736803327288,8.571428571428571,10.370736803327288,3.3166666666666598,0,1,0,87.59476399421692,1.0370736803327288e-05,199,1,0
100,9,7,0,0,1,10.369033813476562,"[0.0, 10.369033813476562]",10.369033813476562,8.571428571428571,10.369033813476562,3.3166666666666598,0,1,0,87.59518329799175,1.0369033813476562e-05,199,1,0
100,10,29,0,0,1,10.018035343715123,"[0.0, 10.018035343715123]",10.018035343715123,8.571428571428571,10.018035343715123,3.2499999999999933,0,1,0,84.810681194067,1.0018035343715123e-05,195,1,0
100,11,44,0,0,1,9.900926862444196,"[0.0, 9.900926862444196]",9.900926862444196,8.571428571428571,9.900926862444196,3.2833333333333266,0,1,0,86.19826599955559,9.900926862444197e-06,197,1,0
100,12,14,0,0,1,9.76609366280692,"[0.0, 9.76609366280692]",9.76609366280692,8.571428571428571,9.76609366280692,3.2499999999999933,0,1,0,84.71009732782841,9.76609366280692e-06,195,1,0
100,13,61,0,0,1,9.586241585867745,"[0.0, 9.586241585867745]",9.586241585867745,8.571428571428571,9.586241585867745,3.183333333333327,0,1,0,82.0634092092514,9.586241585867745e-06,191,1,0
100,14,49,0,0,1,9.51301029750279,"[0.0, 9.51301029750279]",9.51301029750279,8.571428571428571,9.51301029750279,3.183333333333327,0,1,0,82.06284064054489,9.51301029750279e-06,191,1,0
100,15,48,0,0,1,9.495748792375837,"[0.0, 9.495748792375837]",9.495748792375837,8.571428571428571,9.495748792375837,3.183333333333327,0,1,0,82.06326968967915,9.495748792375837e-06,191,1,0
100,16,32,0,0,1,9.402013506208148,"[0.0, 9.402013506208148]",9.402013506208148,8.571428571428571,9.402013506208148,3.183333333333327,0,1,0,82.0631044358015,9.402013506208148e-06,191,1,0
100,17,45,0,0,1,9.325133732386998,"[0.0, 9.325133732386998]",9.325133732386998,8.571428571428571,9.325133732386998,3.183333333333327,0,1,0,82.0632901340723,9.325133732386999e-06,191,1,0
100,18,30,0,0,1,9.312735966273717,"[0.0, 9.312735966273717]",9.312735966273717,8.571428571428571,9.312735966273717,3.183333333333327,0,1,0,82.06319047510624,9.312735966273716e-06,191,1,0
100,19,38,0,0,1,9.237613677978516,"[0.0, 9.237613677978516]",9.237613677978516,8.571428571428571,9.237613677978516,3.1666666666666603,0,1,0,81.38142803311348,9.237613677978515e-06,190,1,0
100,20,41,0,0,1,9.09792491367885,"[0.0, 9.09792491367885]",9.09792491367885,8.571428571428571,9.09792491367885,3.1666666666666603,0,1,0,81.38138674199581,9.09792491367885e-06,190,1,0
100,21,19,0,0,1,9.096036638532366,"[0.0, 9.096036638532366]",9.096036638532366,8.571428571428571,9.096036638532366,3.1499999999999937,0,1,0,80.42875835299492,9.096036638532366e-06,189,1,0
100,22,25,0,0,1,8.983813694545201,"[0.0, 8.983813694545201]",8.983813694545201,8.571428571428571,8.983813694545201,3.433333333333326,0,1,0,79.75359456241131,8.983813694545201e-06,206,1,0
100,23,51,0,0,1,8.934971945626396,"[0.0, 8.934971945626396]",8.934971945626396,8.571428571428571,8.934971945626396,3.133333333333327,0,1,0,80.02617511153221,8.934971945626395e-06,188,1,0
100,24,15,0,0,1,8.8827759878976,"[0.0, 8.8827759878976]",8.8827759878976,8.571428571428571,8.8827759878976,3.1166666666666605,0,1,0,79.35084880888462,8.8827759878976e-06,187,1,0
100,25,27,0,0,1,8.834449223109655,"[0.0, 8.834449223109655]",8.834449223109655,8.571428571428571,8.834449223109655,3.133333333333327,0,1,0,80.02611771225929,8.834449223109654e-06,188,1,0
100,26,16,0,0,1,8.787321363176618,"[0.0, 8.787321363176618]",8.787321363176618,8.571428571428571,8.787321363176618,3.1166666666666605,0,1,0,79.33200134336948,8.787321363176618e-06,187,1,0
100,27,18,0,0,1,8.751324244907924,"[0.0, 8.751324244907924]",8.751324244907924,8.571428571428571,8.751324244907924,3.133333333333327,0,1,0,80.02599588036537,8.751324244907924e-06,188,1,0
100,28,46,0,0,1,8.61168452671596,"[0.0, 8.61168452671596]",8.61168452671596,8.571428571428571,8.61168452671596,3.099999999999994,0,1,0,78.6790362894535,8.61168452671596e-06,186,1,0
100,29,36,0,0,1,8.595398494175502,"[0.0, 8.595398494175502]",8.595398494175502,8.571428571428571,8.595398494175502,3.099999999999994,0,1,0,78.67929370701313,8.595398494175502e-06,186,1,0
100,30,24,0,0,1,8.464984893798828,"[0.0, 8.464984893798828]",8.464984893798828,5.714285714285714,8.464984893798828,3.099999999999994,0,1,0,78.09539249539375,8.464984893798828e-06,186,1,0
100,31,8,0,0,1,8.292448861258372,"[0.0, 8.292448861258372]",8.292448861258372,5.714285714285714,8.292448861258372,3.0666666666666607,0,1,0,77.34135609865189,8.292448861258371e-06,184,1,0
100,32,33,0,0,1,8.07513918195452,"[0.0, 8.07513918195452]",8.07513918195452,5.714285714285714,8.07513918195452,3.2499999999999933,0,1,0,76.57743215560913,8.07513918195452e-06,195,1,0
100,33,40,0,0,0,7.958098820277623,"[0.0, 7.958098820277623]",7.958098820277623,5.714285714285714,7.958098820277623,3.0333333333333274,0,1,0,76.01316609978676,7.958098820277623e-06,182,1,0
100,34,47,0,0,0,7.533866337367466,"[0.0, 7.533866337367466]",7.533866337367466,5.714285714285714,7.533866337367466,2.966666666666661,0,1,0,73.3406181782484,7.533866337367466e-06,178,1,0
100,35,26,0,0,0,7.16233389718192,"[0.0, 7.16233389718192]",7.16233389718192,5.714285714285714,7.16233389718192,2.8999999999999946,0,1,0,70.7917113006115,7.16233389718192e-06,174,1,0
100,36,12,0,0,0,7.0305088588169635,"[0.0, 7.0305088588169635]",7.0305088588169635,5.714285714285714,7.0305088588169635,2.6999999999999953,0,1,0,63.243136897683144,7.030508858816964e-06,162,1,0
100,37,43,0,0,0,6.795708792550223,"[0.0, 6.795708792550223]",6.795708792550223,5.714285714285714,6.795708792550223,2.633333333333329,0,1,0,60.80420371890068,6.795708792550223e-06,158,1,0
100,38,62,0,0,0,5.974480765206473,"[0.0, 5.974480765206473]",5.974480765206473,5.714285714285714,5.974480765206473,2.416666666666663,0,1,0,53.14874750375748,5.974480765206473e-06,145,1,0
100,39,39,0,0,0,5.702307564871652,"[0.0, 5.702307564871652]",5.702307564871652,2.857142857142857,5.702307564871652,2.3166666666666633,0,1,0,49.75875571370125,5.702307564871652e-06,139,1,0
100,40,13,0,0,0,5.649299621582031,"[0.0, 5.649299621582031]",5.649299621582031,2.857142857142857,5.649299621582031,2.2999999999999967,0,1,0,49.20272582769394,5.6492996215820316e-06,138,1,0
100,41,53,0,0,0,5.617109026227678,"[0.0, 5.617109026227678]",5.617109026227678,2.857142857142857,5.617109026227678,2.28333333333333,0,1,0,48.64933852851391,5.617109026227678e-06,137,1,0
100,42,21,0,0,0,5.544400896344866,"[0.0, 5.544400896344866]",5.544400896344866,2.857142857142857,5.544400896344866,2.2666666666666635,0,1,0,48.097854644060135,5.544400896344867e-06,136,1,0
100,43,22,0,0,0,5.457616533551898,"[0.0, 5.457616533551898]",5.457616533551898,2.857142857142857,5.457616533551898,2.2333333333333303,0,1,0,47.00410182774067,5.457616533551898e-06,134,1,0
100,44,58,0,0,0,5.4118837629045755,"[0.0, 5.4118837629045755]",5.4118837629045755,2.857142857142857,5.4118837629045755,2.2166666666666637,0,1,0,46.46051627397537,5.411883762904575e-06,133,1,0
100,45,42,0,0,0,5.347513471330915,"[0.0, 5.347513471330915]",5.347513471330915,2.857142857142857,5.347513471330915,2.199999999999997,0,1,0,45.919898211956024,5.347513471330915e-06,132,1,0
100,46,50,0,0,0,5.329933166503906,"[0.0, 5.329933166503906]",5.329933166503906,2.857142857142857,5.329933166503906,2.199999999999997,0,1,0,45.9199353158474,5.3299331665039065e-06,132,1,0
100,47,10,0,0,0,5.309584481375558,"[0.0, 5.309584481375558]",5.309584481375558,2.857142857142857,5.309584481375558,2.1833333333333305,0,1,0,45.38216212391853,5.309584481375558e-06,131,1,0
100,48,23,0,0,0,5.304222106933594,"[0.0, 5.304222106933594]",5.304222106933594,2.857142857142857,5.304222106933594,2.1833333333333305,0,1,0,45.38201351463795,5.304222106933594e-06,131,1,0
100,49,59,0,0,0,5.291273934500558,"[0.0, 5.291273934500558]",5.291273934500558,2.857142857142857,5.291273934500558,2.1833333333333305,0,1,0,45.38222575187683,5.2912739345005585e-06,131,1,0
100,50,60,0,0,0,5.208718436104911,"[0.0, 5.208718436104911]",5.208718436104911,2.857142857142857,5.208718436104911,2.1499999999999972,0,1,0,44.31372997164726,5.20871843610491e-06,129,1,0
100,51,34,0,0,0,5.085149492536272,"[0.0, 5.085149492536272]",5.085149492536272,2.857142857142857,5.085149492536272,2.116666666666664,0,1,0,43.25634765625,5.085149492536272e-06,127,1,0
100,52,56,0,0,0,5.049912588936942,"[0.0, 5.049912588936942]",5.049912588936942,2.857142857142857,5.049912588936942,2.0999999999999974,0,1,0,42.73085369169712,5.049912588936942e-06,126,1,0
100,53,55,0,0,0,5.013220650809152,"[0.0, 5.013220650809152]",5.013220650809152,2.857142857142857,5.013220650809152,2.083333333333331,0,1,0,42.209130614995956,5.013220650809152e-06,125,1,0
100,54,54,0,0,0,4.990038190569197,"[0.0, 4.990038190569197]",4.990038190569197,2.857142857142857,4.990038190569197,2.083333333333331,0,1,0,42.20922568440437,4.990038190569197e-06,125,1,0
100,55,35,0,0,0,4.8597226824079245,"[0.0, 4.8597226824079245]",4.8597226824079245,2.857142857142857,4.8597226824079245,2.033333333333331,0,1,0,40.65794184803963,4.8597226824079244e-06,122,1,0
100,56,57,0,0,0,4.828431265694755,"[0.0, 4.828431265694755]",4.828431265694755,2.857142857142857,4.828431265694755,2.0166666666666644,0,1,0,40.146313831210136,4.8284312656947555e-06,121,1,0
100,57,28,0,0,0,4.711521693638393,"[0.0, 4.711521693638393]",4.711521693638393,2.857142857142857,4.711521693638393,1.9999999999999978,0,1,0,39.15362496674061,4.711521693638393e-06,120,1,0
100,58,52,0,0,0,4.576612200055804,"[0.0, 4.576612200055804]",4.576612200055804,2.857142857142857,4.576612200055804,1.9333333333333313,0,1,0,37.62824968993664,4.576612200055804e-06,116,1,0
100,59,63,0,0,0,4.435686383928571,"[0.0, 4.435686383928571]",4.435686383928571,2.857142857142857,4.435686383928571,1.8833333333333315,0,1,0,36.15005251765251,4.435686383928571e-06,113,1,0
100,60,20,0,0,0,3.702289036342076,"[0.0, 3.702289036342076]",3.702289036342076,2.857142857142857,3.702289036342076,6.933333333333314,0,1,0,26.496388744773867,3.702289036342076e-06,416,1,0
100,61,11,0,0,0,2.157151358468192,"[0.0, 2.157151358468192]",2.157151358468192,0.0,2.157151358468192,5.016666666666654,0,1,0,8.213805313789635,2.1571513584681918e-06,301,1,0
100,62,31,0,0,0,2.1110153198242188,"[0.0, 2.1110153198242188]",2.1110153198242188,0.0,2.1110153198242188,5.016666666666654,0,1,0,7.70562459595385,2.111015319824219e-06,301,1,0
100,63,37,0,0,0,2.110949925013951,"[0.0, 2.110949925013951]",2.110949925013951,0.0,2.110949925013951,5.016666666666654,0,1,0,7.706019362201914,2.1109499250139508e-06,301,1,0
100,64,9,0,0,0,2.1086175101143976,"[0.0, 2.1086175101143976]",2.1086175101143976,0.0,2.1086175101143976,5.016666666666654,0,1,0,7.70564170290163,2.1086175101143975e-06,301,1,0
101,1,0,0,1,1,11.501966203962054,"[0.0, 11.501966203962054]",11.501966203962054,11.428571428571429,11.501966203962054,5.733333333333318,0,1,0,98.66476927697659,1.1501966203962054e-05,344,1,0
101,2,1,0,1,1,10.550409044538226,"[0.0, 10.550409044538226]",10.550409044538226,8.571428571428571,10.550409044538226,3.3666666666666596,0,1,0,89.70574216544628,1.0550409044538225e-05,202,1,0
101,3,2,0,1,1,10.500033242361887,"[0.0, 10.500033242361887]",10.500033242361887,8.571428571428571,10.500033242361887,3.349999999999993,0,1,0,88.99980282783508,1.0500033242361888e-05,201,1,0
101,4,3,0,1,1,10.433807373046875,"[0.0, 10.433807373046875]",10.433807373046875,8.571428571428571,10.433807373046875,3.3333333333333264,0,1,0,88.29597687721252,1.0433807373046875e-05,200,1,0
101,5,4,0,1,1,10.43133054460798,"[0.0, 10.43133054460798]",10.43133054460798,8.571428571428571,10.43133054460798,5.116666666666654,0,1,0,88.44709768891335,1.0431330544607978e-05,307,1,0
101,6,5,0,1,1,10.407412392752512,"[0.0, 10.407412392752512]",10.407412392752512,8.571428571428571,10.407412392752512,3.3333333333333264,0,1,0,88.29640075564384,1.0407412392752512e-05,200,1,0
101,7,6,0,1,1,10.378456115722656,"[0.0, 10.378456115722656]",10.378456115722656,8.571428571428571,10.378456115722656,3.3166666666666598,0,1,0,87.59461161494255,1.0378456115722656e-05,199,1,0
101,8,7,0,1,1,10.370736803327288,"[0.0, 10.370736803327288]",10.370736803327288,8.571428571428571,10.370736803327288,3.3166666666666598,0,1,0,87.59476399421692,1.0370736803327288e-05,199,1,0
101,9,50,0,0,1,10.24231501988002,"[0.0, 10.24231501988002]",10.24231501988002,8.571428571428571,10.24231501988002,3.299999999999993,0,1,0,86.89559510350227,1.024231501988002e-05,198,1,0
101,10,63,0,0,1,10.109405517578125,"[0.0, 10.109405517578125]",10.109405517578125,8.571428571428571,10.109405517578125,3.26666666666666,0,1,0,85.50350172817707,1.0109405517578124e-05,196,1,0
101,11,26,0,0,1,10.07871082850865,"[0.0, 10.07871082850865]",10.07871082850865,8.571428571428571,10.07871082850865,3.26666666666666,0,1,0,85.50331337749958,1.007871082850865e-05,196,1,0
101,12,60,0,0,1,9.826951708112444,"[0.0, 9.826951708112444]",9.826951708112444,8.571428571428571,9.826951708112444,3.2333333333333267,0,1,0,84.12065510451794,9.826951708112444e-06,194,1,0
101,13,13,0,0,1,9.81182643345424,"[0.0, 9.81182643345424]",9.81182643345424,8.571428571428571,9.81182643345424,3.2499999999999933,0,1,0,84.81108736991882,9.81182643345424e-06,195,1,0
101,14,17,0,0,1,9.743875776018415,"[0.0, 9.743875776018415]",9.743875776018415,8.571428571428571,9.743875776018415,3.2333333333333267,0,1,0,84.11619414389133,9.743875776018415e-06,194,1,0
101,15,27,0,0,1,9.659415653773715,"[0.0, 9.659415653773715]",9.659415653773715,8.571428571428571,9.659415653773715,3.2333333333333267,0,1,0,84.1207124888897,9.659415653773716e-06,194,1,0
101,16,36,0,0,1,9.58770751953125,"[0.0, 9.58770751953125]",9.58770751953125,8.571428571428571,9.58770751953125,3.1999999999999935,0,1,0,82.74657146632671,9.58770751953125e-06,192,1,0
101,17,23,0,0,1,9.56498554774693,"[0.0, 9.56498554774693]",9.56498554774693,8.571428571428571,9.56498554774693,3.349999999999993,0,1,0,82.21874475479126,9.56498554774693e-06,201,1,0
101,18,33,0,0,1,9.53608649117606,"[0.0, 9.53608649117606]",9.53608649117606,8.571428571428571,9.53608649117606,3.2333333333333267,0,1,0,84.12059213221073,9.536086491176061e-06,194,1,0
101,19,46,0,0,1,9.490811484200613,"[0.0, 9.490811484200613]",9.490811484200613,8.571428571428571,9.490811484200613,3.1999999999999935,0,1,0,82.7468450665474,9.490811484200613e-06,192,1,0
101,20,42,0,0,1,9.386059897286552,"[0.0, 9.386059897286552]",9.386059897286552,8.571428571428571,9.386059897286552,3.349999999999993,0,1,0,81.3584933578968,9.386059897286552e-06,201,1,0
101,21,31,0,0,1,9.27410398210798,"[0.0, 9.27410398210798]",9.27410398210798,8.571428571428571,9.27410398210798,3.183333333333327,0,1,0,82.0630843192339,9.27410398210798e-06,191,1,0
101,22,58,0,0,1,8.978821890694755,"[0.0, 8.978821890694755]",8.978821890694755,8.571428571428571,8.978821890694755,3.1666666666666603,0,1,0,81.38188038766384,8.978821890694755e-06,190,1,0
101,23,10,0,0,1,8.96437781197684,"[0.0, 8.96437781197684]",8.96437781197684,8.571428571428571,8.96437781197684,3.1499999999999937,0,1,0,80.70247013866901,8.964377811976841e-06,189,1,0
101,24,49,0,0,1,8.794348580496651,"[0.0, 8.794348580496651]",8.794348580496651,8.571428571428571,8.794348580496651,3.133333333333327,0,1,0,80.02545772492886,8.79434858049665e-06,188,1,0
101,25,12,0,0,1,8.75845227922712,"[0.0, 8.75845227922712]",8.75845227922712,8.571428571428571,8.75845227922712,3.133333333333327,0,1,0,79.99672131240368,8.75845227922712e-06,188,1,0
101,26,57,0,0,1,8.735959189278738,"[0.0, 8.735959189278738]",8.735959189278738,8.571428571428571,8.735959189278738,3.099999999999994,0,1,0,78.67924638092518,8.735959189278738e-06,186,1,0
101,27,55,0,0,1,8.647294725690568,"[0.0, 8.647294725690568]",8.647294725690568,8.571428571428571,8.647294725690568,3.099999999999994,0,1,0,78.67902934551239,8.647294725690568e-06,186,1,0
101,28,20,0,0,1,8.50515365600586,"[0.0, 8.50515365600586]",8.50515365600586,5.714285714285714,8.50515365600586,3.099999999999994,0,1,0,78.67901019752026,8.50515365600586e-06,186,1,0
101,29,40,0,0,1,8.451080322265625,"[0.0, 8.451080322265625]",8.451080322265625,5.714285714285714,8.451080322265625,3.0666666666666607,0,1,0,77.34102599322796,8.451080322265624e-06,184,1,0
101,30,11,0,0,1,8.309238978794644,"[0.0, 8.309238978794644]",8.309238978794644,5.714285714285714,8.309238978794644,3.0666666666666607,0,1,0,77.34130898118019,8.309238978794644e-06,184,1,0
101,31,29,0,0,1,8.259961264474052,"[0.0, 8.259961264474052]",8.259961264474052,5.714285714285714,8.259961264474052,3.0833333333333273,0,1,0,78.00899630784988,8.259961264474053e-06,185,1,0
101,32,54,0,0,1,8.23713847569057,"[0.0, 8.23713847569057]",8.23713847569057,5.714285714285714,8.23713847569057,3.049999999999994,0,1,0,76.67558999359608,8.23713847569057e-06,183,1,0
101,33,51,0,0,0,7.996117728097098,"[0.0, 7.996117728097098]",7.996117728097098,5.714285714285714,7.996117728097098,3.049999999999994,0,1,0,76.55405823886395,7.996117728097098e-06,183,1,0
101,34,45,0,0,0,7.834091186523437,"[0.0, 7.834091186523437]",7.834091186523437,5.714285714285714,7.834091186523437,3.016666666666661,0,1,0,75.3520712852478,7.834091186523437e-06,181,1,0
101,35,41,0,0,0,7.749538421630859,"[0.0, 7.749538421630859]",7.749538421630859,5.714285714285714,7.749538421630859,2.9999999999999942,0,1,0,74.47603684663773,7.74953842163086e-06,180,1,0
101,36,39,0,0,0,7.738655635288784,"[0.0, 7.738655635288784]",7.738655635288784,5.714285714285714,7.738655635288784,2.9999999999999942,0,1,0,74.69409620761871,7.738655635288784e-06,180,1,0
101,37,47,0,0,0,5.682454790387835,"[0.0, 5.682454790387835]",5.682454790387835,2.857142857142857,5.682454790387835,2.3166666666666633,0,1,0,49.758901596069336,5.682454790387835e-06,139,1,0
101,38,61,0,0,0,5.657419477190291,"[0.0, 5.657419477190291]",5.657419477190291,2.857142857142857,5.657419477190291,2.2999999999999967,0,1,0,49.20252351462841,5.657419477190291e-06,138,1,0
101,39,32,0,0,0,5.639866420200893,"[0.0, 5.639866420200893]",5.639866420200893,2.857142857142857,5.639866420200893,2.2999999999999967,0,1,0,49.20246136188507,5.639866420200893e-06,138,1,0
101,40,21,0,0,0,5.599959237234933,"[0.0, 5.599959237234933]",5.599959237234933,2.857142857142857,5.599959237234933,2.28333333333333,0,1,0,48.64878876507282,5.599959237234933e-06,137,1,0
101,41,44,0,0,0,5.5641937255859375,"[0.0, 5.5641937255859375]",5.5641937255859375,2.857142857142857,5.5641937255859375,2.28333333333333,0,1,0,48.161127895116806,5.564193725585938e-06,137,1,0
101,42,25,0,0,0,5.557839529854911,"[0.0, 5.557839529854911]",5.557839529854911,2.857142857142857,5.557839529854911,2.2666666666666635,0,1,0,48.098163455724716,5.5578395298549105e-06,136,1,0
101,43,43,0,0,0,5.499022347586496,"[0.0, 5.499022347586496]",5.499022347586496,2.857142857142857,5.499022347586496,2.249999999999997,0,1,0,47.54995256662369,5.499022347586496e-06,135,1,0
101,44,16,0,0,0,5.498068673270089,"[0.0, 5.498068673270089]",5.498068673270089,2.857142857142857,5.498068673270089,2.249999999999997,0,1,0,47.54973432421684,5.498068673270089e-06,135,1,0
101,45,48,0,0,0,5.485845293317523,"[0.0, 5.485845293317523]",5.485845293317523,2.857142857142857,5.485845293317523,2.2333333333333303,0,1,0,47.00393536686897,5.485845293317523e-06,134,1,0
101,46,37,0,0,0,5.383202689034598,"[0.0, 5.383202689034598]",5.383202689034598,2.857142857142857,5.383202689034598,2.2166666666666637,0,1,0,46.46067003905773,5.383202689034598e-06,133,1,0
101,47,9,0,0,0,5.35503932407924,"[0.0, 5.35503932407924]",5.35503932407924,2.857142857142857,5.35503932407924,2.199999999999997,0,1,0,45.92021770775318,5.35503932407924e-06,132,1,0
101,48,8,0,0,0,5.341911315917969,"[0.0, 5.341911315917969]",5.341911315917969,2.857142857142857,5.341911315917969,2.199999999999997,0,1,0,45.919769406318665,5.341911315917969e-06,132,1,0
101,49,35,0,0,0,5.298020499093193,"[0.0, 5.298020499093193]",5.298020499093193,2.857142857142857,5.298020499093193,2.1833333333333305,0,1,0,45.38205051422119,5.298020499093193e-06,131,1,0
101,50,38,0,0,0,5.243257795061384,"[0.0, 5.243257795061384]",5.243257795061384,2.857142857142857,5.243257795061384,2.166666666666664,0,1,0,44.84678050875664,5.243257795061383e-06,130,1,0
101,51,28,0,0,0,5.199742998395648,"[0.0, 5.199742998395648]",5.199742998395648,2.857142857142857,5.199742998395648,2.166666666666664,0,1,0,44.35865667462349,5.199742998395647e-06,130,1,0
101,52,14,0,0,0,5.128130231584822,"[0.0, 5.128130231584822]",5.128130231584822,2.857142857142857,5.128130231584822,2.1333333333333306,0,1,0,43.78372186422348,5.128130231584822e-06,128,1,0
101,53,30,0,0,0,5.017400469098773,"[0.0, 5.017400469098773]",5.017400469098773,2.857142857142857,5.017400469098773,2.083333333333331,0,1,0,42.20891985297203,5.017400469098773e-06,125,1,0
101,54,18,0,0,0,4.961199079241071,"[0.0, 4.961199079241071]",4.961199079241071,2.857142857142857,4.961199079241071,2.066666666666664,0,1,0,41.689387410879135,4.961199079241071e-06,124,1,0
101,55,62,0,0,0,4.901727948869978,"[0.0, 4.901727948869978]",4.901727948869978,2.857142857142857,4.901727948869978,2.0499999999999976,0,1,0,41.17257875204086,4.901727948869978e-06,123,1,0
101,56,56,0,0,0,4.858213152204241,"[0.0, 4.858213152204241]",4.858213152204241,2.857142857142857,4.858213152204241,2.033333333333331,0,1,0,40.65802322328091,4.8582131522042414e-06,122,1,0
101,57,22,0,0,0,4.820562090192523,"[0.0, 4.820562090192523]",4.820562090192523,2.857142857142857,4.820562090192523,2.0166666666666644,0,1,0,40.1464139521122,4.8205620901925225e-06,121,1,0
101,58,59,0,0,0,4.763494219098773,"[0.0, 4.763494219098773]",4.763494219098773,2.857142857142857,4.763494219098773,1.9999999999999978,0,1,0,39.637424767017365,4.763494219098772e-06,120,1,0
101,59,34,0,0,0,4.486203874860491,"[0.0, 4.486203874860491]",4.486203874860491,2.857142857142857,4.486203874860491,1.8999999999999981,0,1,0,36.640177458524704,4.486203874860491e-06,114,1,0
101,60,19,0,0,0,2.1576527186802457,"[0.0, 2.1576527186802457]",2.1576527186802457,0.0,2.1576527186802457,5.016666666666654,0,1,0,8.21429788460955,2.1576527186802457e-06,301,1,0
101,61,24,0,0,0,2.1117837088448663,"[0.0, 2.1117837088448663]",2.1117837088448663,0.0,2.1117837088448663,5.016666666666654,0,1,0,7.705607579933712,2.1117837088448663e-06,301,1,0
101,62,53,0,0,0,2.1114294869559154,"[0.0, 2.1114294869559154]",2.1114294869559154,0.0,2.1114294869559154,5.016666666666654,0,1,0,7.705919130181428,2.1114294869559155e-06,301,1,0
101,63,15,0,0,0,1.8784005301339286,"[0.0, 1.8784005301339286]",1.8784005301339286,0.0,1.8784005301339286,5.016666666666654,0,1,0,5.204993646708317,1.8784005301339285e-06,301,1,0
101,64,52,0,0,0,1.8758283342633928,"[0.0, 1.8758283342633928]",1.8758283342633928,0.0,1.8758283342633928,5.016666666666654,0,1,0,5.173498494958039,1.8758283342633927e-06,301,1,0
102,1,0,0,1,1,11.501966203962054,"[0.0, 11.501966203962054]",11.501966203962054,11.428571428571429,11.501966203962054,5.733333333333318,0,1,0,98.66476927697659,1.1501966203962054e-05,344,1,0
102,2,1,0,1,1,10.550409044538226,"[0.0, 10.550409044538226]",10.550409044538226,8.571428571428571,10.550409044538226,3.3666666666666596,0,1,0,89.70574216544628,1.0550409044538225e-05,202,1,0
102,3,2,0,1,1,10.500033242361887,"[0.0, 10.500033242361887]",10.500033242361887,8.571428571428571,10.500033242361887,3.349999999999993,0,1,0,88.99980282783508,1.0500033242361888e-05,201,1,0
102,4,3,0,1,1,10.433807373046875,"[0.0, 10.433807373046875]",10.433807373046875,8.571428571428571,10.433807373046875,3.3333333333333264,0,1,0,88.29597687721252,1.0433807373046875e-05,200,1,0
102,5,4,0,1,1,10.43133054460798,"[0.0, 10.43133054460798]",10.43133054460798,8.571428571428571,10.43133054460798,5.116666666666654,0,1,0,88.44709768891335,1.0431330544607978e-05,307,1,0
102,6,5,0,1,1,10.407412392752512,"[0.0, 10.407412392752512]",10.407412392752512,8.571428571428571,10.407412392752512,3.3333333333333264,0,1,0,88.29640075564384,1.0407412392752512e-05,200,1,0
102,7,12,0,1,1,10.391875675746373,"[0.0, 10.391875675746373]",10.391875675746373,8.571428571428571,10.391875675746373,3.349999999999993,0,1,0,89.00038380920887,1.0391875675746373e-05,201,1,0
102,8,6,0,1,1,10.378456115722656,"[0.0, 10.378456115722656]",10.378456115722656,8.571428571428571,10.378456115722656,3.3166666666666598,0,1,0,87.59461161494255,1.0378456115722656e-05,199,1,0
102,9,7,0,0,1,10.370736803327288,"[0.0, 10.370736803327288]",10.370736803327288,8.571428571428571,10.370736803327288,3.3166666666666598,0,1,0,87.59476399421692,1.0370736803327288e-05,199,1,0
102,10,28,0,0,1,10.141705104282924,"[0.0, 10.141705104282924]",10.141705104282924,8.571428571428571,10.141705104282924,3.2833333333333266,0,1,0,86.19848136603832,1.0141705104282924e-05,197,1,0
102,11,9,0,0,1,9.889084952218193,"[0.0, 9.889084952218193]",9.889084952218193,8.571428571428571,9.889084952218193,3.5499999999999923,0,1,0,84.07479554414749,9.889084952218193e-06,213,1,0
102,12,27,0,0,1,9.858782632010325,"[0.0, 9.858782632010325]",9.858782632010325,8.571428571428571,9.858782632010325,3.2333333333333267,0,1,0,84.12024772167206,9.858782632010325e-06,194,1,0
102,13,17,0,0,1,9.563892909458707,"[0.0, 9.563892909458707]",9.563892909458707,8.571428571428571,9.563892909458707,3.21666666666666,0,1,0,83.43262955546379,9.563892909458706e-06,193,1,0
102,14,33,0,0,1,9.55705097743443,"[0.0, 9.55705097743443]",9.55705097743443,8.571428571428571,9.55705097743443,3.1999999999999935,0,1,0,82.74711591005325,9.55705097743443e-06,192,1,0
102,15,55,0,0,1,9.442585536411832,"[0.0, 9.442585536411832]",9.442585536411832,8.571428571428571,9.442585536411832,3.1666666666666603,0,1,0,81.38144220411777,9.442585536411831e-06,190,1,0
102,16,53,0,0,1,9.367286137172155,"[0.0, 9.367286137172155]",9.367286137172155,8.571428571428571,9.367286137172155,3.1666666666666603,0,1,0,81.38175421953201,9.367286137172155e-06,190,1,0
102,17,59,0,0,1,9.366779327392578,"[0.0, 9.366779327392578]",9.366779327392578,8.571428571428571,9.366779327392578,3.1999999999999935,0,1,0,82.73196677863598,9.366779327392579e-06,192,1,0
102,18,14,0,0,1,9.31182588849749,"[0.0, 9.31182588849749]",9.31182588849749,8.571428571428571,9.31182588849749,3.183333333333327,0,1,0,82.06287556886673,9.31182588849749e-06,191,1,0
102,19,36,0,0,1,9.236338479178292,"[0.0, 9.236338479178292]",9.236338479178292,8.571428571428571,9.236338479178292,3.1999999999999935,0,1,0,80.76399002969265,9.236338479178292e-06,192,1,0
102,20,52,0,0,1,9.022328513009208,"[0.0, 9.022328513009208]",9.022328513009208,8.571428571428571,9.022328513009208,3.133333333333327,0,1,0,80.02622812986374,9.022328513009208e-06,188,1,0
102,21,22,0,0,1,8.943056379045759,"[0.0, 8.943056379045759]",8.943056379045759,8.571428571428571,8.943056379045759,3.3666666666666596,0,1,0,79.90893891453743,8.943056379045759e-06,202,1,0
102,22,34,0,0,1,8.936478751046318,"[0.0, 8.936478751046318]",8.936478751046318,8.571428571428571,8.936478751046318,3.133333333333327,0,1,0,80.02574819326401,8.936478751046318e-06,188,1,0
102,23,58,0,0,1,8.915691375732422,"[0.0, 8.915691375732422]",8.915691375732422,8.571428571428571,8.915691375732422,3.1666666666666603,0,1,0,80.8788913488388,8.915691375732422e-06,190,1,0
102,24,37,0,0,1,8.814599173409599,"[0.0, 8.814599173409599]",8.814599173409599,8.571428571428571,8.814599173409599,3.1166666666666605,0,1,0,79.35143166780472,8.814599173409599e-06,187,1,0
102,25,8,0,0,1,8.759242466517856,"[0.0, 8.759242466517856]",8.759242466517856,8.571428571428571,8.759242466517856,3.1166666666666605,0,1,0,79.35116006433964,8.759242466517855e-06,187,1,0
102,26,29,0,0,1,8.751087188720703,"[0.0, 8.751087188720703]",8.751087188720703,8.571428571428571,8.751087188720703,3.1166666666666605,0,1,0,79.35104282200336,8.751087188720704e-06,187,1,0
102,27,43,0,0,1,8.737776620047432,"[0.0, 8.737776620047432]",8.737776620047432,8.571428571428571,8.737776620047432,3.1166666666666605,0,1,0,79.35149702429771,8.737776620047432e-06,187,1,0
102,28,54,0,0,1,8.695697784423828,"[0.0, 8.695697784423828]",8.695697784423828,8.571428571428571,8.695697784423828,7.9333333333333105,0,1,0,80.25658791424212,8.695697784423828e-06,476,1,0
102,29,23,0,0,1,8.494676862444196,"[0.0, 8.494676862444196]",8.494676862444196,5.714285714285714,8.494676862444196,3.0833333333333273,0,1,0,77.96015125513077,8.494676862444196e-06,185,1,0
102,30,13,0,0,1,8.452862330845425,"[0.0, 8.452862330845425]",8.452862330845425,5.714285714285714,8.452862330845425,3.099999999999994,0,1,0,78.67915873229504,8.452862330845426e-06,186,1,0
102,31,18,0,0,1,8.374813624790736,"[0.0, 8.374813624790736]",8.374813624790736,5.714285714285714,8.374813624790736,3.1499999999999937,0,1,0,79.21788492798805,8.374813624790737e-06,189,1,0
102,32,39,0,0,1,8.308789389474052,"[0.0, 8.308789389474052]",8.308789389474052,5.714285714285714,8.308789389474052,3.0666666666666607,0,1,0,77.34157046675682,8.308789389474052e-06,184,1,0
102,33,10,0,0,0,8.275642395019531,"[0.0, 8.275642395019531]",8.275642395019531,5.714285714285714,8.275642395019531,3.0833333333333273,0,1,0,78.00943239033222,8.275642395019531e-06,185,1,0
102,34,44,0,0,0,8.249980381556918,"[0.0, 8.249980381556918]",8.249980381556918,5.714285714285714,8.249980381556918,3.0833333333333273,0,1,0,78.00879044830799,8.249980381556919e-06,185,1,0
102,35,46,0,0,0,8.155427660260882,"[0.0, 8.155427660260882]",8.155427660260882,5.714285714285714,8.155427660260882,3.049999999999994,0,1,0,76.67611546814442,8.155427660260882e-06,183,1,0
102,36,40,0,0,0,8.108972821916852,"[0.0, 8.108972821916852]",8.108972821916852,5.714285714285714,8.108972821916852,3.0666666666666607,0,1,0,77.34118601679802,8.108972821916853e-06,184,1,0
102,37,11,0,0,0,7.98915045601981,"[0.0, 7.98915045601981]",7.98915045601981,5.714285714285714,7.98915045601981,3.016666666666661,0,1,0,75.3524871468544,7.989150456019809e-06,181,1,0
102,38,47,0,0,0,7.937673841203963,"[0.0, 7.937673841203963]",7.937673841203963,5.714285714285714,7.937673841203963,3.0333333333333274,0,1,0,76.01306112110615,7.937673841203963e-06,182,1,0
102,39,25,0,0,0,7.804649897984096,"[0.0, 7.804649897984096]",7.804649897984096,5.714285714285714,7.804649897984096,2.9999999999999942,0,1,0,74.69360254704952,7.804649897984097e-06,180,1,0
102,40,24,0,0,0,7.676195417131697,"[0.0, 7.676195417131697]",7.676195417131697,5.714285714285714,7.676195417131697,2.9999999999999942,0,1,0,74.69359742105007,7.676195417131698e-06,180,1,0
102,41,60,0,0,0,7.670130048479352,"[0.0, 7.670130048479352]",7.670130048479352,5.714285714285714,7.670130048479352,2.9999999999999942,0,1,0,74.6937953978777,7.670130048479353e-06,180,1,0
102,42,15,0,0,0,7.342393057686943,"[0.0, 7.342393057686943]",7.342393057686943,5.714285714285714,7.342393057686943,2.9499999999999944,0,1,0,72.73196204006672,7.342393057686943e-06,177,1,0
102,43,32,0,0,0,5.697141374860491,"[0.0, 5.697141374860491]",5.697141374860491,2.857142857142857,5.697141374860491,2.3166666666666633,0,1,0,49.75909432768822,5.697141374860491e-06,139,1,0
102,44,16,0,0,0,5.693746294294085,"[0.0, 5.693746294294085]",5.693746294294085,2.857142857142857,5.693746294294085,2.3166666666666633,0,1,0,49.75891576707363,5.693746294294085e-06,139,1,0
102,45,21,0,0,0,5.662781851632254,"[0.0, 5.662781851632254]",5.662781851632254,2.857142857142857,5.662781851632254,2.3166666666666633,0,1,0,49.75872856378555,5.662781851632255e-06,139,1,0
102,46,31,0,0,0,5.5988039289202005,"[0.0, 5.5988039289202005]",5.5988039289202005,2.857142857142857,5.5988039289202005,2.28333333333333,0,1,0,48.64880591630936,5.598803928920201e-06,137,1,0
102,47,57,0,0,0,5.572351728166853,"[0.0, 5.572351728166853]",5.572351728166853,2.857142857142857,5.572351728166853,2.28333333333333,0,1,0,48.64898481965065,5.572351728166853e-06,137,1,0
102,48,49,0,0,0,5.542477199009486,"[0.0, 5.542477199009486]",5.542477199009486,2.857142857142857,5.542477199009486,2.2666666666666635,0,1,0,48.09827893972397,5.542477199009486e-06,136,1,0
102,49,61,0,0,0,5.391295296805246,"[0.0, 5.391295296805246]",5.391295296805246,2.857142857142857,5.391295296805246,2.2166666666666637,0,1,0,46.46084974706173,5.391295296805246e-06,133,1,0
102,50,26,0,0,0,5.310816083635602,"[0.0, 5.310816083635602]",5.310816083635602,2.857142857142857,5.310816083635602,2.1833333333333305,0,1,0,45.38213048875332,5.3108160836356026e-06,131,1,0
102,51,35,0,0,0,5.245116097586496,"[0.0, 5.245116097586496]",5.245116097586496,2.857142857142857,5.245116097586496,2.166666666666664,0,1,0,44.846176490187645,5.245116097586496e-06,130,1,0
102,52,42,0,0,0,5.193590436662946,"[0.0, 5.193590436662946]",5.193590436662946,2.857142857142857,5.193590436662946,2.1499999999999972,0,1,0,44.314142018556595,5.193590436662947e-06,129,1,0
102,53,45,0,0,0,5.127280099051339,"[0.0, 5.127280099051339]",5.127280099051339,2.857142857142857,5.127280099051339,2.116666666666664,0,1,0,43.256260737776756,5.1272800990513394e-06,127,1,0
102,54,41,0,0,0,5.098991394042969,"[0.0, 5.098991394042969]",5.098991394042969,2.857142857142857,5.098991394042969,2.116666666666664,0,1,0,43.25641539692879,5.098991394042969e-06,127,1,0
102,55,56,0,0,0,5.074255807059152,"[0.0, 5.074255807059152]",5.074255807059152,2.857142857142857,5.074255807059152,2.0999999999999974,0,1,0,42.731268510222435,5.074255807059152e-06,126,1,0
102,56,51,0,0,0,5.061056954520089,"[0.0, 5.061056954520089]",5.061056954520089,2.857142857142857,5.061056954520089,2.0999999999999974,0,1,0,42.73152306675911,5.061056954520089e-06,126,1,0
102,57,19,0,0,0,5.04950932094029,"[0.0, 5.04950932094029]",5.04950932094029,2.857142857142857,5.04950932094029,2.0999999999999974,0,1,0,42.73146989941597,5.04950932094029e-06,126,1,0
102,58,38,0,0,0,5.036637442452567,"[0.0, 5.036637442452567]",5.036637442452567,2.857142857142857,5.036637442452567,2.0999999999999974,0,1,0,42.731293722987175,5.036637442452567e-06,126,1,0
102,59,63,0,0,0,4.998283386230469,"[0.0, 4.998283386230469]",4.998283386230469,2.857142857142857,4.998283386230469,2.083333333333331,0,1,0,42.20917575061321,4.998283386230469e-06,125,1,0
102,60,30,0,0,0,4.996119907924107,"[0.0, 4.996119907924107]",4.996119907924107,2.857142857142857,4.996119907924107,2.083333333333331,0,1,0,42.208645433187485,4.996119907924107e-06,125,1,0
102,61,62,0,0,0,4.902458190917969,"[0.0, 4.902458190917969]",4.902458190917969,2.857142857142857,4.902458190917969,2.583333333333329,0,1,0,41.1853002011776,4.902458190917969e-06,155,1,0
102,62,50,0,0,0,4.7574615478515625,"[0.0, 4.7574615478515625]",4.7574615478515625,2.857142857142857,4.7574615478515625,1.9999999999999978,0,1,0,39.637603506445885,4.757461547851562e-06,120,1,0
102,63,20,0,0,0,4.731325422014509,"[0.0, 4.731325422014509]",4.731325422014509,2.857142857142857,4.731325422014509,1.9999999999999978,0,1,0,39.205820485949516,4.731325422014509e-06,120,1,0
102,64,48,0,0,0,1.8750817435128349,"[0.0, 1.8750817435128349]",1.8750817435128349,0.0,1.8750817435128349,5.016666666666654,0,1,0,5.175560940406285,1.8750817435128348e-06,301,1,0
103,1,0,0,1,1,11.501966203962054,"[0.0, 11.501966203962054]",11.501966203962054,11.428571428571429,11.501966203962054,5.733333333333318,0,1,0,98.66476927697659,1.1501966203962054e-05,344,1,0
103,2,1,0,1,1,10.550409044538226,"[0.0, 10.550409044538226]",10.550409044538226,8.571428571428571,10.550409044538226,3.3666666666666596,0,1,0,89.70574216544628,1.0550409044538225e-05,202,1,0
103,3,2,0,1,1,10.500033242361887,"[0.0, 10.500033242361887]",10.500033242361887,8.571428571428571,10.500033242361887,3.349999999999993,0,1,0,88.99980282783508,1.0500033242361888e-05,201,1,0
103,4,3,0,1,1,10.433807373046875,"[0.0, 10.433807373046875]",10.433807373046875,8.571428571428571,10.433807373046875,3.3333333333333264,0,1,0,88.29597687721252,1.0433807373046875e-05,200,1,0
103,5,4,0,1,1,10.43133054460798,"[0.0, 10.43133054460798]",10.43133054460798,8.571428571428571,10.43133054460798,5.116666666666654,0,1,0,88.44709768891335,1.0431330544607978e-05,307,1,0
103,6,5,0,1,1,10.407412392752512,"[0.0, 10.407412392752512]",10.407412392752512,8.571428571428571,10.407412392752512,3.3333333333333264,0,1,0,88.29640075564384,1.0407412392752512e-05,200,1,0
103,7,6,0,1,1,10.391875675746373,"[0.0, 10.391875675746373]",10.391875675746373,8.571428571428571,10.391875675746373,3.349999999999993,0,1,0,89.00038380920887,1.0391875675746373e-05,201,1,0
103,8,7,0,1,1,10.378456115722656,"[0.0, 10.378456115722656]",10.378456115722656,8.571428571428571,10.378456115722656,3.3166666666666598,0,1,0,87.59461161494255,1.0378456115722656e-05,199,1,0
103,9,20,0,0,1,10.347508021763392,"[0.0, 10.347508021763392]",10.347508021763392,8.571428571428571,10.347508021763392,3.3166666666666598,0,1,0,87.59469297528267,1.0347508021763392e-05,199,1,0
103,10,29,0,0,1,10.328121185302734,"[0.0, 10.328121185302734]",10.328121185302734,8.571428571428571,10.328121185302734,3.3333333333333264,0,1,0,88.29655063152313,1.0328121185302734e-05,200,1,0
103,11,23,0,0,1,10.256451198032925,"[0.0, 10.256451198032925]",10.256451198032925,8.571428571428571,10.256451198032925,3.349999999999993,0,1,0,88.99991504848003,1.0256451198032925e-05,201,1,0
103,12,59,0,0,1,10.054190499441965,"[0.0, 10.054190499441965]",10.054190499441965,8.571428571428571,10.054190499441965,3.2833333333333266,0,1,0,86.19846020638943,1.0054190499441965e-05,197,1,0
103,13,12,0,0,1,9.995215279715401,"[0.0, 9.995215279715401]",9.995215279715401,8.571428571428571,9.995215279715401,3.2499999999999933,0,1,0,84.81135778129101,9.9952152797154e-06,195,1,0
103,14,37,0,0,1,9.986348833356583,"[0.0, 9.986348833356583]",9.986348833356583,8.571428571428571,9.986348833356583,3.26666666666666,0,1,0,85.50370454788208,9.986348833356583e-06,196,1,0
103,15,30,0,0,1,9.982779366629464,"[0.0, 9.982779366629464]",9.982779366629464,8.571428571428571,9.982779366629464,3.2833333333333266,0,1,0,86.19831971824169,9.982779366629464e-06,197,1,0
103,16,14,0,0,1,9.958368028913226,"[0.0, 9.958368028913226]",9.958368028913226,8.571428571428571,9.958368028913226,3.2499999999999933,0,1,0,84.81115928292274,9.958368028913226e-06,195,1,0
103,17,44,0,0,1,9.937923976353238,"[0.0, 9.937923976353238]",9.937923976353238,8.571428571428571,9.937923976353238,3.2499999999999933,0,1,0,84.81113040447235,9.937923976353238e-06,195,1,0
103,18,9,0,0,1,9.86307144165039,"[0.0, 9.86307144165039]",9.86307144165039,8.571428571428571,9.86307144165039,3.2333333333333267,0,1,0,84.12062953412533,9.863071441650391e-06,194,1,0
103,19,53,0,0,1,9.787300654820033,"[0.0, 9.787300654820033]",9.787300654820033,8.571428571428571,9.787300654820033,3.21666666666666,0,1,0,83.41793619096279,9.787300654820033e-06,193,1,0
103,20,40,0,0,1,9.744071960449219,"[0.0, 9.744071960449219]",9.744071960449219,8.571428571428571,9.744071960449219,5.13333333333332,0,1,0,84.97345499694347,9.744071960449218e-06,308,1,0
103,21,19,0,0,1,9.269071306501116,"[0.0, 9.269071306501116]",9.269071306501116,8.571428571428571,9.269071306501116,3.1499999999999937,0,1,0,79.80864383280277,9.269071306501116e-06,189,1,0
103,22,57,0,0,1,9.132069178989957,"[0.0, 9.132069178989957]",9.132069178989957,8.571428571428571,9.132069178989957,3.133333333333327,0,1,0,79.9197728484869,9.132069178989956e-06,188,1,0
103,23,27,0,0,1,9.091262817382812,"[0.0, 9.091262817382812]",9.091262817382812,8.571428571428571,9.091262817382812,3.133333333333327,0,1,0,80.02598150074482,9.091262817382813e-06,188,1,0
103,24,49,0,0,1,9.063333783830915,"[0.0, 9.063333783830915]",9.063333783830915,8.571428571428571,9.063333783830915,3.1499999999999937,0,1,0,80.70260441303253,9.063333783830915e-06,189,1,0
103,25,56,0,0,1,9.00686264038086,"[0.0, 9.00686264038086]",9.00686264038086,8.571428571428571,9.00686264038086,3.133333333333327,0,1,0,80.02581246197224,9.00686264038086e-06,188,1,0
103,26,58,0,0,1,8.926010131835938,"[0.0, 8.926010131835938]",8.926010131835938,8.571428571428571,8.926010131835938,3.1499999999999937,0,1,0,80.70236285030842,8.926010131835938e-06,189,1,0
103,27,17,0,0,1,8.864808763776507,"[0.0, 8.864808763776507]",8.864808763776507,8.571428571428571,8.864808763776507,3.1166666666666605,0,1,0,79.3511788547039,8.864808763776507e-06,187,1,0
103,28,60,0,0,1,8.809724535260882,"[0.0, 8.809724535260882]",8.809724535260882,8.571428571428571,8.809724535260882,3.133333333333327,0,1,0,80.02594412863255,8.809724535260882e-06,188,1,0
103,29,10,0,0,1,8.787234170096262,"[0.0, 8.787234170096262]",8.787234170096262,8.571428571428571,8.787234170096262,3.133333333333327,0,1,0,80.0254033356905,8.787234170096261e-06,188,1,0
103,30,35,0,0,1,8.760713849748884,"[0.0, 8.760713849748884]",8.760713849748884,8.571428571428571,8.760713849748884,3.1166666666666605,0,1,0,79.35093776881695,8.760713849748883e-06,187,1,0
103,31,18,0,0,1,8.617989676339285,"[0.0, 8.617989676339285]",8.617989676339285,8.571428571428571,8.617989676339285,3.1166666666666605,0,1,0,79.35120961070061,8.617989676339284e-06,187,1,0
103,32,34,0,0,1,8.464900425502233,"[0.0, 8.464900425502233]",8.464900425502233,5.714285714285714,8.464900425502233,3.099999999999994,0,1,0,78.67894773185253,8.464900425502233e-06,186,1,0
103,33,32,0,0,0,8.298053741455078,"[0.0, 8.298053741455078]",8.298053741455078,5.714285714285714,8.298053741455078,3.0666666666666607,0,1,0,77.34157338738441,8.298053741455079e-06,184,1,0
103,34,28,0,0,0,8.233277457101003,"[0.0, 8.233277457101003]",8.233277457101003,5.714285714285714,8.233277457101003,3.2333333333333267,0,1,0,77.36252038180828,8.233277457101003e-06,194,1,0
103,35,11,0,0,0,8.071915762765066,"[0.0, 8.071915762765066]",8.071915762765066,5.714285714285714,8.071915762765066,3.0666666666666607,0,1,0,77.34116287529469,8.071915762765066e-06,184,1,0
103,36,63,0,0,0,8.046793256487165,"[0.0, 8.046793256487165]",8.046793256487165,5.714285714285714,8.046793256487165,3.0333333333333274,0,1,0,76.01286627352238,8.046793256487165e-06,182,1,0
103,37,55,0,0,0,8.005202157156809,"[0.0, 8.005202157156809]",8.005202157156809,5.714285714285714,8.005202157156809,3.049999999999994,0,1,0,76.42906227707863,8.005202157156809e-06,183,1,0
103,38,52,0,0,0,7.829170227050781,"[0.0, 7.829170227050781]",7.829170227050781,5.714285714285714,7.829170227050781,3.0333333333333274,0,1,0,76.01309837400913,7.82917022705078e-06,182,1,0
103,39,25,0,0,0,7.722516741071428,"[0.0, 7.722516741071428]",7.722516741071428,5.714285714285714,7.722516741071428,2.9999999999999942,0,1,0,74.54251082241535,7.722516741071428e-06,180,1,0
103,40,8,0,0,0,7.592789786202567,"[0.0, 7.592789786202567]",7.592789786202567,5.714285714285714,7.592789786202567,2.9833333333333276,0,1,0,74.03715267777443,7.592789786202567e-06,179,1,0
103,41,41,0,0,0,7.364444732666016,"[0.0, 7.364444732666016]",7.364444732666016,5.714285714285714,7.364444732666016,3.1166666666666605,0,1,0,72.68627168238163,7.3644447326660155e-06,187,1,0
103,42,26,0,0,0,7.097009931291853,"[0.0, 7.097009931291853]",7.097009931291853,5.714285714285714,7.097009931291853,2.7833333333333283,0,1,0,63.87737886607647,7.097009931291853e-06,167,1,0
103,43,51,0,0,0,6.356173924037388,"[0.0, 6.356173924037388]",6.356173924037388,5.714285714285714,6.356173924037388,2.533333333333329,0,1,0,56.24909473955631,6.356173924037388e-06,152,1,0
103,44,46,0,0,0,5.670514787946428,"[0.0, 5.670514787946428]",5.670514787946428,2.857142857142857,5.670514787946428,2.2999999999999967,0,1,0,49.20232908427715,5.670514787946428e-06,138,1,0
103,45,15,0,0,0,5.654972621372767,"[0.0, 5.654972621372767]",5.654972621372767,2.857142857142857,5.654972621372767,2.2999999999999967,0,1,0,49.202792435884476,5.654972621372767e-06,138,1,0
103,46,47,0,0,0,5.62873295375279,"[0.0, 5.62873295375279]",5.62873295375279,2.857142857142857,5.62873295375279,2.2999999999999967,0,1,0,49.20261715352535,5.62873295375279e-06,138,1,0
103,47,48,0,0,0,5.612885611397879,"[0.0, 5.612885611397879]",5.612885611397879,2.857142857142857,5.612885611397879,2.28333333333333,0,1,0,48.64942567050457,5.612885611397879e-06,137,1,0
103,48,42,0,0,0,5.537289210728236,"[0.0, 5.537289210728236]",5.537289210728236,2.857142857142857,5.537289210728236,2.2666666666666635,0,1,0,48.09808477759361,5.5372892107282365e-06,136,1,0
103,49,39,0,0,0,5.531708853585379,"[0.0, 5.531708853585379]",5.531708853585379,2.857142857142857,5.531708853585379,2.2666666666666635,0,1,0,48.09822976589203,5.531708853585379e-06,136,1,0
103,50,62,0,0,0,5.506243024553571,"[0.0, 5.506243024553571]",5.506243024553571,2.857142857142857,5.506243024553571,2.249999999999997,0,1,0,47.54977948963642,5.506243024553571e-06,135,1,0
103,51,33,0,0,0,5.3865541730608255,"[0.0, 5.3865541730608255]",5.3865541730608255,2.857142857142857,5.3865541730608255,2.2166666666666637,0,1,0,46.46055854856968,5.386554173060825e-06,133,1,0
103,52,16,0,0,0,5.30815669468471,"[0.0, 5.30815669468471]",5.30815669468471,2.857142857142857,5.30815669468471,2.199999999999997,0,1,0,45.92003791034222,5.30815669468471e-06,132,1,0
103,53,21,0,0,0,5.157906668526786,"[0.0, 5.157906668526786]",5.157906668526786,2.857142857142857,5.157906668526786,2.1333333333333306,0,1,0,43.783944711089134,5.157906668526785e-06,128,1,0
103,54,43,0,0,0,5.001569475446429,"[0.0, 5.001569475446429]",5.001569475446429,2.857142857142857,5.001569475446429,2.083333333333331,0,1,0,42.20906771719456,5.001569475446429e-06,125,1,0
103,55,61,0,0,0,4.768682207380023,"[0.0, 4.768682207380023]",4.768682207380023,2.857142857142857,4.768682207380023,1.9999999999999978,0,1,0,39.637305706739426,4.768682207380022e-06,120,1,0
103,56,31,0,0,0,4.758202689034598,"[0.0, 4.758202689034598]",4.758202689034598,2.857142857142857,4.758202689034598,1.9999999999999978,0,1,0,39.63823476433754,4.758202689034598e-06,120,1,0
103,57,54,0,0,0,4.67109135219029,"[0.0, 4.67109135219029]",4.67109135219029,2.857142857142857,4.67109135219029,1.9666666666666646,0,1,0,38.62760728597641,4.67109135219029e-06,118,1,0
103,58,13,0,0,0,4.621794564383371,"[0.0, 4.621794564383371]",4.621794564383371,2.857142857142857,4.621794564383371,1.949999999999998,0,1,0,38.12642791867256,4.621794564383371e-06,117,1,0
103,59,38,0,0,0,4.618285042898995,"[0.0, 4.618285042898995]",4.618285042898995,2.857142857142857,4.618285042898995,1.949999999999998,0,1,0,38.12653738260269,4.618285042898995e-06,117,1,0
103,60,36,0,0,0,2.1542794363839284,"[0.0, 2.1542794363839284]",2.1542794363839284,0.0,2.1542794363839284,5.016666666666654,0,1,0,8.214217640452262,2.1542794363839285e-06,301,1,0
103,61,45,0,0,0,2.1118763514927457,"[0.0, 2.1118763514927457]",2.1118763514927457,0.0,2.1118763514927457,5.016666666666654,0,1,0,7.705713120754808,2.1118763514927457e-06,301,1,0
103,62,22,0,0,0,1.9085257393973214,"[0.0, 1.9085257393973214]",1.9085257393973214,0.0,1.9085257393973214,5.016666666666654,0,1,0,5.565988964866847,1.9085257393973215e-06,301,1,0
103,63,24,0,0,0,1.8758283342633928,"[0.0, 1.8758283342633928]",1.8758283342633928,0.0,1.8758283342633928,5.016666666666654,0,1,0,5.173360047861934,1.8758283342633927e-06,301,1,0
103,64,50,0,0,0,1.8756212506975445,"[0.0, 1.8756212506975445]",1.8756212506975445,0.0,1.8756212506975445,5.016666666666654,0,1,0,5.175127292051911,1.8756212506975444e-06,301,1,0
104,1,42,0,1,1,14.422514779227122,"[0.0, 14.422514779227122]",14.422514779227122,14.285714285714285,14.422514779227122,6.133333333333317,0,1,0,126.39056049287319,1.442251477922712e-05,368,1,0
104,2,0,0,1,1,11.501966203962054,"[0.0, 11.501966203962054]",11.501966203962054,11.428571428571429,11.501966203962054,5.733333333333318,0,1,0,98.66476927697659,1.1501966203962054e-05,344,1,0
104,3,1,0,1,1,10.550409044538226,"[0.0, 10.550409044538226]",10.550409044538226,8.571428571428571,10.550409044538226,3.3666666666666596,0,1,0,89.70574216544628,1.0550409044538225e-05,202,1,0
104,4,2,0,1,1,10.500033242361887,"[0.0, 10.500033242361887]",10.500033242361887,8.571428571428571,10.500033242361887,3.349999999999993,0,1,0,88.99980282783508,1.0500033242361888e-05,201,1,0
104,5,3,0,1,1,10.433807373046875,"[0.0, 10.433807373046875]",10.433807373046875,8.571428571428571,10.433807373046875,3.3333333333333264,0,1,0,88.29597687721252,1.0433807373046875e-05,200,1,0
104,6,4,0,1,1,10.43133054460798,"[0.0, 10.43133054460798]",10.43133054460798,8.571428571428571,10.43133054460798,5.116666666666654,0,1,0,88.44709768891335,1.0431330544607978e-05,307,1,0
104,7,5,0,1,1,10.407412392752512,"[0.0, 10.407412392752512]",10.407412392752512,8.571428571428571,10.407412392752512,3.3333333333333264,0,1,0,88.29640075564384,1.0407412392752512e-05,200,1,0
104,8,6,0,1,1,10.391875675746373,"[0.0, 10.391875675746373]",10.391875675746373,8.571428571428571,10.391875675746373,3.349999999999993,0,1,0,89.00038380920887,1.0391875675746373e-05,201,1,0
104,9,7,0,0,1,10.378456115722656,"[0.0, 10.378456115722656]",10.378456115722656,8.571428571428571,10.378456115722656,3.3166666666666598,0,1,0,87.59461161494255,1.0378456115722656e-05,199,1,0
104,10,52,0,0,1,10.170130048479354,"[0.0, 10.170130048479354]",10.170130048479354,8.571428571428571,10.170130048479354,3.299999999999993,0,1,0,86.37806634604931,1.0170130048479355e-05,198,1,0
104,11,58,0,0,1,10.133936745779854,"[0.0, 10.133936745779854]",10.133936745779854,8.571428571428571,10.133936745779854,3.2833333333333266,0,1,0,86.19843390583992,1.0133936745779853e-05,197,1,0
104,12,15,0,0,1,10.113236563546318,"[0.0, 10.113236563546318]",10.113236563546318,8.571428571428571,10.113236563546318,3.26666666666666,0,1,0,85.50338698923588,1.0113236563546317e-05,196,1,0
104,13,47,0,0,1,10.030948093959264,"[0.0, 10.030948093959264]",10.030948093959264,8.571428571428571,10.030948093959264,3.26666666666666,0,1,0,85.5035492926836,1.0030948093959265e-05,196,1,0
104,14,44,0,0,1,10.030920846121653,"[0.0, 10.030920846121653]",10.030920846121653,8.571428571428571,10.030920846121653,3.2833333333333266,0,1,0,86.19839164614677,1.0030920846121652e-05,197,1,0
104,15,62,0,0,1,9.996463230678014,"[0.0, 9.996463230678014]",9.996463230678014,8.571428571428571,9.996463230678014,3.2833333333333266,0,1,0,86.19843955338001,9.996463230678014e-06,197,1,0
104,16,56,0,0,1,9.710540771484375,"[0.0, 9.710540771484375]",9.710540771484375,8.571428571428571,9.710540771484375,3.1999999999999935,0,1,0,82.74611979722977,9.710540771484375e-06,192,1,0
104,17,51,0,0,1,9.67888695853097,"[0.0, 9.67888695853097]",9.67888695853097,8.571428571428571,9.67888695853097,3.1999999999999935,0,1,0,82.7464539706707,9.67888695853097e-06,192,1,0
104,18,46,0,0,1,9.627080644880023,"[0.0, 9.627080644880023]",9.627080644880023,8.571428571428571,9.627080644880023,3.21666666666666,0,1,0,83.43256513774395,9.627080644880023e-06,193,1,0
104,19,55,0,0,1,9.519097464425224,"[0.0, 9.519097464425224]",9.519097464425224,8.571428571428571,9.519097464425224,3.2333333333333267,0,1,0,84.1209541708231,9.519097464425224e-06,194,1,0
104,20,22,0,0,1,9.501737867082868,"[0.0, 9.501737867082868]",9.501737867082868,8.571428571428571,9.501737867082868,3.1999999999999935,0,1,0,82.7371012866497,9.501737867082868e-06,192,1,0
104,21,50,0,0,1,9.453618185860769,"[0.0, 9.453618185860769]",9.453618185860769,8.571428571428571,9.453618185860769,3.1666666666666603,0,1,0,81.38195659220219,9.45361818586077e-06,190,1,0
104,22,60,0,0,1,9.424160548618861,"[0.0, 9.424160548618861]",9.424160548618861,8.571428571428571,9.424160548618861,5.033333333333321,0,1,0,83.15856716036797,9.424160548618862e-06,302,1,0
104,23,33,0,0,1,9.409811837332589,"[0.0, 9.409811837332589]",9.409811837332589,8.571428571428571,9.409811837332589,3.1999999999999935,0,1,0,82.74148547649384,9.409811837332588e-06,192,1,0
104,24,59,0,0,1,9.368449619838168,"[0.0, 9.368449619838168]",9.368449619838168,8.571428571428571,9.368449619838168,3.1666666666666603,0,1,0,81.38197016716003,9.368449619838168e-06,190,1,0
104,25,11,0,0,1,9.285757882254464,"[0.0, 9.285757882254464]",9.285757882254464,8.571428571428571,9.285757882254464,3.1499999999999937,0,1,0,80.70282082259655,9.285757882254464e-06,189,1,0
104,26,48,0,0,1,9.107769557407924,"[0.0, 9.107769557407924]",9.107769557407924,8.571428571428571,9.107769557407924,3.133333333333327,0,1,0,80.02578879892826,9.107769557407923e-06,188,1,0
104,27,32,0,0,1,9.099407196044922,"[0.0, 9.099407196044922]",9.099407196044922,8.571428571428571,9.099407196044922,3.1666666666666603,0,1,0,81.32248483598232,9.099407196044922e-06,190,1,0
104,28,26,0,0,1,9.065480913434708,"[0.0, 9.065480913434708]",9.065480913434708,8.571428571428571,9.065480913434708,3.1499999999999937,0,1,0,80.70285885035992,9.065480913434708e-06,189,1,0
104,29,39,0,0,1,9.01543208530971,"[0.0, 9.01543208530971]",9.01543208530971,8.571428571428571,9.01543208530971,3.133333333333327,0,1,0,80.02564136683941,9.01543208530971e-06,188,1,0
104,30,21,0,0,1,8.97278376988002,"[0.0, 8.97278376988002]",8.97278376988002,8.571428571428571,8.97278376988002,3.1666666666666603,0,1,0,81.38142168521881,8.972783769880021e-06,190,1,0
104,31,9,0,0,1,8.937364305768694,"[0.0, 8.937364305768694]",8.937364305768694,8.571428571428571,8.937364305768694,3.1166666666666605,0,1,0,79.35083769261837,8.937364305768694e-06,187,1,0
104,32,54,0,0,1,8.753743852887835,"[0.0, 8.753743852887835]",8.753743852887835,8.571428571428571,8.753743852887835,3.099999999999994,0,1,0,78.67900870740414,8.753743852887835e-06,186,1,0
104,33,18,0,0,0,8.482240949358259,"[0.0, 8.482240949358259]",8.482240949358259,5.714285714285714,8.482240949358259,3.133333333333327,0,1,0,80.02594357728958,8.482240949358259e-06,188,1,0
104,34,17,0,0,0,8.382039751325335,"[0.0, 8.382039751325335]",8.382039751325335,5.714285714285714,8.382039751325335,3.099999999999994,0,1,0,78.67880176007748,8.382039751325335e-06,186,1,0
104,35,27,0,0,0,8.318380628313339,"[0.0, 8.318380628313339]",8.318380628313339,5.714285714285714,8.318380628313339,3.0833333333333273,0,1,0,78.00905814766884,8.318380628313338e-06,185,1,0
104,36,41,0,0,0,8.026082175118583,"[0.0, 8.026082175118583]",8.026082175118583,5.714285714285714,8.026082175118583,3.0333333333333274,0,1,0,76.01303943991661,8.026082175118583e-06,182,1,0
104,37,36,0,0,0,7.975540161132813,"[0.0, 7.975540161132813]",7.975540161132813,5.714285714285714,7.975540161132813,3.049999999999994,0,1,0,76.54433816671371,7.975540161132814e-06,183,1,0
104,38,34,0,0,0,7.74566922869001,"[0.0, 7.74566922869001]",7.74566922869001,5.714285714285714,7.74566922869001,2.9999999999999942,0,1,0,74.69368317723274,7.74566922869001e-06,180,1,0
104,39,23,0,0,0,7.520678383963449,"[0.0, 7.520678383963449]",7.520678383963449,5.714285714285714,7.520678383963449,2.966666666666661,0,1,0,73.38327039778233,7.520678383963449e-06,178,1,0
104,40,12,0,0,0,7.48889378138951,"[0.0, 7.48889378138951]",7.48889378138951,5.714285714285714,7.48889378138951,2.966666666666661,0,1,0,73.38382002711296,7.4888937813895096e-06,178,1,0
104,41,40,0,0,0,7.277398790631976,"[0.0, 7.277398790631976]",7.277398790631976,5.714285714285714,7.277398790631976,2.9499999999999944,0,1,0,72.73239882290363,7.2773987906319756e-06,177,1,0
104,42,35,0,0,0,7.142857142857142,"[0.0, 7.142857142857142]",7.142857142857142,5.714285714285714,7.142857142857142,2.8666666666666614,0,1,0,69.50996492803097,7.142857142857143e-06,172,1,0
104,43,43,0,0,0,7.142857142857142,"[0.0, 7.142857142857142]",7.142857142857142,5.714285714285714,7.142857142857142,2.8666666666666614,0,1,0,69.50979217886925,7.142857142857143e-06,172,1,0
104,44,61,0,0,0,7.142857142857142,"[0.0, 7.142857142857142]",7.142857142857142,5.714285714285714,7.142857142857142,2.7833333333333283,0,1,0,66.00125297904015,7.142857142857143e-06,167,1,0
104,45,10,0,0,0,5.828132629394531,"[0.0, 5.828132629394531]",5.828132629394531,5.714285714285714,5.828132629394531,2.366666666666663,0,1,0,51.44250613451004,5.828132629394531e-06,142,1,0
104,46,14,0,0,0,5.797571454729352,"[0.0, 5.797571454729352]",5.797571454729352,5.714285714285714,5.797571454729352,2.3499999999999965,0,1,0,50.87849988043308,5.797571454729352e-06,141,1,0
104,47,16,0,0,0,5.787135532924107,"[0.0, 5.787135532924107]",5.787135532924107,5.714285714285714,5.787135532924107,2.3499999999999965,0,1,0,50.878282219171524,5.787135532924107e-06,141,1,0
104,48,30,0,0,0,5.747397286551339,"[0.0, 5.747397286551339]",5.747397286551339,5.714285714285714,5.747397286551339,2.33333333333333,0,1,0,50.31752419471741,5.74739728655134e-06,140,1,0
104,49,19,0,0,0,5.702400207519531,"[0.0, 5.702400207519531]",5.702400207519531,2.857142857142857,5.702400207519531,2.3166666666666633,0,1,0,49.758558720350266,5.702400207519531e-06,139,1,0
104,50,63,0,0,0,5.687920706612723,"[0.0, 5.687920706612723]",5.687920706612723,2.857142857142857,5.687920706612723,2.3166666666666633,0,1,0,49.75891079008579,5.687920706612723e-06,139,1,0
104,51,49,0,0,0,5.6842803955078125,"[0.0, 5.6842803955078125]",5.6842803955078125,2.857142857142857,5.6842803955078125,2.2999999999999967,0,1,0,49.2024040967226,5.6842803955078124e-06,138,1,0
104,52,20,0,0,0,5.6686891828264505,"[0.0, 5.6686891828264505]",5.6686891828264505,2.857142857142857,5.6686891828264505,2.3166666666666633,0,1,0,49.758728101849556,5.6686891828264504e-06,139,1,0
104,53,45,0,0,0,5.658585684640067,"[0.0, 5.658585684640067]",5.658585684640067,2.857142857142857,5.658585684640067,2.2999999999999967,0,1,0,49.20255310833454,5.658585684640067e-06,138,1,0
104,54,53,0,0,0,5.62126704624721,"[0.0, 5.62126704624721]",5.62126704624721,2.857142857142857,5.62126704624721,2.2999999999999967,0,1,0,49.20253512263298,5.62126704624721e-06,138,1,0
104,55,57,0,0,0,5.555359976632254,"[0.0, 5.555359976632254]",5.555359976632254,2.857142857142857,5.555359976632254,2.2666666666666635,0,1,0,48.098462134599686,5.555359976632254e-06,136,1,0
104,56,37,0,0,0,5.499627249581474,"[0.0, 5.499627249581474]",5.499627249581474,2.857142857142857,5.499627249581474,2.249999999999997,0,1,0,47.54952311515808,5.499627249581474e-06,135,1,0
104,57,8,0,0,0,5.499044145856584,"[0.0, 5.499044145856584]",5.499044145856584,2.857142857142857,5.499044145856584,2.249999999999997,0,1,0,47.5500418394804,5.499044145856584e-06,135,1,0
104,58,29,0,0,0,5.423060825892858,"[0.0, 5.423060825892858]",5.423060825892858,2.857142857142857,5.423060825892858,6.21666666666665,0,1,0,45.86908210546244,5.423060825892858e-06,373,1,0
104,59,25,0,0,0,5.249606541224888,"[0.0, 5.249606541224888]",5.249606541224888,2.857142857142857,5.249606541224888,2.166666666666664,0,1,0,44.846926897764206,5.249606541224888e-06,130,1,0
104,60,24,0,0,0,4.867684500558036,"[0.0, 4.867684500558036]",4.867684500558036,2.857142857142857,4.867684500558036,2.033333333333331,0,1,0,40.6581499427557,4.8676845005580356e-06,122,1,0
104,61,38,0,0,0,4.483293805803571,"[0.0, 4.483293805803571]",4.483293805803571,2.857142857142857,4.483293805803571,1.8999999999999981,0,1,0,36.64011526107788,4.483293805803571e-06,114,1,0
104,62,31,0,0,0,2.8425652640206476,"[0.0, 2.8425652640206476]",2.8425652640206476,0.0,2.8425652640206476,5.016666666666654,0,1,0,32.50586877664318,2.8425652640206476e-06,301,1,0
104,63,28,0,0,0,2.1575110299246654,"[0.0, 2.1575110299246654]",2.1575110299246654,0.0,2.1575110299246654,5.016666666666654,0,1,0,8.21488126963959,2.1575110299246654e-06,301,1,0
104,64,13,0,0,0,1.9085747855050221,"[0.0, 1.9085747855050221]",1.9085747855050221,0.0,1.9085747855050221,5.016666666666654,0,1,0,5.5651314267888665,1.908574785505022e-06,301,1,0
105,1,0,0,1,1,14.422514779227122,"[0.0, 14.422514779227122]",14.422514779227122,14.285714285714285,14.422514779227122,6.133333333333317,0,1,0,126.39056049287319,1.442251477922712e-05,368,1,0
105,2,1,0,1,1,11.501966203962054,"[0.0, 11.501966203962054]",11.501966203962054,11.428571428571429,11.501966203962054,5.733333333333318,0,1,0,98.66476927697659,1.1501966203962054e-05,344,1,0
105,3,47,0,1,1,10.764320918491908,"[0.0, 10.764320918491908]",10.764320918491908,8.571428571428571,10.764320918491908,3.399999999999993,0,1,0,91.12437000870705,1.0764320918491909e-05,204,1,0
105,4,2,0,1,1,10.550409044538226,"[0.0, 10.550409044538226]",10.550409044538226,8.571428571428571,10.550409044538226,3.3666666666666596,0,1,0,89.70574216544628,1.0550409044538225e-05,202,1,0
105,5,3,0,1,1,10.500033242361887,"[0.0, 10.500033242361887]",10.500033242361887,8.571428571428571,10.500033242361887,3.349999999999993,0,1,0,88.99980282783508,1.0500033242361888e-05,201,1,0
105,6,8,0,1,1,10.47011239188058,"[0.0, 10.47011239188058]",10.47011239188058,8.571428571428571,10.47011239188058,3.349999999999993,0,1,0,88.99965399503708,1.047011239188058e-05,201,1,0
105,7,4,0,1,1,10.433807373046875,"[0.0, 10.433807373046875]",10.433807373046875,8.571428571428571,10.433807373046875,3.3333333333333264,0,1,0,88.29597687721252,1.0433807373046875e-05,200,1,0
105,8,5,0,1,1,10.43133054460798,"[0.0, 10.43133054460798]",10.43133054460798,8.571428571428571,10.43133054460798,5.116666666666654,0,1,0,88.44709768891335,1.0431330544607978e-05,307,1,0
105,9,6,0,0,1,10.407412392752512,"[0.0, 10.407412392752512]",10.407412392752512,8.571428571428571,10.407412392752512,3.3333333333333264,0,1,0,88.29640075564384,1.0407412392752512e-05,200,1,0
105,10,7,0,0,1,10.391875675746373,"[0.0, 10.391875675746373]",10.391875675746373,8.571428571428571,10.391875675746373,3.349999999999993,0,1,0,89.00038380920887,1.0391875675746373e-05,201,1,0
105,11,54,0,0,1,10.372559683663503,"[0.0, 10.372559683663503]",10.372559683663503,8.571428571428571,10.372559683663503,3.3166666666666598,0,1,0,87.5945879817009,1.0372559683663503e-05,199,1,0
105,12,60,0,0,1,10.082449231828962,"[0.0, 10.082449231828962]",10.082449231828962,8.571428571428571,10.082449231828962,3.26666666666666,0,1,0,85.50350630283356,1.0082449231828961e-05,196,1,0
105,13,42,0,0,1,9.853766305106026,"[0.0, 9.853766305106026]",9.853766305106026,8.571428571428571,9.853766305106026,3.21666666666666,0,1,0,83.43257054686546,9.853766305106025e-06,193,1,0
105,14,43,0,0,1,9.850834437779017,"[0.0, 9.850834437779017]",9.850834437779017,8.571428571428571,9.850834437779017,3.2333333333333267,0,1,0,84.12034766376019,9.850834437779018e-06,194,1,0
105,15,40,0,0,1,9.722919464111328,"[0.0, 9.722919464111328]",9.722919464111328,8.571428571428571,9.722919464111328,3.2333333333333267,0,1,0,84.12076099216938,9.722919464111329e-06,194,1,0
105,16,36,0,0,1,9.63984625680106,"[0.0, 9.63984625680106]",9.63984625680106,8.571428571428571,9.63984625680106,3.1999999999999935,0,1,0,82.74690166115761,9.639846256801062e-06,192,1,0
105,17,56,0,0,1,9.620004381452288,"[0.0, 9.620004381452288]",9.620004381452288,8.571428571428571,9.620004381452288,3.21666666666666,0,1,0,83.42314347624779,9.620004381452288e-06,193,1,0
105,18,61,0,0,1,9.550887516566684,"[0.0, 9.550887516566684]",9.550887516566684,8.571428571428571,9.550887516566684,3.21666666666666,0,1,0,83.43280899524689,9.550887516566683e-06,193,1,0
105,19,44,0,0,1,9.469165802001953,"[0.0, 9.469165802001953]",9.469165802001953,8.571428571428571,9.469165802001953,3.1999999999999935,0,1,0,82.74652172625065,9.469165802001953e-06,192,1,0
105,20,27,0,0,1,9.424558367047991,"[0.0, 9.424558367047991]",9.424558367047991,8.571428571428571,9.424558367047991,3.1999999999999935,0,1,0,82.74655140936375,9.424558367047992e-06,192,1,0
105,21,9,0,0,1,9.349411555698941,"[0.0, 9.349411555698941]",9.349411555698941,8.571428571428571,9.349411555698941,3.1499999999999937,0,1,0,80.70268376171589,9.34941155569894e-06,189,1,0
105,22,37,0,0,1,9.136205400739398,"[0.0, 9.136205400739398]",9.136205400739398,8.571428571428571,9.136205400739398,3.1499999999999937,0,1,0,80.70273454487324,9.136205400739398e-06,189,1,0
105,23,16,0,0,1,9.087442670549665,"[0.0, 9.087442670549665]",9.087442670549665,8.571428571428571,9.087442670549665,3.133333333333327,0,1,0,80.02599431574345,9.087442670549666e-06,188,1,0
105,24,50,0,0,1,9.05630384172712,"[0.0, 9.05630384172712]",9.05630384172712,8.571428571428571,9.05630384172712,3.1499999999999937,0,1,0,80.70284287631512,9.05630384172712e-06,189,1,0
105,25,58,0,0,1,8.95934786115374,"[0.0, 8.95934786115374]",8.95934786115374,8.571428571428571,8.95934786115374,3.1166666666666605,0,1,0,79.35136179625988,8.95934786115374e-06,187,1,0
105,26,38,0,0,1,8.787501198904856,"[0.0, 8.787501198904856]",8.787501198904856,8.571428571428571,8.787501198904856,3.1166666666666605,0,1,0,79.35123634338379,8.787501198904855e-06,187,1,0
105,27,62,0,0,1,8.752757481166293,"[0.0, 8.752757481166293]",8.752757481166293,8.571428571428571,8.752757481166293,3.483333333333326,0,1,0,80.72970905900002,8.752757481166293e-06,209,1,0
105,28,22,0,0,1,8.740367889404297,"[0.0, 8.740367889404297]",8.740367889404297,8.571428571428571,8.740367889404297,3.099999999999994,0,1,0,78.6789748519659,8.740367889404297e-06,186,1,0
105,29,21,0,0,1,8.719825744628906,"[0.0, 8.719825744628906]",8.719825744628906,8.571428571428571,8.719825744628906,3.099999999999994,0,1,0,78.66782692074776,8.719825744628906e-06,186,1,0
105,30,34,0,0,1,8.606172289167132,"[0.0, 8.606172289167132]",8.606172289167132,8.571428571428571,8.606172289167132,3.099999999999994,0,1,0,78.6791567504406,8.606172289167132e-06,186,1,0
105,31,13,0,0,1,8.581469399588448,"[0.0, 8.581469399588448]",8.581469399588448,8.571428571428571,8.581469399588448,3.1166666666666605,0,1,0,79.35138314962387,8.581469399588448e-06,187,1,0
105,32,10,0,0,1,8.524927411760602,"[0.0, 8.524927411760602]",8.524927411760602,5.714285714285714,8.524927411760602,3.099999999999994,0,1,0,78.65202666819096,8.524927411760602e-06,186,1,0
105,33,48,0,0,0,8.488505227225167,"[0.0, 8.488505227225167]",8.488505227225167,5.714285714285714,8.488505227225167,3.2833333333333266,0,1,0,77.299106284976,8.488505227225167e-06,197,1,0
105,34,59,0,0,0,8.351178850446427,"[0.0, 8.351178850446427]",8.351178850446427,5.714285714285714,8.351178850446427,3.0833333333333273,0,1,0,78.0094491392374,8.351178850446428e-06,185,1,0
105,35,19,0,0,0,8.247691563197543,"[0.0, 8.247691563197543]",8.247691563197543,5.714285714285714,8.247691563197543,3.049999999999994,0,1,0,76.67521658539772,8.247691563197544e-06,183,1,0
105,36,53,0,0,0,8.246604374476842,"[0.0, 8.246604374476842]",8.246604374476842,5.714285714285714,8.246604374476842,3.049999999999994,0,1,0,76.67597544193268,8.246604374476841e-06,183,1,0
105,37,17,0,0,0,7.908368791852678,"[0.0, 7.908368791852678]",7.908368791852678,5.714285714285714,7.908368791852678,3.0333333333333274,0,1,0,76.01281701028347,7.908368791852679e-06,182,1,0
105,38,41,0,0,0,7.88656234741211,"[0.0, 7.88656234741211]",7.88656234741211,5.714285714285714,7.88656234741211,4.933333333333321,0,1,0,77.06372408568859,7.886562347412111e-06,296,1,0
105,39,20,0,0,0,7.316499437604632,"[0.0, 7.316499437604632]",7.316499437604632,5.714285714285714,7.316499437604632,2.9499999999999944,0,1,0,72.73233392834663,7.316499437604632e-06,177,1,0
105,40,45,0,0,0,7.219611576625279,"[0.0, 7.219611576625279]",7.219611576625279,5.714285714285714,7.219611576625279,2.933333333333328,0,1,0,72.08271124958992,7.219611576625279e-06,176,1,0
105,41,28,0,0,0,7.174132210867745,"[0.0, 7.174132210867745]",7.174132210867745,5.714285714285714,7.174132210867745,2.8999999999999946,0,1,0,70.79212807118893,7.174132210867745e-06,174,1,0
105,42,35,0,0,0,7.142857142857142,"[0.0, 7.142857142857142]",7.142857142857142,5.714285714285714,7.142857142857142,2.833333333333328,0,1,0,68.23706287145615,7.142857142857143e-06,170,1,0
105,43,12,0,0,0,5.917936052594866,"[0.0, 5.917936052594866]",5.917936052594866,5.714285714285714,5.917936052594866,2.3999999999999964,0,1,0,52.57767128944397,5.917936052594867e-06,144,1,0
105,44,30,0,0,0,5.733228410993304,"[0.0, 5.733228410993304]",5.733228410993304,5.714285714285714,5.733228410993304,2.33333333333333,0,1,0,50.317345425486565,5.733228410993304e-06,140,1,0
105,45,15,0,0,0,5.641010829380581,"[0.0, 5.641010829380581]",5.641010829380581,2.857142857142857,5.641010829380581,2.2999999999999967,0,1,0,49.2023848593235,5.6410108293805804e-06,138,1,0
105,46,39,0,0,0,5.61553955078125,"[0.0, 5.61553955078125]",5.61553955078125,2.857142857142857,5.61553955078125,2.2999999999999967,0,1,0,49.20290994644165,5.61553955078125e-06,138,1,0
105,47,14,0,0,0,5.589212690080915,"[0.0, 5.589212690080915]",5.589212690080915,2.857142857142857,5.589212690080915,2.28333333333333,0,1,0,48.64878614246845,5.589212690080915e-06,137,1,0
105,48,23,0,0,0,5.492831638881138,"[0.0, 5.492831638881138]",5.492831638881138,2.857142857142857,5.492831638881138,2.249999999999997,0,1,0,47.54951602220535,5.492831638881138e-06,135,1,0
105,49,18,0,0,0,5.30745370047433,"[0.0, 5.30745370047433]",5.30745370047433,2.857142857142857,5.30745370047433,6.26666666666665,0,1,0,46.11087639285688,5.30745370047433e-06,376,1,0
105,50,63,0,0,0,5.241186959402902,"[0.0, 5.241186959402902]",5.241186959402902,2.857142857142857,5.241186959402902,2.166666666666664,0,1,0,44.84675693511963,5.241186959402902e-06,130,1,0
105,51,33,0,0,0,5.183007376534599,"[0.0, 5.183007376534599]",5.183007376534599,2.857142857142857,5.183007376534599,2.1499999999999972,0,1,0,44.31375040113926,5.183007376534599e-06,129,1,0
105,52,52,0,0,0,5.127879551478794,"[0.0, 5.127879551478794]",5.127879551478794,2.857142857142857,5.127879551478794,2.1333333333333306,0,1,0,43.78356584906578,5.127879551478794e-06,128,1,0
105,53,25,0,0,0,5.079983302525112,"[0.0, 5.079983302525112]",5.079983302525112,2.857142857142857,5.079983302525112,2.116666666666664,0,1,0,43.255948692560196,5.0799833025251116e-06,127,1,0
105,54,57,0,0,0,5.052294049944196,"[0.0, 5.052294049944196]",5.052294049944196,2.857142857142857,5.052294049944196,2.0999999999999974,0,1,0,42.73120515048504,5.052294049944196e-06,126,1,0
105,55,32,0,0,0,5.007296970912389,"[0.0, 5.007296970912389]",5.007296970912389,2.857142857142857,5.007296970912389,2.0999999999999974,0,1,0,42.30717357993126,5.007296970912389e-06,126,1,0
105,56,26,0,0,0,4.956496102469308,"[0.0, 4.956496102469308]",4.956496102469308,2.857142857142857,4.956496102469308,2.066666666666664,0,1,0,41.689360707998276,4.956496102469308e-06,124,1,0
105,57,55,0,0,0,4.946256365094866,"[0.0, 4.946256365094866]",4.946256365094866,2.857142857142857,4.946256365094866,2.066666666666664,0,1,0,41.689368322491646,4.946256365094866e-06,124,1,0
105,58,24,0,0,0,4.864600045340402,"[0.0, 4.864600045340402]",4.864600045340402,2.857142857142857,4.864600045340402,2.033333333333331,0,1,0,40.65812899172306,4.864600045340402e-06,122,1,0
105,59,11,0,0,0,4.569020952497209,"[0.0, 4.569020952497209]",4.569020952497209,2.857142857142857,4.569020952497209,1.9333333333333313,0,1,0,37.62802915275097,4.56902095249721e-06,116,1,0
105,60,31,0,0,0,4.439719063895089,"[0.0, 4.439719063895089]",4.439719063895089,2.857142857142857,4.439719063895089,1.8833333333333315,0,1,0,36.15030279755592,4.43971906389509e-06,113,1,0
105,61,46,0,0,0,2.1575546264648438,"[0.0, 2.1575546264648438]",2.1575546264648438,0.0,2.1575546264648438,5.016666666666654,0,1,0,8.214822548616212,2.157554626464844e-06,301,1,0
105,62,51,0,0,0,2.1114403860909596,"[0.0, 2.1114403860909596]",2.1114403860909596,0.0,2.1114403860909596,5.016666666666654,0,1,0,7.706077273847768,2.1114403860909595e-06,301,1,0
105,63,49,0,0,0,1.9233812604631695,"[0.0, 1.9233812604631695]",1.9233812604631695,0.0,1.9233812604631695,5.016666666666654,0,1,0,5.62119562717271,1.9233812604631693e-06,301,1,0
105,64,29,0,0,0,1.875817435128348,"[0.0, 1.875817435128348]",1.875817435128348,0.0,1.875817435128348,5.016666666666654,0,1,0,5.173562310868874,1.875817435128348e-06,301,1,0
106,1,0,0,1,1,14.422514779227122,"[0.0, 14.422514779227122]",14.422514779227122,14.285714285714285,14.422514779227122,6.133333333333317,0,1,0,126.39056049287319,1.442251477922712e-05,368,1,0
106,2,1,0,1,1,11.501966203962054,"[0.0, 11.501966203962054]",11.501966203962054,11.428571428571429,11.501966203962054,5.733333333333318,0,1,0,98.66476927697659,1.1501966203962054e-05,344,1,0
106,3,22,0,1,1,10.775091988699776,"[0.0, 10.775091988699776]",10.775091988699776,8.571428571428571,10.775091988699776,3.4166666666666594,0,1,0,91.83649580180645,1.0775091988699777e-05,205,1,0
106,4,2,0,1,1,10.764320918491908,"[0.0, 10.764320918491908]",10.764320918491908,8.571428571428571,10.764320918491908,3.399999999999993,0,1,0,91.12437000870705,1.0764320918491909e-05,204,1,0
106,5,23,0,1,1,10.728094918387276,"[0.0, 10.728094918387276]",10.728094918387276,8.571428571428571,10.728094918387276,3.399999999999993,0,1,0,91.12449645996094,1.0728094918387276e-05,204,1,0
106,6,3,0,1,1,10.550409044538226,"[0.0, 10.550409044538226]",10.550409044538226,8.571428571428571,10.550409044538226,3.3666666666666596,0,1,0,89.70574216544628,1.0550409044538225e-05,202,1,0
106,7,4,0,1,1,10.500033242361887,"[0.0, 10.500033242361887]",10.500033242361887,8.571428571428571,10.500033242361887,3.349999999999993,0,1,0,88.99980282783508,1.0500033242361888e-05,201,1,0
106,8,59,0,1,1,10.489016941615512,"[0.0, 10.489016941615512]",10.489016941615512,8.571428571428571,10.489016941615512,3.399999999999993,0,1,0,88.58941063284874,1.0489016941615512e-05,204,1,0
106,9,5,0,0,1,10.47011239188058,"[0.0, 10.47011239188058]",10.47011239188058,8.571428571428571,10.47011239188058,3.349999999999993,0,1,0,88.99965399503708,1.047011239188058e-05,201,1,0
106,10,6,0,0,1,10.433807373046875,"[0.0, 10.433807373046875]",10.433807373046875,8.571428571428571,10.433807373046875,3.3333333333333264,0,1,0,88.29597687721252,1.0433807373046875e-05,200,1,0
106,11,7,0,0,1,10.43133054460798,"[0.0, 10.43133054460798]",10.43133054460798,8.571428571428571,10.43133054460798,5.116666666666654,0,1,0,88.44709768891335,1.0431330544607978e-05,307,1,0
106,12,9,0,0,1,10.11620385306222,"[0.0, 10.11620385306222]",10.11620385306222,8.571428571428571,10.11620385306222,3.2833333333333266,0,1,0,85.57292151451111,1.011620385306222e-05,197,1,0
106,13,18,0,0,1,10.008591243198941,"[0.0, 10.008591243198941]",10.008591243198941,8.571428571428571,10.008591243198941,3.2499999999999933,0,1,0,84.81111814081669,1.000859124319894e-05,195,1,0
106,14,29,0,0,1,9.971934727260043,"[0.0, 9.971934727260043]",9.971934727260043,8.571428571428571,9.971934727260043,3.26666666666666,0,1,0,85.50366759300232,9.971934727260044e-06,196,1,0
106,15,31,0,0,1,9.813483101981028,"[0.0, 9.813483101981028]",9.813483101981028,8.571428571428571,9.813483101981028,3.2333333333333267,0,1,0,84.12095309793949,9.813483101981027e-06,194,1,0
106,16,21,0,0,1,9.806202479771205,"[0.0, 9.806202479771205]",9.806202479771205,8.571428571428571,9.806202479771205,3.21666666666666,0,1,0,83.39471952617168,9.806202479771204e-06,193,1,0
106,17,34,0,0,1,9.787709372384208,"[0.0, 9.787709372384208]",9.787709372384208,8.571428571428571,9.787709372384208,3.2499999999999933,0,1,0,84.81053878366947,9.787709372384209e-06,195,1,0
106,18,52,0,0,1,9.781262534005302,"[0.0, 9.781262534005302]",9.781262534005302,8.571428571428571,9.781262534005302,3.2333333333333267,0,1,0,84.12105016410351,9.781262534005301e-06,194,1,0
106,19,45,0,0,1,9.736614227294922,"[0.0, 9.736614227294922]",9.736614227294922,8.571428571428571,9.736614227294922,3.2333333333333267,0,1,0,84.1204954534769,9.736614227294923e-06,194,1,0
106,20,54,0,0,1,9.508874075753349,"[0.0, 9.508874075753349]",9.508874075753349,8.571428571428571,9.508874075753349,3.1999999999999935,0,1,0,82.74692493677139,9.508874075753348e-06,192,1,0
106,21,36,0,0,1,9.337182726178849,"[0.0, 9.337182726178849]",9.337182726178849,8.571428571428571,9.337182726178849,3.1999999999999935,0,1,0,82.74622692167759,9.337182726178849e-06,192,1,0
106,22,25,0,0,1,9.254433768136161,"[0.0, 9.254433768136161]",9.254433768136161,8.571428571428571,9.254433768136161,3.1999999999999935,0,1,0,81.7287809252739,9.254433768136161e-06,192,1,0
106,23,44,0,0,1,9.204910823277064,"[0.0, 9.204910823277064]",9.204910823277064,8.571428571428571,9.204910823277064,3.1499999999999937,0,1,0,80.70295986533165,9.204910823277064e-06,189,1,0
106,24,24,0,0,1,9.186714717320035,"[0.0, 9.186714717320035]",9.186714717320035,8.571428571428571,9.186714717320035,3.183333333333327,0,1,0,82.0630653500557,9.186714717320034e-06,191,1,0
106,25,46,0,0,1,8.884634290422712,"[0.0, 8.884634290422712]",8.884634290422712,8.571428571428571,8.884634290422712,3.1499999999999937,0,1,0,80.70231528580189,8.884634290422711e-06,189,1,0
106,26,33,0,0,1,8.778416769845144,"[0.0, 8.778416769845144]",8.778416769845144,8.571428571428571,8.778416769845144,3.1166666666666605,0,1,0,79.3512880653143,8.778416769845145e-06,187,1,0
106,27,40,0,0,1,8.74556132725307,"[0.0, 8.74556132725307]",8.74556132725307,8.571428571428571,8.74556132725307,3.099999999999994,0,1,0,78.67912177741528,8.74556132725307e-06,186,1,0
106,28,17,0,0,1,8.670708792550224,"[0.0, 8.670708792550224]",8.670708792550224,8.571428571428571,8.670708792550224,3.099999999999994,0,1,0,78.67923133075237,8.670708792550225e-06,186,1,0
106,29,16,0,0,1,8.041624341692245,"[0.0, 8.041624341692245]",8.041624341692245,5.714285714285714,8.041624341692245,3.049999999999994,0,1,0,75.95689748227596,8.041624341692246e-06,183,1,0
106,30,14,0,0,1,8.020082201276507,"[0.0, 8.020082201276507]",8.020082201276507,5.714285714285714,8.020082201276507,3.049999999999994,0,1,0,76.67573304474354,8.020082201276508e-06,183,1,0
106,31,57,0,0,1,7.910101754324776,"[0.0, 7.910101754324776]",7.910101754324776,5.714285714285714,7.910101754324776,3.0333333333333274,0,1,0,76.01278464496136,7.910101754324776e-06,182,1,0
106,32,58,0,0,1,7.833467211042132,"[0.0, 7.833467211042132]",7.833467211042132,5.714285714285714,7.833467211042132,3.016666666666661,0,1,0,75.35247710347176,7.833467211042132e-06,181,1,0
106,33,49,0,0,0,7.72418703351702,"[0.0, 7.72418703351702]",7.72418703351702,5.714285714285714,7.72418703351702,3.016666666666661,0,1,0,75.35201148688793,7.72418703351702e-06,181,1,0
106,34,30,0,0,0,7.695124489920479,"[0.0, 7.695124489920479]",7.695124489920479,5.714285714285714,7.695124489920479,2.9833333333333276,0,1,0,74.03739359974861,7.69512448992048e-06,179,1,0
106,35,11,0,0,0,7.616710662841797,"[0.0, 7.616710662841797]",7.616710662841797,5.714285714285714,7.616710662841797,2.9999999999999942,0,1,0,74.69347201287746,7.616710662841797e-06,180,1,0
106,36,37,0,0,0,7.5854900905064175,"[0.0, 7.5854900905064175]",7.5854900905064175,5.714285714285714,7.5854900905064175,2.9833333333333276,0,1,0,73.70385333895683,7.585490090506417e-06,179,1,0
106,37,39,0,0,0,7.543359483991351,"[0.0, 7.543359483991351]",7.543359483991351,5.714285714285714,7.543359483991351,2.9999999999999942,0,1,0,74.69320818781853,7.5433594839913506e-06,180,1,0
106,38,60,0,0,0,7.170603615897042,"[0.0, 7.170603615897042]",7.170603615897042,5.714285714285714,7.170603615897042,2.8999999999999946,0,1,0,70.79185011982918,7.1706036158970414e-06,174,1,0
106,39,28,0,0,0,7.142857142857142,"[0.0, 7.142857142857142]",7.142857142857142,5.714285714285714,7.142857142857142,2.833333333333328,0,1,0,68.23778383433819,7.142857142857143e-06,170,1,0
106,40,32,0,0,0,7.134279523577009,"[0.0, 7.134279523577009]",7.134279523577009,5.714285714285714,7.134279523577009,2.7333333333333285,0,1,0,64.47683596611023,7.134279523577009e-06,164,1,0
106,41,10,0,0,0,7.126895359584264,"[0.0, 7.126895359584264]",7.126895359584264,5.714285714285714,7.126895359584264,2.7333333333333285,0,1,0,64.47746254503727,7.126895359584264e-06,164,1,0
106,42,63,0,0,0,6.226697649274553,"[0.0, 6.226697649274553]",6.226697649274553,5.714285714285714,6.226697649274553,2.466666666666663,0,1,0,54.87818296253681,6.226697649274553e-06,148,1,0
106,43,13,0,0,0,5.713479178292411,"[0.0, 5.713479178292411]",5.713479178292411,2.857142857142857,5.713479178292411,2.9999999999999942,0,1,0,49.98891422152519,5.71347917829241e-06,180,1,0
106,44,19,0,0,0,5.695991516113281,"[0.0, 5.695991516113281]",5.695991516113281,2.857142857142857,5.695991516113281,2.3166666666666633,0,1,0,49.758910179138184,5.695991516113282e-06,139,1,0
106,45,53,0,0,0,5.659245082310268,"[0.0, 5.659245082310268]",5.659245082310268,2.857142857142857,5.659245082310268,2.2999999999999967,0,1,0,49.20249183475971,5.659245082310268e-06,138,1,0
106,46,50,0,0,0,5.6171689714704245,"[0.0, 5.6171689714704245]",5.6171689714704245,2.857142857142857,5.6171689714704245,2.2999999999999967,0,1,0,49.20281517505646,5.617168971470425e-06,138,1,0
106,47,42,0,0,0,5.596842084612165,"[0.0, 5.596842084612165]",5.596842084612165,2.857142857142857,5.596842084612165,2.28333333333333,0,1,0,48.64930519461632,5.596842084612165e-06,137,1,0
106,48,26,0,0,0,5.491632734026227,"[0.0, 5.491632734026227]",5.491632734026227,2.857142857142857,5.491632734026227,2.249999999999997,0,1,0,47.549738973379135,5.491632734026227e-06,135,1,0
106,49,12,0,0,0,5.435218811035156,"[0.0, 5.435218811035156]",5.435218811035156,2.857142857142857,5.435218811035156,2.2333333333333303,0,1,0,47.003698885440826,5.435218811035156e-06,134,1,0
106,50,43,0,0,0,5.255088806152344,"[0.0, 5.255088806152344]",5.255088806152344,2.857142857142857,5.255088806152344,2.166666666666664,0,1,0,44.84665574133396,5.255088806152344e-06,130,1,0
106,51,62,0,0,0,5.249530247279576,"[0.0, 5.249530247279576]",5.249530247279576,2.857142857142857,5.249530247279576,2.166666666666664,0,1,0,44.84684355556965,5.249530247279576e-06,130,1,0
106,52,20,0,0,0,5.201601300920759,"[0.0, 5.201601300920759]",5.201601300920759,2.857142857142857,5.201601300920759,2.1499999999999972,0,1,0,44.314195185899734,5.201601300920759e-06,129,1,0
106,53,27,0,0,0,5.198838370186943,"[0.0, 5.198838370186943]",5.198838370186943,2.857142857142857,5.198838370186943,2.1499999999999972,0,1,0,44.31359088420868,5.198838370186943e-06,129,1,0
106,54,61,0,0,0,5.197786603655134,"[0.0, 5.197786603655134]",5.197786603655134,2.857142857142857,5.197786603655134,2.1499999999999972,0,1,0,44.31393176317215,5.197786603655134e-06,129,1,0
106,55,48,0,0,0,5.108026776994977,"[0.0, 5.108026776994977]",5.108026776994977,2.857142857142857,5.108026776994977,2.116666666666664,0,1,0,43.25636690855026,5.108026776994977e-06,127,1,0
106,56,35,0,0,0,4.86823490687779,"[0.0, 4.86823490687779]",4.86823490687779,2.857142857142857,4.86823490687779,2.033333333333331,0,1,0,40.6581295132637,4.86823490687779e-06,122,1,0
106,57,15,0,0,0,4.864376613071986,"[0.0, 4.864376613071986]",4.864376613071986,2.857142857142857,4.864376613071986,2.033333333333331,0,1,0,40.65784855186939,4.864376613071986e-06,122,1,0
106,58,51,0,0,0,4.808376857212612,"[0.0, 4.808376857212612]",4.808376857212612,2.857142857142857,4.808376857212612,2.0166666666666644,0,1,0,40.14656521379948,4.808376857212612e-06,121,1,0
106,59,55,0,0,0,4.601167951311384,"[0.0, 4.601167951311384]",4.601167951311384,2.857142857142857,4.601167951311384,2.066666666666664,0,1,0,37.84855675697327,4.601167951311383e-06,124,1,0
106,60,8,0,0,0,2.111860002790179,"[0.0, 2.111860002790179]",2.111860002790179,0.0,2.111860002790179,5.016666666666654,0,1,0,7.70569208834786,2.111860002790179e-06,301,1,0
106,61,56,0,0,0,1.9145802089146204,"[0.0, 1.9145802089146204]",1.9145802089146204,0.0,1.9145802089146204,5.016666666666654,0,1,0,5.57402810936037,1.9145802089146203e-06,301,1,0
106,62,47,0,0,0,1.875817435128348,"[0.0, 1.875817435128348]",1.875817435128348,0.0,1.875817435128348,5.016666666666654,0,1,0,5.173493092181161,1.875817435128348e-06,301,1,0
106,63,41,0,0,0,1.8757847377232142,"[0.0, 1.8757847377232142]",1.8757847377232142,0.0,1.8757847377232142,5.016666666666654,0,1,0,5.17389301356161,1.8757847377232142e-06,301,1,0
106,64,38,0,0,0,1.8666730608258928,"[0.0, 1.8666730608258928]",1.8666730608258928,0.0,1.8666730608258928,5.016666666666654,0,1,0,5.182154025431373,1.8666730608258929e-06,301,1,0
107,1,0,0,1,1,14.422514779227122,"[0.0, 14.422514779227122]",14.422514779227122,14.285714285714285,14.422514779227122,6.133333333333317,0,1,0,126.39056049287319,1.442251477922712e-05,368,1,0
107,2,1,0,1,1,11.501966203962054,"[0.0, 11.501966203962054]",11.501966203962054,11.428571428571429,11.501966203962054,5.733333333333318,0,1,0,98.66476927697659,1.1501966203962054e-05,344,1,0
107,3,2,0,1,1,10.775091988699776,"[0.0, 10.775091988699776]",10.775091988699776,8.571428571428571,10.775091988699776,3.4166666666666594,0,1,0,91.83649580180645,1.0775091988699777e-05,205,1,0
107,4,3,0,1,1,10.764320918491908,"[0.0, 10.764320918491908]",10.764320918491908,8.571428571428571,10.764320918491908,3.399999999999993,0,1,0,91.12437000870705,1.0764320918491909e-05,204,1,0
107,5,4,0,1,1,10.728094918387276,"[0.0, 10.728094918387276]",10.728094918387276,8.571428571428571,10.728094918387276,3.399999999999993,0,1,0,91.12449645996094,1.0728094918387276e-05,204,1,0
107,6,34,0,1,1,10.583610534667969,"[0.0, 10.583610534667969]",10.583610534667969,8.571428571428571,10.583610534667969,3.3666666666666596,0,1,0,89.70567783713341,1.058361053466797e-05,202,1,0
107,7,5,0,1,1,10.550409044538226,"[0.0, 10.550409044538226]",10.550409044538226,8.571428571428571,10.550409044538226,3.3666666666666596,0,1,0,89.70574216544628,1.0550409044538225e-05,202,1,0
107,8,6,0,1,1,10.500033242361887,"[0.0, 10.500033242361887]",10.500033242361887,8.571428571428571,10.500033242361887,3.349999999999993,0,1,0,88.99980282783508,1.0500033242361888e-05,201,1,0
107,9,7,0,0,1,10.489016941615512,"[0.0, 10.489016941615512]",10.489016941615512,8.571428571428571,10.489016941615512,3.399999999999993,0,1,0,88.58941063284874,1.0489016941615512e-05,204,1,0
107,10,32,0,0,1,10.284788949148997,"[0.0, 10.284788949148997]",10.284788949148997,8.571428571428571,10.284788949148997,3.299999999999993,0,1,0,86.89539758861065,1.0284788949148997e-05,198,1,0
107,11,51,0,0,1,10.22552762712751,"[0.0, 10.22552762712751]",10.22552762712751,8.571428571428571,10.22552762712751,3.299999999999993,0,1,0,86.89514251053333,1.022552762712751e-05,198,1,0
107,12,19,0,0,1,10.175326211111885,"[0.0, 10.175326211111885]",10.175326211111885,8.571428571428571,10.175326211111885,3.2833333333333266,0,1,0,86.19849914312363,1.0175326211111885e-05,197,1,0
107,13,44,0,0,1,10.16322272164481,"[0.0, 10.16322272164481]",10.16322272164481,8.571428571428571,10.16322272164481,3.2833333333333266,0,1,0,86.1984341442585,1.0163222721644812e-05,197,1,0
107,14,63,0,0,1,10.127113887241908,"[0.0, 10.127113887241908]",10.127113887241908,8.571428571428571,10.127113887241908,3.26666666666666,0,1,0,85.50350396335125,1.0127113887241908e-05,196,1,0
107,15,24,0,0,1,9.823085239955358,"[0.0, 9.823085239955358]",9.823085239955358,8.571428571428571,9.823085239955358,3.21666666666666,0,1,0,83.4326496720314,9.823085239955357e-06,193,1,0
107,16,12,0,0,1,9.818275996616908,"[0.0, 9.818275996616908]",9.818275996616908,8.571428571428571,9.818275996616908,3.3333333333333264,0,1,0,84.36985513567924,9.818275996616908e-06,200,1,0
107,17,14,0,0,1,9.764221736363002,"[0.0, 9.764221736363002]",9.764221736363002,8.571428571428571,9.764221736363002,3.21666666666666,0,1,0,83.43231303989887,9.764221736363002e-06,193,1,0
107,18,27,0,0,1,9.63244846888951,"[0.0, 9.63244846888951]",9.63244846888951,8.571428571428571,9.63244846888951,3.21666666666666,0,1,0,83.43249626457691,9.63244846888951e-06,193,1,0
107,19,26,0,0,1,9.469827924455915,"[0.0, 9.469827924455915]",9.469827924455915,8.571428571428571,9.469827924455915,3.183333333333327,0,1,0,82.02945214509964,9.469827924455915e-06,191,1,0
107,20,30,0,0,1,9.39680644444057,"[0.0, 9.39680644444057]",9.39680644444057,8.571428571428571,9.39680644444057,3.21666666666666,0,1,0,83.43233223259449,9.39680644444057e-06,193,1,0
107,21,37,0,0,1,9.142619541713168,"[0.0, 9.142619541713168]",9.142619541713168,8.571428571428571,9.142619541713168,3.1999999999999935,0,1,0,82.10183085501194,9.142619541713169e-06,192,1,0
107,22,23,0,0,1,8.925244467599052,"[0.0, 8.925244467599052]",8.925244467599052,8.571428571428571,8.925244467599052,3.133333333333327,0,1,0,80.02558593451977,8.925244467599052e-06,188,1,0
107,23,61,0,0,1,8.889034816196986,"[0.0, 8.889034816196986]",8.889034816196986,8.571428571428571,8.889034816196986,3.1166666666666605,0,1,0,79.35129076242447,8.889034816196986e-06,187,1,0
107,24,56,0,0,1,8.82537841796875,"[0.0, 8.82537841796875]",8.82537841796875,8.571428571428571,8.82537841796875,3.3166666666666598,0,1,0,78.83794219791889,8.82537841796875e-06,199,1,0
107,25,60,0,0,1,8.79774638584682,"[0.0, 8.79774638584682]",8.79774638584682,8.571428571428571,8.79774638584682,3.1166666666666605,0,1,0,79.35100969672203,8.79774638584682e-06,187,1,0
107,26,28,0,0,1,8.739125388009207,"[0.0, 8.739125388009207]",8.739125388009207,8.571428571428571,8.739125388009207,3.1499999999999937,0,1,0,80.70241679251194,8.739125388009207e-06,189,1,0
107,27,42,0,0,1,8.738749367850167,"[0.0, 8.738749367850167]",8.738749367850167,8.571428571428571,8.738749367850167,3.1166666666666605,0,1,0,79.3455496430397,8.738749367850167e-06,187,1,0
107,28,52,0,0,1,8.607463836669922,"[0.0, 8.607463836669922]",8.607463836669922,8.571428571428571,8.607463836669922,3.1166666666666605,0,1,0,79.35115313529968,8.607463836669922e-06,187,1,0
107,29,8,0,0,1,8.573158809116908,"[0.0, 8.573158809116908]",8.573158809116908,8.571428571428571,8.573158809116908,3.0833333333333273,0,1,0,78.00865213572979,8.573158809116908e-06,185,1,0
107,30,48,0,0,1,8.550597599574498,"[0.0, 8.550597599574498]",8.550597599574498,5.714285714285714,8.550597599574498,3.1166666666666605,0,1,0,79.35125881433487,8.550597599574499e-06,187,1,0
107,31,33,0,0,1,8.549276079450335,"[0.0, 8.549276079450335]",8.549276079450335,5.714285714285714,8.549276079450335,3.099999999999994,0,1,0,78.67885537445545,8.549276079450336e-06,186,1,0
107,32,45,0,0,1,8.434437343052455,"[0.0, 8.434437343052455]",8.434437343052455,5.714285714285714,8.434437343052455,3.099999999999994,0,1,0,78.67904463410378,8.434437343052455e-06,186,1,0
107,33,55,0,0,0,8.383987971714564,"[0.0, 8.383987971714564]",8.383987971714564,5.714285714285714,8.383987971714564,3.099999999999994,0,1,0,78.67852702736855,8.383987971714565e-06,186,1,0
107,34,38,0,0,0,8.359481266566686,"[0.0, 8.359481266566686]",8.359481266566686,5.714285714285714,8.359481266566686,3.0666666666666607,0,1,0,77.34163336455822,8.359481266566686e-06,184,1,0
107,35,35,0,0,0,8.354620252336776,"[0.0, 8.354620252336776]",8.354620252336776,5.714285714285714,8.354620252336776,3.0833333333333273,0,1,0,78.00878039002419,8.354620252336776e-06,185,1,0
107,36,13,0,0,0,8.338326045445035,"[0.0, 8.338326045445035]",8.338326045445035,5.714285714285714,8.338326045445035,3.099999999999994,0,1,0,78.67913037538528,8.338326045445034e-06,186,1,0
107,37,50,0,0,0,8.10774394444057,"[0.0, 8.10774394444057]",8.10774394444057,5.714285714285714,8.10774394444057,3.0666666666666607,0,1,0,77.34142047166824,8.10774394444057e-06,184,1,0
107,38,11,0,0,0,7.984365735735212,"[0.0, 7.984365735735212]",7.984365735735212,5.714285714285714,7.984365735735212,3.0333333333333274,0,1,0,76.01306274533272,7.984365735735212e-06,182,1,0
107,39,54,0,0,0,7.968226841517858,"[0.0, 7.968226841517858]",7.968226841517858,5.714285714285714,7.968226841517858,3.26666666666666,0,1,0,76.60591648519039,7.968226841517857e-06,196,1,0
107,40,25,0,0,0,7.965997968401228,"[0.0, 7.965997968401228]",7.965997968401228,5.714285714285714,7.965997968401228,3.049999999999994,0,1,0,76.6752668172121,7.965997968401228e-06,183,1,0
107,41,57,0,0,0,7.772061484200614,"[0.0, 7.772061484200614]",7.772061484200614,5.714285714285714,7.772061484200614,3.0333333333333274,0,1,0,76.01287776231766,7.772061484200614e-06,182,1,0
107,42,31,0,0,0,7.740982600620814,"[0.0, 7.740982600620814]",7.740982600620814,5.714285714285714,7.740982600620814,2.9833333333333276,0,1,0,74.03778451681137,7.740982600620814e-06,179,1,0
107,43,21,0,0,0,7.547438485281808,"[0.0, 7.547438485281808]",7.547438485281808,5.714285714285714,7.547438485281808,2.966666666666661,0,1,0,73.38397501409054,7.547438485281808e-06,178,1,0
107,44,41,0,0,0,7.142857142857142,"[0.0, 7.142857142857142]",7.142857142857142,5.714285714285714,7.142857142857142,2.8666666666666614,0,1,0,69.50985290110111,7.142857142857143e-06,172,1,0
107,45,53,0,0,0,7.142857142857142,"[0.0, 7.142857142857142]",7.142857142857142,5.714285714285714,7.142857142857142,2.8166666666666615,0,1,0,67.60515344142914,7.142857142857143e-06,169,1,0
107,46,16,0,0,0,7.092726571219308,"[0.0, 7.092726571219308]",7.092726571219308,5.714285714285714,7.092726571219308,2.716666666666662,0,1,0,63.85906141996384,7.0927265712193085e-06,163,1,0
107,47,59,0,0,0,5.987706865583147,"[0.0, 5.987706865583147]",5.987706865583147,5.714285714285714,5.987706865583147,2.3999999999999964,0,1,0,52.577698051929474,5.987706865583147e-06,144,1,0
107,48,10,0,0,0,5.7312502179827005,"[0.0, 5.7312502179827005]",5.7312502179827005,5.714285714285714,5.7312502179827005,2.33333333333333,0,1,0,50.317419931292534,5.7312502179827e-06,140,1,0
107,49,49,0,0,0,5.589588710239955,"[0.0, 5.589588710239955]",5.589588710239955,2.857142857142857,5.589588710239955,3.299999999999993,0,1,0,48.44700898230076,5.589588710239955e-06,198,1,0
107,50,17,0,0,0,5.485283987862723,"[0.0, 5.485283987862723]",5.485283987862723,2.857142857142857,5.485283987862723,6.21666666666665,0,1,0,45.869346989522455,5.485283987862723e-06,373,1,0
107,51,15,0,0,0,5.453834533691406,"[0.0, 5.453834533691406]",5.453834533691406,2.857142857142857,5.453834533691406,6.21666666666665,0,1,0,45.86791932795313,5.453834533691406e-06,373,1,0
107,52,39,0,0,0,5.451038905552456,"[0.0, 5.451038905552456]",5.451038905552456,2.857142857142857,5.451038905552456,3.6333333333333253,0,1,0,47.254764668643475,5.451038905552456e-06,218,1,0
107,53,43,0,0,0,5.428466796875,"[0.0, 5.428466796875]",5.428466796875,2.857142857142857,5.428466796875,2.2333333333333303,0,1,0,47.00385434925556,5.428466796875e-06,134,1,0
107,54,29,0,0,0,5.335802350725446,"[0.0, 5.335802350725446]",5.335802350725446,2.857142857142857,5.335802350725446,2.1833333333333305,0,1,0,45.382212325930595,5.3358023507254465e-06,131,1,0
107,55,40,0,0,0,5.3144073486328125,"[0.0, 5.3144073486328125]",5.3144073486328125,2.857142857142857,5.3144073486328125,2.1833333333333305,0,1,0,45.38238725066185,5.314407348632813e-06,131,1,0
107,56,46,0,0,0,5.096609933035714,"[0.0, 5.096609933035714]",5.096609933035714,2.857142857142857,5.096609933035714,2.116666666666664,0,1,0,43.25599128007889,5.096609933035714e-06,127,1,0
107,57,36,0,0,0,5.057661873953683,"[0.0, 5.057661873953683]",5.057661873953683,2.857142857142857,5.057661873953683,2.116666666666664,0,1,0,42.835955902934074,5.057661873953683e-06,127,1,0
107,58,9,0,0,0,5.037863595145089,"[0.0, 5.037863595145089]",5.037863595145089,2.857142857142857,5.037863595145089,2.0999999999999974,0,1,0,42.731131479144096,5.03786359514509e-06,126,1,0
107,59,58,0,0,0,5.001057216099331,"[0.0, 5.001057216099331]",5.001057216099331,2.857142857142857,5.001057216099331,2.083333333333331,0,1,0,42.20912250876427,5.001057216099331e-06,125,1,0
107,60,22,0,0,0,4.763494219098773,"[0.0, 4.763494219098773]",4.763494219098773,2.857142857142857,4.763494219098773,1.9999999999999978,0,1,0,39.63771077990532,4.763494219098772e-06,120,1,0
107,61,62,0,0,0,4.667554582868304,"[0.0, 4.667554582868304]",4.667554582868304,2.857142857142857,4.667554582868304,1.9666666666666646,0,1,0,38.62754951417446,4.667554582868303e-06,118,1,0
107,62,47,0,0,0,4.5242091587611615,"[0.0, 4.5242091587611615]",4.5242091587611615,2.857142857142857,4.5242091587611615,1.9166666666666647,0,1,0,37.13231757283211,4.524209158761162e-06,115,1,0
107,63,18,0,0,0,4.486454554966518,"[0.0, 4.486454554966518]",4.486454554966518,2.857142857142857,4.486454554966518,1.8999999999999981,0,1,0,36.64039693772793,4.486454554966518e-06,114,1,0
107,64,20,0,0,0,2.108862740652902,"[0.0, 2.108862740652902]",2.108862740652902,0.0,2.108862740652902,5.016666666666654,0,1,0,7.71930247979617,2.108862740652902e-06,301,1,0
108,1,0,0,1,1,14.422514779227122,"[0.0, 14.422514779227122]",14.422514779227122,14.285714285714285,14.422514779227122,6.133333333333317,0,1,0,126.39056049287319,1.442251477922712e-05,368,1,0
108,2,1,0,1,1,11.501966203962054,"[0.0, 11.501966203962054]",11.501966203962054,11.428571428571429,11.501966203962054,5.733333333333318,0,1,0,98.66476927697659,1.1501966203962054e-05,344,1,0
108,3,2,0,1,1,10.775091988699776,"[0.0, 10.775091988699776]",10.775091988699776,8.571428571428571,10.775091988699776,3.4166666666666594,0,1,0,91.83649580180645,1.0775091988699777e-05,205,1,0
108,4,3,0,1,1,10.764320918491908,"[0.0, 10.764320918491908]",10.764320918491908,8.571428571428571,10.764320918491908,3.399999999999993,0,1,0,91.12437000870705,1.0764320918491909e-05,204,1,0
108,5,4,0,1,1,10.728094918387276,"[0.0, 10.728094918387276]",10.728094918387276,8.571428571428571,10.728094918387276,3.399999999999993,0,1,0,91.12449645996094,1.0728094918387276e-05,204,1,0
108,6,5,0,1,1,10.583610534667969,"[0.0, 10.583610534667969]",10.583610534667969,8.571428571428571,10.583610534667969,3.3666666666666596,0,1,0,89.70567783713341,1.058361053466797e-05,202,1,0
108,7,6,0,1,1,10.550409044538226,"[0.0, 10.550409044538226]",10.550409044538226,8.571428571428571,10.550409044538226,3.3666666666666596,0,1,0,89.70574216544628,1.0550409044538225e-05,202,1,0
108,8,7,0,1,1,10.500033242361887,"[0.0, 10.500033242361887]",10.500033242361887,8.571428571428571,10.500033242361887,3.349999999999993,0,1,0,88.99980282783508,1.0500033242361888e-05,201,1,0
108,9,25,0,0,1,10.433897290910993,"[0.0, 10.433897290910993]",10.433897290910993,8.571428571428571,10.433897290910993,3.349999999999993,0,1,0,89.0002965182066,1.0433897290910993e-05,201,1,0
108,10,61,0,0,1,10.424720219203405,"[0.0, 10.424720219203405]",10.424720219203405,8.571428571428571,10.424720219203405,3.3333333333333264,0,1,0,88.29537491500378,1.0424720219203404e-05,200,1,0
108,11,16,0,0,1,10.147424425397599,"[0.0, 10.147424425397599]",10.147424425397599,8.571428571428571,10.147424425397599,3.2833333333333266,0,1,0,86.1983485519886,1.01474244253976e-05,197,1,0
108,12,44,0,0,1,10.09384972708566,"[0.0, 10.09384972708566]",10.09384972708566,8.571428571428571,10.09384972708566,3.2833333333333266,0,1,0,86.19852294027805,1.0093849727085659e-05,197,1,0
108,13,56,0,0,1,9.994016374860491,"[0.0, 9.994016374860491]",9.994016374860491,8.571428571428571,9.994016374860491,3.399999999999993,0,1,0,84.31170381605625,9.994016374860492e-06,204,1,0
108,14,50,0,0,1,9.985863821847097,"[0.0, 9.985863821847097]",9.985863821847097,8.571428571428571,9.985863821847097,3.9333333333333242,0,1,0,87.91400842368603,9.985863821847098e-06,236,1,0
108,15,52,0,0,1,9.869109562465123,"[0.0, 9.869109562465123]",9.869109562465123,8.571428571428571,9.869109562465123,3.21666666666666,0,1,0,83.43255710601807,9.869109562465123e-06,193,1,0
108,16,26,0,0,1,9.637086050851003,"[0.0, 9.637086050851003]",9.637086050851003,8.571428571428571,9.637086050851003,3.21666666666666,0,1,0,83.43239869177341,9.637086050851004e-06,193,1,0
108,17,10,0,0,1,9.49498040335519,"[0.0, 9.49498040335519]",9.49498040335519,8.571428571428571,9.49498040335519,3.21666666666666,0,1,0,83.43246953189373,9.494980403355189e-06,193,1,0
108,18,54,0,0,1,9.491201128278458,"[0.0, 9.491201128278458]",9.491201128278458,8.571428571428571,9.491201128278458,3.21666666666666,0,1,0,83.43289725482464,9.491201128278458e-06,193,1,0
108,19,36,0,0,1,9.416604723249163,"[0.0, 9.416604723249163]",9.416604723249163,8.571428571428571,9.416604723249163,3.183333333333327,0,1,0,82.0631310492754,9.416604723249163e-06,191,1,0
108,20,14,0,0,1,9.396040780203684,"[0.0, 9.396040780203684]",9.396040780203684,8.571428571428571,9.396040780203684,3.183333333333327,0,1,0,82.06280368566513,9.396040780203685e-06,191,1,0
108,21,17,0,0,1,9.378019060407366,"[0.0, 9.378019060407366]",9.378019060407366,8.571428571428571,9.378019060407366,3.1666666666666603,0,1,0,81.38178443908691,9.378019060407367e-06,190,1,0
108,22,40,0,0,1,9.272003173828125,"[0.0, 9.272003173828125]",9.272003173828125,8.571428571428571,9.272003173828125,3.1666666666666603,0,1,0,81.38165611028671,9.272003173828125e-06,190,1,0
108,23,32,0,0,1,9.204842703683036,"[0.0, 9.204842703683036]",9.204842703683036,8.571428571428571,9.204842703683036,3.183333333333327,0,1,0,82.06257832050323,9.204842703683036e-06,191,1,0
108,24,19,0,0,1,9.117543356759207,"[0.0, 9.117543356759207]",9.117543356759207,8.571428571428571,9.117543356759207,3.1499999999999937,0,1,0,80.70260958373547,9.117543356759206e-06,189,1,0
108,25,8,0,0,1,9.086698804582868,"[0.0, 9.086698804582868]",9.086698804582868,8.571428571428571,9.086698804582868,3.183333333333327,0,1,0,79.81778874993324,9.086698804582868e-06,191,1,0
108,26,53,0,0,1,8.835626329694476,"[0.0, 8.835626329694476]",8.835626329694476,8.571428571428571,8.835626329694476,3.383333333333326,0,1,0,79.5262433886528,8.835626329694476e-06,203,1,0
108,27,45,0,0,1,8.829400198800224,"[0.0, 8.829400198800224]",8.829400198800224,8.571428571428571,8.829400198800224,3.1499999999999937,0,1,0,80.70213115215302,8.829400198800224e-06,189,1,0
108,28,38,0,0,1,8.693572453090123,"[0.0, 8.693572453090123]",8.693572453090123,8.571428571428571,8.693572453090123,3.133333333333327,0,1,0,80.02591879665852,8.693572453090123e-06,188,1,0
108,29,48,0,0,1,8.640657152448382,"[0.0, 8.640657152448382]",8.640657152448382,8.571428571428571,8.640657152448382,3.299999999999993,0,1,0,79.47858211398125,8.640657152448383e-06,198,1,0
108,30,28,0,0,1,8.64004135131836,"[0.0, 8.64004135131836]",8.64004135131836,8.571428571428571,8.64004135131836,3.133333333333327,0,1,0,80.0254156589508,8.640041351318359e-06,188,1,0
108,31,15,0,0,1,8.424619947160995,"[0.0, 8.424619947160995]",8.424619947160995,5.714285714285714,8.424619947160995,3.0666666666666607,0,1,0,77.34084017574787,8.424619947160994e-06,184,1,0
108,32,49,0,0,1,8.236525399344307,"[0.0, 8.236525399344307]",8.236525399344307,5.714285714285714,8.236525399344307,3.049999999999994,0,1,0,76.67625096440315,8.236525399344308e-06,183,1,0
108,33,59,0,0,0,8.153084346226283,"[0.0, 8.153084346226283]",8.153084346226283,5.714285714285714,8.153084346226283,3.0666666666666607,0,1,0,77.31431844830513,8.153084346226284e-06,184,1,0
108,34,42,0,0,0,8.03032466343471,"[0.0, 8.03032466343471]",8.03032466343471,5.714285714285714,8.03032466343471,3.299999999999993,0,1,0,76.27912852168083,8.03032466343471e-06,198,1,0
108,35,12,0,0,0,7.862873077392578,"[0.0, 7.862873077392578]",7.862873077392578,5.714285714285714,7.862873077392578,3.016666666666661,0,1,0,75.35185980796814,7.862873077392579e-06,181,1,0
108,36,22,0,0,0,7.810837881905693,"[0.0, 7.810837881905693]",7.810837881905693,5.714285714285714,7.810837881905693,3.0333333333333274,0,1,0,75.42110823094845,7.810837881905693e-06,182,1,0
108,37,13,0,0,0,7.786200387137276,"[0.0, 7.786200387137276]",7.786200387137276,5.714285714285714,7.786200387137276,3.016666666666661,0,1,0,75.35182219743729,7.786200387137276e-06,181,1,0
108,38,39,0,0,0,7.716593061174665,"[0.0, 7.716593061174665]",7.716593061174665,5.714285714285714,7.716593061174665,2.9999999999999942,0,1,0,74.69379305839539,7.716593061174665e-06,180,1,0
108,39,35,0,0,0,7.515223366873605,"[0.0, 7.515223366873605]",7.515223366873605,5.714285714285714,7.515223366873605,2.9833333333333276,0,1,0,74.03754113614559,7.515223366873605e-06,179,1,0
108,40,47,0,0,0,7.488297053745814,"[0.0, 7.488297053745814]",7.488297053745814,5.714285714285714,7.488297053745814,2.966666666666661,0,1,0,73.38328064978123,7.488297053745814e-06,178,1,0
108,41,21,0,0,0,7.142857142857142,"[0.0, 7.142857142857142]",7.142857142857142,5.714285714285714,7.142857142857142,2.8999999999999946,0,1,0,70.21534797549248,7.142857142857143e-06,174,1,0
108,42,62,0,0,0,7.142857142857142,"[0.0, 7.142857142857142]",7.142857142857142,5.714285714285714,7.142857142857142,2.916666666666661,0,1,0,70.8725651204586,7.142857142857143e-06,175,1,0
108,43,63,0,0,0,7.142857142857142,"[0.0, 7.142857142857142]",7.142857142857142,5.714285714285714,7.142857142857142,2.799999999999995,0,1,0,66.97445467114449,7.142857142857143e-06,168,1,0
108,44,27,0,0,0,5.6469236101422995,"[0.0, 5.6469236101422995]",5.6469236101422995,2.857142857142857,5.6469236101422995,2.2999999999999967,0,1,0,49.20219548046589,5.6469236101423e-06,138,1,0
108,45,58,0,0,0,5.6084442138671875,"[0.0, 5.6084442138671875]",5.6084442138671875,2.857142857142857,5.6084442138671875,2.2999999999999967,0,1,0,49.20271462202072,5.608444213867188e-06,138,1,0
108,46,20,0,0,0,5.606689453125,"[0.0, 5.606689453125]",5.606689453125,2.857142857142857,5.606689453125,2.28333333333333,0,1,0,48.64938096702099,5.606689453125e-06,137,1,0
108,47,24,0,0,0,5.550629752022879,"[0.0, 5.550629752022879]",5.550629752022879,2.857142857142857,5.550629752022879,2.2666666666666635,0,1,0,48.09826159477234,5.550629752022879e-06,136,1,0
108,48,57,0,0,0,5.538951328822544,"[0.0, 5.538951328822544]",5.538951328822544,2.857142857142857,5.538951328822544,2.2666666666666635,0,1,0,48.09809064865112,5.538951328822545e-06,136,1,0
108,49,31,0,0,0,5.5113983154296875,"[0.0, 5.5113983154296875]",5.5113983154296875,2.857142857142857,5.5113983154296875,6.21666666666665,0,1,0,45.8689651141176,5.511398315429687e-06,373,1,0
108,50,23,0,0,0,5.484891619001116,"[0.0, 5.484891619001116]",5.484891619001116,2.857142857142857,5.484891619001116,2.249999999999997,0,1,0,47.54968464374542,5.484891619001116e-06,135,1,0
108,51,34,0,0,0,5.468837193080358,"[0.0, 5.468837193080358]",5.468837193080358,2.857142857142857,5.468837193080358,2.249999999999997,0,1,0,47.54950016736984,5.468837193080358e-06,135,1,0
108,52,11,0,0,0,5.276064191545759,"[0.0, 5.276064191545759]",5.276064191545759,2.857142857142857,5.276064191545759,2.1833333333333305,0,1,0,45.38214153051376,5.276064191545759e-06,131,1,0
108,53,55,0,0,0,5.11190686907087,"[0.0, 5.11190686907087]",5.11190686907087,2.857142857142857,5.11190686907087,2.116666666666664,0,1,0,43.25627000629902,5.11190686907087e-06,127,1,0
108,54,37,0,0,0,5.077247619628906,"[0.0, 5.077247619628906]",5.077247619628906,2.857142857142857,5.077247619628906,3.099999999999994,0,1,0,43.310533717274666,5.077247619628906e-06,186,1,0
108,55,29,0,0,0,5.064326695033483,"[0.0, 5.064326695033483]",5.064326695033483,2.857142857142857,5.064326695033483,2.1499999999999972,0,1,0,42.92766599357128,5.064326695033482e-06,129,1,0
108,56,9,0,0,0,5.010588509695871,"[0.0, 5.010588509695871]",5.010588509695871,2.857142857142857,5.010588509695871,2.083333333333331,0,1,0,42.20892368257046,5.01058850969587e-06,125,1,0
108,57,46,0,0,0,4.994474138532366,"[0.0, 4.994474138532366]",4.994474138532366,2.857142857142857,4.994474138532366,2.083333333333331,0,1,0,42.208843275904655,4.994474138532366e-06,125,1,0
108,58,18,0,0,0,4.880823407854352,"[0.0, 4.880823407854352]",4.880823407854352,2.857142857142857,4.880823407854352,2.799999999999995,0,1,0,41.0687430948019,4.880823407854353e-06,168,1,0
108,59,43,0,0,0,4.773003714425223,"[0.0, 4.773003714425223]",4.773003714425223,2.857142857142857,4.773003714425223,1.9999999999999978,0,1,0,39.63717044889927,4.773003714425223e-06,120,1,0
108,60,33,0,0,0,4.703091212681362,"[0.0, 4.703091212681362]",4.703091212681362,2.857142857142857,4.703091212681362,1.9833333333333312,0,1,0,39.13112100958824,4.7030912126813616e-06,119,1,0
108,61,60,0,0,0,4.572574070521764,"[0.0, 4.572574070521764]",4.572574070521764,2.857142857142857,4.572574070521764,1.9333333333333313,0,1,0,37.62835144996643,4.572574070521764e-06,116,1,0
108,62,51,0,0,0,1.9084330967494418,"[0.0, 1.9084330967494418]",1.9084330967494418,0.0,1.9084330967494418,5.016666666666654,0,1,0,5.566342507780064,1.9084330967494416e-06,301,1,0
108,63,41,0,0,0,1.8758283342633928,"[0.0, 1.8758283342633928]",1.8758283342633928,0.0,1.8758283342633928,5.016666666666654,0,1,0,5.173341476358473,1.8758283342633927e-06,301,1,0
108,64,30,0,0,0,1.8666730608258928,"[0.0, 1.8666730608258928]",1.8666730608258928,0.0,1.8666730608258928,5.016666666666654,0,1,0,5.181958576147736,1.8666730608258929e-06,301,1,0
109,1,0,0,1,1,14.422514779227122,"[0.0, 14.422514779227122]",14.422514779227122,14.285714285714285,14.422514779227122,6.133333333333317,0,1,0,126.39056049287319,1.442251477922712e-05,368,1,0
109,2,1,0,1,1,11.501966203962054,"[0.0, 11.501966203962054]",11.501966203962054,11.428571428571429,11.501966203962054,5.733333333333318,0,1,0,98.66476927697659,1.1501966203962054e-05,344,1,0
109,3,2,0,1,1,10.775091988699776,"[0.0, 10.775091988699776]",10.775091988699776,8.571428571428571,10.775091988699776,3.4166666666666594,0,1,0,91.83649580180645,1.0775091988699777e-05,205,1,0
109,4,3,0,1,1,10.764320918491908,"[0.0, 10.764320918491908]",10.764320918491908,8.571428571428571,10.764320918491908,3.399999999999993,0,1,0,91.12437000870705,1.0764320918491909e-05,204,1,0
109,5,4,0,1,1,10.728094918387276,"[0.0, 10.728094918387276]",10.728094918387276,8.571428571428571,10.728094918387276,3.399999999999993,0,1,0,91.12449645996094,1.0728094918387276e-05,204,1,0
109,6,5,0,1,1,10.583610534667969,"[0.0, 10.583610534667969]",10.583610534667969,8.571428571428571,10.583610534667969,3.3666666666666596,0,1,0,89.70567783713341,1.058361053466797e-05,202,1,0
109,7,6,0,1,1,10.550409044538226,"[0.0, 10.550409044538226]",10.550409044538226,8.571428571428571,10.550409044538226,3.3666666666666596,0,1,0,89.70574216544628,1.0550409044538225e-05,202,1,0
109,8,7,0,1,1,10.500033242361887,"[0.0, 10.500033242361887]",10.500033242361887,8.571428571428571,10.500033242361887,3.349999999999993,0,1,0,88.99980282783508,1.0500033242361888e-05,201,1,0
109,9,34,0,0,1,10.458839961460658,"[0.0, 10.458839961460658]",10.458839961460658,8.571428571428571,10.458839961460658,3.349999999999993,0,1,0,89.0002353489399,1.0458839961460658e-05,201,1,0
109,10,32,0,0,1,10.184636797223773,"[0.0, 10.184636797223773]",10.184636797223773,8.571428571428571,10.184636797223773,3.2833333333333266,0,1,0,86.19858205318451,1.0184636797223772e-05,197,1,0
109,11,49,0,0,1,10.096612657819476,"[0.0, 10.096612657819476]",10.096612657819476,8.571428571428571,10.096612657819476,3.399999999999993,0,1,0,85.29975743591785,1.0096612657819475e-05,204,1,0
109,12,24,0,0,1,9.973130907331194,"[0.0, 9.973130907331194]",9.973130907331194,8.571428571428571,9.973130907331194,3.2499999999999933,0,1,0,84.81100435554981,9.973130907331195e-06,195,1,0
109,13,35,0,0,1,9.958387102399554,"[0.0, 9.958387102399554]",9.958387102399554,8.571428571428571,9.958387102399554,3.26666666666666,0,1,0,85.5034835934639,9.958387102399553e-06,196,1,0
109,14,37,0,0,1,9.941291809082031,"[0.0, 9.941291809082031]",9.941291809082031,8.571428571428571,9.941291809082031,5.316666666666653,0,1,0,87.65187028050423,9.941291809082032e-06,319,1,0
109,15,59,0,0,1,9.850349426269531,"[0.0, 9.850349426269531]",9.850349426269531,8.571428571428571,9.850349426269531,3.21666666666666,0,1,0,83.43250374495983,9.85034942626953e-06,193,1,0
109,16,45,0,0,1,9.768052782331193,"[0.0, 9.768052782331193]",9.768052782331193,8.571428571428571,9.768052782331193,3.21666666666666,0,1,0,83.43263956904411,9.768052782331193e-06,193,1,0
109,17,15,0,0,1,9.754284449986049,"[0.0, 9.754284449986049]",9.754284449986049,8.571428571428571,9.754284449986049,3.2333333333333267,0,1,0,84.12112194299698,9.754284449986049e-06,194,1,0
109,18,40,0,0,1,9.663734436035156,"[0.0, 9.663734436035156]",9.663734436035156,8.571428571428571,9.663734436035156,3.2333333333333267,0,1,0,84.12076967954636,9.663734436035156e-06,194,1,0
109,19,41,0,0,1,9.542179107666016,"[0.0, 9.542179107666016]",9.542179107666016,8.571428571428571,9.542179107666016,3.21666666666666,0,1,0,83.43252131342888,9.542179107666015e-06,193,1,0
109,20,13,0,0,1,9.397986275809151,"[0.0, 9.397986275809151]",9.397986275809151,8.571428571428571,9.397986275809151,3.183333333333327,0,1,0,82.06267587840557,9.397986275809151e-06,191,1,0
109,21,55,0,0,1,9.370389665876116,"[0.0, 9.370389665876116]",9.370389665876116,8.571428571428571,9.370389665876116,3.183333333333327,0,1,0,82.06286750733852,9.370389665876116e-06,191,1,0
109,22,63,0,0,1,9.349940163748604,"[0.0, 9.349940163748604]",9.349940163748604,8.571428571428571,9.349940163748604,3.483333333333326,0,1,0,81.56478755176067,9.349940163748604e-06,209,1,0
109,23,11,0,0,1,9.268035888671875,"[0.0, 9.268035888671875]",9.268035888671875,8.571428571428571,9.268035888671875,3.1666666666666603,0,1,0,81.381730645895,9.268035888671875e-06,190,1,0
109,24,38,0,0,1,9.260477338518415,"[0.0, 9.260477338518415]",9.260477338518415,8.571428571428571,9.260477338518415,3.183333333333327,0,1,0,82.06345815956593,9.260477338518414e-06,191,1,0
109,25,51,0,0,1,9.04235567365374,"[0.0, 9.04235567365374]",9.04235567365374,8.571428571428571,9.04235567365374,3.1666666666666603,0,1,0,81.38192071020603,9.04235567365374e-06,190,1,0
109,26,52,0,0,1,8.941530500139509,"[0.0, 8.941530500139509]",8.941530500139509,8.571428571428571,8.941530500139509,3.1166666666666605,0,1,0,79.35116803646088,8.941530500139509e-06,187,1,0
109,27,17,0,0,1,8.927546909877233,"[0.0, 8.927546909877233]",8.927546909877233,8.571428571428571,8.927546909877233,3.1499999999999937,0,1,0,80.70274835824966,8.927546909877233e-06,189,1,0
109,28,39,0,0,1,8.925315311976842,"[0.0, 8.925315311976842]",8.925315311976842,8.571428571428571,8.925315311976842,3.1499999999999937,0,1,0,80.25817497074604,8.925315311976843e-06,189,1,0
109,29,29,0,0,1,8.535891941615512,"[0.0, 8.535891941615512]",8.535891941615512,5.714285714285714,8.535891941615512,3.099999999999994,0,1,0,78.65954184532166,8.535891941615512e-06,186,1,0
109,30,50,0,0,1,8.533077239990234,"[0.0, 8.533077239990234]",8.533077239990234,5.714285714285714,8.533077239990234,3.0833333333333273,0,1,0,77.9554083943367,8.533077239990235e-06,185,1,0
109,31,23,0,0,1,8.480080195835658,"[0.0, 8.480080195835658]",8.480080195835658,5.714285714285714,8.480080195835658,3.099999999999994,0,1,0,78.67930209636688,8.480080195835658e-06,186,1,0
109,32,62,0,0,1,8.436333792550222,"[0.0, 8.436333792550222]",8.436333792550222,5.714285714285714,8.436333792550222,3.133333333333327,0,1,0,80.02573685348034,8.436333792550222e-06,188,1,0
109,33,58,0,0,0,8.352410452706472,"[0.0, 8.352410452706472]",8.352410452706472,5.714285714285714,8.352410452706472,3.0666666666666607,0,1,0,77.34143915772438,8.352410452706473e-06,184,1,0
109,34,21,0,0,0,8.290863037109375,"[0.0, 8.290863037109375]",8.290863037109375,5.714285714285714,8.290863037109375,3.099999999999994,0,1,0,78.15114022791386,8.290863037109375e-06,186,1,0
109,35,16,0,0,0,8.180732727050781,"[0.0, 8.180732727050781]",8.180732727050781,5.714285714285714,8.180732727050781,3.0666666666666607,0,1,0,77.34169492125511,8.180732727050781e-06,184,1,0
109,36,61,0,0,0,8.09565680367606,"[0.0, 8.09565680367606]",8.09565680367606,5.714285714285714,8.09565680367606,3.049999999999994,0,1,0,76.6760078817606,8.09565680367606e-06,183,1,0
109,37,48,0,0,0,8.00825663975307,"[0.0, 8.00825663975307]",8.00825663975307,5.714285714285714,8.00825663975307,3.049999999999994,0,1,0,76.67590197920799,8.008256639753069e-06,183,1,0
109,38,18,0,0,0,7.859088352748326,"[0.0, 7.859088352748326]",7.859088352748326,5.714285714285714,7.859088352748326,3.0333333333333274,0,1,0,76.01292407512665,7.859088352748326e-06,182,1,0
109,39,20,0,0,0,7.142857142857142,"[0.0, 7.142857142857142]",7.142857142857142,5.714285714285714,7.142857142857142,2.7833333333333283,0,1,0,65.10343246161938,7.142857142857143e-06,167,1,0
109,40,47,0,0,0,7.142857142857142,"[0.0, 7.142857142857142]",7.142857142857142,5.714285714285714,7.142857142857142,2.8166666666666615,0,1,0,67.60469028353691,7.142857142857143e-06,169,1,0
109,41,33,0,0,0,7.089500427246094,"[0.0, 7.089500427246094]",7.089500427246094,5.714285714285714,7.089500427246094,2.716666666666662,0,1,0,63.859106332063675,7.089500427246094e-06,163,1,0
109,42,22,0,0,0,6.022742135184152,"[0.0, 6.022742135184152]",6.022742135184152,5.714285714285714,6.022742135184152,2.466666666666663,0,1,0,52.87016825377941,6.022742135184152e-06,148,1,0
109,43,54,0,0,0,5.98114013671875,"[0.0, 5.98114013671875]",5.98114013671875,5.714285714285714,5.98114013671875,2.4333333333333296,0,1,0,53.722931414842606,5.98114013671875e-06,146,1,0
109,44,27,0,0,0,5.969723292759486,"[0.0, 5.969723292759486]",5.969723292759486,5.714285714285714,5.969723292759486,2.416666666666663,0,1,0,53.1489335000515,5.969723292759486e-06,145,1,0
109,45,53,0,0,0,5.920224870954241,"[0.0, 5.920224870954241]",5.920224870954241,5.714285714285714,5.920224870954241,2.3999999999999964,0,1,0,52.577464178204536,5.920224870954241e-06,144,1,0
109,46,9,0,0,0,5.768165588378906,"[0.0, 5.768165588378906]",5.768165588378906,5.714285714285714,5.768165588378906,2.33333333333333,0,1,0,50.317539662122726,5.768165588378906e-06,140,1,0
109,47,19,0,0,0,5.676629202706474,"[0.0, 5.676629202706474]",5.676629202706474,2.857142857142857,5.676629202706474,2.2999999999999967,0,1,0,49.048881098628044,5.676629202706474e-06,138,1,0
109,48,46,0,0,0,5.626749311174665,"[0.0, 5.626749311174665]",5.626749311174665,2.857142857142857,5.626749311174665,2.2999999999999967,0,1,0,49.202477127313614,5.626749311174665e-06,138,1,0
109,49,56,0,0,0,5.511692592075893,"[0.0, 5.511692592075893]",5.511692592075893,2.857142857142857,5.511692592075893,2.249999999999997,0,1,0,47.54988978803158,5.511692592075894e-06,135,1,0
109,50,8,0,0,0,5.404259817940849,"[0.0, 5.404259817940849]",5.404259817940849,2.857142857142857,5.404259817940849,2.2166666666666637,0,1,0,46.460810005664825,5.404259817940849e-06,133,1,0
109,51,36,0,0,0,5.40015629359654,"[0.0, 5.40015629359654]",5.40015629359654,2.857142857142857,5.40015629359654,2.2166666666666637,0,1,0,46.460788026452065,5.40015629359654e-06,133,1,0
109,52,31,0,0,0,5.3795623779296875,"[0.0, 5.3795623779296875]",5.3795623779296875,2.857142857142857,5.3795623779296875,2.2166666666666637,0,1,0,46.46075239777565,5.379562377929688e-06,133,1,0
109,53,25,0,0,0,5.367426191057477,"[0.0, 5.367426191057477]",5.367426191057477,2.857142857142857,5.367426191057477,2.2166666666666637,0,1,0,46.46071229875088,5.367426191057477e-06,133,1,0
109,54,14,0,0,0,5.229306902204241,"[0.0, 5.229306902204241]",5.229306902204241,2.857142857142857,5.229306902204241,2.166666666666664,0,1,0,44.8467615544796,5.2293069022042416e-06,130,1,0
109,55,10,0,0,0,5.188173566545759,"[0.0, 5.188173566545759]",5.188173566545759,2.857142857142857,5.188173566545759,2.1499999999999972,0,1,0,44.31382057070732,5.188173566545758e-06,129,1,0
109,56,28,0,0,0,5.165955679757254,"[0.0, 5.165955679757254]",5.165955679757254,2.857142857142857,5.165955679757254,2.1333333333333306,0,1,0,43.78367805480957,5.165955679757254e-06,128,1,0
109,57,44,0,0,0,5.103040422712054,"[0.0, 5.103040422712054]",5.103040422712054,2.857142857142857,5.103040422712054,2.1333333333333306,0,1,0,43.508169651031494,5.1030404227120536e-06,128,1,0
109,58,30,0,0,0,5.092293875558036,"[0.0, 5.092293875558036]",5.092293875558036,2.857142857142857,5.092293875558036,2.116666666666664,0,1,0,43.256180599331856,5.092293875558036e-06,127,1,0
109,59,43,0,0,0,5.034642900739398,"[0.0, 5.034642900739398]",5.034642900739398,2.857142857142857,5.034642900739398,2.0999999999999974,0,1,0,42.731438994407654,5.034642900739397e-06,126,1,0
109,60,60,0,0,0,4.953128269740514,"[0.0, 4.953128269740514]",4.953128269740514,2.857142857142857,4.953128269740514,2.066666666666664,0,1,0,41.689111068844795,4.9531282697405135e-06,124,1,0
109,61,26,0,0,0,4.864262172154018,"[0.0, 4.864262172154018]",4.864262172154018,2.857142857142857,4.864262172154018,2.033333333333331,0,1,0,40.657927706837654,4.864262172154018e-06,122,1,0
109,62,42,0,0,0,2.131064278738839,"[0.0, 2.131064278738839]",2.131064278738839,0.0,2.131064278738839,5.016666666666654,0,1,0,7.9716149337618845,2.131064278738839e-06,301,1,0
109,63,57,0,0,0,2.1112823486328125,"[0.0, 2.1112823486328125]",2.1112823486328125,0.0,2.1112823486328125,5.016666666666654,0,1,0,7.706318736556568,2.1112823486328123e-06,301,1,0
109,64,12,0,0,0,1.9152014596121651,"[0.0, 1.9152014596121651]",1.9152014596121651,0.0,1.9152014596121651,5.016666666666654,0,1,0,5.598496649792651,1.9152014596121653e-06,301,1,0
110,1,0,0,1,1,14.422514779227122,"[0.0, 14.422514779227122]",14.422514779227122,14.285714285714285,14.422514779227122,6.133333333333317,0,1,0,126.39056049287319,1.442251477922712e-05,368,1,0
110,2,1,0,1,1,11.501966203962054,"[0.0, 11.501966203962054]",11.501966203962054,11.428571428571429,11.501966203962054,5.733333333333318,0,1,0,98.66476927697659,1.1501966203962054e-05,344,1,0
110,3,2,0,1,1,10.775091988699776,"[0.0, 10.775091988699776]",10.775091988699776,8.571428571428571,10.775091988699776,3.4166666666666594,0,1,0,91.83649580180645,1.0775091988699777e-05,205,1,0
110,4,3,0,1,1,10.764320918491908,"[0.0, 10.764320918491908]",10.764320918491908,8.571428571428571,10.764320918491908,3.399999999999993,0,1,0,91.12437000870705,1.0764320918491909e-05,204,1,0
110,5,4,0,1,1,10.728094918387276,"[0.0, 10.728094918387276]",10.728094918387276,8.571428571428571,10.728094918387276,3.399999999999993,0,1,0,91.12449645996094,1.0728094918387276e-05,204,1,0
110,6,5,0,1,1,10.583610534667969,"[0.0, 10.583610534667969]",10.583610534667969,8.571428571428571,10.583610534667969,3.3666666666666596,0,1,0,89.70567783713341,1.058361053466797e-05,202,1,0
110,7,6,0,1,1,10.550409044538226,"[0.0, 10.550409044538226]",10.550409044538226,8.571428571428571,10.550409044538226,3.3666666666666596,0,1,0,89.70574216544628,1.0550409044538225e-05,202,1,0
110,8,7,0,1,1,10.500033242361887,"[0.0, 10.500033242361887]",10.500033242361887,8.571428571428571,10.500033242361887,3.349999999999993,0,1,0,88.99980282783508,1.0500033242361888e-05,201,1,0
110,9,8,0,0,1,10.389055524553571,"[0.0, 10.389055524553571]",10.389055524553571,8.571428571428571,10.389055524553571,3.3166666666666598,0,1,0,87.59431958198547,1.0389055524553571e-05,199,1,0
110,10,14,0,0,1,10.173525129045759,"[0.0, 10.173525129045759]",10.173525129045759,8.571428571428571,10.173525129045759,3.3166666666666598,0,1,0,87.59491690993309,1.017352512904576e-05,199,1,0
110,11,46,0,0,1,10.155217306954519,"[0.0, 10.155217306954519]",10.155217306954519,8.571428571428571,10.155217306954519,3.299999999999993,0,1,0,86.89532616734505,1.0155217306954519e-05,198,1,0
110,12,36,0,0,1,10.140015738351005,"[0.0, 10.140015738351005]",10.140015738351005,8.571428571428571,10.140015738351005,3.3333333333333264,0,1,0,88.29593017697334,1.0140015738351006e-05,200,1,0
110,13,41,0,0,1,10.029869079589844,"[0.0, 10.029869079589844]",10.029869079589844,8.571428571428571,10.029869079589844,3.26666666666666,0,1,0,85.19465482234955,1.0029869079589844e-05,196,1,0
110,14,54,0,0,1,10.009899139404297,"[0.0, 10.009899139404297]",10.009899139404297,8.571428571428571,10.009899139404297,4.499999999999989,0,1,0,86.24560406804085,1.0009899139404297e-05,270,1,0
110,15,40,0,0,1,9.946798597063337,"[0.0, 9.946798597063337]",9.946798597063337,8.571428571428571,9.946798597063337,3.3666666666666596,0,1,0,86.18599075078964,9.946798597063337e-06,202,1,0
110,16,48,0,0,1,9.935488019670759,"[0.0, 9.935488019670759]",9.935488019670759,8.571428571428571,9.935488019670759,3.2499999999999933,0,1,0,84.6034708917141,9.935488019670758e-06,195,1,0
110,17,43,0,0,1,9.869842529296875,"[0.0, 9.869842529296875]",9.869842529296875,8.571428571428571,9.869842529296875,3.2333333333333267,0,1,0,84.12078154087067,9.869842529296875e-06,194,1,0
110,18,37,0,0,1,9.837265014648438,"[0.0, 9.837265014648438]",9.837265014648438,8.571428571428571,9.837265014648438,3.2333333333333267,0,1,0,84.1206846088171,9.837265014648438e-06,194,1,0
110,19,19,0,0,1,9.718374524797714,"[0.0, 9.718374524797714]",9.718374524797714,8.571428571428571,9.718374524797714,3.1999999999999935,0,1,0,82.7468380779028,9.718374524797713e-06,192,1,0
110,20,44,0,0,1,9.615353175571986,"[0.0, 9.615353175571986]",9.615353175571986,8.571428571428571,9.615353175571986,3.21666666666666,0,1,0,83.43272529542446,9.615353175571986e-06,193,1,0
110,21,47,0,0,1,9.591661180768694,"[0.0, 9.591661180768694]",9.591661180768694,8.571428571428571,9.591661180768694,3.1999999999999935,0,1,0,82.74672922492027,9.591661180768694e-06,192,1,0
110,22,22,0,0,1,9.565707615443639,"[0.0, 9.565707615443639]",9.565707615443639,8.571428571428571,9.565707615443639,3.26666666666666,0,1,0,84.34988197684288,9.56570761544364e-06,196,1,0
110,23,32,0,0,1,9.404035295758927,"[0.0, 9.404035295758927]",9.404035295758927,8.571428571428571,9.404035295758927,3.21666666666666,0,1,0,83.43267852067947,9.404035295758927e-06,193,1,0
110,24,9,0,0,1,9.364525931222097,"[0.0, 9.364525931222097]",9.364525931222097,8.571428571428571,9.364525931222097,3.183333333333327,0,1,0,82.06281355023384,9.364525931222098e-06,191,1,0
110,25,49,0,0,1,9.297684260777064,"[0.0, 9.297684260777064]",9.297684260777064,8.571428571428571,9.297684260777064,3.183333333333327,0,1,0,82.06270858645439,9.297684260777064e-06,191,1,0
110,26,30,0,0,1,9.234545571463448,"[0.0, 9.234545571463448]",9.234545571463448,8.571428571428571,9.234545571463448,3.1499999999999937,0,1,0,80.5856691300869,9.234545571463449e-06,189,1,0
110,27,53,0,0,1,9.18325969151088,"[0.0, 9.18325969151088]",9.18325969151088,8.571428571428571,9.18325969151088,3.1499999999999937,0,1,0,80.70269587635994,9.18325969151088e-06,189,1,0
110,28,20,0,0,1,9.069014957972936,"[0.0, 9.069014957972936]",9.069014957972936,8.571428571428571,9.069014957972936,3.133333333333327,0,1,0,80.02581903338432,9.069014957972936e-06,188,1,0
110,29,23,0,0,1,9.062208448137556,"[0.0, 9.062208448137556]",9.062208448137556,8.571428571428571,9.062208448137556,3.1499999999999937,0,1,0,80.12692341208458,9.062208448137556e-06,189,1,0
110,30,42,0,0,1,9.054173060825892,"[0.0, 9.054173060825892]",9.054173060825892,8.571428571428571,9.054173060825892,3.1499999999999937,0,1,0,80.70262058079243,9.054173060825892e-06,189,1,0
110,31,10,0,0,1,9.015846252441406,"[0.0, 9.015846252441406]",9.015846252441406,8.571428571428571,9.015846252441406,3.1666666666666603,0,1,0,81.38129486143589,9.015846252441406e-06,190,1,0
110,32,27,0,0,1,8.988988058907644,"[0.0, 8.988988058907644]",8.988988058907644,8.571428571428571,8.988988058907644,3.1499999999999937,0,1,0,80.08074176311493,8.988988058907644e-06,189,1,0
110,33,26,0,0,0,8.705289023263115,"[0.0, 8.705289023263115]",8.705289023263115,8.571428571428571,8.705289023263115,3.099999999999994,0,1,0,78.67849403619766,8.705289023263114e-06,186,1,0
110,34,55,0,0,0,8.65593773978097,"[0.0, 8.65593773978097]",8.65593773978097,8.571428571428571,8.65593773978097,3.099999999999994,0,1,0,78.67897272109985,8.65593773978097e-06,186,1,0
110,35,39,0,0,0,8.45052991594587,"[0.0, 8.45052991594587]",8.45052991594587,5.714285714285714,8.45052991594587,3.133333333333327,0,1,0,79.37902198731899,8.45052991594587e-06,188,1,0
110,36,28,0,0,0,8.275577000209264,"[0.0, 8.275577000209264]",8.275577000209264,5.714285714285714,8.275577000209264,3.1166666666666605,0,1,0,78.67751568555832,8.275577000209264e-06,187,1,0
110,37,45,0,0,0,8.158888135637556,"[0.0, 8.158888135637556]",8.158888135637556,5.714285714285714,8.158888135637556,3.0833333333333273,0,1,0,78.00868554413319,8.158888135637556e-06,185,1,0
110,38,11,0,0,0,8.148493085588727,"[0.0, 8.148493085588727]",8.148493085588727,5.714285714285714,8.148493085588727,3.049999999999994,0,1,0,76.67587441205978,8.148493085588728e-06,183,1,0
110,39,58,0,0,0,8.030341012137276,"[0.0, 8.030341012137276]",8.030341012137276,5.714285714285714,8.030341012137276,3.049999999999994,0,1,0,76.67644396424294,8.030341012137276e-06,183,1,0
110,40,52,0,0,0,7.782091413225446,"[0.0, 7.782091413225446]",7.782091413225446,5.714285714285714,7.782091413225446,3.016666666666661,0,1,0,75.35215799510479,7.782091413225447e-06,181,1,0
110,41,31,0,0,0,7.481896536690848,"[0.0, 7.481896536690848]",7.481896536690848,5.714285714285714,7.481896536690848,3.399999999999993,0,1,0,72.58133746683598,7.481896536690848e-06,204,1,0
110,42,33,0,0,0,7.093854631696428,"[0.0, 7.093854631696428]",7.093854631696428,5.714285714285714,7.093854631696428,2.7333333333333285,0,1,0,63.9939679056406,7.093854631696428e-06,164,1,0
110,43,18,0,0,0,6.910999843052455,"[0.0, 6.910999843052455]",6.910999843052455,5.714285714285714,6.910999843052455,2.666666666666662,0,1,0,62.01873508095741,6.910999843052455e-06,160,1,0
110,44,59,0,0,0,5.843369620186942,"[0.0, 5.843369620186942]",5.843369620186942,5.714285714285714,5.843369620186942,2.3833333333333298,0,1,0,52.00913433730602,5.843369620186942e-06,143,1,0
110,45,38,0,0,0,5.784764971051897,"[0.0, 5.784764971051897]",5.784764971051897,5.714285714285714,5.784764971051897,2.3499999999999965,0,1,0,50.878451615571976,5.784764971051897e-06,141,1,0
110,46,25,0,0,0,5.583697727748326,"[0.0, 5.583697727748326]",5.583697727748326,2.857142857142857,5.583697727748326,2.28333333333333,0,1,0,48.648942455649376,5.583697727748326e-06,137,1,0
110,47,34,0,0,0,5.479654584612166,"[0.0, 5.479654584612166]",5.479654584612166,2.857142857142857,5.479654584612166,2.249999999999997,0,1,0,47.54943343997002,5.479654584612166e-06,135,1,0
110,48,57,0,0,0,5.427840096609933,"[0.0, 5.427840096609933]",5.427840096609933,2.857142857142857,5.427840096609933,2.2333333333333303,0,1,0,47.00389415025711,5.427840096609933e-06,134,1,0
110,49,63,0,0,0,5.3995513916015625,"[0.0, 5.3995513916015625]",5.3995513916015625,2.857142857142857,5.3995513916015625,2.2166666666666637,0,1,0,46.46069374680519,5.399551391601562e-06,133,1,0
110,50,16,0,0,0,5.3383363996233255,"[0.0, 5.3383363996233255]",5.3383363996233255,2.857142857142857,5.3383363996233255,2.199999999999997,0,1,0,45.920212149620056,5.338336399623325e-06,132,1,0
110,51,21,0,0,0,5.225241524832589,"[0.0, 5.225241524832589]",5.225241524832589,2.857142857142857,5.225241524832589,2.166666666666664,0,1,0,44.84660583734512,5.225241524832589e-06,130,1,0
110,52,51,0,0,0,5.186544145856585,"[0.0, 5.186544145856585]",5.186544145856585,2.857142857142857,5.186544145856585,2.1499999999999972,0,1,0,44.313708648085594,5.186544145856585e-06,129,1,0
110,53,35,0,0,0,5.150168282645089,"[0.0, 5.150168282645089]",5.150168282645089,2.857142857142857,5.150168282645089,2.1333333333333306,0,1,0,43.783758372068405,5.1501682826450895e-06,128,1,0
110,54,29,0,0,0,5.111547197614398,"[0.0, 5.111547197614398]",5.111547197614398,2.857142857142857,5.111547197614398,4.433333333333323,0,1,0,43.583747085765935,5.111547197614398e-06,266,1,0
110,55,15,0,0,0,5.093400137765067,"[0.0, 5.093400137765067]",5.093400137765067,2.857142857142857,5.093400137765067,2.116666666666664,0,1,0,43.25620600581169,5.093400137765067e-06,127,1,0
110,56,56,0,0,0,5.0634002685546875,"[0.0, 5.0634002685546875]",5.0634002685546875,2.857142857142857,5.0634002685546875,2.0999999999999974,0,1,0,42.73108513653278,5.063400268554687e-06,126,1,0
110,57,61,0,0,0,5.04570552280971,"[0.0, 5.04570552280971]",5.04570552280971,2.857142857142857,5.04570552280971,2.0999999999999974,0,1,0,42.730998903512955,5.04570552280971e-06,126,1,0
110,58,17,0,0,0,4.972828456333706,"[0.0, 4.972828456333706]",4.972828456333706,2.857142857142857,4.972828456333706,2.066666666666664,0,1,0,41.68931268155575,4.9728284563337055e-06,124,1,0
110,59,62,0,0,0,4.758246285574777,"[0.0, 4.758246285574777]",4.758246285574777,2.857142857142857,4.758246285574777,1.9999999999999978,0,1,0,39.63718934357166,4.758246285574777e-06,120,1,0
110,60,24,0,0,0,4.620650155203683,"[0.0, 4.620650155203683]",4.620650155203683,2.857142857142857,4.620650155203683,1.949999999999998,0,1,0,38.06932012736797,4.620650155203683e-06,117,1,0
110,61,50,0,0,0,4.5281219482421875,"[0.0, 4.5281219482421875]",4.5281219482421875,2.857142857142857,4.5281219482421875,1.9166666666666647,0,1,0,37.06613773107529,4.528121948242187e-06,115,1,0
110,62,12,0,0,0,4.482410975864956,"[0.0, 4.482410975864956]",4.482410975864956,2.857142857142857,4.482410975864956,1.8999999999999981,0,1,0,36.63999043405056,4.4824109758649555e-06,114,1,0
110,63,60,0,0,0,4.474863324846541,"[0.0, 4.474863324846541]",4.474863324846541,2.857142857142857,4.474863324846541,1.8999999999999981,0,1,0,36.639982774853706,4.4748633248465405e-06,114,1,0
110,64,13,0,0,0,4.3909454345703125,"[0.0, 4.3909454345703125]",4.3909454345703125,2.857142857142857,4.3909454345703125,1.866666666666665,0,1,0,35.662524208426476,4.390945434570312e-06,112,1,0
111,1,0,0,1,1,14.422514779227122,"[0.0, 14.422514779227122]",14.422514779227122,14.285714285714285,14.422514779227122,6.133333333333317,0,1,0,126.39056049287319,1.442251477922712e-05,368,1,0
111,2,1,0,1,1,11.501966203962054,"[0.0, 11.501966203962054]",11.501966203962054,11.428571428571429,11.501966203962054,5.733333333333318,0,1,0,98.66476927697659,1.1501966203962054e-05,344,1,0
111,3,20,0,1,1,11.213038308279854,"[0.0, 11.213038308279854]",11.213038308279854,8.571428571428571,11.213038308279854,4.9166666666666545,0,1,0,96.52963899075985,1.1213038308279853e-05,295,1,0
111,4,2,0,1,1,10.775091988699776,"[0.0, 10.775091988699776]",10.775091988699776,8.571428571428571,10.775091988699776,3.4166666666666594,0,1,0,91.83649580180645,1.0775091988699777e-05,205,1,0
111,5,3,0,1,1,10.764320918491908,"[0.0, 10.764320918491908]",10.764320918491908,8.571428571428571,10.764320918491908,3.399999999999993,0,1,0,91.12437000870705,1.0764320918491909e-05,204,1,0
111,6,4,0,1,1,10.728094918387276,"[0.0, 10.728094918387276]",10.728094918387276,8.571428571428571,10.728094918387276,3.399999999999993,0,1,0,91.12449645996094,1.0728094918387276e-05,204,1,0
111,7,48,0,1,1,10.653637477329799,"[0.0, 10.653637477329799]",10.653637477329799,8.571428571428571,10.653637477329799,3.383333333333326,0,1,0,90.11768504977226,1.0653637477329798e-05,203,1,0
111,8,5,0,1,1,10.583610534667969,"[0.0, 10.583610534667969]",10.583610534667969,8.571428571428571,10.583610534667969,3.3666666666666596,0,1,0,89.70567783713341,1.058361053466797e-05,202,1,0
111,9,6,0,0,1,10.550409044538226,"[0.0, 10.550409044538226]",10.550409044538226,8.571428571428571,10.550409044538226,3.3666666666666596,0,1,0,89.70574216544628,1.0550409044538225e-05,202,1,0
111,10,7,0,0,1,10.500033242361887,"[0.0, 10.500033242361887]",10.500033242361887,8.571428571428571,10.500033242361887,3.349999999999993,0,1,0,88.99980282783508,1.0500033242361888e-05,201,1,0
111,11,19,0,0,1,10.260233197893415,"[0.0, 10.260233197893415]",10.260233197893415,8.571428571428571,10.260233197893415,3.3166666666666598,0,1,0,86.73376670479774,1.0260233197893414e-05,199,1,0
111,12,56,0,0,1,10.257745470319476,"[0.0, 10.257745470319476]",10.257745470319476,8.571428571428571,10.257745470319476,3.299999999999993,0,1,0,86.60068593919277,1.0257745470319475e-05,198,1,0
111,13,36,0,0,1,10.195680345807755,"[0.0, 10.195680345807755]",10.195680345807755,8.571428571428571,10.195680345807755,3.299999999999993,0,1,0,86.89548745751381,1.0195680345807755e-05,198,1,0
111,14,9,0,0,1,10.07843017578125,"[0.0, 10.07843017578125]",10.07843017578125,8.571428571428571,10.07843017578125,3.299999999999993,0,1,0,86.50661237537861,1.007843017578125e-05,198,1,0
111,15,18,0,0,1,10.058323996407644,"[0.0, 10.058323996407644]",10.058323996407644,8.571428571428571,10.058323996407644,3.26666666666666,0,1,0,85.50381134450436,1.0058323996407644e-05,196,1,0
111,16,8,0,0,1,9.794761112758092,"[0.0, 9.794761112758092]",9.794761112758092,8.571428571428571,9.794761112758092,3.2333333333333267,0,1,0,84.12057355046272,9.794761112758091e-06,194,1,0
111,17,22,0,0,1,9.773905617850168,"[0.0, 9.773905617850168]",9.773905617850168,8.571428571428571,9.773905617850168,3.26666666666666,0,1,0,85.50360359251499,9.773905617850169e-06,196,1,0
111,18,54,0,0,1,9.58289555140904,"[0.0, 9.58289555140904]",9.58289555140904,8.571428571428571,9.58289555140904,3.2333333333333267,0,1,0,84.12004759907722,9.58289555140904e-06,194,1,0
111,19,44,0,0,1,9.581489562988281,"[0.0, 9.581489562988281]",9.581489562988281,8.571428571428571,9.581489562988281,3.26666666666666,0,1,0,82.52959735691547,9.581489562988281e-06,196,1,0
111,20,60,0,0,1,9.308583395821708,"[0.0, 9.308583395821708]",9.308583395821708,8.571428571428571,9.308583395821708,3.1499999999999937,0,1,0,80.70249734818935,9.308583395821708e-06,189,1,0
111,21,24,0,0,1,9.156526838030134,"[0.0, 9.156526838030134]",9.156526838030134,8.571428571428571,9.156526838030134,3.133333333333327,0,1,0,80.02526158094406,9.156526838030133e-06,188,1,0
111,22,40,0,0,1,9.002838134765625,"[0.0, 9.002838134765625]",9.002838134765625,8.571428571428571,9.002838134765625,7.283333333333313,0,1,0,79.11173358128872,9.002838134765626e-06,437,1,0
111,23,17,0,0,1,8.935470581054688,"[0.0, 8.935470581054688]",8.935470581054688,8.571428571428571,8.935470581054688,3.183333333333327,0,1,0,82.06327117979527,8.935470581054687e-06,191,1,0
111,24,11,0,0,1,8.930465153285436,"[0.0, 8.930465153285436]",8.930465153285436,8.571428571428571,8.930465153285436,3.1499999999999937,0,1,0,80.25758887827396,8.930465153285436e-06,189,1,0
111,25,58,0,0,1,8.922217232840401,"[0.0, 8.922217232840401]",8.922217232840401,8.571428571428571,8.922217232840401,3.1499999999999937,0,1,0,80.7027739584446,8.922217232840401e-06,189,1,0
111,26,29,0,0,1,8.920571463448661,"[0.0, 8.920571463448661]",8.920571463448661,8.571428571428571,8.920571463448661,3.133333333333327,0,1,0,80.02580580115318,8.92057146344866e-06,188,1,0
111,27,31,0,0,1,8.848773411342076,"[0.0, 8.848773411342076]",8.848773411342076,8.571428571428571,8.848773411342076,3.133333333333327,0,1,0,80.02611826360226,8.848773411342076e-06,188,1,0
111,28,33,0,0,1,8.835122244698661,"[0.0, 8.835122244698661]",8.835122244698661,8.571428571428571,8.835122244698661,3.1166666666666605,0,1,0,79.35103103518486,8.835122244698662e-06,187,1,0
111,29,45,0,0,1,8.831163133893693,"[0.0, 8.831163133893693]",8.831163133893693,8.571428571428571,8.831163133893693,3.1499999999999937,0,1,0,80.702417999506,8.831163133893693e-06,189,1,0
111,30,23,0,0,1,8.818067823137556,"[0.0, 8.818067823137556]",8.818067823137556,8.571428571428571,8.818067823137556,3.349999999999993,0,1,0,79.54346305131912,8.818067823137556e-06,201,1,0
111,31,59,0,0,1,8.585632869175502,"[0.0, 8.585632869175502]",8.585632869175502,8.571428571428571,8.585632869175502,3.0833333333333273,0,1,0,78.00896096229553,8.585632869175502e-06,185,1,0
111,32,35,0,0,1,8.572570255824498,"[0.0, 8.572570255824498]",8.572570255824498,8.571428571428571,8.572570255824498,3.099999999999994,0,1,0,78.67931360006332,8.572570255824499e-06,186,1,0
111,33,27,0,0,0,8.328538622174944,"[0.0, 8.328538622174944]",8.328538622174944,5.714285714285714,8.328538622174944,3.0833333333333273,0,1,0,78.00925728678703,8.328538622174945e-06,185,1,0
111,34,62,0,0,0,8.15826416015625,"[0.0, 8.15826416015625]",8.15826416015625,5.714285714285714,8.15826416015625,3.0833333333333273,0,1,0,77.40943562984467,8.15826416015625e-06,185,1,0
111,35,13,0,0,0,7.96539306640625,"[0.0, 7.96539306640625]",7.96539306640625,5.714285714285714,7.96539306640625,3.0666666666666607,0,1,0,77.34139198064804,7.96539306640625e-06,184,1,0
111,36,30,0,0,0,7.7755873543875555,"[0.0, 7.7755873543875555]",7.7755873543875555,5.714285714285714,7.7755873543875555,3.016666666666661,0,1,0,74.86458475887775,7.775587354387555e-06,181,1,0
111,37,34,0,0,0,7.142857142857142,"[0.0, 7.142857142857142]",7.142857142857142,5.714285714285714,7.142857142857142,2.8499999999999948,0,1,0,68.87243387103081,7.142857142857143e-06,171,1,0
111,38,52,0,0,0,6.616619655064174,"[0.0, 6.616619655064174]",6.616619655064174,5.714285714285714,6.616619655064174,2.583333333333329,0,1,0,59.00035502016544,6.616619655064174e-06,155,1,0
111,39,25,0,0,0,5.806623186383929,"[0.0, 5.806623186383929]",5.806623186383929,5.714285714285714,5.806623186383929,2.366666666666663,0,1,0,51.361252307891846,5.806623186383929e-06,142,1,0
111,40,50,0,0,0,5.764171055385044,"[0.0, 5.764171055385044]",5.764171055385044,5.714285714285714,5.764171055385044,2.33333333333333,0,1,0,50.317494332790375,5.764171055385045e-06,140,1,0
111,41,32,0,0,0,5.6198338099888385,"[0.0, 5.6198338099888385]",5.6198338099888385,2.857142857142857,5.6198338099888385,2.2999999999999967,0,1,0,49.20292264223099,5.619833809988838e-06,138,1,0
111,42,49,0,0,0,5.615441458565848,"[0.0, 5.615441458565848]",5.615441458565848,2.857142857142857,5.615441458565848,2.28333333333333,0,1,0,48.64907565712929,5.615441458565848e-06,137,1,0
111,43,12,0,0,0,5.542635236467634,"[0.0, 5.542635236467634]",5.542635236467634,2.857142857142857,5.542635236467634,2.2666666666666635,0,1,0,48.09845843911171,5.542635236467634e-06,136,1,0
111,44,14,0,0,0,5.494346618652344,"[0.0, 5.494346618652344]",5.494346618652344,2.857142857142857,5.494346618652344,2.249999999999997,0,1,0,47.54971028864384,5.494346618652344e-06,135,1,0
111,45,28,0,0,0,5.493191310337612,"[0.0, 5.493191310337612]",5.493191310337612,2.857142857142857,5.493191310337612,2.249999999999997,0,1,0,47.54973067343235,5.493191310337612e-06,135,1,0
111,46,47,0,0,0,5.475709097726004,"[0.0, 5.475709097726004]",5.475709097726004,2.857142857142857,5.475709097726004,3.0666666666666607,0,1,0,47.650416523218155,5.475709097726004e-06,184,1,0
111,47,63,0,0,0,5.44769287109375,"[0.0, 5.44769287109375]",5.44769287109375,2.857142857142857,5.44769287109375,2.2333333333333303,0,1,0,47.004006430506706,5.44769287109375e-06,134,1,0
111,48,42,0,0,0,5.383333478655135,"[0.0, 5.383333478655135]",5.383333478655135,2.857142857142857,5.383333478655135,2.2166666666666637,0,1,0,46.46007984876633,5.3833334786551345e-06,133,1,0
111,49,37,0,0,0,5.343976702008928,"[0.0, 5.343976702008928]",5.343976702008928,2.857142857142857,5.343976702008928,2.199999999999997,0,1,0,45.92009626328945,5.343976702008928e-06,132,1,0
111,50,61,0,0,0,5.3293337140764505,"[0.0, 5.3293337140764505]",5.3293337140764505,2.857142857142857,5.3293337140764505,2.199999999999997,0,1,0,45.92012836039066,5.329333714076451e-06,132,1,0
111,51,57,0,0,0,5.156244550432477,"[0.0, 5.156244550432477]",5.156244550432477,2.857142857142857,5.156244550432477,2.1499999999999972,0,1,0,43.93666423857212,5.156244550432477e-06,129,1,0
111,52,41,0,0,0,5.131290980747768,"[0.0, 5.131290980747768]",5.131290980747768,2.857142857142857,5.131290980747768,2.1333333333333306,0,1,0,43.78349071741104,5.1312909807477685e-06,128,1,0
111,53,15,0,0,0,5.102239336286273,"[0.0, 5.102239336286273]",5.102239336286273,2.857142857142857,5.102239336286273,2.1333333333333306,0,1,0,43.41926011443138,5.102239336286272e-06,128,1,0
111,54,55,0,0,0,5.085874285016741,"[0.0, 5.085874285016741]",5.085874285016741,2.857142857142857,5.085874285016741,2.116666666666664,0,1,0,43.2559779137373,5.085874285016741e-06,127,1,0
111,55,10,0,0,0,4.9628448486328125,"[0.0, 4.9628448486328125]",4.9628448486328125,2.857142857142857,4.9628448486328125,2.083333333333331,0,1,0,41.78123177587986,4.962844848632813e-06,125,1,0
111,56,21,0,0,0,4.906065804617746,"[0.0, 4.906065804617746]",4.906065804617746,2.857142857142857,4.906065804617746,2.0499999999999976,0,1,0,41.17229822278023,4.906065804617746e-06,123,1,0
111,57,26,0,0,0,4.806916373116629,"[0.0, 4.806916373116629]",4.806916373116629,2.857142857142857,4.806916373116629,2.0166666666666644,0,1,0,40.14620815217495,4.806916373116629e-06,121,1,0
111,58,46,0,0,0,4.763777596609933,"[0.0, 4.763777596609933]",4.763777596609933,2.857142857142857,4.763777596609933,2.2166666666666637,0,1,0,39.68510638177395,4.763777596609933e-06,133,1,0
111,59,16,0,0,0,4.581244332449777,"[0.0, 4.581244332449777]",4.581244332449777,2.857142857142857,4.581244332449777,1.9333333333333313,0,1,0,37.6286231726408,4.581244332449777e-06,116,1,0
111,60,38,0,0,0,4.54169682094029,"[0.0, 4.54169682094029]",4.54169682094029,2.857142857142857,4.54169682094029,1.9999999999999978,0,1,0,37.328480541706085,4.5416968209402896e-06,120,1,0
111,61,51,0,0,0,4.43188258579799,"[0.0, 4.43188258579799]",4.43188258579799,2.857142857142857,4.43188258579799,1.8833333333333315,0,1,0,36.15014776587486,4.43188258579799e-06,113,1,0
111,62,43,0,0,0,4.08196040562221,"[0.0, 4.08196040562221]",4.08196040562221,2.857142857142857,4.08196040562221,2.416666666666663,0,1,0,32.3320052549243,4.08196040562221e-06,145,1,0
111,63,39,0,0,0,2.11090087890625,"[0.0, 2.11090087890625]",2.11090087890625,0.0,2.11090087890625,5.016666666666654,0,1,0,7.705802634947759,2.11090087890625e-06,301,1,0
111,64,53,0,0,0,1.9085093906947546,"[0.0, 1.9085093906947546]",1.9085093906947546,0.0,1.9085093906947546,5.016666666666654,0,1,0,5.566632961796131,1.9085093906947546e-06,301,1,0
112,1,0,0,1,1,14.422514779227122,"[0.0, 14.422514779227122]",14.422514779227122,14.285714285714285,14.422514779227122,6.133333333333317,0,1,0,126.39056049287319,1.442251477922712e-05,368,1,0
112,2,1,0,1,1,11.501966203962054,"[0.0, 11.501966203962054]",11.501966203962054,11.428571428571429,11.501966203962054,5.733333333333318,0,1,0,98.66476927697659,1.1501966203962054e-05,344,1,0
112,3,2,0,1,1,11.213038308279854,"[0.0, 11.213038308279854]",11.213038308279854,8.571428571428571,11.213038308279854,4.9166666666666545,0,1,0,96.52963899075985,1.1213038308279853e-05,295,1,0
112,4,3,0,1,1,10.775091988699776,"[0.0, 10.775091988699776]",10.775091988699776,8.571428571428571,10.775091988699776,3.4166666666666594,0,1,0,91.83649580180645,1.0775091988699777e-05,205,1,0
112,5,4,0,1,1,10.764320918491908,"[0.0, 10.764320918491908]",10.764320918491908,8.571428571428571,10.764320918491908,3.399999999999993,0,1,0,91.12437000870705,1.0764320918491909e-05,204,1,0
112,6,5,0,1,1,10.728094918387276,"[0.0, 10.728094918387276]",10.728094918387276,8.571428571428571,10.728094918387276,3.399999999999993,0,1,0,91.12449645996094,1.0728094918387276e-05,204,1,0
112,7,6,0,1,1,10.653637477329799,"[0.0, 10.653637477329799]",10.653637477329799,8.571428571428571,10.653637477329799,3.383333333333326,0,1,0,90.11768504977226,1.0653637477329798e-05,203,1,0
112,8,7,0,1,1,10.583610534667969,"[0.0, 10.583610534667969]",10.583610534667969,8.571428571428571,10.583610534667969,3.3666666666666596,0,1,0,89.70567783713341,1.058361053466797e-05,202,1,0
112,9,21,0,0,1,10.245557512555802,"[0.0, 10.245557512555802]",10.245557512555802,8.571428571428571,10.245557512555802,3.3333333333333264,0,1,0,88.29643468558788,1.0245557512555803e-05,200,1,0
112,10,37,0,0,1,10.235301426478795,"[0.0, 10.235301426478795]",10.235301426478795,8.571428571428571,10.235301426478795,3.3166666666666598,0,1,0,86.95389419794083,1.0235301426478795e-05,199,1,0
112,11,51,0,0,1,10.061501094273158,"[0.0, 10.061501094273158]",10.061501094273158,8.571428571428571,10.061501094273158,3.26666666666666,0,1,0,85.50331610441208,1.0061501094273157e-05,196,1,0
112,12,8,0,0,1,10.03272465297154,"[0.0, 10.03272465297154]",10.03272465297154,8.571428571428571,10.03272465297154,3.299999999999993,0,1,0,86.89547650516033,1.003272465297154e-05,198,1,0
112,13,36,0,0,1,9.948594229561943,"[0.0, 9.948594229561943]",9.948594229561943,8.571428571428571,9.948594229561943,3.299999999999993,0,1,0,86.89559473097324,9.948594229561943e-06,198,1,0
112,14,26,0,0,1,9.860610961914062,"[0.0, 9.860610961914062]",9.860610961914062,8.571428571428571,9.860610961914062,3.2333333333333267,0,1,0,84.12092813849449,9.860610961914063e-06,194,1,0
112,15,54,0,0,1,9.82227052961077,"[0.0, 9.82227052961077]",9.82227052961077,8.571428571428571,9.82227052961077,3.2499999999999933,0,1,0,84.81100583076477,9.822270529610771e-06,195,1,0
112,16,50,0,0,1,9.714390890938896,"[0.0, 9.714390890938896]",9.714390890938896,8.571428571428571,9.714390890938896,3.2333333333333267,0,1,0,84.12067347764969,9.714390890938896e-06,194,1,0
112,17,63,0,0,1,9.691448211669922,"[0.0, 9.691448211669922]",9.691448211669922,8.571428571428571,9.691448211669922,3.2499999999999933,0,1,0,84.81110666692257,9.691448211669921e-06,195,1,0
112,18,56,0,0,1,9.640977042061943,"[0.0, 9.640977042061943]",9.640977042061943,8.571428571428571,9.640977042061943,3.21666666666666,0,1,0,83.43285812437534,9.640977042061944e-06,193,1,0
112,19,46,0,0,1,9.616186959402901,"[0.0, 9.616186959402901]",9.616186959402901,8.571428571428571,9.616186959402901,3.1999999999999935,0,1,0,82.74646891653538,9.6161869594029e-06,192,1,0
112,20,9,0,0,1,9.458026885986328,"[0.0, 9.458026885986328]",9.458026885986328,8.571428571428571,9.458026885986328,3.2333333333333267,0,1,0,84.12039484083652,9.458026885986328e-06,194,1,0
112,21,34,0,0,1,9.4558961050851,"[0.0, 9.4558961050851]",9.4558961050851,8.571428571428571,9.4558961050851,3.2333333333333267,0,1,0,84.12066076695919,9.4558961050851e-06,194,1,0
112,22,39,0,0,1,9.445367540631976,"[0.0, 9.445367540631976]",9.445367540631976,8.571428571428571,9.445367540631976,3.1999999999999935,0,1,0,82.73226633667946,9.445367540631976e-06,192,1,0
112,23,29,0,0,1,9.444432939801898,"[0.0, 9.444432939801898]",9.444432939801898,8.571428571428571,9.444432939801898,3.21666666666666,0,1,0,83.41831828653812,9.444432939801898e-06,193,1,0
112,24,45,0,0,1,9.24513408115932,"[0.0, 9.24513408115932]",9.24513408115932,8.571428571428571,9.24513408115932,3.3333333333333264,0,1,0,82.03268340229988,9.24513408115932e-06,200,1,0
112,25,41,0,0,1,9.208354949951172,"[0.0, 9.208354949951172]",9.208354949951172,8.571428571428571,9.208354949951172,3.133333333333327,0,1,0,80.02564270794392,9.208354949951171e-06,188,1,0
112,26,16,0,0,1,9.098194667271205,"[0.0, 9.098194667271205]",9.098194667271205,8.571428571428571,9.098194667271205,3.1499999999999937,0,1,0,80.70261357724667,9.098194667271205e-06,189,1,0
112,27,42,0,0,1,8.964636666434151,"[0.0, 8.964636666434151]",8.964636666434151,8.571428571428571,8.964636666434151,3.1499999999999937,0,1,0,80.62788890302181,8.964636666434151e-06,189,1,0
112,28,25,0,0,1,8.960920061383929,"[0.0, 8.960920061383929]",8.960920061383929,8.571428571428571,8.960920061383929,3.21666666666666,0,1,0,80.44299313426018,8.96092006138393e-06,193,1,0
112,29,55,0,0,1,8.947960989815847,"[0.0, 8.947960989815847]",8.947960989815847,8.571428571428571,8.947960989815847,3.133333333333327,0,1,0,79.74567505717278,8.947960989815846e-06,188,1,0
112,30,15,0,0,1,8.867111206054688,"[0.0, 8.867111206054688]",8.867111206054688,8.571428571428571,8.867111206054688,3.1499999999999937,0,1,0,80.70209275186062,8.867111206054688e-06,189,1,0
112,31,60,0,0,1,8.649439130510602,"[0.0, 8.649439130510602]",8.649439130510602,8.571428571428571,8.649439130510602,3.133333333333327,0,1,0,80.02601321041584,8.649439130510602e-06,188,1,0
112,32,14,0,0,1,8.516006469726562,"[0.0, 8.516006469726562]",8.516006469726562,5.714285714285714,8.516006469726562,3.099999999999994,0,1,0,78.62549652159214,8.516006469726562e-06,186,1,0
112,33,52,0,0,0,8.474461691720144,"[0.0, 8.474461691720144]",8.474461691720144,5.714285714285714,8.474461691720144,3.1499999999999937,0,1,0,78.80223114788532,8.474461691720144e-06,189,1,0
112,34,13,0,0,0,8.380639212472097,"[0.0, 8.380639212472097]",8.380639212472097,5.714285714285714,8.380639212472097,3.099999999999994,0,1,0,78.67879171669483,8.380639212472097e-06,186,1,0
112,35,19,0,0,0,8.32968030657087,"[0.0, 8.32968030657087]",8.32968030657087,5.714285714285714,8.32968030657087,3.099999999999994,0,1,0,78.67920997738838,8.32968030657087e-06,186,1,0
112,36,23,0,0,0,8.176155090332031,"[0.0, 8.176155090332031]",8.176155090332031,5.714285714285714,8.176155090332031,3.516666666666659,0,1,0,77.10920555889606,8.176155090332032e-06,211,1,0
112,37,17,0,0,0,7.878009251185826,"[0.0, 7.878009251185826]",7.878009251185826,5.714285714285714,7.878009251185826,3.0333333333333274,0,1,0,76.01337778568268,7.878009251185826e-06,182,1,0
112,38,59,0,0,0,7.647255488804408,"[0.0, 7.647255488804408]",7.647255488804408,5.714285714285714,7.647255488804408,2.9999999999999942,0,1,0,74.69327469170094,7.647255488804408e-06,180,1,0
112,39,28,0,0,0,7.223805018833705,"[0.0, 7.223805018833705]",7.223805018833705,5.714285714285714,7.223805018833705,2.916666666666661,0,1,0,71.43624310195446,7.2238050188337044e-06,175,1,0
112,40,12,0,0,0,7.142857142857142,"[0.0, 7.142857142857142]",7.142857142857142,5.714285714285714,7.142857142857142,2.833333333333328,0,1,0,67.61695452034473,7.142857142857143e-06,170,1,0
112,41,18,0,0,0,7.142857142857142,"[0.0, 7.142857142857142]",7.142857142857142,5.714285714285714,7.142857142857142,2.7833333333333283,0,1,0,66.34654831886292,7.142857142857143e-06,167,1,0
112,42,38,0,0,0,7.142857142857142,"[0.0, 7.142857142857142]",7.142857142857142,5.714285714285714,7.142857142857142,2.883333333333328,0,1,0,70.14941093325615,7.142857142857143e-06,173,1,0
112,43,49,0,0,0,5.706667218889509,"[0.0, 5.706667218889509]",5.706667218889509,2.857142857142857,5.706667218889509,2.33333333333333,0,1,0,50.31720085442066,5.7066672188895085e-06,140,1,0
112,44,11,0,0,0,5.6689943586077005,"[0.0, 5.6689943586077005]",5.6689943586077005,2.857142857142857,5.6689943586077005,2.3166666666666633,0,1,0,49.7534961104393,5.668994358607701e-06,139,1,0
112,45,62,0,0,0,5.513125828334264,"[0.0, 5.513125828334264]",5.513125828334264,2.857142857142857,5.513125828334264,2.2666666666666635,0,1,0,48.09839649498463,5.513125828334264e-06,136,1,0
112,46,58,0,0,0,5.507420131138393,"[0.0, 5.507420131138393]",5.507420131138393,2.857142857142857,5.507420131138393,2.28333333333333,0,1,0,47.68181622028351,5.507420131138394e-06,137,1,0
112,47,53,0,0,0,5.492036002022879,"[0.0, 5.492036002022879]",5.492036002022879,2.857142857142857,5.492036002022879,2.249999999999997,0,1,0,47.54963456094265,5.492036002022879e-06,135,1,0
112,48,33,0,0,0,5.46912602015904,"[0.0, 5.46912602015904]",5.46912602015904,2.857142857142857,5.46912602015904,2.249999999999997,0,1,0,47.54954965412617,5.4691260201590396e-06,135,1,0
112,49,22,0,0,0,5.3801727294921875,"[0.0, 5.3801727294921875]",5.3801727294921875,2.857142857142857,5.3801727294921875,2.2166666666666637,0,1,0,46.460550144314766,5.380172729492187e-06,133,1,0
112,50,57,0,0,0,5.349633353097098,"[0.0, 5.349633353097098]",5.349633353097098,2.857142857142857,5.349633353097098,6.183333333333317,0,1,0,45.0599191002766,5.349633353097098e-06,371,1,0
112,51,43,0,0,0,5.286690848214286,"[0.0, 5.286690848214286]",5.286690848214286,2.857142857142857,5.286690848214286,2.1833333333333305,0,1,0,45.38222938776016,5.286690848214285e-06,131,1,0
112,52,35,0,0,0,5.146756853376115,"[0.0, 5.146756853376115]",5.146756853376115,2.857142857142857,5.146756853376115,2.1333333333333306,0,1,0,43.78358103334904,5.146756853376115e-06,128,1,0
112,53,31,0,0,0,5.121209280831474,"[0.0, 5.121209280831474]",5.121209280831474,2.857142857142857,5.121209280831474,3.3166666666666598,0,1,0,44.10315816104412,5.121209280831474e-06,199,1,0
112,54,10,0,0,0,4.9949863978794635,"[0.0, 4.9949863978794635]",4.9949863978794635,2.857142857142857,4.9949863978794635,3.016666666666661,0,1,0,42.197362668812275,4.9949863978794634e-06,181,1,0
112,55,27,0,0,0,4.925673348563058,"[0.0, 4.925673348563058]",4.925673348563058,2.857142857142857,4.925673348563058,2.0499999999999976,0,1,0,41.11992405354977,4.925673348563058e-06,123,1,0
112,56,40,0,0,0,4.765635899135045,"[0.0, 4.765635899135045]",4.765635899135045,2.857142857142857,4.765635899135045,1.9999999999999978,0,1,0,39.637650176882744,4.7656358991350455e-06,120,1,0
112,57,48,0,0,0,4.722627912248885,"[0.0, 4.722627912248885]",4.722627912248885,2.857142857142857,4.722627912248885,1.9833333333333312,0,1,0,39.1309620141983,4.7226279122488845e-06,119,1,0
112,58,61,0,0,0,4.573931012834821,"[0.0, 4.573931012834821]",4.573931012834821,2.857142857142857,4.573931012834821,1.9333333333333313,0,1,0,37.62810952961445,4.573931012834821e-06,116,1,0
112,59,32,0,0,0,4.436781747000558,"[0.0, 4.436781747000558]",4.436781747000558,2.857142857142857,4.436781747000558,1.8833333333333315,0,1,0,36.15009796619415,4.436781747000558e-06,113,1,0
112,60,20,0,0,0,2.1118763514927457,"[0.0, 2.1118763514927457]",2.1118763514927457,0.0,2.1118763514927457,5.016666666666654,0,1,0,7.705702084756922,2.1118763514927457e-06,301,1,0
112,61,47,0,0,0,2.111680167061942,"[0.0, 2.111680167061942]",2.111680167061942,0.0,2.111680167061942,5.016666666666654,0,1,0,7.705926245718729,2.111680167061942e-06,301,1,0
112,62,24,0,0,0,2.1116583687918524,"[0.0, 2.1116583687918524]",2.1116583687918524,0.0,2.1116583687918524,5.016666666666654,0,1,0,7.705835334956646,2.1116583687918524e-06,301,1,0
112,63,30,0,0,0,1.8756375994001115,"[0.0, 1.8756375994001115]",1.8756375994001115,0.0,1.8756375994001115,5.016666666666654,0,1,0,5.147774527664296,1.8756375994001115e-06,301,1,0
112,64,44,0,0,0,1.8746185302734375,"[0.0, 1.8746185302734375]",1.8746185302734375,0.0,1.8746185302734375,5.016666666666654,0,1,0,5.175663830479607,1.8746185302734376e-06,301,1,0
113,1,0,0,1,1,14.422514779227122,"[0.0, 14.422514779227122]",14.422514779227122,14.285714285714285,14.422514779227122,6.133333333333317,0,1,0,126.39056049287319,1.442251477922712e-05,368,1,0
113,2,48,0,1,1,14.028489249093193,"[0.0, 14.028489249093193]",14.028489249093193,11.428571428571429,14.028489249093193,7.583333333333312,0,1,0,129.81400351971388,1.4028489249093192e-05,455,1,0
113,3,1,0,1,1,11.501966203962054,"[0.0, 11.501966203962054]",11.501966203962054,11.428571428571429,11.501966203962054,5.733333333333318,0,1,0,98.66476927697659,1.1501966203962054e-05,344,1,0
113,4,2,0,1,1,11.213038308279854,"[0.0, 11.213038308279854]",11.213038308279854,8.571428571428571,11.213038308279854,4.9166666666666545,0,1,0,96.52963899075985,1.1213038308279853e-05,295,1,0
113,5,53,0,1,1,11.17020743233817,"[0.0, 11.17020743233817]",11.17020743233817,8.571428571428571,11.17020743233817,3.4999999999999925,0,1,0,95.43221010267735,1.117020743233817e-05,210,1,0
113,6,19,0,1,1,11.060259682791573,"[0.0, 11.060259682791573]",11.060259682791573,8.571428571428571,11.060259682791573,3.4666666666666592,0,1,0,93.98714064061642,1.1060259682791572e-05,208,1,0
113,7,3,0,1,1,10.775091988699776,"[0.0, 10.775091988699776]",10.775091988699776,8.571428571428571,10.775091988699776,3.4166666666666594,0,1,0,91.83649580180645,1.0775091988699777e-05,205,1,0
113,8,4,0,1,1,10.764320918491908,"[0.0, 10.764320918491908]",10.764320918491908,8.571428571428571,10.764320918491908,3.399999999999993,0,1,0,91.12437000870705,1.0764320918491909e-05,204,1,0
113,9,60,0,0,1,10.7317624773298,"[0.0, 10.7317624773298]",10.7317624773298,8.571428571428571,10.7317624773298,3.6166666666666587,0,1,0,90.78831559419632,1.07317624773298e-05,217,1,0
113,10,5,0,0,1,10.728094918387276,"[0.0, 10.728094918387276]",10.728094918387276,8.571428571428571,10.728094918387276,3.399999999999993,0,1,0,91.12449645996094,1.0728094918387276e-05,204,1,0
113,11,6,0,0,1,10.653637477329799,"[0.0, 10.653637477329799]",10.653637477329799,8.571428571428571,10.653637477329799,3.383333333333326,0,1,0,90.11768504977226,1.0653637477329798e-05,203,1,0
113,12,7,0,0,1,10.583610534667969,"[0.0, 10.583610534667969]",10.583610534667969,8.571428571428571,10.583610534667969,3.3666666666666596,0,1,0,89.70567783713341,1.058361053466797e-05,202,1,0
113,13,50,0,0,1,10.570763179234095,"[0.0, 10.570763179234095]",10.570763179234095,8.571428571428571,10.570763179234095,3.3666666666666596,0,1,0,89.70585323870182,1.0570763179234095e-05,202,1,0
113,14,18,0,0,1,10.38740975516183,"[0.0, 10.38740975516183]",10.38740975516183,8.571428571428571,10.38740975516183,3.3666666666666596,0,1,0,88.5558834373951,1.038740975516183e-05,202,1,0
113,15,20,0,0,1,10.091274806431363,"[0.0, 10.091274806431363]",10.091274806431363,8.571428571428571,10.091274806431363,3.26666666666666,0,1,0,85.23691533505917,1.0091274806431363e-05,196,1,0
113,16,10,0,0,1,10.046773638044085,"[0.0, 10.046773638044085]",10.046773638044085,8.571428571428571,10.046773638044085,3.2499999999999933,0,1,0,84.81094901263714,1.0046773638044086e-05,195,1,0
113,17,24,0,0,1,9.990452357700892,"[0.0, 9.990452357700892]",9.990452357700892,8.571428571428571,9.990452357700892,3.2833333333333266,0,1,0,86.19860984385014,9.990452357700893e-06,197,1,0
113,18,30,0,0,1,9.824248722621373,"[0.0, 9.824248722621373]",9.824248722621373,8.571428571428571,9.824248722621373,3.2333333333333267,0,1,0,84.12050822377205,9.824248722621373e-06,194,1,0
113,19,32,0,0,1,9.751674107142858,"[0.0, 9.751674107142858]",9.751674107142858,8.571428571428571,9.751674107142858,3.26666666666666,0,1,0,85.50387285649776,9.751674107142858e-06,196,1,0
113,20,56,0,0,1,9.636459350585938,"[0.0, 9.636459350585938]",9.636459350585938,8.571428571428571,9.636459350585938,3.21666666666666,0,1,0,83.43264408409595,9.636459350585937e-06,193,1,0
113,21,37,0,0,1,9.585925510951451,"[0.0, 9.585925510951451]",9.585925510951451,8.571428571428571,9.585925510951451,3.2499999999999933,0,1,0,84.81100496649742,9.585925510951452e-06,195,1,0
113,22,34,0,0,1,9.565252576555524,"[0.0, 9.565252576555524]",9.565252576555524,8.571428571428571,9.565252576555524,3.21666666666666,0,1,0,83.43287324905396,9.565252576555524e-06,193,1,0
113,23,14,0,0,1,9.294212886265345,"[0.0, 9.294212886265345]",9.294212886265345,8.571428571428571,9.294212886265345,3.1999999999999935,0,1,0,82.74662441015244,9.294212886265346e-06,192,1,0
113,24,44,0,0,1,9.206671033586774,"[0.0, 9.206671033586774]",9.206671033586774,8.571428571428571,9.206671033586774,3.1666666666666603,0,1,0,81.38179549574852,9.206671033586774e-06,190,1,0
113,25,12,0,0,1,8.968663896833148,"[0.0, 8.968663896833148]",8.968663896833148,8.571428571428571,8.968663896833148,3.183333333333327,0,1,0,81.39637584984303,8.968663896833148e-06,191,1,0
113,26,29,0,0,1,8.836307525634766,"[0.0, 8.836307525634766]",8.836307525634766,8.571428571428571,8.836307525634766,3.1166666666666605,0,1,0,79.35131461918354,8.836307525634765e-06,187,1,0
113,27,40,0,0,1,8.811097826276507,"[0.0, 8.811097826276507]",8.811097826276507,8.571428571428571,8.811097826276507,3.1666666666666603,0,1,0,81.381591796875,8.811097826276508e-06,190,1,0
113,28,27,0,0,1,8.635226658412389,"[0.0, 8.635226658412389]",8.635226658412389,8.571428571428571,8.635226658412389,3.1166666666666605,0,1,0,79.35094048082829,8.635226658412389e-06,187,1,0
113,29,35,0,0,1,8.610948835100446,"[0.0, 8.610948835100446]",8.610948835100446,8.571428571428571,8.610948835100446,3.1166666666666605,0,1,0,79.35131794214249,8.610948835100446e-06,187,1,0
113,30,41,0,0,1,8.518995557512556,"[0.0, 8.518995557512556]",8.518995557512556,5.714285714285714,8.518995557512556,3.1166666666666605,0,1,0,79.3513897806406,8.518995557512555e-06,187,1,0
113,31,51,0,0,1,8.455895015171595,"[0.0, 8.455895015171595]",8.455895015171595,5.714285714285714,8.455895015171595,3.099999999999994,0,1,0,78.67930603027344,8.455895015171596e-06,186,1,0
113,32,16,0,0,1,8.425859723772323,"[0.0, 8.425859723772323]",8.425859723772323,5.714285714285714,8.425859723772323,3.099999999999994,0,1,0,78.67877106368542,8.425859723772323e-06,186,1,0
113,33,38,0,0,0,8.305952889578682,"[0.0, 8.305952889578682]",8.305952889578682,5.714285714285714,8.305952889578682,3.1166666666666605,0,1,0,79.35135562717915,8.305952889578682e-06,187,1,0
113,34,22,0,0,0,8.222075871058873,"[0.0, 8.222075871058873]",8.222075871058873,5.714285714285714,8.222075871058873,3.099999999999994,0,1,0,78.67893494665623,8.222075871058873e-06,186,1,0
113,35,13,0,0,0,8.193018777029854,"[0.0, 8.193018777029854]",8.193018777029854,5.714285714285714,8.193018777029854,3.133333333333327,0,1,0,76.68433026969433,8.193018777029854e-06,188,1,0
113,36,9,0,0,0,8.142618451799667,"[0.0, 8.142618451799667]",8.142618451799667,5.714285714285714,8.142618451799667,3.0666666666666607,0,1,0,77.34103347361088,8.142618451799666e-06,184,1,0
113,37,49,0,0,0,7.81348637172154,"[0.0, 7.81348637172154]",7.81348637172154,5.714285714285714,7.81348637172154,3.049999999999994,0,1,0,75.39318673312664,7.81348637172154e-06,183,1,0
113,38,54,0,0,0,7.803284781319754,"[0.0, 7.803284781319754]",7.803284781319754,5.714285714285714,7.803284781319754,3.0333333333333274,0,1,0,76.01237453520298,7.803284781319755e-06,182,1,0
113,39,26,0,0,0,7.798292977469308,"[0.0, 7.798292977469308]",7.798292977469308,5.714285714285714,7.798292977469308,2.9999999999999942,0,1,0,74.6937210559845,7.798292977469309e-06,180,1,0
113,40,57,0,0,0,7.7259962899344305,"[0.0, 7.7259962899344305]",7.7259962899344305,5.714285714285714,7.7259962899344305,3.0333333333333274,0,1,0,76.01297202706337,7.72599628993443e-06,182,1,0
113,41,58,0,0,0,7.670892987932477,"[0.0, 7.670892987932477]",7.670892987932477,5.714285714285714,7.670892987932477,2.9999999999999942,0,1,0,74.69368204474449,7.670892987932478e-06,180,1,0
113,42,8,0,0,0,7.142857142857142,"[0.0, 7.142857142857142]",7.142857142857142,5.714285714285714,7.142857142857142,2.7333333333333285,0,1,0,64.47772136330605,7.142857142857143e-06,164,1,0
113,43,23,0,0,0,7.142857142857142,"[0.0, 7.142857142857142]",7.142857142857142,5.714285714285714,7.142857142857142,2.883333333333328,0,1,0,70.03800749778748,7.142857142857143e-06,173,1,0
113,44,36,0,0,0,7.142857142857142,"[0.0, 7.142857142857142]",7.142857142857142,5.714285714285714,7.142857142857142,2.8666666666666614,0,1,0,69.50986586511135,7.142857142857143e-06,172,1,0
113,45,55,0,0,0,7.142857142857142,"[0.0, 7.142857142857142]",7.142857142857142,5.714285714285714,7.142857142857142,2.8666666666666614,0,1,0,69.50970216095448,7.142857142857143e-06,172,1,0
113,46,46,0,0,0,5.816950116838727,"[0.0, 5.816950116838727]",5.816950116838727,5.714285714285714,5.816950116838727,2.366666666666663,0,1,0,51.442544147372246,5.816950116838727e-06,142,1,0
113,47,15,0,0,0,5.740454537527902,"[0.0, 5.740454537527902]",5.740454537527902,5.714285714285714,5.740454537527902,2.33333333333333,0,1,0,50.317483097314835,5.7404545375279015e-06,140,1,0
113,48,43,0,0,0,5.702394757952009,"[0.0, 5.702394757952009]",5.702394757952009,2.857142857142857,5.702394757952009,2.3166666666666633,0,1,0,49.758853286504745,5.7023947579520085e-06,139,1,0
113,49,11,0,0,0,5.60044424874442,"[0.0, 5.60044424874442]",5.60044424874442,2.857142857142857,5.60044424874442,6.333333333333316,0,1,0,47.9606425154052,5.60044424874442e-06,380,1,0
113,50,59,0,0,0,5.439921787806919,"[0.0, 5.439921787806919]",5.439921787806919,2.857142857142857,5.439921787806919,2.2333333333333303,0,1,0,47.00399677455425,5.439921787806919e-06,134,1,0
113,51,33,0,0,0,5.428641183035714,"[0.0, 5.428641183035714]",5.428641183035714,2.857142857142857,5.428641183035714,2.2333333333333303,0,1,0,47.003735929727554,5.428641183035714e-06,134,1,0
113,52,61,0,0,0,5.412052699497768,"[0.0, 5.412052699497768]",5.412052699497768,2.857142857142857,5.412052699497768,2.2333333333333303,0,1,0,46.515891551971436,5.412052699497768e-06,134,1,0
113,53,39,0,0,0,5.254740033830915,"[0.0, 5.254740033830915]",5.254740033830915,2.857142857142857,5.254740033830915,2.166666666666664,0,1,0,44.84692558646202,5.254740033830915e-06,130,1,0
113,54,63,0,0,0,5.073607308523996,"[0.0, 5.073607308523996]",5.073607308523996,2.857142857142857,5.073607308523996,3.433333333333326,0,1,0,42.93196003884077,5.073607308523996e-06,206,1,0
113,55,52,0,0,0,5.058413914271764,"[0.0, 5.058413914271764]",5.058413914271764,2.857142857142857,5.058413914271764,2.0999999999999974,0,1,0,42.73116673529148,5.058413914271764e-06,126,1,0
113,56,28,0,0,0,5.000098092215402,"[0.0, 5.000098092215402]",5.000098092215402,2.857142857142857,5.000098092215402,2.0999999999999974,0,1,0,42.33060237765312,5.000098092215402e-06,126,1,0
113,57,62,0,0,0,4.905041285923549,"[0.0, 4.905041285923549]",4.905041285923549,2.857142857142857,4.905041285923549,2.0499999999999976,0,1,0,41.17242377996445,4.905041285923548e-06,123,1,0
113,58,45,0,0,0,4.852954319545201,"[0.0, 4.852954319545201]",4.852954319545201,2.857142857142857,4.852954319545201,2.033333333333331,0,1,0,40.658326864242554,4.852954319545201e-06,122,1,0
113,59,21,0,0,0,4.742546081542969,"[0.0, 4.742546081542969]",4.742546081542969,2.857142857142857,4.742546081542969,2.633333333333329,0,1,0,39.664811596274376,4.742546081542969e-06,158,1,0
113,60,25,0,0,0,4.715145656040737,"[0.0, 4.715145656040737]",4.715145656040737,2.857142857142857,4.715145656040737,1.9833333333333312,0,1,0,39.131071999669075,4.715145656040737e-06,119,1,0
113,61,17,0,0,0,4.661908830915178,"[0.0, 4.661908830915178]",4.661908830915178,2.857142857142857,4.661908830915178,1.9666666666666646,0,1,0,38.62770442664623,4.661908830915178e-06,118,1,0
113,62,42,0,0,0,4.481419154575892,"[0.0, 4.481419154575892]",4.481419154575892,2.857142857142857,4.481419154575892,1.8999999999999981,0,1,0,36.64015354216099,4.481419154575892e-06,114,1,0
113,63,31,0,0,0,1.9211251395089286,"[0.0, 1.9211251395089286]",1.9211251395089286,0.0,1.9211251395089286,5.016666666666654,0,1,0,5.5780296771845315,1.9211251395089287e-06,301,1,0
113,64,47,0,0,0,1.8758283342633928,"[0.0, 1.8758283342633928]",1.8758283342633928,0.0,1.8758283342633928,5.016666666666654,0,1,0,5.173514557653107,1.8758283342633927e-06,301,1,0
114,1,0,0,1,1,14.422514779227122,"[0.0, 14.422514779227122]",14.422514779227122,14.285714285714285,14.422514779227122,6.133333333333317,0,1,0,126.39056049287319,1.442251477922712e-05,368,1,0
114,2,1,0,1,1,14.028489249093193,"[0.0, 14.028489249093193]",14.028489249093193,11.428571428571429,14.028489249093193,7.583333333333312,0,1,0,129.81400351971388,1.4028489249093192e-05,455,1,0
114,3,2,0,1,1,11.501966203962054,"[0.0, 11.501966203962054]",11.501966203962054,11.428571428571429,11.501966203962054,5.733333333333318,0,1,0,98.66476927697659,1.1501966203962054e-05,344,1,0
114,4,3,0,1,1,11.213038308279854,"[0.0, 11.213038308279854]",11.213038308279854,8.571428571428571,11.213038308279854,4.9166666666666545,0,1,0,96.52963899075985,1.1213038308279853e-05,295,1,0
114,5,4,0,1,1,11.17020743233817,"[0.0, 11.17020743233817]",11.17020743233817,8.571428571428571,11.17020743233817,3.4999999999999925,0,1,0,95.43221010267735,1.117020743233817e-05,210,1,0
114,6,43,0,1,1,11.086905343191965,"[0.0, 11.086905343191965]",11.086905343191965,8.571428571428571,11.086905343191965,3.9166666666666576,0,1,0,94.83372013270855,1.1086905343191966e-05,235,1,0
114,7,5,0,1,1,11.060259682791573,"[0.0, 11.060259682791573]",11.060259682791573,8.571428571428571,11.060259682791573,3.4666666666666592,0,1,0,93.98714064061642,1.1060259682791572e-05,208,1,0
114,8,6,0,1,1,10.775091988699776,"[0.0, 10.775091988699776]",10.775091988699776,8.571428571428571,10.775091988699776,3.4166666666666594,0,1,0,91.83649580180645,1.0775091988699777e-05,205,1,0
114,9,7,0,0,1,10.764320918491908,"[0.0, 10.764320918491908]",10.764320918491908,8.571428571428571,10.764320918491908,3.399999999999993,0,1,0,91.12437000870705,1.0764320918491909e-05,204,1,0
114,10,49,0,0,1,10.610307965959821,"[0.0, 10.610307965959821]",10.610307965959821,8.571428571428571,10.610307965959821,3.383333333333326,0,1,0,90.41387702524662,1.0610307965959822e-05,203,1,0
114,11,55,0,0,1,10.546853201729911,"[0.0, 10.546853201729911]",10.546853201729911,8.571428571428571,10.546853201729911,3.383333333333326,0,1,0,90.41400550305843,1.0546853201729911e-05,203,1,0
114,12,9,0,0,1,10.443237849644252,"[0.0, 10.443237849644252]",10.443237849644252,8.571428571428571,10.443237849644252,3.383333333333326,0,1,0,90.41441528499126,1.0443237849644251e-05,203,1,0
114,13,62,0,0,1,10.401772090366908,"[0.0, 10.401772090366908]",10.401772090366908,8.571428571428571,10.401772090366908,3.349999999999993,0,1,0,89.00026553869247,1.0401772090366909e-05,201,1,0
114,14,33,0,0,1,10.375289916992188,"[0.0, 10.375289916992188]",10.375289916992188,8.571428571428571,10.375289916992188,3.3333333333333264,0,1,0,88.29580394923687,1.0375289916992187e-05,200,1,0
114,15,14,0,0,1,10.209925515311106,"[0.0, 10.209925515311106]",10.209925515311106,8.571428571428571,10.209925515311106,3.299999999999993,0,1,0,86.89605467021465,1.0209925515311107e-05,198,1,0
114,16,38,0,0,1,10.181149074009486,"[0.0, 10.181149074009486]",10.181149074009486,8.571428571428571,10.181149074009486,3.2833333333333266,0,1,0,86.19822166860104,1.0181149074009486e-05,197,1,0
114,17,37,0,0,1,10.113015856061663,"[0.0, 10.113015856061663]",10.113015856061663,8.571428571428571,10.113015856061663,3.299999999999993,0,1,0,86.89575199782848,1.0113015856061663e-05,198,1,0
114,18,18,0,0,1,10.070667266845703,"[0.0, 10.070667266845703]",10.070667266845703,8.571428571428571,10.070667266845703,3.399999999999993,0,1,0,87.63400445878506,1.0070667266845704e-05,204,1,0
114,19,45,0,0,1,10.023250579833984,"[0.0, 10.023250579833984]",10.023250579833984,8.571428571428571,10.023250579833984,3.2833333333333266,0,1,0,86.19845843315125,1.0023250579833984e-05,197,1,0
114,20,30,0,0,1,9.918365478515625,"[0.0, 9.918365478515625]",9.918365478515625,8.571428571428571,9.918365478515625,3.349999999999993,0,1,0,85.55750307440758,9.918365478515625e-06,201,1,0
114,21,48,0,0,1,9.898313794817243,"[0.0, 9.898313794817243]",9.898313794817243,8.571428571428571,9.898313794817243,3.26666666666666,0,1,0,85.50382116436958,9.898313794817242e-06,196,1,0
114,22,39,0,0,1,9.609097072056363,"[0.0, 9.609097072056363]",9.609097072056363,8.571428571428571,9.609097072056363,3.2333333333333267,0,1,0,84.12059345841408,9.609097072056364e-06,194,1,0
114,23,44,0,0,1,9.54674584524972,"[0.0, 9.54674584524972]",9.54674584524972,8.571428571428571,9.54674584524972,3.21666666666666,0,1,0,83.43287691473961,9.54674584524972e-06,193,1,0
114,24,11,0,0,1,9.489675249372208,"[0.0, 9.489675249372208]",9.489675249372208,8.571428571428571,9.489675249372208,3.21666666666666,0,1,0,82.59261894226074,9.489675249372209e-06,193,1,0
114,25,59,0,0,1,9.324986594063896,"[0.0, 9.324986594063896]",9.324986594063896,8.571428571428571,9.324986594063896,3.1999999999999935,0,1,0,82.74649742245674,9.324986594063896e-06,192,1,0
114,26,15,0,0,1,9.311951228550502,"[0.0, 9.311951228550502]",9.311951228550502,8.571428571428571,9.311951228550502,3.183333333333327,0,1,0,82.06304337084293,9.311951228550502e-06,191,1,0
114,27,29,0,0,1,9.248499189104354,"[0.0, 9.248499189104354]",9.248499189104354,8.571428571428571,9.248499189104354,3.183333333333327,0,1,0,82.06302051246166,9.248499189104354e-06,191,1,0
114,28,58,0,0,1,9.195104326520648,"[0.0, 9.195104326520648]",9.195104326520648,8.571428571428571,9.195104326520648,3.1666666666666603,0,1,0,81.3819400370121,9.195104326520648e-06,190,1,0
114,29,53,0,0,1,9.146853855678014,"[0.0, 9.146853855678014]",9.146853855678014,8.571428571428571,9.146853855678014,3.1499999999999937,0,1,0,80.70258492231369,9.146853855678013e-06,189,1,0
114,30,13,0,0,1,9.044393811907087,"[0.0, 9.044393811907087]",9.044393811907087,8.571428571428571,9.044393811907087,3.1666666666666603,0,1,0,81.38167181611061,9.044393811907087e-06,190,1,0
114,31,63,0,0,1,9.027938842773438,"[0.0, 9.027938842773438]",9.027938842773438,8.571428571428571,9.027938842773438,3.1666666666666603,0,1,0,81.38175213336945,9.027938842773438e-06,190,1,0
114,32,54,0,0,1,8.935876573835099,"[0.0, 8.935876573835099]",8.935876573835099,8.571428571428571,8.935876573835099,3.1666666666666603,0,1,0,81.38148680329323,8.935876573835099e-06,190,1,0
114,33,17,0,0,0,8.906399863106863,"[0.0, 8.906399863106863]",8.906399863106863,8.571428571428571,8.906399863106863,3.183333333333327,0,1,0,82.0631293207407,8.906399863106863e-06,191,1,0
114,34,25,0,0,0,8.878304617745536,"[0.0, 8.878304617745536]",8.878304617745536,8.571428571428571,8.878304617745536,3.183333333333327,0,1,0,82.06306643784046,8.878304617745537e-06,191,1,0
114,35,60,0,0,0,8.410788944789342,"[0.0, 8.410788944789342]",8.410788944789342,5.714285714285714,8.410788944789342,3.099999999999994,0,1,0,78.67881473898888,8.410788944789341e-06,186,1,0
114,36,28,0,0,0,8.367413112095425,"[0.0, 8.367413112095425]",8.367413112095425,5.714285714285714,8.367413112095425,3.0833333333333273,0,1,0,78.00929595530033,8.367413112095425e-06,185,1,0
114,37,40,0,0,0,8.029030391148158,"[0.0, 8.029030391148158]",8.029030391148158,5.714285714285714,8.029030391148158,3.0666666666666607,0,1,0,77.34148541092873,8.029030391148157e-06,184,1,0
114,38,52,0,0,0,7.949796404157366,"[0.0, 7.949796404157366]",7.949796404157366,5.714285714285714,7.949796404157366,3.016666666666661,0,1,0,75.35201574862003,7.949796404157367e-06,181,1,0
114,39,36,0,0,0,7.879682268415178,"[0.0, 7.879682268415178]",7.879682268415178,5.714285714285714,7.879682268415178,3.0333333333333274,0,1,0,76.01272948086262,7.879682268415177e-06,182,1,0
114,40,47,0,0,0,7.815320151192802,"[0.0, 7.815320151192802]",7.815320151192802,5.714285714285714,7.815320151192802,3.016666666666661,0,1,0,75.35193866491318,7.815320151192802e-06,181,1,0
114,41,35,0,0,0,7.142857142857142,"[0.0, 7.142857142857142]",7.142857142857142,5.714285714285714,7.142857142857142,2.8666666666666614,0,1,0,69.00147092342377,7.142857142857143e-06,172,1,0
114,42,61,0,0,0,7.142857142857142,"[0.0, 7.142857142857142]",7.142857142857142,5.714285714285714,7.142857142857142,2.833333333333328,0,1,0,66.16817159950733,7.142857142857143e-06,170,1,0
114,43,46,0,0,0,5.7082366943359375,"[0.0, 5.7082366943359375]",5.7082366943359375,2.857142857142857,5.7082366943359375,2.3166666666666633,0,1,0,49.7587716281414,5.708236694335938e-06,139,1,0
114,44,16,0,0,0,5.490640912737165,"[0.0, 5.490640912737165]",5.490640912737165,2.857142857142857,5.490640912737165,3.6166666666666587,0,1,0,47.79728972911835,5.490640912737165e-06,217,1,0
114,45,50,0,0,0,5.465834481375558,"[0.0, 5.465834481375558]",5.465834481375558,2.857142857142857,5.465834481375558,2.249999999999997,0,1,0,47.54963618516922,5.465834481375558e-06,135,1,0
114,46,57,0,0,0,5.431671142578125,"[0.0, 5.431671142578125]",5.431671142578125,2.857142857142857,5.431671142578125,2.2333333333333303,0,1,0,47.00410136580467,5.431671142578125e-06,134,1,0
114,47,21,0,0,0,5.342374529157366,"[0.0, 5.342374529157366]",5.342374529157366,2.857142857142857,5.342374529157366,2.199999999999997,0,1,0,45.92001821100712,5.342374529157366e-06,132,1,0
114,48,24,0,0,0,5.243007114955358,"[0.0, 5.243007114955358]",5.243007114955358,2.857142857142857,5.243007114955358,2.166666666666664,0,1,0,44.84661629796028,5.243007114955357e-06,130,1,0
114,49,51,0,0,0,5.185219900948661,"[0.0, 5.185219900948661]",5.185219900948661,2.857142857142857,5.185219900948661,2.1333333333333306,0,1,0,43.78369760513306,5.1852199009486605e-06,128,1,0
114,50,42,0,0,0,5.042255946568081,"[0.0, 5.042255946568081]",5.042255946568081,2.857142857142857,5.042255946568081,2.0999999999999974,0,1,0,42.731440395116806,5.0422559465680805e-06,126,1,0
114,51,26,0,0,0,5.038572038922991,"[0.0, 5.038572038922991]",5.038572038922991,2.857142857142857,5.038572038922991,2.0999999999999974,0,1,0,42.7312588095665,5.038572038922991e-06,126,1,0
114,52,20,0,0,0,4.657734462193081,"[0.0, 4.657734462193081]",4.657734462193081,2.857142857142857,4.657734462193081,1.9666666666666646,0,1,0,38.62764644622803,4.6577344621930805e-06,118,1,0
114,53,22,0,0,0,4.619238717215401,"[0.0, 4.619238717215401]",4.619238717215401,2.857142857142857,4.619238717215401,1.949999999999998,0,1,0,38.12665122747421,4.619238717215401e-06,117,1,0
114,54,8,0,0,0,4.526972089494977,"[0.0, 4.526972089494977]",4.526972089494977,2.857142857142857,4.526972089494977,1.9166666666666647,0,1,0,37.13279293477535,4.526972089494977e-06,115,1,0
114,55,41,0,0,0,1.9085529872349332,"[0.0, 1.9085529872349332]",1.9085529872349332,0.0,1.9085529872349332,5.016666666666654,0,1,0,5.565719163569156,1.908552987234933e-06,301,1,0
114,56,19,0,0,0,1.908520289829799,"[0.0, 1.908520289829799]",1.908520289829799,0.0,1.908520289829799,5.016666666666654,0,1,0,5.565910457691643,1.908520289829799e-06,301,1,0
114,57,32,0,0,0,1.8924113682338168,"[0.0, 1.8924113682338168]",1.8924113682338168,0.0,1.8924113682338168,5.016666666666654,0,1,0,5.267114352725912,1.892411368233817e-06,301,1,0
114,58,10,0,0,0,1.8758283342633928,"[0.0, 1.8758283342633928]",1.8758283342633928,0.0,1.8758283342633928,5.016666666666654,0,1,0,5.173501377168577,1.8758283342633927e-06,301,1,0
114,59,12,0,0,0,1.8758283342633928,"[0.0, 1.8758283342633928]",1.8758283342633928,0.0,1.8758283342633928,5.016666666666654,0,1,0,5.173421006067656,1.8758283342633927e-06,301,1,0
114,60,23,0,0,0,1.8758283342633928,"[0.0, 1.8758283342633928]",1.8758283342633928,0.0,1.8758283342633928,5.016666666666654,0,1,0,5.173566823708825,1.8758283342633927e-06,301,1,0
114,61,56,0,0,0,1.875817435128348,"[0.0, 1.875817435128348]",1.875817435128348,0.0,1.875817435128348,5.016666666666654,0,1,0,5.173540488292929,1.875817435128348e-06,301,1,0
114,62,34,0,0,0,1.875697544642857,"[0.0, 1.875697544642857]",1.875697544642857,0.0,1.875697544642857,5.016666666666654,0,1,0,5.174894366587978,1.875697544642857e-06,301,1,0
114,63,31,0,0,0,1.8756920950753346,"[0.0, 1.8756920950753346]",1.8756920950753346,0.0,1.8756920950753346,5.016666666666654,0,1,0,5.175134482560679,1.8756920950753346e-06,301,1,0
114,64,27,0,0,0,1.865779331752232,"[0.0, 1.865779331752232]",1.865779331752232,0.0,1.865779331752232,5.016666666666654,0,1,0,5.187958243506728,1.865779331752232e-06,301,1,0
115,1,0,0,1,1,14.422514779227122,"[0.0, 14.422514779227122]",14.422514779227122,14.285714285714285,14.422514779227122,6.133333333333317,0,1,0,126.39056049287319,1.442251477922712e-05,368,1,0
115,2,1,0,1,1,14.028489249093193,"[0.0, 14.028489249093193]",14.028489249093193,11.428571428571429,14.028489249093193,7.583333333333312,0,1,0,129.81400351971388,1.4028489249093192e-05,455,1,0
115,3,48,0,1,1,13.549445016043526,"[0.0, 13.549445016043526]",13.549445016043526,11.428571428571429,13.549445016043526,6.483333333333316,0,1,0,121.74654677510262,1.3549445016043527e-05,389,1,0
115,4,2,0,1,1,11.501966203962054,"[0.0, 11.501966203962054]",11.501966203962054,11.428571428571429,11.501966203962054,5.733333333333318,0,1,0,98.66476927697659,1.1501966203962054e-05,344,1,0
115,5,3,0,1,1,11.213038308279854,"[0.0, 11.213038308279854]",11.213038308279854,8.571428571428571,11.213038308279854,4.9166666666666545,0,1,0,96.52963899075985,1.1213038308279853e-05,295,1,0
115,6,4,0,1,1,11.17020743233817,"[0.0, 11.17020743233817]",11.17020743233817,8.571428571428571,11.17020743233817,3.4999999999999925,0,1,0,95.43221010267735,1.117020743233817e-05,210,1,0
115,7,5,0,1,1,11.086905343191965,"[0.0, 11.086905343191965]",11.086905343191965,8.571428571428571,11.086905343191965,3.9166666666666576,0,1,0,94.83372013270855,1.1086905343191966e-05,235,1,0
115,8,6,0,1,1,11.060259682791573,"[0.0, 11.060259682791573]",11.060259682791573,8.571428571428571,11.060259682791573,3.4666666666666592,0,1,0,93.98714064061642,1.1060259682791572e-05,208,1,0
115,9,7,0,0,1,10.775091988699776,"[0.0, 10.775091988699776]",10.775091988699776,8.571428571428571,10.775091988699776,3.4166666666666594,0,1,0,91.83649580180645,1.0775091988699777e-05,205,1,0
115,10,39,0,0,1,10.733473641531809,"[0.0, 10.733473641531809]",10.733473641531809,8.571428571428571,10.733473641531809,3.399999999999993,0,1,0,91.12431448698044,1.073347364153181e-05,204,1,0
115,11,29,0,0,1,10.504202161516464,"[0.0, 10.504202161516464]",10.504202161516464,8.571428571428571,10.504202161516464,3.383333333333326,0,1,0,90.41374212503433,1.0504202161516463e-05,203,1,0
115,12,30,0,0,1,10.345330919538226,"[0.0, 10.345330919538226]",10.345330919538226,8.571428571428571,10.345330919538226,3.5499999999999923,0,1,0,89.2887746244669,1.0345330919538225e-05,213,1,0
115,13,33,0,0,1,10.1828738621303,"[0.0, 10.1828738621303]",10.1828738621303,8.571428571428571,10.1828738621303,3.983333333333324,0,1,0,88.47105745971203,1.01828738621303e-05,239,1,0
115,14,46,0,0,1,10.173301696777344,"[0.0, 10.173301696777344]",10.173301696777344,8.571428571428571,10.173301696777344,3.299999999999993,0,1,0,86.89530885219574,1.0173301696777343e-05,198,1,0
115,15,18,0,0,1,10.06002698625837,"[0.0, 10.06002698625837]",10.06002698625837,8.571428571428571,10.06002698625837,3.299999999999993,0,1,0,86.89572675526142,1.006002698625837e-05,198,1,0
115,16,43,0,0,1,9.919112069266182,"[0.0, 9.919112069266182]",9.919112069266182,8.571428571428571,9.919112069266182,3.26666666666666,0,1,0,85.5035198032856,9.919112069266183e-06,196,1,0
115,17,25,0,0,1,9.731369018554688,"[0.0, 9.731369018554688]",9.731369018554688,8.571428571428571,9.731369018554688,3.2833333333333266,0,1,0,86.19817353785038,9.731369018554687e-06,197,1,0
115,18,10,0,0,1,9.55878938947405,"[0.0, 9.55878938947405]",9.55878938947405,8.571428571428571,9.55878938947405,3.2333333333333267,0,1,0,84.12063273787498,9.55878938947405e-06,194,1,0
115,19,53,0,0,1,9.433155059814453,"[0.0, 9.433155059814453]",9.433155059814453,8.571428571428571,9.433155059814453,3.2333333333333267,0,1,0,82.93388167023659,9.433155059814453e-06,194,1,0
115,20,51,0,0,1,9.431378500802175,"[0.0, 9.431378500802175]",9.431378500802175,8.571428571428571,9.431378500802175,3.21666666666666,0,1,0,83.43242152035236,9.431378500802176e-06,193,1,0
115,21,63,0,0,1,9.356918334960938,"[0.0, 9.356918334960938]",9.356918334960938,8.571428571428571,9.356918334960938,3.183333333333327,0,1,0,82.06310400366783,9.356918334960937e-06,191,1,0
115,22,22,0,0,1,9.201335906982422,"[0.0, 9.201335906982422]",9.201335906982422,8.571428571428571,9.201335906982422,3.1666666666666603,0,1,0,80.9904193431139,9.201335906982423e-06,190,1,0
115,23,21,0,0,1,9.186812809535436,"[0.0, 9.186812809535436]",9.186812809535436,8.571428571428571,9.186812809535436,3.1999999999999935,0,1,0,82.74618197977543,9.186812809535435e-06,192,1,0
115,24,35,0,0,1,9.075652531215123,"[0.0, 9.075652531215123]",9.075652531215123,8.571428571428571,9.075652531215123,3.1666666666666603,0,1,0,81.38167062401772,9.075652531215123e-06,190,1,0
115,25,31,0,0,1,8.938350677490234,"[0.0, 8.938350677490234]",8.938350677490234,8.571428571428571,8.938350677490234,3.1666666666666603,0,1,0,81.38162903487682,8.938350677490235e-06,190,1,0
115,26,52,0,0,1,8.84138652256557,"[0.0, 8.84138652256557]",8.84138652256557,8.571428571428571,8.84138652256557,3.133333333333327,0,1,0,80.02575023472309,8.841386522565569e-06,188,1,0
115,27,8,0,0,1,8.487952096121653,"[0.0, 8.487952096121653]",8.487952096121653,5.714285714285714,8.487952096121653,3.1666666666666603,0,1,0,79.3588574975729,8.487952096121652e-06,190,1,0
115,28,27,0,0,1,8.255884987967354,"[0.0, 8.255884987967354]",8.255884987967354,5.714285714285714,8.255884987967354,3.0666666666666607,0,1,0,77.34138955175877,8.255884987967354e-06,184,1,0
115,29,9,0,0,1,8.22702407836914,"[0.0, 8.22702407836914]",8.22702407836914,5.714285714285714,8.22702407836914,3.0666666666666607,0,1,0,77.34139868617058,8.22702407836914e-06,184,1,0
115,30,62,0,0,1,8.006698063441684,"[0.0, 8.006698063441684]",8.006698063441684,5.714285714285714,8.006698063441684,3.0833333333333273,0,1,0,78.00923889875412,8.006698063441684e-06,185,1,0
115,31,45,0,0,1,7.792979649135044,"[0.0, 7.792979649135044]",7.792979649135044,5.714285714285714,7.792979649135044,3.016666666666661,0,1,0,75.35226407647133,7.792979649135045e-06,181,1,0
115,32,20,0,0,1,7.650372641427176,"[0.0, 7.650372641427176]",7.650372641427176,5.714285714285714,7.650372641427176,2.9999999999999942,0,1,0,74.69362051784992,7.650372641427175e-06,180,1,0
115,33,15,0,0,0,7.508711133684431,"[0.0, 7.508711133684431]",7.508711133684431,5.714285714285714,7.508711133684431,2.966666666666661,0,1,0,73.38385008275509,7.508711133684432e-06,178,1,0
115,34,50,0,0,0,7.142857142857142,"[0.0, 7.142857142857142]",7.142857142857142,5.714285714285714,7.142857142857142,2.7833333333333283,0,1,0,66.3466529250145,7.142857142857143e-06,167,1,0
115,35,58,0,0,0,7.142857142857142,"[0.0, 7.142857142857142]",7.142857142857142,5.714285714285714,7.142857142857142,2.7666666666666617,0,1,0,65.72110585868359,7.142857142857143e-06,166,1,0
115,36,49,0,0,0,5.933516366141183,"[0.0, 5.933516366141183]",5.933516366141183,5.714285714285714,5.933516366141183,2.416666666666663,0,1,0,53.14916235208511,5.933516366141183e-06,145,1,0
115,37,38,0,0,0,5.8135768345424115,"[0.0, 5.8135768345424115]",5.8135768345424115,5.714285714285714,5.8135768345424115,3.6999999999999917,0,1,0,51.8689576536417,5.813576834542411e-06,222,1,0
115,38,47,0,0,0,5.653675624302455,"[0.0, 5.653675624302455]",5.653675624302455,2.857142857142857,5.653675624302455,3.4666666666666592,0,1,0,49.85186018049717,5.6536756243024546e-06,208,1,0
115,39,57,0,0,0,5.6195068359375,"[0.0, 5.6195068359375]",5.6195068359375,2.857142857142857,5.6195068359375,2.2999999999999967,0,1,0,49.202784061431885,5.6195068359375e-06,138,1,0
115,40,17,0,0,0,5.495027814592634,"[0.0, 5.495027814592634]",5.495027814592634,2.857142857142857,5.495027814592634,2.249999999999997,0,1,0,47.54962944984436,5.495027814592634e-06,135,1,0
115,41,11,0,0,0,5.477556501116072,"[0.0, 5.477556501116072]",5.477556501116072,2.857142857142857,5.477556501116072,2.249999999999997,0,1,0,47.549530282616615,5.477556501116072e-06,135,1,0
115,42,36,0,0,0,5.460036141531808,"[0.0, 5.460036141531808]",5.460036141531808,2.857142857142857,5.460036141531808,2.2666666666666635,0,1,0,47.46677580475807,5.460036141531808e-06,136,1,0
115,43,23,0,0,0,5.283355712890625,"[0.0, 5.283355712890625]",5.283355712890625,2.857142857142857,5.283355712890625,2.1833333333333305,0,1,0,45.382019355893135,5.283355712890625e-06,131,1,0
115,44,14,0,0,0,5.280113220214844,"[0.0, 5.280113220214844]",5.280113220214844,2.857142857142857,5.280113220214844,2.1833333333333305,0,1,0,45.38215456902981,5.280113220214844e-06,131,1,0
115,45,59,0,0,0,5.185514177594866,"[0.0, 5.185514177594866]",5.185514177594866,2.857142857142857,5.185514177594866,2.1499999999999972,0,1,0,44.3139454126358,5.185514177594866e-06,129,1,0
115,46,60,0,0,0,5.18364497593471,"[0.0, 5.18364497593471]",5.18364497593471,2.857142857142857,5.18364497593471,2.1499999999999972,0,1,0,44.31372249126434,5.18364497593471e-06,129,1,0
115,47,55,0,0,0,5.17556871686663,"[0.0, 5.17556871686663]",5.17556871686663,2.857142857142857,5.17556871686663,2.1499999999999972,0,1,0,44.31389185786247,5.17556871686663e-06,129,1,0
115,48,16,0,0,0,4.99678475516183,"[0.0, 4.99678475516183]",4.99678475516183,2.857142857142857,4.99678475516183,2.083333333333331,0,1,0,42.20869994163513,4.99678475516183e-06,125,1,0
115,49,54,0,0,0,4.988316127232143,"[0.0, 4.988316127232143]",4.988316127232143,2.857142857142857,4.988316127232143,2.083333333333331,0,1,0,42.20909059047699,4.988316127232143e-06,125,1,0
115,50,24,0,0,0,4.908202035086495,"[0.0, 4.908202035086495]",4.908202035086495,2.857142857142857,4.908202035086495,2.633333333333329,0,1,0,41.60736636817455,4.9082020350864945e-06,158,1,0
115,51,42,0,0,0,4.8584474836077005,"[0.0, 4.8584474836077005]",4.8584474836077005,2.857142857142857,4.8584474836077005,2.8166666666666615,0,1,0,40.73025980591774,4.858447483607701e-06,169,1,0
115,52,26,0,0,0,4.846316746303014,"[0.0, 4.846316746303014]",4.846316746303014,2.857142857142857,4.846316746303014,2.033333333333331,0,1,0,40.657944202423096,4.846316746303014e-06,122,1,0
115,53,13,0,0,0,4.797902788434709,"[0.0, 4.797902788434709]",4.797902788434709,2.857142857142857,4.797902788434709,2.0166666666666644,0,1,0,40.14660704135895,4.797902788434709e-06,121,1,0
115,54,32,0,0,0,4.603413173130581,"[0.0, 4.603413173130581]",4.603413173130581,2.857142857142857,4.603413173130581,2.916666666666661,0,1,0,38.18542769551277,4.60341317313058e-06,175,1,0
115,55,56,0,0,0,4.571920122419085,"[0.0, 4.571920122419085]",4.571920122419085,2.857142857142857,4.571920122419085,1.9333333333333313,0,1,0,37.628286853432655,4.571920122419085e-06,116,1,0
115,56,44,0,0,0,2.744293212890625,"[0.0, 2.744293212890625]",2.744293212890625,0.0,2.744293212890625,5.016666666666654,0,1,0,14.787344734970247,2.744293212890625e-06,301,1,0
115,57,34,0,0,0,2.736712864467076,"[0.0, 2.736712864467076]",2.736712864467076,0.0,2.736712864467076,20.71666666666677,0,1,0,200.0959223820828,2.736712864467076e-06,1243,1,0
115,58,28,0,0,0,1.890226091657366,"[0.0, 1.890226091657366]",1.890226091657366,0.0,1.890226091657366,5.016666666666654,0,1,0,5.22511602108716,1.8902260916573662e-06,301,1,0
115,59,40,0,0,0,1.8758610316685267,"[0.0, 1.8758610316685267]",1.8758610316685267,0.0,1.8758610316685267,5.016666666666654,0,1,0,5.183197585458402,1.8758610316685268e-06,301,1,0
115,60,37,0,0,0,1.8758283342633928,"[0.0, 1.8758283342633928]",1.8758283342633928,0.0,1.8758283342633928,5.016666666666654,0,1,0,5.173440048645716,1.8758283342633927e-06,301,1,0
115,61,19,0,0,0,1.8754359654017856,"[0.0, 1.8754359654017856]",1.8754359654017856,0.0,1.8754359654017856,5.016666666666654,0,1,0,5.175303595780861,1.8754359654017856e-06,301,1,0
115,62,41,0,0,0,1.8750272478376115,"[0.0, 1.8750272478376115]",1.8750272478376115,0.0,1.8750272478376115,5.016666666666654,0,1,0,5.175390329910442,1.8750272478376115e-06,301,1,0
115,63,61,0,0,0,1.8750108991350447,"[0.0, 1.8750108991350447]",1.8750108991350447,0.0,1.8750108991350447,5.016666666666654,0,1,0,5.175145107670687,1.8750108991350447e-06,301,1,0
115,64,12,0,0,0,1.8715504237583707,"[0.0, 1.8715504237583707]",1.8715504237583707,0.0,1.8715504237583707,5.016666666666654,0,1,0,5.182580959255574,1.8715504237583707e-06,301,1,0
116,1,0,0,1,1,14.422514779227122,"[0.0, 14.422514779227122]",14.422514779227122,14.285714285714285,14.422514779227122,6.133333333333317,0,1,0,126.39056049287319,1.442251477922712e-05,368,1,0
116,2,1,0,1,1,14.028489249093193,"[0.0, 14.028489249093193]",14.028489249093193,11.428571428571429,14.028489249093193,7.583333333333312,0,1,0,129.81400351971388,1.4028489249093192e-05,455,1,0
116,3,2,0,1,1,13.549445016043526,"[0.0, 13.549445016043526]",13.549445016043526,11.428571428571429,13.549445016043526,6.483333333333316,0,1,0,121.74654677510262,1.3549445016043527e-05,389,1,0
116,4,3,0,1,1,11.501966203962054,"[0.0, 11.501966203962054]",11.501966203962054,11.428571428571429,11.501966203962054,5.733333333333318,0,1,0,98.66476927697659,1.1501966203962054e-05,344,1,0
116,5,4,0,1,1,11.213038308279854,"[0.0, 11.213038308279854]",11.213038308279854,8.571428571428571,11.213038308279854,4.9166666666666545,0,1,0,96.52963899075985,1.1213038308279853e-05,295,1,0
116,6,5,0,1,1,11.17020743233817,"[0.0, 11.17020743233817]",11.17020743233817,8.571428571428571,11.17020743233817,3.4999999999999925,0,1,0,95.43221010267735,1.117020743233817e-05,210,1,0
116,7,6,0,1,1,11.086905343191965,"[0.0, 11.086905343191965]",11.086905343191965,8.571428571428571,11.086905343191965,3.9166666666666576,0,1,0,94.83372013270855,1.1086905343191966e-05,235,1,0
116,8,7,0,1,1,11.060259682791573,"[0.0, 11.060259682791573]",11.060259682791573,8.571428571428571,11.060259682791573,3.4666666666666592,0,1,0,93.98714064061642,1.1060259682791572e-05,208,1,0
116,9,57,0,0,1,10.76713834490095,"[0.0, 10.76713834490095]",10.76713834490095,8.571428571428571,10.76713834490095,3.4166666666666594,0,1,0,91.83699595928192,1.076713834490095e-05,205,1,0
116,10,14,0,0,1,10.661329541887556,"[0.0, 10.661329541887556]",10.661329541887556,8.571428571428571,10.661329541887556,3.399999999999993,0,1,0,91.12411665916443,1.0661329541887556e-05,204,1,0
116,11,63,0,0,1,10.392706734793526,"[0.0, 10.392706734793526]",10.392706734793526,8.571428571428571,10.392706734793526,3.3333333333333264,0,1,0,88.29578498005867,1.0392706734793526e-05,200,1,0
116,12,39,0,0,1,10.326818738664901,"[0.0, 10.326818738664901]",10.326818738664901,8.571428571428571,10.326818738664901,3.349999999999993,0,1,0,88.99994222819805,1.03268187386649e-05,201,1,0
116,13,23,0,0,1,10.246124267578125,"[0.0, 10.246124267578125]",10.246124267578125,8.571428571428571,10.246124267578125,3.3333333333333264,0,1,0,87.96729436516762,1.0246124267578125e-05,200,1,0
116,14,54,0,0,1,10.117577144077845,"[0.0, 10.117577144077845]",10.117577144077845,8.571428571428571,10.117577144077845,3.299999999999993,0,1,0,86.89575472474098,1.0117577144077846e-05,198,1,0
116,15,30,0,0,1,10.09573255266462,"[0.0, 10.09573255266462]",10.09573255266462,8.571428571428571,10.09573255266462,3.9166666666666576,0,1,0,86.90846601128578,1.009573255266462e-05,235,1,0
116,16,50,0,0,1,10.035754612513951,"[0.0, 10.035754612513951]",10.035754612513951,8.571428571428571,10.035754612513951,3.2833333333333266,0,1,0,86.19847886264324,1.0035754612513951e-05,197,1,0
116,17,28,0,0,1,10.002220698765345,"[0.0, 10.002220698765345]",10.002220698765345,8.571428571428571,10.002220698765345,3.299999999999993,0,1,0,86.22741749882698,1.0002220698765346e-05,198,1,0
116,18,20,0,0,1,9.998008183070592,"[0.0, 9.998008183070592]",9.998008183070592,8.571428571428571,9.998008183070592,3.3166666666666598,0,1,0,87.5947796702385,9.998008183070591e-06,199,1,0
116,19,60,0,0,1,9.905820574079241,"[0.0, 9.905820574079241]",9.905820574079241,8.571428571428571,9.905820574079241,3.26666666666666,0,1,0,85.50337964296341,9.905820574079242e-06,196,1,0
116,20,35,0,0,1,9.799270629882812,"[0.0, 9.799270629882812]",9.799270629882812,8.571428571428571,9.799270629882812,4.983333333333321,0,1,0,85.36187270283699,9.799270629882813e-06,299,1,0
116,21,32,0,0,1,9.618748256138392,"[0.0, 9.618748256138392]",9.618748256138392,8.571428571428571,9.618748256138392,3.2499999999999933,0,1,0,84.81139032542706,9.618748256138392e-06,195,1,0
116,22,17,0,0,1,9.618077959333148,"[0.0, 9.618077959333148]",9.618077959333148,8.571428571428571,9.618077959333148,3.2333333333333267,0,1,0,84.12064312398434,9.618077959333147e-06,194,1,0
116,23,52,0,0,1,9.56040791102818,"[0.0, 9.56040791102818]",9.56040791102818,8.571428571428571,9.56040791102818,3.2499999999999933,0,1,0,84.67365127801895,9.56040791102818e-06,195,1,0
116,24,24,0,0,1,9.554634094238281,"[0.0, 9.554634094238281]",9.554634094238281,8.571428571428571,9.554634094238281,3.2333333333333267,0,1,0,84.12098397314548,9.554634094238282e-06,194,1,0
116,25,58,0,0,1,9.444945199148995,"[0.0, 9.444945199148995]",9.444945199148995,8.571428571428571,9.444945199148995,3.2499999999999933,0,1,0,84.81117084622383,9.444945199148994e-06,195,1,0
116,26,34,0,0,1,9.42983627319336,"[0.0, 9.42983627319336]",9.42983627319336,8.571428571428571,9.42983627319336,3.21666666666666,0,1,0,83.43278276920319,9.42983627319336e-06,193,1,0
116,27,42,0,0,1,9.417405809674944,"[0.0, 9.417405809674944]",9.417405809674944,8.571428571428571,9.417405809674944,3.21666666666666,0,1,0,83.43217450380325,9.417405809674945e-06,193,1,0
116,28,45,0,0,1,9.400716509137835,"[0.0, 9.400716509137835]",9.400716509137835,8.571428571428571,9.400716509137835,3.1999999999999935,0,1,0,82.74638582766056,9.400716509137835e-06,192,1,0
116,29,10,0,0,1,9.188545772007533,"[0.0, 9.188545772007533]",9.188545772007533,8.571428571428571,9.188545772007533,3.1999999999999935,0,1,0,82.74704179167747,9.188545772007532e-06,192,1,0
116,30,15,0,0,1,9.138104575020927,"[0.0, 9.138104575020927]",9.138104575020927,8.571428571428571,9.138104575020927,3.183333333333327,0,1,0,82.02969546616077,9.138104575020928e-06,191,1,0
116,31,43,0,0,1,9.000391278948102,"[0.0, 9.000391278948102]",9.000391278948102,8.571428571428571,9.000391278948102,3.183333333333327,0,1,0,82.0632075369358,9.000391278948102e-06,191,1,0
116,32,12,0,0,1,8.926666804722377,"[0.0, 8.926666804722377]",8.926666804722377,8.571428571428571,8.926666804722377,3.516666666666659,0,1,0,81.64836835861206,8.926666804722377e-06,211,1,0
116,33,56,0,0,0,8.87719018118722,"[0.0, 8.87719018118722]",8.87719018118722,8.571428571428571,8.87719018118722,3.1666666666666603,0,1,0,80.77045930922031,8.87719018118722e-06,190,1,0
116,34,26,0,0,0,8.694673265729632,"[0.0, 8.694673265729632]",8.694673265729632,8.571428571428571,8.694673265729632,3.1499999999999937,0,1,0,80.7025558501482,8.694673265729632e-06,189,1,0
116,35,62,0,0,0,8.541831970214844,"[0.0, 8.541831970214844]",8.541831970214844,5.714285714285714,8.541831970214844,3.1999999999999935,0,1,0,80.90336318314075,8.541831970214843e-06,192,1,0
116,36,46,0,0,0,8.53491919381278,"[0.0, 8.53491919381278]",8.53491919381278,5.714285714285714,8.53491919381278,3.133333333333327,0,1,0,80.0257266163826,8.534919193812779e-06,188,1,0
116,37,8,0,0,0,8.46228735787528,"[0.0, 8.46228735787528]",8.46228735787528,5.714285714285714,8.46228735787528,3.099999999999994,0,1,0,78.67901800572872,8.462287357875279e-06,186,1,0
116,38,59,0,0,0,8.382767268589566,"[0.0, 8.382767268589566]",8.382767268589566,5.714285714285714,8.382767268589566,3.099999999999994,0,1,0,78.67891092598438,8.382767268589565e-06,186,1,0
116,39,61,0,0,0,8.223672594342911,"[0.0, 8.223672594342911]",8.223672594342911,5.714285714285714,8.223672594342911,3.0833333333333273,0,1,0,77.3367067873478,8.223672594342911e-06,185,1,0
116,40,47,0,0,0,8.195054190499441,"[0.0, 8.195054190499441]",8.195054190499441,5.714285714285714,8.195054190499441,3.0666666666666607,0,1,0,77.3413924574852,8.195054190499441e-06,184,1,0
116,41,33,0,0,0,8.192190442766462,"[0.0, 8.192190442766462]",8.192190442766462,5.714285714285714,8.192190442766462,3.0833333333333273,0,1,0,78.00907362997532,8.192190442766461e-06,185,1,0
116,42,22,0,0,0,8.11095918927874,"[0.0, 8.11095918927874]",8.11095918927874,5.714285714285714,8.11095918927874,3.099999999999994,0,1,0,78.67876650393009,8.11095918927874e-06,186,1,0
116,43,51,0,0,0,8.039782387869698,"[0.0, 8.039782387869698]",8.039782387869698,5.714285714285714,8.039782387869698,3.133333333333327,0,1,0,80.02569906413555,8.039782387869698e-06,188,1,0
116,44,9,0,0,0,7.85095487322126,"[0.0, 7.85095487322126]",7.85095487322126,5.714285714285714,7.85095487322126,3.049999999999994,0,1,0,76.67617443203926,7.85095487322126e-06,183,1,0
116,45,18,0,0,0,7.60568618774414,"[0.0, 7.60568618774414]",7.60568618774414,5.714285714285714,7.60568618774414,3.016666666666661,0,1,0,75.35211615264416,7.6056861877441395e-06,181,1,0
116,46,27,0,0,0,7.475035531180245,"[0.0, 7.475035531180245]",7.475035531180245,5.714285714285714,7.475035531180245,2.966666666666661,0,1,0,73.3837162554264,7.475035531180245e-06,178,1,0
116,47,11,0,0,0,7.142857142857142,"[0.0, 7.142857142857142]",7.142857142857142,5.714285714285714,7.142857142857142,2.749999999999995,0,1,0,65.09824234247208,7.142857142857143e-06,165,1,0
116,48,13,0,0,0,7.087315150669643,"[0.0, 7.087315150669643]",7.087315150669643,5.714285714285714,7.087315150669643,2.716666666666662,0,1,0,63.8592489361763,7.087315150669643e-06,163,1,0
116,49,53,0,0,0,5.872911725725446,"[0.0, 5.872911725725446]",5.872911725725446,5.714285714285714,5.872911725725446,2.3999999999999964,0,1,0,52.57751567661762,5.872911725725446e-06,144,1,0
116,50,41,0,0,0,5.707157679966518,"[0.0, 5.707157679966518]",5.707157679966518,2.857142857142857,5.707157679966518,2.33333333333333,0,1,0,50.31755903363228,5.7071576799665185e-06,140,1,0
116,51,21,0,0,0,5.563370840890067,"[0.0, 5.563370840890067]",5.563370840890067,2.857142857142857,5.563370840890067,2.28333333333333,0,1,0,48.649103567004204,5.5633708408900665e-06,137,1,0
116,52,40,0,0,0,5.483921595982142,"[0.0, 5.483921595982142]",5.483921595982142,2.857142857142857,5.483921595982142,2.249999999999997,0,1,0,47.549588054418564,5.483921595982142e-06,135,1,0
116,53,25,0,0,0,5.269263131277901,"[0.0, 5.269263131277901]",5.269263131277901,2.857142857142857,5.269263131277901,2.166666666666664,0,1,0,44.846709340810776,5.269263131277901e-06,130,1,0
116,54,31,0,0,0,5.182222638811384,"[0.0, 5.182222638811384]",5.182222638811384,2.857142857142857,5.182222638811384,2.249999999999997,0,1,0,44.34627069532871,5.182222638811383e-06,135,1,0
116,55,29,0,0,0,5.146549769810268,"[0.0, 5.146549769810268]",5.146549769810268,2.857142857142857,5.146549769810268,2.1333333333333306,0,1,0,43.78393520414829,5.1465497698102685e-06,128,1,0
116,56,48,0,0,0,4.945013863699776,"[0.0, 4.945013863699776]",4.945013863699776,2.857142857142857,4.945013863699776,2.066666666666664,0,1,0,41.68921332061291,4.945013863699776e-06,124,1,0
116,57,37,0,0,0,4.752567836216518,"[0.0, 4.752567836216518]",4.752567836216518,2.857142857142857,4.752567836216518,1.9999999999999978,0,1,0,39.63723485171795,4.752567836216518e-06,120,1,0
116,58,49,0,0,0,4.2039980207170755,"[0.0, 4.2039980207170755]",4.2039980207170755,2.857142857142857,4.2039980207170755,1.7999999999999985,0,1,0,33.74067375063896,4.203998020717075e-06,108,1,0
116,59,55,0,0,0,2.15872083391462,"[0.0, 2.15872083391462]",2.15872083391462,0.0,2.15872083391462,5.016666666666654,0,1,0,8.228431195981102,2.15872083391462e-06,301,1,0
116,60,19,0,0,0,2.111413138253348,"[0.0, 2.111413138253348]",2.111413138253348,0.0,2.111413138253348,5.016666666666654,0,1,0,7.705954898498021,2.1114131382533482e-06,301,1,0
116,61,16,0,0,0,1.8758283342633928,"[0.0, 1.8758283342633928]",1.8758283342633928,0.0,1.8758283342633928,5.016666666666654,0,1,0,5.173374874517322,1.8758283342633927e-06,301,1,0
116,62,38,0,0,0,1.8758065359933036,"[0.0, 1.8758065359933036]",1.8758065359933036,0.0,1.8758065359933036,5.016666666666654,0,1,0,5.173594636900816,1.8758065359933037e-06,301,1,0
116,63,44,0,0,0,1.8751362391880582,"[0.0, 1.8751362391880582]",1.8751362391880582,0.0,1.8751362391880582,5.016666666666654,0,1,0,5.174737875058781,1.8751362391880582e-06,301,1,0
116,64,36,0,0,0,1.8743351527622767,"[0.0, 1.8743351527622767]",1.8743351527622767,0.0,1.8743351527622767,5.016666666666654,0,1,0,5.175220816978253,1.8743351527622767e-06,301,1,0
117,1,0,0,1,1,14.422514779227122,"[0.0, 14.422514779227122]",14.422514779227122,14.285714285714285,14.422514779227122,6.133333333333317,0,1,0,126.39056049287319,1.442251477922712e-05,368,1,0
117,2,1,0,1,1,14.028489249093193,"[0.0, 14.028489249093193]",14.028489249093193,11.428571428571429,14.028489249093193,7.583333333333312,0,1,0,129.81400351971388,1.4028489249093192e-05,455,1,0
117,3,2,0,1,1,13.549445016043526,"[0.0, 13.549445016043526]",13.549445016043526,11.428571428571429,13.549445016043526,6.483333333333316,0,1,0,121.74654677510262,1.3549445016043527e-05,389,1,0
117,4,3,0,1,1,11.501966203962054,"[0.0, 11.501966203962054]",11.501966203962054,11.428571428571429,11.501966203962054,5.733333333333318,0,1,0,98.66476927697659,1.1501966203962054e-05,344,1,0
117,5,4,0,1,1,11.213038308279854,"[0.0, 11.213038308279854]",11.213038308279854,8.571428571428571,11.213038308279854,4.9166666666666545,0,1,0,96.52963899075985,1.1213038308279853e-05,295,1,0
117,6,5,0,1,1,11.17020743233817,"[0.0, 11.17020743233817]",11.17020743233817,8.571428571428571,11.17020743233817,3.4999999999999925,0,1,0,95.43221010267735,1.117020743233817e-05,210,1,0
117,7,34,0,1,1,11.115850721086774,"[0.0, 11.115850721086774]",11.115850721086774,8.571428571428571,11.115850721086774,6.666666666666648,0,1,0,102.77573303878307,1.1115850721086774e-05,400,1,0
117,8,6,0,1,1,11.086905343191965,"[0.0, 11.086905343191965]",11.086905343191965,8.571428571428571,11.086905343191965,3.9166666666666576,0,1,0,94.83372013270855,1.1086905343191966e-05,235,1,0
117,9,7,0,0,1,11.060259682791573,"[0.0, 11.060259682791573]",11.060259682791573,8.571428571428571,11.060259682791573,3.4666666666666592,0,1,0,93.98714064061642,1.1060259682791572e-05,208,1,0
117,10,13,0,0,1,10.917203085763113,"[0.0, 10.917203085763113]",10.917203085763113,8.571428571428571,10.917203085763113,3.433333333333326,0,1,0,92.55191753804684,1.0917203085763114e-05,206,1,0
117,11,8,0,0,1,10.892843518938337,"[0.0, 10.892843518938337]",10.892843518938337,8.571428571428571,10.892843518938337,3.6666666666666585,0,1,0,94.03602333366871,1.0892843518938336e-05,220,1,0
117,12,14,0,0,1,10.766617911202566,"[0.0, 10.766617911202566]",10.766617911202566,8.571428571428571,10.766617911202566,3.433333333333326,0,1,0,92.55097362399101,1.0766617911202565e-05,206,1,0
117,13,12,0,0,1,10.656375885009766,"[0.0, 10.656375885009766]",10.656375885009766,8.571428571428571,10.656375885009766,3.4166666666666594,0,1,0,91.83657090365887,1.0656375885009766e-05,205,1,0
117,14,26,0,0,1,10.49670900617327,"[0.0, 10.49670900617327]",10.49670900617327,8.571428571428571,10.49670900617327,3.7166666666666583,0,1,0,89.31010606884956,1.0496709006173271e-05,223,1,0
117,15,28,0,0,1,10.402518681117465,"[0.0, 10.402518681117465]",10.402518681117465,8.571428571428571,10.402518681117465,3.3333333333333264,0,1,0,88.00813573598862,1.0402518681117465e-05,200,1,0
117,16,32,0,0,1,10.30599866594587,"[0.0, 10.30599866594587]",10.30599866594587,8.571428571428571,10.30599866594587,3.516666666666659,0,1,0,90.37284651398659,1.030599866594587e-05,211,1,0
117,17,50,0,0,1,10.180538722446988,"[0.0, 10.180538722446988]",10.180538722446988,8.571428571428571,10.180538722446988,3.299999999999993,0,1,0,86.89562058448792,1.0180538722446988e-05,198,1,0
117,18,63,0,0,1,10.136830466134207,"[0.0, 10.136830466134207]",10.136830466134207,8.571428571428571,10.136830466134207,3.299999999999993,0,1,0,86.895453825593,1.0136830466134206e-05,198,1,0
117,19,39,0,0,1,10.065874372209821,"[0.0, 10.065874372209821]",10.065874372209821,8.571428571428571,10.065874372209821,3.3166666666666598,0,1,0,87.5946733802557,1.0065874372209821e-05,199,1,0
117,20,48,0,0,1,10.042787279401507,"[0.0, 10.042787279401507]",10.042787279401507,8.571428571428571,10.042787279401507,3.299999999999993,0,1,0,86.89540457725525,1.0042787279401506e-05,198,1,0
117,21,38,0,0,1,10.024642944335938,"[0.0, 10.024642944335938]",10.024642944335938,8.571428571428571,10.024642944335938,3.2833333333333266,0,1,0,86.1985719203949,1.0024642944335937e-05,197,1,0
117,22,44,0,0,1,9.959626879010882,"[0.0, 9.959626879010882]",9.959626879010882,8.571428571428571,9.959626879010882,3.3333333333333264,0,1,0,87.61450880765915,9.959626879010882e-06,200,1,0
117,23,58,0,0,1,9.927338191441129,"[0.0, 9.927338191441129]",9.927338191441129,8.571428571428571,9.927338191441129,3.349999999999993,0,1,0,87.40397883951664,9.927338191441128e-06,201,1,0
117,24,60,0,0,1,9.788322448730469,"[0.0, 9.788322448730469]",9.788322448730469,8.571428571428571,9.788322448730469,3.26666666666666,0,1,0,84.78441160917282,9.788322448730469e-06,196,1,0
117,25,23,0,0,1,9.671524592808314,"[0.0, 9.671524592808314]",9.671524592808314,8.571428571428571,9.671524592808314,3.2499999999999933,0,1,0,84.81114768981934,9.671524592808315e-06,195,1,0
117,26,24,0,0,1,9.632159641810826,"[0.0, 9.632159641810826]",9.632159641810826,8.571428571428571,9.632159641810826,3.2333333333333267,0,1,0,83.77563986182213,9.632159641810827e-06,194,1,0
117,27,11,0,0,1,9.62484359741211,"[0.0, 9.62484359741211]",9.62484359741211,8.571428571428571,9.62484359741211,3.2333333333333267,0,1,0,84.12070694565773,9.62484359741211e-06,194,1,0
117,28,18,0,0,1,9.483326503208705,"[0.0, 9.483326503208705]",9.483326503208705,8.571428571428571,9.483326503208705,3.2333333333333267,0,1,0,84.12018911540508,9.483326503208705e-06,194,1,0
117,29,35,0,0,1,9.47544915335519,"[0.0, 9.47544915335519]",9.47544915335519,8.571428571428571,9.47544915335519,3.21666666666666,0,1,0,83.43247212469578,9.47544915335519e-06,193,1,0
117,30,51,0,0,1,9.474566323416573,"[0.0, 9.474566323416573]",9.474566323416573,8.571428571428571,9.474566323416573,3.2333333333333267,0,1,0,83.22359612584114,9.474566323416572e-06,194,1,0
117,31,33,0,0,1,9.411190577915736,"[0.0, 9.411190577915736]",9.411190577915736,8.571428571428571,9.411190577915736,3.183333333333327,0,1,0,82.01977661252022,9.411190577915736e-06,191,1,0
117,32,53,0,0,1,9.316463470458984,"[0.0, 9.316463470458984]",9.316463470458984,8.571428571428571,9.316463470458984,3.1999999999999935,0,1,0,82.74674542248249,9.316463470458984e-06,192,1,0
117,33,19,0,0,0,9.235289437430245,"[0.0, 9.235289437430245]",9.235289437430245,8.571428571428571,9.235289437430245,3.1666666666666603,0,1,0,81.38163344562054,9.235289437430244e-06,190,1,0
117,34,31,0,0,0,9.228570120675224,"[0.0, 9.228570120675224]",9.228570120675224,8.571428571428571,9.228570120675224,3.1999999999999935,0,1,0,82.74658153951168,9.228570120675223e-06,192,1,0
117,35,29,0,0,0,8.914151872907366,"[0.0, 8.914151872907366]",8.914151872907366,8.571428571428571,8.914151872907366,3.1666666666666603,0,1,0,81.38164930045605,8.914151872907367e-06,190,1,0
117,36,40,0,0,0,8.581687382289342,"[0.0, 8.581687382289342]",8.581687382289342,8.571428571428571,8.581687382289342,3.1166666666666605,0,1,0,79.35113689303398,8.581687382289343e-06,187,1,0
117,37,45,0,0,0,8.56217793055943,"[0.0, 8.56217793055943]",8.56217793055943,5.714285714285714,8.56217793055943,3.3166666666666598,0,1,0,79.10732774436474,8.56217793055943e-06,199,1,0
117,38,62,0,0,0,8.44465800694057,"[0.0, 8.44465800694057]",8.44465800694057,5.714285714285714,8.44465800694057,3.1166666666666605,0,1,0,78.75202243030071,8.44465800694057e-06,187,1,0
117,39,54,0,0,0,8.389829908098493,"[0.0, 8.389829908098493]",8.389829908098493,5.714285714285714,8.389829908098493,3.0833333333333273,0,1,0,78.00923378765583,8.389829908098493e-06,185,1,0
117,40,59,0,0,0,8.12861578805106,"[0.0, 8.12861578805106]",8.12861578805106,5.714285714285714,8.12861578805106,3.0666666666666607,0,1,0,77.31207804381847,8.128615788051061e-06,184,1,0
117,41,37,0,0,0,8.069308144705637,"[0.0, 8.069308144705637]",8.069308144705637,5.714285714285714,8.069308144705637,3.0833333333333273,0,1,0,77.37420383095741,8.069308144705638e-06,185,1,0
117,42,22,0,0,0,7.74806158883231,"[0.0, 7.74806158883231]",7.74806158883231,5.714285714285714,7.74806158883231,3.3166666666666598,0,1,0,75.50978410243988,7.74806158883231e-06,199,1,0
117,43,49,0,0,0,7.512664794921875,"[0.0, 7.512664794921875]",7.512664794921875,5.714285714285714,7.512664794921875,2.9833333333333276,0,1,0,74.03747496008873,7.512664794921875e-06,179,1,0
117,44,25,0,0,0,7.124693734305246,"[0.0, 7.124693734305246]",7.124693734305246,5.714285714285714,7.124693734305246,2.7333333333333285,0,1,0,64.47741973400116,7.124693734305245e-06,164,1,0
117,45,41,0,0,0,6.280185154506139,"[0.0, 6.280185154506139]",6.280185154506139,5.714285714285714,6.280185154506139,2.4833333333333294,0,1,0,55.459706887602806,6.280185154506139e-06,149,1,0
117,46,56,0,0,0,5.932213919503349,"[0.0, 5.932213919503349]",5.932213919503349,5.714285714285714,5.932213919503349,2.416666666666663,0,1,0,53.148888140916824,5.932213919503349e-06,145,1,0
117,47,16,0,0,0,5.841996329171318,"[0.0, 5.841996329171318]",5.841996329171318,5.714285714285714,5.841996329171318,2.3833333333333298,0,1,0,52.008890718221664,5.841996329171317e-06,143,1,0
117,48,9,0,0,0,5.781822204589844,"[0.0, 5.781822204589844]",5.781822204589844,5.714285714285714,5.781822204589844,5.166666666666654,0,1,0,52.314622705453075,5.781822204589844e-06,310,1,0
117,49,42,0,0,0,5.696476527622768,"[0.0, 5.696476527622768]",5.696476527622768,2.857142857142857,5.696476527622768,2.3166666666666633,0,1,0,49.75886605679989,5.696476527622768e-06,139,1,0
117,50,47,0,0,0,5.651975359235491,"[0.0, 5.651975359235491]",5.651975359235491,2.857142857142857,5.651975359235491,2.3166666666666633,0,1,0,49.75868035852909,5.651975359235492e-06,139,1,0
117,51,55,0,0,0,5.642525809151786,"[0.0, 5.642525809151786]",5.642525809151786,2.857142857142857,5.642525809151786,2.2999999999999967,0,1,0,49.20259274542332,5.6425258091517854e-06,138,1,0
117,52,52,0,0,0,5.426183428083147,"[0.0, 5.426183428083147]",5.426183428083147,2.857142857142857,5.426183428083147,6.21666666666665,0,1,0,45.67021829642181,5.426183428083147e-06,373,1,0
117,53,57,0,0,0,5.369905744280134,"[0.0, 5.369905744280134]",5.369905744280134,2.857142857142857,5.369905744280134,2.2166666666666637,0,1,0,46.46093860268593,5.369905744280134e-06,133,1,0
117,54,20,0,0,0,5.2719606672014505,"[0.0, 5.2719606672014505]",5.2719606672014505,2.857142857142857,5.2719606672014505,2.1833333333333305,0,1,0,45.38198909163475,5.271960667201451e-06,131,1,0
117,55,30,0,0,0,5.046740940638951,"[0.0, 5.046740940638951]",5.046740940638951,2.857142857142857,5.046740940638951,2.0999999999999974,0,1,0,42.73122380673885,5.046740940638951e-06,126,1,0
117,56,46,0,0,0,4.989231654575893,"[0.0, 4.989231654575893]",4.989231654575893,2.857142857142857,4.989231654575893,2.083333333333331,0,1,0,42.208871603012085,4.989231654575893e-06,125,1,0
117,57,17,0,0,0,4.952267238071987,"[0.0, 4.952267238071987]",4.952267238071987,2.857142857142857,4.952267238071987,2.066666666666664,0,1,0,41.689384922385216,4.952267238071987e-06,124,1,0
117,58,61,0,0,0,4.7571291242327005,"[0.0, 4.7571291242327005]",4.7571291242327005,2.857142857142857,4.7571291242327005,2.466666666666663,0,1,0,39.759887889027596,4.7571291242327e-06,148,1,0
117,59,36,0,0,0,4.749962942940848,"[0.0, 4.749962942940848]",4.749962942940848,2.857142857142857,4.749962942940848,1.9999999999999978,0,1,0,39.637638092041016,4.7499629429408485e-06,120,1,0
117,60,27,0,0,0,4.567358834402901,"[0.0, 4.567358834402901]",4.567358834402901,2.857142857142857,4.567358834402901,1.9333333333333313,0,1,0,37.62893643975258,4.5673588344029014e-06,116,1,0
117,61,15,0,0,0,4.527631487165178,"[0.0, 4.527631487165178]",4.527631487165178,2.857142857142857,4.527631487165178,1.9166666666666647,0,1,0,37.132626339793205,4.527631487165178e-06,115,1,0
117,62,43,0,0,0,3.1581388201032365,"[0.0, 3.1581388201032365]",3.1581388201032365,2.857142857142857,3.1581388201032365,6.383333333333316,0,1,0,23.614199387251574,3.1581388201032365e-06,383,1,0
117,63,21,0,0,0,1.9404493059430803,"[0.0, 1.9404493059430803]",1.9404493059430803,0.0,1.9404493059430803,5.016666666666654,0,1,0,5.910435987803794,1.9404493059430802e-06,301,1,0
117,64,10,0,0,0,1.9085257393973214,"[0.0, 1.9085257393973214]",1.9085257393973214,0.0,1.9085257393973214,5.016666666666654,0,1,0,5.5657805450609885,1.9085257393973215e-06,301,1,0
118,1,0,0,1,1,14.422514779227122,"[0.0, 14.422514779227122]",14.422514779227122,14.285714285714285,14.422514779227122,6.133333333333317,0,1,0,126.39056049287319,1.442251477922712e-05,368,1,0
118,2,1,0,1,1,14.028489249093193,"[0.0, 14.028489249093193]",14.028489249093193,11.428571428571429,14.028489249093193,7.583333333333312,0,1,0,129.81400351971388,1.4028489249093192e-05,455,1,0
118,3,2,0,1,1,13.549445016043526,"[0.0, 13.549445016043526]",13.549445016043526,11.428571428571429,13.549445016043526,6.483333333333316,0,1,0,121.74654677510262,1.3549445016043527e-05,389,1,0
118,4,3,0,1,1,11.501966203962054,"[0.0, 11.501966203962054]",11.501966203962054,11.428571428571429,11.501966203962054,5.733333333333318,0,1,0,98.66476927697659,1.1501966203962054e-05,344,1,0
118,5,4,0,1,1,11.213038308279854,"[0.0, 11.213038308279854]",11.213038308279854,8.571428571428571,11.213038308279854,4.9166666666666545,0,1,0,96.52963899075985,1.1213038308279853e-05,295,1,0
118,6,38,0,1,1,11.200534275599889,"[0.0, 11.200534275599889]",11.200534275599889,8.571428571428571,11.200534275599889,4.133333333333324,0,1,0,95.49739231169224,1.120053427559989e-05,248,1,0
118,7,5,0,1,1,11.17020743233817,"[0.0, 11.17020743233817]",11.17020743233817,8.571428571428571,11.17020743233817,3.4999999999999925,0,1,0,95.43221010267735,1.117020743233817e-05,210,1,0
118,8,6,0,1,1,11.115850721086774,"[0.0, 11.115850721086774]",11.115850721086774,8.571428571428571,11.115850721086774,6.666666666666648,0,1,0,102.77573303878307,1.1115850721086774e-05,400,1,0
118,9,7,0,0,1,11.086905343191965,"[0.0, 11.086905343191965]",11.086905343191965,8.571428571428571,11.086905343191965,3.9166666666666576,0,1,0,94.83372013270855,1.1086905343191966e-05,235,1,0
118,10,31,0,0,1,10.542161124093193,"[0.0, 10.542161124093193]",10.542161124093193,8.571428571428571,10.542161124093193,3.3666666666666596,0,1,0,89.70623597502708,1.0542161124093192e-05,202,1,0
118,11,53,0,0,1,10.538360050746373,"[0.0, 10.538360050746373]",10.538360050746373,8.571428571428571,10.538360050746373,3.733333333333325,0,1,0,91.44291752576828,1.0538360050746374e-05,224,1,0
118,12,11,0,0,1,10.475515638078962,"[0.0, 10.475515638078962]",10.475515638078962,8.571428571428571,10.475515638078962,3.3666666666666596,0,1,0,89.70587004721165,1.0475515638078961e-05,202,1,0
118,13,25,0,0,1,10.372069222586495,"[0.0, 10.372069222586495]",10.372069222586495,8.571428571428571,10.372069222586495,3.3333333333333264,0,1,0,88.29643131792545,1.0372069222586495e-05,200,1,0
118,14,28,0,0,1,10.297486441476005,"[0.0, 10.297486441476005]",10.297486441476005,8.571428571428571,10.297486441476005,3.566666666666659,0,1,0,89.11902914941311,1.0297486441476006e-05,214,1,0
118,15,30,0,0,1,10.169108254568918,"[0.0, 10.169108254568918]",10.169108254568918,8.571428571428571,10.169108254568918,3.3166666666666598,0,1,0,87.56232134997845,1.016910825456892e-05,199,1,0
118,16,24,0,0,1,10.075819832938059,"[0.0, 10.075819832938059]",10.075819832938059,8.571428571428571,10.075819832938059,3.2833333333333266,0,1,0,86.19874879717827,1.007581983293806e-05,197,1,0
118,17,58,0,0,1,10.048847198486328,"[0.0, 10.048847198486328]",10.048847198486328,8.571428571428571,10.048847198486328,3.4499999999999926,0,1,0,87.67924179136753,1.0048847198486328e-05,207,1,0
118,18,44,0,0,1,9.623511178152903,"[0.0, 9.623511178152903]",9.623511178152903,8.571428571428571,9.623511178152903,3.2499999999999933,0,1,0,84.42579711973667,9.623511178152903e-06,195,1,0
118,19,45,0,0,1,9.592020852225168,"[0.0, 9.592020852225168]",9.592020852225168,8.571428571428571,9.592020852225168,3.2333333333333267,0,1,0,84.10614532232285,9.592020852225168e-06,194,1,0
118,20,41,0,0,1,9.375738416399274,"[0.0, 9.375738416399274]",9.375738416399274,8.571428571428571,9.375738416399274,3.6666666666666585,0,1,0,84.39130100607872,9.375738416399274e-06,220,1,0
118,21,50,0,0,1,9.30964606148856,"[0.0, 9.30964606148856]",9.30964606148856,8.571428571428571,9.30964606148856,3.21666666666666,0,1,0,83.4325143545866,9.30964606148856e-06,193,1,0
118,22,29,0,0,1,9.119742257254464,"[0.0, 9.119742257254464]",9.119742257254464,8.571428571428571,9.119742257254464,3.21666666666666,0,1,0,83.43256913125515,9.119742257254464e-06,193,1,0
118,23,52,0,0,1,9.030930655343191,"[0.0, 9.030930655343191]",9.030930655343191,8.571428571428571,9.030930655343191,3.1666666666666603,0,1,0,81.3817872852087,9.030930655343192e-06,190,1,0
118,24,9,0,0,1,8.977819170270648,"[0.0, 8.977819170270648]",8.977819170270648,8.571428571428571,8.977819170270648,3.1999999999999935,0,1,0,82.74662816524506,8.977819170270647e-06,192,1,0
118,25,27,0,0,1,8.57774189540318,"[0.0, 8.57774189540318]",8.57774189540318,8.571428571428571,8.57774189540318,3.1666666666666603,0,1,0,80.12841407954693,8.57774189540318e-06,190,1,0
118,26,12,0,0,1,8.545524052211215,"[0.0, 8.545524052211215]",8.545524052211215,5.714285714285714,8.545524052211215,3.133333333333327,0,1,0,80.025700122118,8.545524052211215e-06,188,1,0
118,27,57,0,0,1,8.425350189208984,"[0.0, 8.425350189208984]",8.425350189208984,5.714285714285714,8.425350189208984,3.1166666666666605,0,1,0,79.35105523467064,8.425350189208984e-06,187,1,0
118,28,26,0,0,1,8.369661058698382,"[0.0, 8.369661058698382]",8.369661058698382,5.714285714285714,8.369661058698382,3.1166666666666605,0,1,0,78.72775867581367,8.369661058698383e-06,187,1,0
118,29,10,0,0,1,8.326623099190849,"[0.0, 8.326623099190849]",8.326623099190849,5.714285714285714,8.326623099190849,9.633333333333391,0,1,0,68.74568423720484,8.326623099190848e-06,578,1,0
118,30,8,0,0,1,8.322816576276507,"[0.0, 8.322816576276507]",8.322816576276507,5.714285714285714,8.322816576276507,3.099999999999994,0,1,0,78.67892917990685,8.322816576276507e-06,186,1,0
118,31,51,0,0,1,8.20474624633789,"[0.0, 8.20474624633789]",8.20474624633789,5.714285714285714,8.20474624633789,5.13333333333332,0,1,0,79.62982762482716,8.204746246337891e-06,308,1,0
118,32,17,0,0,1,7.7160235813685825,"[0.0, 7.7160235813685825]",7.7160235813685825,5.714285714285714,7.7160235813685825,3.016666666666661,0,1,0,75.3520639538765,7.716023581368583e-06,181,1,0
118,33,40,0,0,0,7.6297133309500555,"[0.0, 7.6297133309500555]",7.6297133309500555,5.714285714285714,7.6297133309500555,2.9999999999999942,0,1,0,74.69380074739456,7.629713330950055e-06,180,1,0
118,34,56,0,0,0,7.500664847237723,"[0.0, 7.500664847237723]",7.500664847237723,5.714285714285714,7.500664847237723,2.9833333333333276,0,1,0,74.0369032472372,7.500664847237723e-06,179,1,0
118,35,35,0,0,0,7.142857142857142,"[0.0, 7.142857142857142]",7.142857142857142,5.714285714285714,7.142857142857142,2.8999999999999946,0,1,0,70.7919247597456,7.142857142857143e-06,174,1,0
118,36,49,0,0,0,6.680717468261718,"[0.0, 6.680717468261718]",6.680717468261718,5.714285714285714,6.680717468261718,2.633333333333329,0,1,0,59.62868359684944,6.680717468261718e-06,158,1,0
118,37,19,0,0,0,5.854982648577009,"[0.0, 5.854982648577009]",5.854982648577009,5.714285714285714,5.854982648577009,6.966666666666647,0,1,0,55.22733978400356,5.854982648577009e-06,418,1,0
118,38,15,0,0,0,5.770296369280134,"[0.0, 5.770296369280134]",5.770296369280134,5.714285714285714,5.770296369280134,2.3499999999999965,0,1,0,50.8790046274662,5.770296369280134e-06,141,1,0
118,39,60,0,0,0,5.719353812081474,"[0.0, 5.719353812081474]",5.719353812081474,5.714285714285714,5.719353812081474,2.33333333333333,0,1,0,50.317463994026184,5.719353812081474e-06,140,1,0
118,40,33,0,0,0,5.61553955078125,"[0.0, 5.61553955078125]",5.61553955078125,2.857142857142857,5.61553955078125,2.2999999999999967,0,1,0,49.20288521051407,5.61553955078125e-06,138,1,0
118,41,32,0,0,0,5.588934762137276,"[0.0, 5.588934762137276]",5.588934762137276,2.857142857142857,5.588934762137276,2.2666666666666635,0,1,0,48.09856627881527,5.588934762137276e-06,136,1,0
118,42,61,0,0,0,5.508629935128348,"[0.0, 5.508629935128348]",5.508629935128348,2.857142857142857,5.508629935128348,2.2666666666666635,0,1,0,48.09807029366493,5.508629935128348e-06,136,1,0
118,43,37,0,0,0,5.467502049037389,"[0.0, 5.467502049037389]",5.467502049037389,2.857142857142857,5.467502049037389,2.249999999999997,0,1,0,47.54983597993851,5.467502049037389e-06,135,1,0
118,44,23,0,0,0,5.465763636997767,"[0.0, 5.465763636997767]",5.465763636997767,2.857142857142857,5.465763636997767,2.249999999999997,0,1,0,47.550268560647964,5.465763636997768e-06,135,1,0
118,45,13,0,0,0,5.419436863490514,"[0.0, 5.419436863490514]",5.419436863490514,2.857142857142857,5.419436863490514,2.2333333333333303,0,1,0,47.00430811941624,5.419436863490514e-06,134,1,0
118,46,39,0,0,0,5.378832135881696,"[0.0, 5.378832135881696]",5.378832135881696,2.857142857142857,5.378832135881696,2.2166666666666637,0,1,0,46.46111634373665,5.378832135881696e-06,133,1,0
118,47,54,0,0,0,5.3767885480608255,"[0.0, 5.3767885480608255]",5.3767885480608255,2.857142857142857,5.3767885480608255,2.2166666666666637,0,1,0,46.46064351499081,5.376788548060826e-06,133,1,0
118,48,55,0,0,0,5.360532488141741,"[0.0, 5.360532488141741]",5.360532488141741,2.857142857142857,5.360532488141741,6.3166666666666496,0,1,0,46.425383318273816,5.3605324881417415e-06,379,1,0
118,49,18,0,0,0,5.323638916015625,"[0.0, 5.323638916015625]",5.323638916015625,2.857142857142857,5.323638916015625,2.199999999999997,0,1,0,45.92000901699066,5.323638916015625e-06,132,1,0
118,50,43,0,0,0,5.268712724958148,"[0.0, 5.268712724958148]",5.268712724958148,2.857142857142857,5.268712724958148,2.1833333333333305,0,1,0,45.38194988667965,5.268712724958148e-06,131,1,0
118,51,59,0,0,0,5.1650510515485495,"[0.0, 5.1650510515485495]",5.1650510515485495,2.857142857142857,5.1650510515485495,2.2166666666666637,0,1,0,44.05748227238655,5.16505105154855e-06,133,1,0
118,52,16,0,0,0,5.119955880301339,"[0.0, 5.119955880301339]",5.119955880301339,2.857142857142857,5.119955880301339,2.1333333333333306,0,1,0,43.783785969018936,5.11995588030134e-06,128,1,0
118,53,62,0,0,0,5.013438633510044,"[0.0, 5.013438633510044]",5.013438633510044,2.857142857142857,5.013438633510044,2.7333333333333285,0,1,0,42.6702696532011,5.013438633510044e-06,164,1,0
118,54,47,0,0,0,4.850507463727679,"[0.0, 4.850507463727679]",4.850507463727679,2.857142857142857,4.850507463727679,2.033333333333331,0,1,0,40.658122166991234,4.8505074637276784e-06,122,1,0
118,55,42,0,0,0,4.840251377650669,"[0.0, 4.840251377650669]",4.840251377650669,2.857142857142857,4.840251377650669,2.033333333333331,0,1,0,40.65815068781376,4.840251377650669e-06,122,1,0
118,56,34,0,0,0,4.566132681710379,"[0.0, 4.566132681710379]",4.566132681710379,2.857142857142857,4.566132681710379,1.9333333333333313,0,1,0,37.62840847671032,4.566132681710379e-06,116,1,0
118,57,21,0,0,0,4.522759573800223,"[0.0, 4.522759573800223]",4.522759573800223,2.857142857142857,4.522759573800223,1.9166666666666647,0,1,0,37.132634937763214,4.522759573800223e-06,115,1,0
118,58,20,0,0,0,2.1569933210100447,"[0.0, 2.1569933210100447]",2.1569933210100447,0.0,2.1569933210100447,5.016666666666654,0,1,0,8.214512074366212,2.1569933210100446e-06,301,1,0
118,59,63,0,0,0,1.8771144321986608,"[0.0, 1.8771144321986608]",1.8771144321986608,0.0,1.8771144321986608,5.016666666666654,0,1,0,5.183764364104718,1.8771144321986608e-06,301,1,0
118,60,36,0,0,0,1.8768746512276786,"[0.0, 1.8768746512276786]",1.8768746512276786,0.0,1.8768746512276786,5.016666666666654,0,1,0,5.108157546957955,1.8768746512276787e-06,301,1,0
118,61,22,0,0,0,1.8758283342633928,"[0.0, 1.8758283342633928]",1.8758283342633928,0.0,1.8758283342633928,5.016666666666654,0,1,0,5.173410828749184,1.8758283342633927e-06,301,1,0
118,62,46,0,0,0,1.8758065359933036,"[0.0, 1.8758065359933036]",1.8758065359933036,0.0,1.8758065359933036,5.016666666666654,0,1,0,5.173479519085959,1.8758065359933037e-06,301,1,0
118,63,48,0,0,0,1.8757901872907365,"[0.0, 1.8757901872907365]",1.8757901872907365,0.0,1.8757901872907365,5.016666666666654,0,1,0,5.173760300327558,1.8757901872907366e-06,301,1,0
118,64,14,0,0,0,1.8669564383370536,"[0.0, 1.8669564383370536]",1.8669564383370536,0.0,1.8669564383370536,5.016666666666654,0,1,0,5.187858140096068,1.8669564383370535e-06,301,1,0
119,1,0,0,1,1,14.422514779227122,"[0.0, 14.422514779227122]",14.422514779227122,14.285714285714285,14.422514779227122,6.133333333333317,0,1,0,126.39056049287319,1.442251477922712e-05,368,1,0
119,2,1,0,1,1,14.028489249093193,"[0.0, 14.028489249093193]",14.028489249093193,11.428571428571429,14.028489249093193,7.583333333333312,0,1,0,129.81400351971388,1.4028489249093192e-05,455,1,0
119,3,2,0,1,1,13.549445016043526,"[0.0, 13.549445016043526]",13.549445016043526,11.428571428571429,13.549445016043526,6.483333333333316,0,1,0,121.74654677510262,1.3549445016043527e-05,389,1,0
119,4,37,0,1,1,11.514723641531809,"[0.0, 11.514723641531809]",11.514723641531809,11.428571428571429,11.514723641531809,5.749999999999985,0,1,0,102.21404910087585,1.1514723641531809e-05,345,1,0
119,5,3,0,1,1,11.501966203962054,"[0.0, 11.501966203962054]",11.501966203962054,11.428571428571429,11.501966203962054,5.733333333333318,0,1,0,98.66476927697659,1.1501966203962054e-05,344,1,0
119,6,4,0,1,1,11.213038308279854,"[0.0, 11.213038308279854]",11.213038308279854,8.571428571428571,11.213038308279854,4.9166666666666545,0,1,0,96.52963899075985,1.1213038308279853e-05,295,1,0
119,7,5,0,1,1,11.200534275599889,"[0.0, 11.200534275599889]",11.200534275599889,8.571428571428571,11.200534275599889,4.133333333333324,0,1,0,95.49739231169224,1.120053427559989e-05,248,1,0
119,8,6,0,1,1,11.17020743233817,"[0.0, 11.17020743233817]",11.17020743233817,8.571428571428571,11.17020743233817,3.4999999999999925,0,1,0,95.43221010267735,1.117020743233817e-05,210,1,0
119,9,39,0,0,1,11.125812530517578,"[0.0, 11.125812530517578]",11.125812530517578,8.571428571428571,11.125812530517578,3.4999999999999925,0,1,0,95.43200431764126,1.1125812530517578e-05,210,1,0
119,10,7,0,0,1,11.115850721086774,"[0.0, 11.115850721086774]",11.115850721086774,8.571428571428571,11.115850721086774,6.666666666666648,0,1,0,102.77573303878307,1.1115850721086774e-05,400,1,0
119,11,24,0,0,1,10.929298400878906,"[0.0, 10.929298400878906]",10.929298400878906,8.571428571428571,10.929298400878906,3.4499999999999926,0,1,0,93.26811242103577,1.0929298400878907e-05,207,1,0
119,12,46,0,0,1,10.864072527204241,"[0.0, 10.864072527204241]",10.864072527204241,8.571428571428571,10.864072527204241,6.3166666666666496,0,1,0,97.1316831111908,1.0864072527204242e-05,379,1,0
119,13,41,0,0,1,10.363761356898717,"[0.0, 10.363761356898717]",10.363761356898717,8.571428571428571,10.363761356898717,3.3333333333333264,0,1,0,87.99224130809307,1.0363761356898717e-05,200,1,0
119,14,52,0,0,1,10.32121113368443,"[0.0, 10.32121113368443]",10.32121113368443,8.571428571428571,10.32121113368443,3.3666666666666596,0,1,0,89.34029637277126,1.032121113368443e-05,202,1,0
119,15,19,0,0,1,10.310028621128627,"[0.0, 10.310028621128627]",10.310028621128627,8.571428571428571,10.310028621128627,3.383333333333326,0,1,0,89.70039561390877,1.0310028621128626e-05,203,1,0
119,16,31,0,0,1,10.037713732038226,"[0.0, 10.037713732038226]",10.037713732038226,8.571428571428571,10.037713732038226,3.3166666666666598,0,1,0,87.5951116681099,1.0037713732038226e-05,199,1,0
119,17,51,0,0,1,10.001160757882255,"[0.0, 10.001160757882255]",10.001160757882255,8.571428571428571,10.001160757882255,3.649999999999992,0,1,0,88.88585686683655,1.0001160757882256e-05,219,1,0
119,18,48,0,0,1,9.767769404820033,"[0.0, 9.767769404820033]",9.767769404820033,8.571428571428571,9.767769404820033,3.949999999999991,0,1,0,86.84851494431496,9.767769404820032e-06,237,1,0
119,19,15,0,0,1,9.644290379115514,"[0.0, 9.644290379115514]",9.644290379115514,8.571428571428571,9.644290379115514,3.2499999999999933,0,1,0,84.8113166987896,9.644290379115514e-06,195,1,0
119,20,53,0,0,1,9.436220441545759,"[0.0, 9.436220441545759]",9.436220441545759,8.571428571428571,9.436220441545759,3.21666666666666,0,1,0,83.43228316307068,9.436220441545759e-06,193,1,0
119,21,14,0,0,1,9.43342753819057,"[0.0, 9.43342753819057]",9.43342753819057,8.571428571428571,9.43342753819057,3.2333333333333267,0,1,0,84.12077562510967,9.43342753819057e-06,194,1,0
119,22,47,0,0,1,9.390512193952288,"[0.0, 9.390512193952288]",9.390512193952288,8.571428571428571,9.390512193952288,3.21666666666666,0,1,0,83.43264636397362,9.390512193952288e-06,193,1,0
119,23,55,0,0,1,9.367708478655135,"[0.0, 9.367708478655135]",9.367708478655135,8.571428571428571,9.367708478655135,5.049999999999987,0,1,0,84.71963806450367,9.367708478655136e-06,303,1,0
119,24,36,0,0,1,9.15048599243164,"[0.0, 9.15048599243164]",9.15048599243164,8.571428571428571,9.15048599243164,3.183333333333327,0,1,0,82.06322102248669,9.15048599243164e-06,191,1,0
119,25,42,0,0,1,9.076459067208427,"[0.0, 9.076459067208427]",9.076459067208427,8.571428571428571,9.076459067208427,3.1666666666666603,0,1,0,81.38161306083202,9.076459067208427e-06,190,1,0
119,26,20,0,0,1,8.916279929024833,"[0.0, 8.916279929024833]",8.916279929024833,8.571428571428571,8.916279929024833,3.1499999999999937,0,1,0,80.70306567847729,8.916279929024834e-06,189,1,0
119,27,12,0,0,1,8.639894212995257,"[0.0, 8.639894212995257]",8.639894212995257,8.571428571428571,8.639894212995257,3.1166666666666605,0,1,0,79.3510077893734,8.639894212995258e-06,187,1,0
119,28,45,0,0,1,8.556616646902903,"[0.0, 8.556616646902903]",8.556616646902903,5.714285714285714,8.556616646902903,3.1499999999999937,0,1,0,80.7024249881506,8.556616646902903e-06,189,1,0
119,29,57,0,0,1,8.555777413504465,"[0.0, 8.555777413504465]",8.555777413504465,5.714285714285714,8.555777413504465,3.183333333333327,0,1,0,79.19612422585487,8.555777413504465e-06,191,1,0
119,30,27,0,0,1,8.522396087646484,"[0.0, 8.522396087646484]",8.522396087646484,5.714285714285714,8.522396087646484,3.133333333333327,0,1,0,80.02580250799656,8.522396087646484e-06,188,1,0
119,31,17,0,0,1,8.391519274030411,"[0.0, 8.391519274030411]",8.391519274030411,5.714285714285714,8.391519274030411,3.1166666666666605,0,1,0,79.35133363306522,8.391519274030411e-06,187,1,0
119,32,26,0,0,1,8.340802873883929,"[0.0, 8.340802873883929]",8.340802873883929,5.714285714285714,8.340802873883929,3.099999999999994,0,1,0,78.67876133322716,8.34080287388393e-06,186,1,0
119,33,44,0,0,0,8.32867213657924,"[0.0, 8.32867213657924]",8.32867213657924,5.714285714285714,8.32867213657924,3.3333333333333264,0,1,0,78.98409004509449,8.32867213657924e-06,200,1,0
119,34,35,0,0,0,7.879398890904017,"[0.0, 7.879398890904017]",7.879398890904017,5.714285714285714,7.879398890904017,4.783333333333322,0,1,0,78.36222885921597,7.879398890904017e-06,287,1,0
119,35,58,0,0,0,7.380758013044085,"[0.0, 7.380758013044085]",7.380758013044085,5.714285714285714,7.380758013044085,2.9499999999999944,0,1,0,72.7321610301733,7.380758013044085e-06,177,1,0
119,36,28,0,0,0,6.99331556047712,"[0.0, 6.99331556047712]",6.99331556047712,5.714285714285714,6.99331556047712,2.6999999999999953,0,1,0,63.242681831121445,6.993315560477119e-06,162,1,0
119,37,43,0,0,0,6.637600490025111,"[0.0, 6.637600490025111]",6.637600490025111,5.714285714285714,6.637600490025111,2.6166666666666623,0,1,0,59.182628482580185,6.637600490025111e-06,157,1,0
119,38,8,0,0,0,5.801931108747209,"[0.0, 5.801931108747209]",5.801931108747209,5.714285714285714,5.801931108747209,2.366666666666663,0,1,0,51.442536145448685,5.801931108747209e-06,142,1,0
119,39,10,0,0,0,5.701272147042411,"[0.0, 5.701272147042411]",5.701272147042411,2.857142857142857,5.701272147042411,2.33333333333333,0,1,0,50.31744122505188,5.701272147042411e-06,140,1,0
119,40,23,0,0,0,5.618247985839844,"[0.0, 5.618247985839844]",5.618247985839844,2.857142857142857,5.618247985839844,2.2999999999999967,0,1,0,49.20320783555508,5.618247985839844e-06,138,1,0
119,41,63,0,0,0,5.52696772984096,"[0.0, 5.52696772984096]",5.52696772984096,2.857142857142857,5.52696772984096,2.2666666666666635,0,1,0,48.098062217235565,5.5269677298409605e-06,136,1,0
119,42,60,0,0,0,5.469425746372767,"[0.0, 5.469425746372767]",5.469425746372767,2.857142857142857,5.469425746372767,2.249999999999997,0,1,0,47.549698293209076,5.469425746372767e-06,135,1,0
119,43,16,0,0,0,5.434630257742745,"[0.0, 5.434630257742745]",5.434630257742745,2.857142857142857,5.434630257742745,2.2333333333333303,0,1,0,47.00393871963024,5.434630257742745e-06,134,1,0
119,44,34,0,0,0,5.405518668038504,"[0.0, 5.405518668038504]",5.405518668038504,2.857142857142857,5.405518668038504,6.183333333333317,0,1,0,44.99634522199631,5.405518668038504e-06,371,1,0
119,45,22,0,0,0,5.388199942452567,"[0.0, 5.388199942452567]",5.388199942452567,2.857142857142857,5.388199942452567,2.2166666666666637,0,1,0,46.46051824092865,5.388199942452567e-06,133,1,0
119,46,18,0,0,0,5.36963871547154,"[0.0, 5.36963871547154]",5.36963871547154,2.857142857142857,5.36963871547154,3.133333333333327,0,1,0,46.91085968911648,5.36963871547154e-06,188,1,0
119,47,33,0,0,0,5.3649684361049115,"[0.0, 5.3649684361049115]",5.3649684361049115,2.857142857142857,5.3649684361049115,2.2166666666666637,0,1,0,46.46086911857128,5.3649684361049115e-06,133,1,0
119,48,40,0,0,0,5.357349940708706,"[0.0, 5.357349940708706]",5.357349940708706,2.857142857142857,5.357349940708706,6.2333333333333165,0,1,0,45.21099444470019,5.3573499407087055e-06,374,1,0
119,49,49,0,0,0,5.328870500837054,"[0.0, 5.328870500837054]",5.328870500837054,2.857142857142857,5.328870500837054,2.199999999999997,0,1,0,45.92033486068249,5.328870500837054e-06,132,1,0
119,50,30,0,0,0,5.274194989885602,"[0.0, 5.274194989885602]",5.274194989885602,2.857142857142857,5.274194989885602,2.1833333333333305,0,1,0,45.38213451206684,5.274194989885602e-06,131,1,0
119,51,9,0,0,0,5.231939043317523,"[0.0, 5.231939043317523]",5.231939043317523,2.857142857142857,5.231939043317523,2.166666666666664,0,1,0,44.846914291381836,5.231939043317522e-06,130,1,0
119,52,54,0,0,0,5.184740339006696,"[0.0, 5.184740339006696]",5.184740339006696,2.857142857142857,5.184740339006696,2.1499999999999972,0,1,0,44.31384551525116,5.184740339006696e-06,129,1,0
119,53,61,0,0,0,5.176876613071987,"[0.0, 5.176876613071987]",5.176876613071987,2.857142857142857,5.176876613071987,2.1499999999999972,0,1,0,44.31376451253891,5.176876613071987e-06,129,1,0
119,54,59,0,0,0,5.084615434919085,"[0.0, 5.084615434919085]",5.084615434919085,2.857142857142857,5.084615434919085,2.116666666666664,0,1,0,43.25616434216499,5.084615434919085e-06,127,1,0
119,55,25,0,0,0,5.012185232979911,"[0.0, 5.012185232979911]",5.012185232979911,2.857142857142857,5.012185232979911,3.0666666666666607,0,1,0,42.70088344067335,5.01218523297991e-06,184,1,0
119,56,56,0,0,0,4.994474138532366,"[0.0, 4.994474138532366]",4.994474138532366,2.857142857142857,4.994474138532366,2.1333333333333306,0,1,0,42.3784147053957,4.994474138532366e-06,128,1,0
119,57,32,0,0,0,4.343327113560267,"[0.0, 4.343327113560267]",4.343327113560267,2.857142857142857,4.343327113560267,1.8499999999999983,0,1,0,35.17792135477066,4.343327113560267e-06,111,1,0
119,58,11,0,0,0,2.111325945172991,"[0.0, 2.111325945172991]",2.111325945172991,0.0,2.111325945172991,5.016666666666654,0,1,0,7.706021038145991,2.111325945172991e-06,301,1,0
119,59,29,0,0,0,2.0685413905552457,"[0.0, 2.0685413905552457]",2.0685413905552457,0.0,2.0685413905552457,5.016666666666654,0,1,0,7.565879318106454,2.0685413905552455e-06,301,1,0
119,60,13,0,0,0,1.9085693359375,"[0.0, 1.9085693359375]",1.9085693359375,0.0,1.9085693359375,5.016666666666654,0,1,0,5.565293635532726,1.9085693359375e-06,301,1,0
119,61,62,0,0,0,1.8783787318638394,"[0.0, 1.8783787318638394]",1.8783787318638394,0.0,1.8783787318638394,5.016666666666654,0,1,0,5.051928774220869,1.8783787318638395e-06,301,1,0
119,62,21,0,0,0,1.8758283342633928,"[0.0, 1.8758283342633928]",1.8758283342633928,0.0,1.8758283342633928,5.016666666666654,0,1,0,5.173524723330047,1.8758283342633927e-06,301,1,0
119,63,38,0,0,0,1.8753923688616072,"[0.0, 1.8753923688616072]",1.8753923688616072,0.0,1.8753923688616072,5.016666666666654,0,1,0,5.174681535339914,1.8753923688616071e-06,301,1,0
119,64,50,0,0,0,1.8747220720563618,"[0.0, 1.8747220720563618]",1.8747220720563618,0.0,1.8747220720563618,5.016666666666654,0,1,0,5.175623691640794,1.8747220720563618e-06,301,1,0
120,1,0,0,1,1,14.422514779227122,"[0.0, 14.422514779227122]",14.422514779227122,14.285714285714285,14.422514779227122,6.133333333333317,0,1,0,126.39056049287319,1.442251477922712e-05,368,1,0
120,2,1,0,1,1,14.028489249093193,"[0.0, 14.028489249093193]",14.028489249093193,11.428571428571429,14.028489249093193,7.583333333333312,0,1,0,129.81400351971388,1.4028489249093192e-05,455,1,0
120,3,13,0,1,1,13.565902709960936,"[0.0, 13.565902709960936]",13.565902709960936,11.428571428571429,13.565902709960936,8.71666666666668,0,1,0,127.28370710462332,1.3565902709960936e-05,523,1,0
120,4,2,0,1,1,13.549445016043526,"[0.0, 13.549445016043526]",13.549445016043526,11.428571428571429,13.549445016043526,6.483333333333316,0,1,0,121.74654677510262,1.3549445016043527e-05,389,1,0
120,5,23,0,1,1,11.533778054373604,"[0.0, 11.533778054373604]",11.533778054373604,11.428571428571429,11.533778054373604,5.933333333333318,0,1,0,100.25582353770733,1.1533778054373604e-05,356,1,0
120,6,3,0,1,1,11.514723641531809,"[0.0, 11.514723641531809]",11.514723641531809,11.428571428571429,11.514723641531809,5.749999999999985,0,1,0,102.21404910087585,1.1514723641531809e-05,345,1,0
120,7,4,0,1,1,11.501966203962054,"[0.0, 11.501966203962054]",11.501966203962054,11.428571428571429,11.501966203962054,5.733333333333318,0,1,0,98.66476927697659,1.1501966203962054e-05,344,1,0
120,8,5,0,1,1,11.213038308279854,"[0.0, 11.213038308279854]",11.213038308279854,8.571428571428571,11.213038308279854,4.9166666666666545,0,1,0,96.52963899075985,1.1213038308279853e-05,295,1,0
120,9,6,0,0,1,11.200534275599889,"[0.0, 11.200534275599889]",11.200534275599889,8.571428571428571,11.200534275599889,4.133333333333324,0,1,0,95.49739231169224,1.120053427559989e-05,248,1,0
120,10,7,0,0,1,11.17020743233817,"[0.0, 11.17020743233817]",11.17020743233817,8.571428571428571,11.17020743233817,3.4999999999999925,0,1,0,95.43221010267735,1.117020743233817e-05,210,1,0
120,11,53,0,0,1,11.10593250819615,"[0.0, 11.10593250819615]",11.10593250819615,8.571428571428571,11.10593250819615,3.6666666666666585,0,1,0,95.07111583650112,1.1105932508196149e-05,220,1,0
120,12,51,0,0,1,10.858290536063057,"[0.0, 10.858290536063057]",10.858290536063057,8.571428571428571,10.858290536063057,3.433333333333326,0,1,0,92.55144500732422,1.0858290536063058e-05,206,1,0
120,13,30,0,0,1,10.647732870919365,"[0.0, 10.647732870919365]",10.647732870919365,8.571428571428571,10.647732870919365,3.383333333333326,0,1,0,90.41387099027634,1.0647732870919365e-05,203,1,0
120,14,48,0,0,1,10.535199301583427,"[0.0, 10.535199301583427]",10.535199301583427,8.571428571428571,10.535199301583427,3.3666666666666596,0,1,0,89.70591704547405,1.0535199301583427e-05,202,1,0
120,15,14,0,0,1,10.377445220947266,"[0.0, 10.377445220947266]",10.377445220947266,8.571428571428571,10.377445220947266,3.399999999999993,0,1,0,89.93145728111267,1.0377445220947265e-05,204,1,0
120,16,44,0,0,1,10.303807939801898,"[0.0, 10.303807939801898]",10.303807939801898,8.571428571428571,10.303807939801898,3.349999999999993,0,1,0,88.71599109470844,1.0303807939801898e-05,201,1,0
120,17,45,0,0,1,10.28273718697684,"[0.0, 10.28273718697684]",10.28273718697684,8.571428571428571,10.28273718697684,3.3166666666666598,0,1,0,87.56591664254665,1.028273718697684e-05,199,1,0
120,18,47,0,0,1,10.275775364467075,"[0.0, 10.275775364467075]",10.275775364467075,8.571428571428571,10.275775364467075,3.3333333333333264,0,1,0,88.29634940624237,1.0275775364467075e-05,200,1,0
120,19,18,0,0,1,10.214895520891462,"[0.0, 10.214895520891462]",10.214895520891462,8.571428571428571,10.214895520891462,3.2833333333333266,0,1,0,86.19816103577614,1.0214895520891462e-05,197,1,0
120,20,17,0,0,1,10.063841683523995,"[0.0, 10.063841683523995]",10.063841683523995,8.571428571428571,10.063841683523995,3.2833333333333266,0,1,0,86.19834893941879,1.0063841683523995e-05,197,1,0
120,21,29,0,0,1,9.786717551095144,"[0.0, 9.786717551095144]",9.786717551095144,8.571428571428571,9.786717551095144,3.2499999999999933,0,1,0,84.81094492971897,9.786717551095143e-06,195,1,0
120,22,15,0,0,1,9.480634416852679,"[0.0, 9.480634416852679]",9.480634416852679,8.571428571428571,9.480634416852679,3.2333333333333267,0,1,0,84.12053793668747,9.480634416852679e-06,194,1,0
120,23,50,0,0,1,9.302504403250559,"[0.0, 9.302504403250559]",9.302504403250559,8.571428571428571,9.302504403250559,3.1666666666666603,0,1,0,81.3816005140543,9.302504403250559e-06,190,1,0
120,24,37,0,0,1,9.231155940464566,"[0.0, 9.231155940464566]",9.231155940464566,8.571428571428571,9.231155940464566,3.21666666666666,0,1,0,83.42693136632442,9.231155940464567e-06,193,1,0
120,25,38,0,0,1,9.223529270717076,"[0.0, 9.223529270717076]",9.223529270717076,8.571428571428571,9.223529270717076,3.21666666666666,0,1,0,83.43268404901028,9.223529270717076e-06,193,1,0
120,26,33,0,0,1,9.200567517961774,"[0.0, 9.200567517961774]",9.200567517961774,8.571428571428571,9.200567517961774,3.1999999999999935,0,1,0,82.74679216742516,9.200567517961775e-06,192,1,0
120,27,57,0,0,1,8.97007805960519,"[0.0, 8.97007805960519]",8.97007805960519,8.571428571428571,8.97007805960519,3.1666666666666603,0,1,0,81.3814696520567,8.970078059605189e-06,190,1,0
120,28,27,0,0,1,8.87341090611049,"[0.0, 8.87341090611049]",8.87341090611049,8.571428571428571,8.87341090611049,3.1499999999999937,0,1,0,80.70224620401859,8.87341090611049e-06,189,1,0
120,29,16,0,0,1,8.809362139020648,"[0.0, 8.809362139020648]",8.809362139020648,8.571428571428571,8.809362139020648,3.183333333333327,0,1,0,82.06299522519112,8.809362139020648e-06,191,1,0
120,30,46,0,0,1,8.799359457833427,"[0.0, 8.799359457833427]",8.799359457833427,8.571428571428571,8.799359457833427,3.1499999999999937,0,1,0,80.702622205019,8.799359457833428e-06,189,1,0
120,31,59,0,0,1,8.786495753696986,"[0.0, 8.786495753696986]",8.786495753696986,8.571428571428571,8.786495753696986,3.1166666666666605,0,1,0,79.35147404670715,8.786495753696987e-06,187,1,0
120,32,42,0,0,1,8.627104078020368,"[0.0, 8.627104078020368]",8.627104078020368,8.571428571428571,8.627104078020368,3.133333333333327,0,1,0,80.02593179047108,8.627104078020367e-06,188,1,0
120,33,39,0,0,0,8.383328574044365,"[0.0, 8.383328574044365]",8.383328574044365,5.714285714285714,8.383328574044365,3.133333333333327,0,1,0,79.36359213292599,8.383328574044365e-06,188,1,0
120,34,54,0,0,0,8.355263301304408,"[0.0, 8.355263301304408]",8.355263301304408,5.714285714285714,8.355263301304408,3.133333333333327,0,1,0,80.02568024396896,8.355263301304408e-06,188,1,0
120,35,63,0,0,0,8.277909415108816,"[0.0, 8.277909415108816]",8.277909415108816,5.714285714285714,8.277909415108816,8.85000000000002,0,1,0,59.10216865714756,8.277909415108817e-06,531,1,0
120,36,31,0,0,0,8.150751931326731,"[0.0, 8.150751931326731]",8.150751931326731,5.714285714285714,8.150751931326731,3.099999999999994,0,1,0,78.67901863157749,8.150751931326731e-06,186,1,0
120,37,61,0,0,0,8.087411608014788,"[0.0, 8.087411608014788]",8.087411608014788,5.714285714285714,8.087411608014788,3.3166666666666598,0,1,0,77.49230518937111,8.087411608014788e-06,199,1,0
120,38,12,0,0,0,8.082160949707031,"[0.0, 8.082160949707031]",8.082160949707031,5.714285714285714,8.082160949707031,3.5333333333333257,0,1,0,79.18554066121578,8.082160949707031e-06,212,1,0
120,39,55,0,0,0,8.048362731933594,"[0.0, 8.048362731933594]",8.048362731933594,5.714285714285714,8.048362731933594,3.099999999999994,0,1,0,77.63622313737869,8.048362731933594e-06,186,1,0
120,40,28,0,0,0,7.960169655936104,"[0.0, 7.960169655936104]",7.960169655936104,5.714285714285714,7.960169655936104,3.133333333333327,0,1,0,77.05365924537182,7.960169655936105e-06,188,1,0
120,41,60,0,0,0,7.493318830217634,"[0.0, 7.493318830217634]",7.493318830217634,5.714285714285714,7.493318830217634,2.9833333333333276,0,1,0,74.03746251761913,7.493318830217634e-06,179,1,0
120,42,56,0,0,0,7.142857142857142,"[0.0, 7.142857142857142]",7.142857142857142,5.714285714285714,7.142857142857142,2.7666666666666617,0,1,0,65.72105267643929,7.142857142857143e-06,166,1,0
120,43,10,0,0,0,5.700863429478237,"[0.0, 5.700863429478237]",5.700863429478237,2.857142857142857,5.700863429478237,2.33333333333333,0,1,0,50.317619025707245,5.700863429478237e-06,140,1,0
120,44,52,0,0,0,5.694852556501116,"[0.0, 5.694852556501116]",5.694852556501116,2.857142857142857,5.694852556501116,2.33333333333333,0,1,0,50.31753984093666,5.694852556501116e-06,140,1,0
120,45,49,0,0,0,5.609130859375,"[0.0, 5.609130859375]",5.609130859375,2.857142857142857,5.609130859375,2.2999999999999967,0,1,0,49.2027472704649,5.609130859375e-06,138,1,0
120,46,24,0,0,0,5.563196454729353,"[0.0, 5.563196454729353]",5.563196454729353,2.857142857142857,5.563196454729353,2.28333333333333,0,1,0,48.649513587355614,5.563196454729353e-06,137,1,0
120,47,11,0,0,0,5.455621991838728,"[0.0, 5.455621991838728]",5.455621991838728,2.857142857142857,5.455621991838728,2.249999999999997,0,1,0,47.295185312628746,5.455621991838728e-06,135,1,0
120,48,32,0,0,0,5.358412606375558,"[0.0, 5.358412606375558]",5.358412606375558,2.857142857142857,5.358412606375558,6.21666666666665,0,1,0,45.9875891841948,5.358412606375558e-06,373,1,0
120,49,34,0,0,0,5.179557800292969,"[0.0, 5.179557800292969]",5.179557800292969,2.857142857142857,5.179557800292969,2.1499999999999972,0,1,0,44.31388859450817,5.179557800292969e-06,129,1,0
120,50,41,0,0,0,5.115765162876674,"[0.0, 5.115765162876674]",5.115765162876674,2.857142857142857,5.115765162876674,2.8499999999999948,0,1,0,43.989132314920425,5.115765162876674e-06,171,1,0
120,51,25,0,0,0,5.081852504185267,"[0.0, 5.081852504185267]",5.081852504185267,2.857142857142857,5.081852504185267,2.116666666666664,0,1,0,43.25593447685242,5.081852504185267e-06,127,1,0
120,52,8,0,0,0,5.056337629045759,"[0.0, 5.056337629045759]",5.056337629045759,2.857142857142857,5.056337629045759,2.116666666666664,0,1,0,42.78110867738724,5.056337629045759e-06,127,1,0
120,53,22,0,0,0,5.035879952566964,"[0.0, 5.035879952566964]",5.035879952566964,2.857142857142857,5.035879952566964,2.0999999999999974,0,1,0,42.731166526675224,5.0358799525669645e-06,126,1,0
120,54,35,0,0,0,4.888054983956473,"[0.0, 4.888054983956473]",4.888054983956473,2.857142857142857,4.888054983956473,2.0499999999999976,0,1,0,41.172157391905785,4.888054983956473e-06,123,1,0
120,55,19,0,0,0,2.640489850725446,"[0.0, 2.640489850725446]",2.640489850725446,0.0,2.640489850725446,5.016666666666654,0,1,0,13.914878463489003,2.6404898507254462e-06,301,1,0
120,56,20,0,0,0,2.4880599975585938,"[0.0, 2.4880599975585938]",2.4880599975585938,0.0,2.4880599975585938,6.016666666666651,0,1,0,14.073327015445102,2.4880599975585937e-06,361,1,0
120,57,40,0,0,0,2.1003614153180807,"[0.0, 2.1003614153180807]",2.1003614153180807,0.0,2.1003614153180807,5.016666666666654,0,1,0,7.58371655351948,2.100361415318081e-06,301,1,0
120,58,21,0,0,0,1.9266401018415178,"[0.0, 1.9266401018415178]",1.9266401018415178,0.0,1.9266401018415178,5.016666666666654,0,1,0,5.768344681157032,1.926640101841518e-06,301,1,0
120,59,36,0,0,0,1.8758283342633928,"[0.0, 1.8758283342633928]",1.8758283342633928,0.0,1.8758283342633928,5.016666666666654,0,1,0,5.173349985852838,1.8758283342633927e-06,301,1,0
120,60,62,0,0,0,1.8756539481026786,"[0.0, 1.8756539481026786]",1.8756539481026786,0.0,1.8756539481026786,5.016666666666654,0,1,0,5.175210137036629,1.8756539481026785e-06,301,1,0
120,61,58,0,0,0,1.8756321498325894,"[0.0, 1.8756321498325894]",1.8756321498325894,0.0,1.8756321498325894,5.016666666666654,0,1,0,5.174731506849639,1.8756321498325895e-06,301,1,0
120,62,43,0,0,0,1.8746893746512276,"[0.0, 1.8746893746512276]",1.8746893746512276,0.0,1.8746893746512276,5.016666666666654,0,1,0,5.175567992730066,1.8746893746512277e-06,301,1,0
120,63,9,0,0,0,1.8742806570870536,"[0.0, 1.8742806570870536]",1.8742806570870536,0.0,1.8742806570870536,5.016666666666654,0,1,0,5.175496628857218,1.8742806570870536e-06,301,1,0
120,64,26,0,0,0,1.8741934640066964,"[0.0, 1.8741934640066964]",1.8741934640066964,0.0,1.8741934640066964,5.016666666666654,0,1,0,5.175228056323249,1.8741934640066964e-06,301,1,0
121,1,0,0,1,1,14.422514779227122,"[0.0, 14.422514779227122]",14.422514779227122,14.285714285714285,14.422514779227122,6.133333333333317,0,1,0,126.39056049287319,1.442251477922712e-05,368,1,0
121,2,58,0,1,1,14.31302751813616,"[0.0, 14.31302751813616]",14.31302751813616,14.285714285714285,14.31302751813616,4.149999999999991,0,1,0,125.2760118842125,1.431302751813616e-05,249,1,0
121,3,1,0,1,1,14.028489249093193,"[0.0, 14.028489249093193]",14.028489249093193,11.428571428571429,14.028489249093193,7.583333333333312,0,1,0,129.81400351971388,1.4028489249093192e-05,455,1,0
121,4,2,0,1,1,13.565902709960936,"[0.0, 13.565902709960936]",13.565902709960936,11.428571428571429,13.565902709960936,8.71666666666668,0,1,0,127.28370710462332,1.3565902709960936e-05,523,1,0
121,5,3,0,1,1,13.549445016043526,"[0.0, 13.549445016043526]",13.549445016043526,11.428571428571429,13.549445016043526,6.483333333333316,0,1,0,121.74654677510262,1.3549445016043527e-05,389,1,0
121,6,4,0,1,1,11.533778054373604,"[0.0, 11.533778054373604]",11.533778054373604,11.428571428571429,11.533778054373604,5.933333333333318,0,1,0,100.25582353770733,1.1533778054373604e-05,356,1,0
121,7,5,0,1,1,11.514723641531809,"[0.0, 11.514723641531809]",11.514723641531809,11.428571428571429,11.514723641531809,5.749999999999985,0,1,0,102.21404910087585,1.1514723641531809e-05,345,1,0
121,8,6,0,1,1,11.501966203962054,"[0.0, 11.501966203962054]",11.501966203962054,11.428571428571429,11.501966203962054,5.733333333333318,0,1,0,98.66476927697659,1.1501966203962054e-05,344,1,0
121,9,7,0,0,1,11.213038308279854,"[0.0, 11.213038308279854]",11.213038308279854,8.571428571428571,11.213038308279854,4.9166666666666545,0,1,0,96.52963899075985,1.1213038308279853e-05,295,1,0
121,10,33,0,0,1,10.996532440185547,"[0.0, 10.996532440185547]",10.996532440185547,8.571428571428571,10.996532440185547,3.4666666666666592,0,1,0,93.98730064928532,1.0996532440185546e-05,208,1,0
121,11,41,0,0,1,10.814435141427177,"[0.0, 10.814435141427177]",10.814435141427177,8.571428571428571,10.814435141427177,3.4166666666666594,0,1,0,91.83664977550507,1.0814435141427177e-05,205,1,0
121,12,29,0,0,1,10.517046792166573,"[0.0, 10.517046792166573]",10.517046792166573,8.571428571428571,10.517046792166573,3.3666666666666596,0,1,0,89.7056378275156,1.0517046792166573e-05,202,1,0
121,13,20,0,0,1,10.428856440952845,"[0.0, 10.428856440952845]",10.428856440952845,8.571428571428571,10.428856440952845,3.6166666666666587,0,1,0,91.1155506670475,1.0428856440952846e-05,217,1,0
121,14,30,0,0,1,10.202593122209821,"[0.0, 10.202593122209821]",10.202593122209821,8.571428571428571,10.202593122209821,3.3333333333333264,0,1,0,88.29622913897038,1.020259312220982e-05,200,1,0
121,15,34,0,0,1,9.831589290073941,"[0.0, 9.831589290073941]",9.831589290073941,8.571428571428571,9.831589290073941,3.26666666666666,0,1,0,85.50368763506413,9.831589290073942e-06,196,1,0
121,16,40,0,0,1,9.760900224958146,"[0.0, 9.760900224958146]",9.760900224958146,8.571428571428571,9.760900224958146,3.26666666666666,0,1,0,85.08104944229126,9.760900224958146e-06,196,1,0
121,17,47,0,0,1,9.744913918631418,"[0.0, 9.744913918631418]",9.744913918631418,8.571428571428571,9.744913918631418,3.2833333333333266,0,1,0,86.1984280794859,9.744913918631419e-06,197,1,0
121,18,31,0,0,1,9.736412593296597,"[0.0, 9.736412593296597]",9.736412593296597,8.571428571428571,9.736412593296597,3.26666666666666,0,1,0,85.50350910425186,9.736412593296598e-06,196,1,0
121,19,11,0,0,1,9.659407479422432,"[0.0, 9.659407479422432]",9.659407479422432,8.571428571428571,9.659407479422432,3.2333333333333267,0,1,0,84.120924025774,9.659407479422432e-06,194,1,0
121,20,51,0,0,1,9.634810856410434,"[0.0, 9.634810856410434]",9.634810856410434,8.571428571428571,9.634810856410434,3.2499999999999933,0,1,0,84.8110884130001,9.634810856410434e-06,195,1,0
121,21,44,0,0,1,9.576503208705358,"[0.0, 9.576503208705358]",9.576503208705358,8.571428571428571,9.576503208705358,3.2833333333333266,0,1,0,83.88676084578037,9.576503208705358e-06,197,1,0
121,22,62,0,0,1,9.482089451381139,"[0.0, 9.482089451381139]",9.482089451381139,8.571428571428571,9.482089451381139,3.21666666666666,0,1,0,83.43287539482117,9.482089451381139e-06,193,1,0
121,23,46,0,0,1,9.433550153459821,"[0.0, 9.433550153459821]",9.433550153459821,8.571428571428571,9.433550153459821,3.1999999999999935,0,1,0,82.74653375148773,9.43355015345982e-06,192,1,0
121,24,16,0,0,1,9.429751804896764,"[0.0, 9.429751804896764]",9.429751804896764,8.571428571428571,9.429751804896764,3.4999999999999925,0,1,0,83.96718207001686,9.429751804896763e-06,210,1,0
121,25,14,0,0,1,9.413348606654576,"[0.0, 9.413348606654576]",9.413348606654576,8.571428571428571,9.413348606654576,3.1999999999999935,0,1,0,82.74709722399712,9.413348606654577e-06,192,1,0
121,26,32,0,0,1,9.383043561662946,"[0.0, 9.383043561662946]",9.383043561662946,8.571428571428571,9.383043561662946,3.183333333333327,0,1,0,82.06285062432289,9.383043561662947e-06,191,1,0
121,27,22,0,0,1,9.034685407366073,"[0.0, 9.034685407366073]",9.034685407366073,8.571428571428571,9.034685407366073,3.1499999999999937,0,1,0,80.70288623869419,9.034685407366073e-06,189,1,0
121,28,17,0,0,1,9.01566914149693,"[0.0, 9.01566914149693]",9.01566914149693,8.571428571428571,9.01566914149693,3.183333333333327,0,1,0,82.06346455216408,9.015669141496931e-06,191,1,0
121,29,38,0,0,1,9.008058820452009,"[0.0, 9.008058820452009]",9.008058820452009,8.571428571428571,9.008058820452009,3.183333333333327,0,1,0,82.0633644759655,9.00805882045201e-06,191,1,0
121,30,55,0,0,1,8.65736825125558,"[0.0, 8.65736825125558]",8.65736825125558,8.571428571428571,8.65736825125558,3.099999999999994,0,1,0,78.67919035255909,8.65736825125558e-06,186,1,0
121,31,12,0,0,1,8.480984824044365,"[0.0, 8.480984824044365]",8.480984824044365,5.714285714285714,8.480984824044365,3.133333333333327,0,1,0,80.02605094015598,8.480984824044365e-06,188,1,0
121,32,39,0,0,1,8.477369035993304,"[0.0, 8.477369035993304]",8.477369035993304,5.714285714285714,8.477369035993304,3.133333333333327,0,1,0,80.02615891397,8.477369035993304e-06,188,1,0
121,33,35,0,0,0,8.464935847691127,"[0.0, 8.464935847691127]",8.464935847691127,5.714285714285714,8.464935847691127,3.1166666666666605,0,1,0,79.3515238314867,8.464935847691127e-06,187,1,0
121,34,56,0,0,0,8.25033187866211,"[0.0, 8.25033187866211]",8.25033187866211,5.714285714285714,8.25033187866211,7.316666666666646,0,1,0,57.63280841532105,8.250331878662109e-06,439,1,0
121,35,49,0,0,0,7.783298492431641,"[0.0, 7.783298492431641]",7.783298492431641,5.714285714285714,7.783298492431641,3.049999999999994,0,1,0,76.00939454138279,7.78329849243164e-06,183,1,0
121,36,13,0,0,0,7.722110748291016,"[0.0, 7.722110748291016]",7.722110748291016,5.714285714285714,7.722110748291016,3.0333333333333274,0,1,0,76.01254424452782,7.722110748291016e-06,182,1,0
121,37,19,0,0,0,7.699789319719587,"[0.0, 7.699789319719587]",7.699789319719587,5.714285714285714,7.699789319719587,3.0333333333333274,0,1,0,76.01261012256145,7.699789319719586e-06,182,1,0
121,38,42,0,0,0,7.685222625732421,"[0.0, 7.685222625732421]",7.685222625732421,5.714285714285714,7.685222625732421,5.016666666666654,0,1,0,75.04148556967266,7.685222625732421e-06,301,1,0
121,39,18,0,0,0,7.549152374267579,"[0.0, 7.549152374267579]",7.549152374267579,5.714285714285714,7.549152374267579,2.9833333333333276,0,1,0,74.03740325570107,7.549152374267579e-06,179,1,0
121,40,24,0,0,0,5.987815856933594,"[0.0, 5.987815856933594]",5.987815856933594,5.714285714285714,5.987815856933594,3.9666666666666575,0,1,0,55.02366144955158,5.987815856933593e-06,238,1,0
121,41,10,0,0,0,5.9074892316545755,"[0.0, 5.9074892316545755]",5.9074892316545755,5.714285714285714,5.9074892316545755,2.3999999999999964,0,1,0,52.57772618532181,5.907489231654575e-06,144,1,0
121,42,57,0,0,0,5.905107770647321,"[0.0, 5.905107770647321]",5.905107770647321,5.714285714285714,5.905107770647321,2.3999999999999964,0,1,0,52.5777590572834,5.905107770647321e-06,144,1,0
121,43,48,0,0,0,5.728509085518974,"[0.0, 5.728509085518974]",5.728509085518974,5.714285714285714,5.728509085518974,2.33333333333333,0,1,0,50.31719070672989,5.728509085518974e-06,140,1,0
121,44,43,0,0,0,5.516237531389509,"[0.0, 5.516237531389509]",5.516237531389509,2.857142857142857,5.516237531389509,2.2666666666666635,0,1,0,48.098229229450226,5.516237531389509e-06,136,1,0
121,45,59,0,0,0,5.4984283447265625,"[0.0, 5.4984283447265625]",5.4984283447265625,2.857142857142857,5.4984283447265625,2.249999999999997,0,1,0,47.549946054816246,5.498428344726563e-06,135,1,0
121,46,61,0,0,0,5.381475176130023,"[0.0, 5.381475176130023]",5.381475176130023,2.857142857142857,5.381475176130023,2.2333333333333303,0,1,0,46.668061554431915,5.381475176130023e-06,134,1,0
121,47,53,0,0,0,5.366031101771764,"[0.0, 5.366031101771764]",5.366031101771764,2.857142857142857,5.366031101771764,2.2166666666666637,0,1,0,46.46092391014099,5.366031101771764e-06,133,1,0
121,48,23,0,0,0,5.290064130510603,"[0.0, 5.290064130510603]",5.290064130510603,2.857142857142857,5.290064130510603,2.1833333333333305,0,1,0,45.38208447396755,5.290064130510603e-06,131,1,0
121,49,8,0,0,0,5.128342764718192,"[0.0, 5.128342764718192]",5.128342764718192,2.857142857142857,5.128342764718192,2.8666666666666614,0,1,0,44.17303878068924,5.128342764718192e-06,172,1,0
121,50,27,0,0,0,5.084217616489956,"[0.0, 5.084217616489956]",5.084217616489956,2.857142857142857,5.084217616489956,2.7666666666666617,0,1,0,43.6432268768549,5.084217616489956e-06,166,1,0
121,51,36,0,0,0,4.996757507324219,"[0.0, 4.996757507324219]",4.996757507324219,2.857142857142857,4.996757507324219,2.0999999999999974,0,1,0,42.13960787653923,4.996757507324219e-06,126,1,0
121,52,50,0,0,0,4.984038216727121,"[0.0, 4.984038216727121]",4.984038216727121,2.857142857142857,4.984038216727121,2.083333333333331,0,1,0,42.20903345942497,4.984038216727121e-06,125,1,0
121,53,28,0,0,0,4.982773917061942,"[0.0, 4.982773917061942]",4.982773917061942,2.857142857142857,4.982773917061942,2.6833333333333287,0,1,0,42.464525297284126,4.982773917061942e-06,161,1,0
121,54,21,0,0,0,4.948692321777344,"[0.0, 4.948692321777344]",4.948692321777344,2.857142857142857,4.948692321777344,2.066666666666664,0,1,0,41.689417615532875,4.9486923217773435e-06,124,1,0
121,55,45,0,0,0,4.847553798130581,"[0.0, 4.847553798130581]",4.847553798130581,2.857142857142857,4.847553798130581,2.033333333333331,0,1,0,40.61478075385094,4.847553798130581e-06,122,1,0
121,56,52,0,0,0,4.791357857840402,"[0.0, 4.791357857840402]",4.791357857840402,2.857142857142857,4.791357857840402,2.0166666666666644,0,1,0,40.146307066082954,4.791357857840402e-06,121,1,0
121,57,60,0,0,0,4.757145472935268,"[0.0, 4.757145472935268]",4.757145472935268,2.857142857142857,4.757145472935268,1.9999999999999978,0,1,0,39.637675166130066,4.757145472935268e-06,120,1,0
121,58,63,0,0,0,4.7570037841796875,"[0.0, 4.7570037841796875]",4.7570037841796875,2.857142857142857,4.7570037841796875,1.9999999999999978,0,1,0,39.637297093868256,4.7570037841796876e-06,120,1,0
121,59,25,0,0,0,2.360752650669643,"[0.0, 2.360752650669643]",2.360752650669643,0.0,2.360752650669643,5.016666666666654,0,1,0,11.94691082823556,2.360752650669643e-06,301,1,0
121,60,9,0,0,0,1.9081006731305805,"[0.0, 1.9081006731305805]",1.9081006731305805,0.0,1.9081006731305805,5.016666666666654,0,1,0,5.567607325676363,1.9081006731305805e-06,301,1,0
121,61,26,0,0,0,1.8754741123744418,"[0.0, 1.8754741123744418]",1.8754741123744418,0.0,1.8754741123744418,5.016666666666654,0,1,0,5.144794343796093,1.875474112374442e-06,301,1,0
121,62,15,0,0,0,1.8752234322684154,"[0.0, 1.8752234322684154]",1.8752234322684154,0.0,1.8752234322684154,5.016666666666654,0,1,0,5.13906914513791,1.8752234322684154e-06,301,1,0
121,63,37,0,0,0,1.8739155360630582,"[0.0, 1.8739155360630582]",1.8739155360630582,0.0,1.8739155360630582,5.016666666666654,0,1,0,5.175647882977501,1.8739155360630582e-06,301,1,0
121,64,54,0,0,0,0.0,"[0.0, 0.0]",0.0,0.0,0.0,7.14999999999998,0,1,0,36.42236569710076,0.0,429,1,0
122,1,0,0,1,1,14.422514779227122,"[0.0, 14.422514779227122]",14.422514779227122,14.285714285714285,14.422514779227122,6.133333333333317,0,1,0,126.39056049287319,1.442251477922712e-05,368,1,0
122,2,43,0,1,1,14.41089085170201,"[0.0, 14.41089085170201]",14.41089085170201,14.285714285714285,14.41089085170201,6.549999999999982,0,1,0,128.5680906623602,1.441089085170201e-05,393,1,0
122,3,1,0,1,1,14.31302751813616,"[0.0, 14.31302751813616]",14.31302751813616,14.285714285714285,14.31302751813616,4.149999999999991,0,1,0,125.2760118842125,1.431302751813616e-05,249,1,0
122,4,2,0,1,1,14.028489249093193,"[0.0, 14.028489249093193]",14.028489249093193,11.428571428571429,14.028489249093193,7.583333333333312,0,1,0,129.81400351971388,1.4028489249093192e-05,455,1,0
122,5,3,0,1,1,13.565902709960936,"[0.0, 13.565902709960936]",13.565902709960936,11.428571428571429,13.565902709960936,8.71666666666668,0,1,0,127.28370710462332,1.3565902709960936e-05,523,1,0
122,6,4,0,1,1,13.549445016043526,"[0.0, 13.549445016043526]",13.549445016043526,11.428571428571429,13.549445016043526,6.483333333333316,0,1,0,121.74654677510262,1.3549445016043527e-05,389,1,0
122,7,5,0,1,1,11.533778054373604,"[0.0, 11.533778054373604]",11.533778054373604,11.428571428571429,11.533778054373604,5.933333333333318,0,1,0,100.25582353770733,1.1533778054373604e-05,356,1,0
122,8,6,0,1,1,11.514723641531809,"[0.0, 11.514723641531809]",11.514723641531809,11.428571428571429,11.514723641531809,5.749999999999985,0,1,0,102.21404910087585,1.1514723641531809e-05,345,1,0
122,9,7,0,0,1,11.501966203962054,"[0.0, 11.501966203962054]",11.501966203962054,11.428571428571429,11.501966203962054,5.733333333333318,0,1,0,98.66476927697659,1.1501966203962054e-05,344,1,0
122,10,38,0,0,1,10.792413439069476,"[0.0, 10.792413439069476]",10.792413439069476,8.571428571428571,10.792413439069476,3.4499999999999926,0,1,0,92.92321172356606,1.0792413439069477e-05,207,1,0
122,11,23,0,0,1,10.766797746930804,"[0.0, 10.766797746930804]",10.766797746930804,8.571428571428571,10.766797746930804,3.4166666666666594,0,1,0,91.66927209496498,1.0766797746930804e-05,205,1,0
122,12,48,0,0,1,10.606959206717354,"[0.0, 10.606959206717354]",10.606959206717354,8.571428571428571,10.606959206717354,3.399999999999993,0,1,0,91.12415368855,1.0606959206717354e-05,204,1,0
122,13,33,0,0,1,10.492164066859653,"[0.0, 10.492164066859653]",10.492164066859653,8.571428571428571,10.492164066859653,3.3666666666666596,0,1,0,89.35510790348053,1.0492164066859652e-05,202,1,0
122,14,32,0,0,1,10.466507502964564,"[0.0, 10.466507502964564]",10.466507502964564,8.571428571428571,10.466507502964564,3.349999999999993,0,1,0,88.5592341274023,1.0466507502964564e-05,201,1,0
122,15,39,0,0,1,10.425300598144531,"[0.0, 10.425300598144531]",10.425300598144531,8.571428571428571,10.425300598144531,3.3333333333333264,0,1,0,88.29594339430332,1.0425300598144532e-05,200,1,0
122,16,54,0,0,1,10.33730915614537,"[0.0, 10.33730915614537]",10.33730915614537,8.571428571428571,10.33730915614537,3.4166666666666594,0,1,0,91.1252756267786,1.033730915614537e-05,205,1,0
122,17,28,0,0,1,10.314982278006417,"[0.0, 10.314982278006417]",10.314982278006417,8.571428571428571,10.314982278006417,3.3333333333333264,0,1,0,88.29643833637238,1.0314982278006416e-05,200,1,0
122,18,16,0,0,1,10.307647160121373,"[0.0, 10.307647160121373]",10.307647160121373,8.571428571428571,10.307647160121373,3.3666666666666596,0,1,0,89.705885887146,1.0307647160121373e-05,202,1,0
122,19,30,0,0,1,10.162931169782366,"[0.0, 10.162931169782366]",10.162931169782366,8.571428571428571,10.162931169782366,3.349999999999993,0,1,0,87.96747787296772,1.0162931169782366e-05,201,1,0
122,20,55,0,0,1,9.904583522251674,"[0.0, 9.904583522251674]",9.904583522251674,8.571428571428571,9.904583522251674,3.26666666666666,0,1,0,85.5039539784193,9.904583522251674e-06,196,1,0
122,21,34,0,0,1,9.885283878871373,"[0.0, 9.885283878871373]",9.885283878871373,8.571428571428571,9.885283878871373,3.2833333333333266,0,1,0,86.19857370853424,9.885283878871373e-06,197,1,0
122,22,29,0,0,1,9.854657309395927,"[0.0, 9.854657309395927]",9.854657309395927,8.571428571428571,9.854657309395927,3.299999999999993,0,1,0,86.31802305579185,9.854657309395928e-06,198,1,0
122,23,22,0,0,1,9.703690665108818,"[0.0, 9.703690665108818]",9.703690665108818,8.571428571428571,9.703690665108818,3.2833333333333266,0,1,0,85.71628229320049,9.703690665108818e-06,197,1,0
122,24,40,0,0,1,9.647767203194753,"[0.0, 9.647767203194753]",9.647767203194753,8.571428571428571,9.647767203194753,3.21666666666666,0,1,0,83.05703891813755,9.647767203194753e-06,193,1,0
122,25,56,0,0,1,9.522887638636998,"[0.0, 9.522887638636998]",9.522887638636998,8.571428571428571,9.522887638636998,3.21666666666666,0,1,0,83.43269981443882,9.522887638636999e-06,193,1,0
122,26,59,0,0,1,9.121289934430804,"[0.0, 9.121289934430804]",9.121289934430804,8.571428571428571,9.121289934430804,3.183333333333327,0,1,0,82.06245474517345,9.121289934430803e-06,191,1,0
122,27,42,0,0,1,9.117200034005302,"[0.0, 9.117200034005302]",9.117200034005302,8.571428571428571,9.117200034005302,3.1999999999999935,0,1,0,82.0959669649601,9.117200034005303e-06,192,1,0
122,28,50,0,0,1,8.85916028703962,"[0.0, 8.85916028703962]",8.85916028703962,8.571428571428571,8.85916028703962,3.1999999999999935,0,1,0,81.14699697494507,8.85916028703962e-06,192,1,0
122,29,18,0,0,1,8.578698294503347,"[0.0, 8.578698294503347]",8.578698294503347,8.571428571428571,8.578698294503347,3.133333333333327,0,1,0,80.02594748139381,8.578698294503346e-06,188,1,0
122,30,61,0,0,1,8.563962663922991,"[0.0, 8.563962663922991]",8.563962663922991,5.714285714285714,8.563962663922991,3.399999999999993,0,1,0,80.63484238088131,8.563962663922992e-06,204,1,0
122,31,12,0,0,1,8.477652413504465,"[0.0, 8.477652413504465]",8.477652413504465,5.714285714285714,8.477652413504465,3.2499999999999933,0,1,0,78.27349047362804,8.477652413504465e-06,195,1,0
122,32,15,0,0,1,8.290759495326451,"[0.0, 8.290759495326451]",8.290759495326451,5.714285714285714,8.290759495326451,3.099999999999994,0,1,0,78.67886474728584,8.290759495326451e-06,186,1,0
122,33,8,0,0,0,8.030000414167132,"[0.0, 8.030000414167132]",8.030000414167132,5.714285714285714,8.030000414167132,3.049999999999994,0,1,0,76.6759993582964,8.030000414167132e-06,183,1,0
122,34,44,0,0,0,7.965834481375558,"[0.0, 7.965834481375558]",7.965834481375558,5.714285714285714,7.965834481375558,3.049999999999994,0,1,0,76.6758343577385,7.965834481375558e-06,183,1,0
122,35,13,0,0,0,7.825873238699776,"[0.0, 7.825873238699776]",7.825873238699776,5.714285714285714,7.825873238699776,3.016666666666661,0,1,0,75.17130710184574,7.825873238699777e-06,181,1,0
122,36,37,0,0,0,7.560310363769532,"[0.0, 7.560310363769532]",7.560310363769532,5.714285714285714,7.560310363769532,2.9833333333333276,0,1,0,73.79983474314213,7.560310363769532e-06,179,1,0
122,37,17,0,0,0,7.298995426722936,"[0.0, 7.298995426722936]",7.298995426722936,5.714285714285714,7.298995426722936,2.933333333333328,0,1,0,72.05597472190857,7.298995426722936e-06,176,1,0
122,38,49,0,0,0,7.156088692801339,"[0.0, 7.156088692801339]",7.156088692801339,5.714285714285714,7.156088692801339,2.933333333333328,0,1,0,71.16044978797436,7.15608869280134e-06,176,1,0
122,39,14,0,0,0,7.142857142857142,"[0.0, 7.142857142857142]",7.142857142857142,5.714285714285714,7.142857142857142,2.8499999999999948,0,1,0,68.87238878011703,7.142857142857143e-06,171,1,0
122,40,21,0,0,0,7.142857142857142,"[0.0, 7.142857142857142]",7.142857142857142,5.714285714285714,7.142857142857142,2.8166666666666615,0,1,0,65.25545197725296,7.142857142857143e-06,169,1,0
122,41,57,0,0,0,6.411007472446986,"[0.0, 6.411007472446986]",6.411007472446986,5.714285714285714,6.411007472446986,7.333333333333313,0,1,0,57.10698273911112,6.411007472446986e-06,440,1,0
122,42,62,0,0,0,5.790596008300781,"[0.0, 5.790596008300781]",5.790596008300781,5.714285714285714,5.790596008300781,2.3499999999999965,0,1,0,50.8787232786417,5.790596008300781e-06,141,1,0
122,43,35,0,0,0,5.7231903076171875,"[0.0, 5.7231903076171875]",5.7231903076171875,5.714285714285714,5.7231903076171875,2.33333333333333,0,1,0,50.31719999015331,5.723190307617187e-06,140,1,0
122,44,19,0,0,0,5.667877197265625,"[0.0, 5.667877197265625]",5.667877197265625,2.857142857142857,5.667877197265625,2.3166666666666633,0,1,0,49.758853405714035,5.667877197265625e-06,139,1,0
122,45,52,0,0,0,5.656869070870536,"[0.0, 5.656869070870536]",5.656869070870536,2.857142857142857,5.656869070870536,2.3166666666666633,0,1,0,49.75852294266224,5.656869070870535e-06,139,1,0
122,46,46,0,0,0,5.580929347446987,"[0.0, 5.580929347446987]",5.580929347446987,2.857142857142857,5.580929347446987,2.28333333333333,0,1,0,48.649353072047234,5.580929347446987e-06,137,1,0
122,47,25,0,0,0,5.499937874930246,"[0.0, 5.499937874930246]",5.499937874930246,2.857142857142857,5.499937874930246,6.21666666666665,0,1,0,45.86903032072587,5.499937874930246e-06,373,1,0
122,48,36,0,0,0,5.475899832589286,"[0.0, 5.475899832589286]",5.475899832589286,2.857142857142857,5.475899832589286,2.249999999999997,0,1,0,47.54958660900593,5.475899832589286e-06,135,1,0
122,49,58,0,0,0,5.420891898018973,"[0.0, 5.420891898018973]",5.420891898018973,2.857142857142857,5.420891898018973,2.2333333333333303,0,1,0,47.004273161292076,5.420891898018973e-06,134,1,0
122,50,26,0,0,0,5.402210780552456,"[0.0, 5.402210780552456]",5.402210780552456,2.857142857142857,5.402210780552456,2.249999999999997,0,1,0,46.56290665268898,5.4022107805524555e-06,135,1,0
122,51,27,0,0,0,5.3802980695452005,"[0.0, 5.3802980695452005]",5.3802980695452005,2.857142857142857,5.3802980695452005,6.21666666666665,0,1,0,46.25999868256622,5.380298069545201e-06,373,1,0
122,52,47,0,0,0,5.379208156040736,"[0.0, 5.379208156040736]",5.379208156040736,2.857142857142857,5.379208156040736,6.133333333333317,0,1,0,44.82571177430509,5.379208156040736e-06,368,1,0
122,53,10,0,0,0,5.350091116768974,"[0.0, 5.350091116768974]",5.350091116768974,2.857142857142857,5.350091116768974,6.26666666666665,0,1,0,46.04754985470208,5.350091116768974e-06,376,1,0
122,54,9,0,0,0,5.260413033621652,"[0.0, 5.260413033621652]",5.260413033621652,2.857142857142857,5.260413033621652,2.966666666666661,0,1,0,45.24065600335598,5.260413033621652e-06,178,1,0
122,55,60,0,0,0,5.231034415108817,"[0.0, 5.231034415108817]",5.231034415108817,2.857142857142857,5.231034415108817,2.9499999999999944,0,1,0,45.06675523519516,5.231034415108817e-06,177,1,0
122,56,20,0,0,0,5.1746368408203125,"[0.0, 5.1746368408203125]",5.1746368408203125,2.857142857142857,5.1746368408203125,2.1499999999999972,0,1,0,44.31410890817642,5.174636840820313e-06,129,1,0
122,57,11,0,0,0,5.153656005859375,"[0.0, 5.153656005859375]",5.153656005859375,2.857142857142857,5.153656005859375,2.1499999999999972,0,1,0,43.8343730866909,5.153656005859375e-06,129,1,0
122,58,31,0,0,0,5.084871564592634,"[0.0, 5.084871564592634]",5.084871564592634,2.857142857142857,5.084871564592634,2.116666666666664,0,1,0,43.23682405054569,5.084871564592633e-06,127,1,0
122,59,53,0,0,0,5.071084158761161,"[0.0, 5.071084158761161]",5.071084158761161,2.857142857142857,5.071084158761161,2.7833333333333283,0,1,0,43.32534223794937,5.071084158761161e-06,167,1,0
122,60,45,0,0,0,4.982577732631138,"[0.0, 4.982577732631138]",4.982577732631138,2.857142857142857,4.982577732631138,2.083333333333331,0,1,0,42.20902156829834,4.982577732631138e-06,125,1,0
122,61,63,0,0,0,4.607587541852679,"[0.0, 4.607587541852679]",4.607587541852679,2.857142857142857,4.607587541852679,1.949999999999998,0,1,0,38.12661847472191,4.607587541852679e-06,117,1,0
122,62,41,0,0,0,4.395686558314732,"[0.0, 4.395686558314732]",4.395686558314732,2.857142857142857,4.395686558314732,2.0166666666666644,0,1,0,35.73357951641083,4.395686558314732e-06,121,1,0
122,63,51,0,0,0,2.2446932111467635,"[0.0, 2.2446932111467635]",2.2446932111467635,0.0,2.2446932111467635,5.016666666666654,0,1,0,9.236573114336352,2.2446932111467636e-06,301,1,0
122,64,24,0,0,0,2.1522412981305807,"[0.0, 2.1522412981305807]",2.1522412981305807,0.0,2.1522412981305807,5.016666666666654,0,1,0,8.214646522355906,2.1522412981305807e-06,301,1,0
123,1,0,0,1,1,14.422514779227122,"[0.0, 14.422514779227122]",14.422514779227122,14.285714285714285,14.422514779227122,6.133333333333317,0,1,0,126.39056049287319,1.442251477922712e-05,368,1,0
123,2,1,0,1,1,14.41089085170201,"[0.0, 14.41089085170201]",14.41089085170201,14.285714285714285,14.41089085170201,6.549999999999982,0,1,0,128.5680906623602,1.441089085170201e-05,393,1,0
123,3,2,0,1,1,14.31302751813616,"[0.0, 14.31302751813616]",14.31302751813616,14.285714285714285,14.31302751813616,4.149999999999991,0,1,0,125.2760118842125,1.431302751813616e-05,249,1,0
123,4,3,0,1,1,14.028489249093193,"[0.0, 14.028489249093193]",14.028489249093193,11.428571428571429,14.028489249093193,7.583333333333312,0,1,0,129.81400351971388,1.4028489249093192e-05,455,1,0
123,5,39,0,1,1,13.883639744349887,"[0.0, 13.883639744349887]",13.883639744349887,11.428571428571429,13.883639744349887,8.58333333333334,0,1,0,130.59194418002153,1.3883639744349888e-05,515,1,0
123,6,4,0,1,1,13.565902709960936,"[0.0, 13.565902709960936]",13.565902709960936,11.428571428571429,13.565902709960936,8.71666666666668,0,1,0,127.28370710462332,1.3565902709960936e-05,523,1,0
123,7,5,0,1,1,13.549445016043526,"[0.0, 13.549445016043526]",13.549445016043526,11.428571428571429,13.549445016043526,6.483333333333316,0,1,0,121.74654677510262,1.3549445016043527e-05,389,1,0
123,8,6,0,1,1,11.533778054373604,"[0.0, 11.533778054373604]",11.533778054373604,11.428571428571429,11.533778054373604,5.933333333333318,0,1,0,100.25582353770733,1.1533778054373604e-05,356,1,0
123,9,7,0,0,1,11.514723641531809,"[0.0, 11.514723641531809]",11.514723641531809,11.428571428571429,11.514723641531809,5.749999999999985,0,1,0,102.21404910087585,1.1514723641531809e-05,345,1,0
123,10,43,0,0,1,10.68930217197963,"[0.0, 10.68930217197963]",10.68930217197963,8.571428571428571,10.68930217197963,3.399999999999993,0,1,0,90.78283926844597,1.068930217197963e-05,204,1,0
123,11,46,0,0,1,10.663972582135882,"[0.0, 10.663972582135882]",10.663972582135882,8.571428571428571,10.663972582135882,3.383333333333326,0,1,0,90.41443820297718,1.0663972582135882e-05,203,1,0
123,12,50,0,0,1,10.441502162388392,"[0.0, 10.441502162388392]",10.441502162388392,8.571428571428571,10.441502162388392,3.383333333333326,0,1,0,90.41402384638786,1.0441502162388392e-05,203,1,0
123,13,49,0,0,1,10.378071921212333,"[0.0, 10.378071921212333]",10.378071921212333,8.571428571428571,10.378071921212333,3.349999999999993,0,1,0,88.39471125602722,1.0378071921212334e-05,201,1,0
123,14,11,0,0,1,10.15209470476423,"[0.0, 10.15209470476423]",10.15209470476423,8.571428571428571,10.15209470476423,3.3166666666666598,0,1,0,87.59468474984169,1.0152094704764229e-05,199,1,0
123,15,16,0,0,1,9.93480954851423,"[0.0, 9.93480954851423]",9.93480954851423,8.571428571428571,9.93480954851423,3.2833333333333266,0,1,0,86.19862359762192,9.93480954851423e-06,197,1,0
123,16,60,0,0,1,9.921049390520368,"[0.0, 9.921049390520368]",9.921049390520368,8.571428571428571,9.921049390520368,3.2833333333333266,0,1,0,86.19819325208664,9.921049390520367e-06,197,1,0
123,17,56,0,0,1,9.831725529261998,"[0.0, 9.831725529261998]",9.831725529261998,8.571428571428571,9.831725529261998,5.18333333333332,0,1,0,88.3492243885994,9.831725529261997e-06,311,1,0
123,18,48,0,0,1,9.593162536621094,"[0.0, 9.593162536621094]",9.593162536621094,8.571428571428571,9.593162536621094,3.3166666666666598,0,1,0,85.36863332986832,9.593162536621094e-06,199,1,0
123,19,52,0,0,1,9.422362191336497,"[0.0, 9.422362191336497]",9.422362191336497,8.571428571428571,9.422362191336497,3.21666666666666,0,1,0,83.43261231482029,9.422362191336497e-06,193,1,0
123,20,14,0,0,1,9.4072995867048,"[0.0, 9.4072995867048]",9.4072995867048,8.571428571428571,9.4072995867048,3.21666666666666,0,1,0,83.43268120288849,9.4072995867048e-06,193,1,0
123,21,59,0,0,1,9.267836979457309,"[0.0, 9.267836979457309]",9.267836979457309,8.571428571428571,9.267836979457309,3.2333333333333267,0,1,0,83.09259602427483,9.267836979457309e-06,194,1,0
123,22,37,0,0,1,9.221532004220146,"[0.0, 9.221532004220146]",9.221532004220146,8.571428571428571,9.221532004220146,3.183333333333327,0,1,0,82.02894826233387,9.221532004220146e-06,191,1,0
123,23,53,0,0,1,9.202158791678293,"[0.0, 9.202158791678293]",9.202158791678293,8.571428571428571,9.202158791678293,3.1999999999999935,0,1,0,82.74682626128197,9.202158791678294e-06,192,1,0
123,24,12,0,0,1,9.133110046386719,"[0.0, 9.133110046386719]",9.133110046386719,8.571428571428571,9.133110046386719,4.3666666666666565,0,1,0,82.1880274116993,9.133110046386719e-06,262,1,0
123,25,28,0,0,1,9.113142830984932,"[0.0, 9.113142830984932]",9.113142830984932,8.571428571428571,9.113142830984932,3.349999999999993,0,1,0,81.76206654310226,9.113142830984933e-06,201,1,0
123,26,41,0,0,1,9.022110530308316,"[0.0, 9.022110530308316]",9.022110530308316,8.571428571428571,9.022110530308316,3.1666666666666603,0,1,0,81.3816684782505,9.022110530308316e-06,190,1,0
123,27,32,0,0,1,8.944723946707589,"[0.0, 8.944723946707589]",8.944723946707589,8.571428571428571,8.944723946707589,3.1499999999999937,0,1,0,80.7027575224638,8.944723946707589e-06,189,1,0
123,28,61,0,0,1,8.930328914097377,"[0.0, 8.930328914097377]",8.930328914097377,8.571428571428571,8.930328914097377,3.1999999999999935,0,1,0,81.28649927675724,8.930328914097377e-06,192,1,0
123,29,35,0,0,1,8.895797729492188,"[0.0, 8.895797729492188]",8.895797729492188,8.571428571428571,8.895797729492188,3.183333333333327,0,1,0,82.04340223968029,8.895797729492188e-06,191,1,0
123,30,19,0,0,1,8.890876770019531,"[0.0, 8.890876770019531]",8.890876770019531,8.571428571428571,8.890876770019531,3.433333333333326,0,1,0,81.72278933227062,8.890876770019532e-06,206,1,0
123,31,31,0,0,1,8.726681300571986,"[0.0, 8.726681300571986]",8.726681300571986,8.571428571428571,8.726681300571986,3.1166666666666605,0,1,0,79.35133288800716,8.726681300571986e-06,187,1,0
123,32,42,0,0,1,8.713932037353516,"[0.0, 8.713932037353516]",8.713932037353516,8.571428571428571,8.713932037353516,3.2333333333333267,0,1,0,80.43711842596531,8.713932037353515e-06,194,1,0
123,33,36,0,0,0,8.412047794886998,"[0.0, 8.412047794886998]",8.412047794886998,5.714285714285714,8.412047794886998,3.1166666666666605,0,1,0,79.35077880322933,8.412047794886999e-06,187,1,0
123,34,30,0,0,0,8.39392798287528,"[0.0, 8.39392798287528]",8.39392798287528,5.714285714285714,8.39392798287528,3.0833333333333273,0,1,0,78.00908222794533,8.39392798287528e-06,185,1,0
123,35,45,0,0,0,8.37648936680385,"[0.0, 8.37648936680385]",8.37648936680385,5.714285714285714,8.37648936680385,3.1166666666666605,0,1,0,79.35081122815609,8.37648936680385e-06,187,1,0
123,36,8,0,0,0,8.318530491420201,"[0.0, 8.318530491420201]",8.318530491420201,5.714285714285714,8.318530491420201,3.1166666666666605,0,1,0,79.35064053535461,8.318530491420202e-06,187,1,0
123,37,20,0,0,0,7.963240487234933,"[0.0, 7.963240487234933]",7.963240487234933,5.714285714285714,7.963240487234933,3.049999999999994,0,1,0,76.67599083483219,7.963240487234933e-06,183,1,0
123,38,62,0,0,0,7.803728921072824,"[0.0, 7.803728921072824]",7.803728921072824,5.714285714285714,7.803728921072824,5.13333333333332,0,1,0,75.87865425646305,7.803728921072823e-06,308,1,0
123,39,63,0,0,0,7.596149444580077,"[0.0, 7.596149444580077]",7.596149444580077,5.714285714285714,7.596149444580077,2.9999999999999942,0,1,0,74.69409726560116,7.596149444580077e-06,180,1,0
123,40,10,0,0,0,7.196412767682757,"[0.0, 7.196412767682757]",7.196412767682757,5.714285714285714,7.196412767682757,2.916666666666661,0,1,0,71.43631175160408,7.196412767682757e-06,175,1,0
123,41,21,0,0,0,7.142857142857142,"[0.0, 7.142857142857142]",7.142857142857142,5.714285714285714,7.142857142857142,2.833333333333328,0,1,0,68.23681353032589,7.142857142857143e-06,170,1,0
123,42,29,0,0,0,7.142857142857142,"[0.0, 7.142857142857142]",7.142857142857142,5.714285714285714,7.142857142857142,2.8999999999999946,0,1,0,70.79178319871426,7.142857142857143e-06,174,1,0
123,43,47,0,0,0,5.784481593540736,"[0.0, 5.784481593540736]",5.784481593540736,5.714285714285714,5.784481593540736,7.14999999999998,0,1,0,53.63020742801018,5.784481593540736e-06,429,1,0
123,44,34,0,0,0,5.701299394880023,"[0.0, 5.701299394880023]",5.701299394880023,2.857142857142857,5.701299394880023,2.33333333333333,0,1,0,50.31781467795372,5.701299394880022e-06,140,1,0
123,45,54,0,0,0,5.576411655970983,"[0.0, 5.576411655970983]",5.576411655970983,2.857142857142857,5.576411655970983,7.349999999999979,0,1,0,55.51033332015504,5.576411655970983e-06,441,1,0
123,46,26,0,0,0,5.411791120256696,"[0.0, 5.411791120256696]",5.411791120256696,2.857142857142857,5.411791120256696,2.2333333333333303,0,1,0,47.00393359363079,5.411791120256696e-06,134,1,0
123,47,15,0,0,0,5.3558840070452005,"[0.0, 5.3558840070452005]",5.3558840070452005,2.857142857142857,5.3558840070452005,3.7166666666666583,0,1,0,46.27884082868695,5.3558840070452e-06,223,1,0
123,48,40,0,0,0,5.312461853027344,"[0.0, 5.312461853027344]",5.312461853027344,2.857142857142857,5.312461853027344,2.3499999999999965,0,1,0,45.75848364830017,5.312461853027344e-06,141,1,0
123,49,58,0,0,0,5.307535443987165,"[0.0, 5.307535443987165]",5.307535443987165,2.857142857142857,5.307535443987165,2.199999999999997,0,1,0,45.9201105684042,5.307535443987165e-06,132,1,0
123,50,22,0,0,0,5.287584577287947,"[0.0, 5.287584577287947]",5.287584577287947,2.857142857142857,5.287584577287947,6.21666666666665,0,1,0,45.87756760176853,5.2875845772879474e-06,373,1,0
123,51,25,0,0,0,5.077247619628906,"[0.0, 5.077247619628906]",5.077247619628906,2.857142857142857,5.077247619628906,2.7666666666666617,0,1,0,43.526337176561356,5.077247619628906e-06,166,1,0
123,52,55,0,0,0,5.055574689592634,"[0.0, 5.055574689592634]",5.055574689592634,2.857142857142857,5.055574689592634,2.0999999999999974,0,1,0,42.731319680809975,5.055574689592634e-06,126,1,0
123,53,44,0,0,0,5.048245021275111,"[0.0, 5.048245021275111]",5.048245021275111,2.857142857142857,5.048245021275111,2.0999999999999974,0,1,0,42.73099464178085,5.048245021275111e-06,126,1,0
123,54,51,0,0,0,5.03990718296596,"[0.0, 5.03990718296596]",5.03990718296596,2.857142857142857,5.03990718296596,2.083333333333331,0,1,0,42.209106504917145,5.03990718296596e-06,125,1,0
123,55,38,0,0,0,5.031138828822545,"[0.0, 5.031138828822545]",5.031138828822545,2.857142857142857,5.031138828822545,2.0999999999999974,0,1,0,42.73118242621422,5.031138828822545e-06,126,1,0
123,56,17,0,0,0,4.929716927664621,"[0.0, 4.929716927664621]",4.929716927664621,2.857142857142857,4.929716927664621,2.066666666666664,0,1,0,41.68954721093178,4.929716927664621e-06,124,1,0
123,57,27,0,0,0,4.843902587890625,"[0.0, 4.843902587890625]",4.843902587890625,2.857142857142857,4.843902587890625,2.033333333333331,0,1,0,40.658040568232536,4.843902587890625e-06,122,1,0
123,58,57,0,0,0,4.804131644112723,"[0.0, 4.804131644112723]",4.804131644112723,2.857142857142857,4.804131644112723,2.033333333333331,0,1,0,40.17457139492035,4.8041316441127235e-06,122,1,0
123,59,13,0,0,0,4.759521484375,"[0.0, 4.759521484375]",4.759521484375,2.857142857142857,4.759521484375,1.9999999999999978,0,1,0,39.63745881617069,4.759521484375e-06,120,1,0
123,60,18,0,0,0,4.749434334891183,"[0.0, 4.749434334891183]",4.749434334891183,2.857142857142857,4.749434334891183,1.9999999999999978,0,1,0,39.6377018392086,4.749434334891183e-06,120,1,0
123,61,33,0,0,0,1.9085747855050221,"[0.0, 1.9085747855050221]",1.9085747855050221,0.0,1.9085747855050221,5.016666666666654,0,1,0,5.56518049526494,1.908574785505022e-06,301,1,0
123,62,9,0,0,0,1.8758283342633928,"[0.0, 1.8758283342633928]",1.8758283342633928,0.0,1.8758283342633928,5.016666666666654,0,1,0,5.173433957155794,1.8758283342633927e-06,301,1,0
123,63,23,0,0,0,1.8758283342633928,"[0.0, 1.8758283342633928]",1.8758283342633928,0.0,1.8758283342633928,5.016666666666654,0,1,0,5.173351624980569,1.8758283342633927e-06,301,1,0
123,64,24,0,0,0,1.7695563180106029,"[0.0, 1.7695563180106029]",1.7695563180106029,0.0,1.7695563180106029,5.016666666666654,0,1,0,4.160782352715614,1.7695563180106028e-06,301,1,0
124,1,0,0,1,1,14.422514779227122,"[0.0, 14.422514779227122]",14.422514779227122,14.285714285714285,14.422514779227122,6.133333333333317,0,1,0,126.39056049287319,1.442251477922712e-05,368,1,0
124,2,1,0,1,1,14.41089085170201,"[0.0, 14.41089085170201]",14.41089085170201,14.285714285714285,14.41089085170201,6.549999999999982,0,1,0,128.5680906623602,1.441089085170201e-05,393,1,0
124,3,2,0,1,1,14.31302751813616,"[0.0, 14.31302751813616]",14.31302751813616,14.285714285714285,14.31302751813616,4.149999999999991,0,1,0,125.2760118842125,1.431302751813616e-05,249,1,0
124,4,60,0,1,1,14.178646632603236,"[0.0, 14.178646632603236]",14.178646632603236,11.428571428571429,14.178646632603236,4.149999999999991,0,1,0,125.27583247423172,1.4178646632603236e-05,249,1,0
124,5,3,0,1,1,14.028489249093193,"[0.0, 14.028489249093193]",14.028489249093193,11.428571428571429,14.028489249093193,7.583333333333312,0,1,0,129.81400351971388,1.4028489249093192e-05,455,1,0
124,6,4,0,1,1,13.883639744349887,"[0.0, 13.883639744349887]",13.883639744349887,11.428571428571429,13.883639744349887,8.58333333333334,0,1,0,130.59194418002153,1.3883639744349888e-05,515,1,0
124,7,23,0,1,1,13.696594238281252,"[0.0, 13.696594238281252]",13.696594238281252,11.428571428571429,13.696594238281252,6.899999999999981,0,1,0,124.2313721626997,1.3696594238281251e-05,414,1,0
124,8,5,0,1,1,13.565902709960936,"[0.0, 13.565902709960936]",13.565902709960936,11.428571428571429,13.565902709960936,8.71666666666668,0,1,0,127.28370710462332,1.3565902709960936e-05,523,1,0
124,9,6,0,0,1,13.549445016043526,"[0.0, 13.549445016043526]",13.549445016043526,11.428571428571429,13.549445016043526,6.483333333333316,0,1,0,121.74654677510262,1.3549445016043527e-05,389,1,0
124,10,28,0,0,1,13.076259068080356,"[0.0, 13.076259068080356]",13.076259068080356,11.428571428571429,13.076259068080356,7.1666666666666465,0,1,0,119.19875960052013,1.3076259068080356e-05,430,1,0
124,11,7,0,0,1,11.533778054373604,"[0.0, 11.533778054373604]",11.533778054373604,11.428571428571429,11.533778054373604,5.933333333333318,0,1,0,100.25582353770733,1.1533778054373604e-05,356,1,0
124,12,46,0,0,1,10.386521475655693,"[0.0, 10.386521475655693]",10.386521475655693,8.571428571428571,10.386521475655693,5.466666666666653,0,1,0,90.82373423874378,1.0386521475655692e-05,328,1,0
124,13,43,0,0,1,10.334982190813337,"[0.0, 10.334982190813337]",10.334982190813337,8.571428571428571,10.334982190813337,3.349999999999993,0,1,0,89.00025552511215,1.0334982190813337e-05,201,1,0
124,14,61,0,0,1,10.333148411342076,"[0.0, 10.333148411342076]",10.333148411342076,8.571428571428571,10.333148411342076,3.3333333333333264,0,1,0,88.29649426043034,1.0333148411342077e-05,200,1,0
124,15,10,0,0,1,10.1065799168178,"[0.0, 10.1065799168178]",10.1065799168178,8.571428571428571,10.1065799168178,3.3333333333333264,0,1,0,88.29621943831444,1.01065799168178e-05,200,1,0
124,16,39,0,0,1,10.052615574428012,"[0.0, 10.052615574428012]",10.052615574428012,8.571428571428571,10.052615574428012,3.2833333333333266,0,1,0,86.19844572246075,1.0052615574428013e-05,197,1,0
124,17,17,0,0,1,9.984068189348495,"[0.0, 9.984068189348495]",9.984068189348495,8.571428571428571,9.984068189348495,3.3166666666666598,0,1,0,87.5943098962307,9.984068189348495e-06,199,1,0
124,18,42,0,0,1,9.97826167515346,"[0.0, 9.97826167515346]",9.97826167515346,8.571428571428571,9.97826167515346,3.26666666666666,0,1,0,85.50376218557358,9.97826167515346e-06,196,1,0
124,19,34,0,0,1,9.898052215576172,"[0.0, 9.898052215576172]",9.898052215576172,8.571428571428571,9.898052215576172,3.299999999999993,0,1,0,86.89548960328102,9.898052215576171e-06,198,1,0
124,20,27,0,0,1,9.872313908168248,"[0.0, 9.872313908168248]",9.872313908168248,8.571428571428571,9.872313908168248,3.2499999999999933,0,1,0,84.81114929914474,9.872313908168249e-06,195,1,0
124,21,56,0,0,1,9.825117928641184,"[0.0, 9.825117928641184]",9.825117928641184,8.571428571428571,9.825117928641184,3.26666666666666,0,1,0,85.50371167063713,9.825117928641184e-06,196,1,0
124,22,15,0,0,1,9.68008313860212,"[0.0, 9.68008313860212]",9.68008313860212,8.571428571428571,9.68008313860212,3.2499999999999933,0,1,0,84.81128303706646,9.68008313860212e-06,195,1,0
124,23,20,0,0,1,9.602810995919365,"[0.0, 9.602810995919365]",9.602810995919365,8.571428571428571,9.602810995919365,3.2499999999999933,0,1,0,84.39490015804768,9.602810995919365e-06,195,1,0
124,24,53,0,0,1,9.294531685965401,"[0.0, 9.294531685965401]",9.294531685965401,8.571428571428571,9.294531685965401,3.1999999999999935,0,1,0,82.3378874361515,9.294531685965401e-06,192,1,0
124,25,11,0,0,1,9.271880558558873,"[0.0, 9.271880558558873]",9.271880558558873,8.571428571428571,9.271880558558873,3.183333333333327,0,1,0,82.06333334743977,9.271880558558872e-06,191,1,0
124,26,19,0,0,1,9.24060549054827,"[0.0, 9.24060549054827]",9.24060549054827,8.571428571428571,9.24060549054827,3.2333333333333267,0,1,0,84.11620639264584,9.24060549054827e-06,194,1,0
124,27,26,0,0,1,9.118690490722656,"[0.0, 9.118690490722656]",9.118690490722656,8.571428571428571,9.118690490722656,3.183333333333327,0,1,0,82.0631557404995,9.118690490722657e-06,191,1,0
124,28,62,0,0,1,9.071388244628906,"[0.0, 9.071388244628906]",9.071388244628906,8.571428571428571,9.071388244628906,3.1666666666666603,0,1,0,81.29949401319027,9.071388244628907e-06,190,1,0
124,29,44,0,0,1,8.988306862967354,"[0.0, 8.988306862967354]",8.988306862967354,8.571428571428571,8.988306862967354,3.1666666666666603,0,1,0,81.38181112706661,8.988306862967355e-06,190,1,0
124,30,37,0,0,1,8.895694187709264,"[0.0, 8.895694187709264]",8.895694187709264,8.571428571428571,8.895694187709264,3.183333333333327,0,1,0,81.4891711473465,8.895694187709264e-06,191,1,0
124,31,32,0,0,1,8.802067892892019,"[0.0, 8.802067892892019]",8.802067892892019,8.571428571428571,8.802067892892019,3.1666666666666603,0,1,0,81.38162006437778,8.802067892892019e-06,190,1,0
124,32,41,0,0,1,8.570976257324219,"[0.0, 8.570976257324219]",8.570976257324219,5.714285714285714,8.570976257324219,3.1499999999999937,0,1,0,80.70266033709049,8.570976257324219e-06,189,1,0
124,33,9,0,0,0,8.540673937116349,"[0.0, 8.540673937116349]",8.540673937116349,5.714285714285714,8.540673937116349,3.21666666666666,0,1,0,82.0657055079937,8.540673937116348e-06,193,1,0
124,34,30,0,0,0,8.402644566127233,"[0.0, 8.402644566127233]",8.402644566127233,5.714285714285714,8.402644566127233,3.099999999999994,0,1,0,78.67864401638508,8.402644566127232e-06,186,1,0
124,35,50,0,0,0,8.325792040143694,"[0.0, 8.325792040143694]",8.325792040143694,5.714285714285714,8.325792040143694,3.099999999999994,0,1,0,78.67884865403175,8.325792040143694e-06,186,1,0
124,36,25,0,0,0,8.025708879743304,"[0.0, 8.025708879743304]",8.025708879743304,5.714285714285714,8.025708879743304,4.8333333333333215,0,1,0,77.67581762373447,8.025708879743303e-06,290,1,0
124,37,58,0,0,0,7.499869210379464,"[0.0, 7.499869210379464]",7.499869210379464,5.714285714285714,7.499869210379464,2.9999999999999942,0,1,0,73.89845104515553,7.499869210379465e-06,180,1,0
124,38,22,0,0,0,7.142857142857142,"[0.0, 7.142857142857142]",7.142857142857142,5.714285714285714,7.142857142857142,2.8999999999999946,0,1,0,70.79175823926926,7.142857142857143e-06,174,1,0
124,39,12,0,0,0,6.683758326939174,"[0.0, 6.683758326939174]",6.683758326939174,5.714285714285714,6.683758326939174,2.6166666666666623,0,1,0,59.64117951691151,6.683758326939173e-06,157,1,0
124,40,38,0,0,0,6.560374668666295,"[0.0, 6.560374668666295]",6.560374668666295,5.714285714285714,6.560374668666295,2.5666666666666624,0,1,0,58.40448026359081,6.5603746686662955e-06,154,1,0
124,41,18,0,0,0,5.781549726213727,"[0.0, 5.781549726213727]",5.781549726213727,5.714285714285714,5.781549726213727,3.7499999999999916,0,1,0,51.94717572629452,5.781549726213727e-06,225,1,0
124,42,57,0,0,0,5.607779366629464,"[0.0, 5.607779366629464]",5.607779366629464,2.857142857142857,5.607779366629464,2.2999999999999967,0,1,0,49.20298747718334,5.607779366629465e-06,138,1,0
124,43,52,0,0,0,5.451109749930246,"[0.0, 5.451109749930246]",5.451109749930246,2.857142857142857,5.451109749930246,2.249999999999997,0,1,0,47.550056993961334,5.451109749930245e-06,135,1,0
124,44,40,0,0,0,5.330292837960379,"[0.0, 5.330292837960379]",5.330292837960379,2.857142857142857,5.330292837960379,6.183333333333317,0,1,0,44.91725301463157,5.330292837960379e-06,371,1,0
124,45,48,0,0,0,5.297339303152902,"[0.0, 5.297339303152902]",5.297339303152902,2.857142857142857,5.297339303152902,2.1833333333333305,0,1,0,44.95038339495659,5.297339303152902e-06,131,1,0
124,46,16,0,0,0,5.240260532924107,"[0.0, 5.240260532924107]",5.240260532924107,2.857142857142857,5.240260532924107,2.166666666666664,0,1,0,44.84692569077015,5.240260532924107e-06,130,1,0
124,47,21,0,0,0,5.229050772530692,"[0.0, 5.229050772530692]",5.229050772530692,2.857142857142857,5.229050772530692,2.166666666666664,0,1,0,44.84706895053387,5.229050772530692e-06,130,1,0
124,48,59,0,0,0,5.220696585518973,"[0.0, 5.220696585518973]",5.220696585518973,2.857142857142857,5.220696585518973,2.966666666666661,0,1,0,45.24082462489605,5.220696585518973e-06,178,1,0
124,49,31,0,0,0,5.198985508510045,"[0.0, 5.198985508510045]",5.198985508510045,2.857142857142857,5.198985508510045,2.166666666666664,0,1,0,44.59682320058346,5.198985508510045e-06,130,1,0
124,50,47,0,0,0,5.138468061174665,"[0.0, 5.138468061174665]",5.138468061174665,2.857142857142857,5.138468061174665,2.8666666666666614,0,1,0,44.17296452820301,5.138468061174665e-06,172,1,0
124,51,54,0,0,0,5.129716055733817,"[0.0, 5.129716055733817]",5.129716055733817,2.857142857142857,5.129716055733817,2.1333333333333306,0,1,0,43.78361068665981,5.1297160557338165e-06,128,1,0
124,52,24,0,0,0,4.770960126604352,"[0.0, 4.770960126604352]",4.770960126604352,2.857142857142857,4.770960126604352,2.4833333333333294,0,1,0,39.9482202231884,4.770960126604352e-06,149,1,0
124,53,33,0,0,0,4.714649745396205,"[0.0, 4.714649745396205]",4.714649745396205,2.857142857142857,4.714649745396205,1.9833333333333312,0,1,0,39.13132940232754,4.714649745396205e-06,119,1,0
124,54,35,0,0,0,4.510334559849331,"[0.0, 4.510334559849331]",4.510334559849331,2.857142857142857,4.510334559849331,2.2999999999999967,0,1,0,37.14906831085682,4.5103345598493305e-06,138,1,0
124,55,63,0,0,0,4.378727504185268,"[0.0, 4.378727504185268]",4.378727504185268,2.857142857142857,4.378727504185268,6.366666666666649,0,1,0,33.87296512526518,4.378727504185268e-06,382,1,0
124,56,36,0,0,0,2.1116910661969865,"[0.0, 2.1116910661969865]",2.1116910661969865,0.0,2.1116910661969865,5.016666666666654,0,1,0,7.705948293703841,2.1116910661969864e-06,301,1,0
124,57,8,0,0,0,1.8758283342633928,"[0.0, 1.8758283342633928]",1.8758283342633928,0.0,1.8758283342633928,5.016666666666654,0,1,0,5.173493778624106,1.8758283342633927e-06,301,1,0
124,58,29,0,0,0,1.8758283342633928,"[0.0, 1.8758283342633928]",1.8758283342633928,0.0,1.8758283342633928,5.016666666666654,0,1,0,5.173454574891366,1.8758283342633927e-06,301,1,0
124,59,45,0,0,0,1.8758283342633928,"[0.0, 1.8758283342633928]",1.8758283342633928,0.0,1.8758283342633928,5.016666666666654,0,1,0,5.173404305125587,1.8758283342633927e-06,301,1,0
124,60,51,0,0,0,1.875762939453125,"[0.0, 1.875762939453125]",1.875762939453125,0.0,1.875762939453125,5.016666666666654,0,1,0,5.173970710427966,1.875762939453125e-06,301,1,0
124,61,13,0,0,0,1.875272478376116,"[0.0, 1.875272478376116]",1.875272478376116,0.0,1.875272478376116,5.016666666666654,0,1,0,5.174782391171902,1.875272478376116e-06,301,1,0
124,62,55,0,0,0,1.874901907784598,"[0.0, 1.874901907784598]",1.874901907784598,0.0,1.874901907784598,5.016666666666654,0,1,0,5.184972383431159,1.874901907784598e-06,301,1,0
124,63,14,0,0,0,0.0,"[0.0, 0.0]",0.0,0.0,0.0,30.016666666666243,0,0,1,276.9399017365067,0.0,1801,0,1
124,64,49,0,0,0,0.0,"[0.0, 0.0]",0.0,0.0,0.0,30.016666666666243,0,0,1,282.92425014456967,0.0,1801,0,1
125,1,26,0,1,1,14.717009408133372,"[0.0, 14.717009408133372]",14.717009408133372,14.285714285714285,14.717009408133372,6.766666666666648,0,1,0,128.43589814007282,1.4717009408133372e-05,406,1,0
125,2,0,0,1,1,14.422514779227122,"[0.0, 14.422514779227122]",14.422514779227122,14.285714285714285,14.422514779227122,6.133333333333317,0,1,0,126.39056049287319,1.442251477922712e-05,368,1,0
125,3,1,0,1,1,14.41089085170201,"[0.0, 14.41089085170201]",14.41089085170201,14.285714285714285,14.41089085170201,6.549999999999982,0,1,0,128.5680906623602,1.441089085170201e-05,393,1,0
125,4,2,0,1,1,14.31302751813616,"[0.0, 14.31302751813616]",14.31302751813616,14.285714285714285,14.31302751813616,4.149999999999991,0,1,0,125.2760118842125,1.431302751813616e-05,249,1,0
125,5,3,0,1,1,14.178646632603236,"[0.0, 14.178646632603236]",14.178646632603236,11.428571428571429,14.178646632603236,4.149999999999991,0,1,0,125.27583247423172,1.4178646632603236e-05,249,1,0
125,6,13,0,1,1,14.073121207101005,"[0.0, 14.073121207101005]",14.073121207101005,11.428571428571429,14.073121207101005,6.766666666666648,0,1,0,124.5758893340826,1.4073121207101006e-05,406,1,0
125,7,4,0,1,1,14.028489249093193,"[0.0, 14.028489249093193]",14.028489249093193,11.428571428571429,14.028489249093193,7.583333333333312,0,1,0,129.81400351971388,1.4028489249093192e-05,455,1,0
125,8,57,0,1,1,13.98897443498884,"[0.0, 13.98897443498884]",13.98897443498884,11.428571428571429,13.98897443498884,6.399999999999983,0,1,0,123.7450261414051,1.398897443498884e-05,384,1,0
125,9,5,0,0,1,13.883639744349887,"[0.0, 13.883639744349887]",13.883639744349887,11.428571428571429,13.883639744349887,8.58333333333334,0,1,0,130.59194418002153,1.3883639744349888e-05,515,1,0
125,10,6,0,0,1,13.696594238281252,"[0.0, 13.696594238281252]",13.696594238281252,11.428571428571429,13.696594238281252,6.899999999999981,0,1,0,124.2313721626997,1.3696594238281251e-05,414,1,0
125,11,7,0,0,1,13.565902709960936,"[0.0, 13.565902709960936]",13.565902709960936,11.428571428571429,13.565902709960936,8.71666666666668,0,1,0,127.28370710462332,1.3565902709960936e-05,523,1,0
125,12,10,0,0,1,10.914723532540457,"[0.0, 10.914723532540457]",10.914723532540457,8.571428571428571,10.914723532540457,3.4499999999999926,0,1,0,93.26859879493713,1.0914723532540456e-05,207,1,0
125,13,9,0,0,1,10.762677873883929,"[0.0, 10.762677873883929]",10.762677873883929,8.571428571428571,10.762677873883929,3.4166666666666594,0,1,0,91.83670046925545,1.0762677873883929e-05,205,1,0
125,14,38,0,0,1,10.698705400739398,"[0.0, 10.698705400739398]",10.698705400739398,8.571428571428571,10.698705400739398,3.4499999999999926,0,1,0,90.78955043852329,1.0698705400739397e-05,207,1,0
125,15,25,0,0,1,10.55286134992327,"[0.0, 10.55286134992327]",10.55286134992327,8.571428571428571,10.55286134992327,3.399999999999993,0,1,0,90.24764980375767,1.0552861349923272e-05,204,1,0
125,16,54,0,0,1,10.048021589006696,"[0.0, 10.048021589006696]",10.048021589006696,8.571428571428571,10.048021589006696,3.3166666666666598,0,1,0,87.59482987225056,1.0048021589006696e-05,199,1,0
125,17,22,0,0,1,9.976814814976283,"[0.0, 9.976814814976283]",9.976814814976283,8.571428571428571,9.976814814976283,3.2833333333333266,0,1,0,85.88162809610367,9.976814814976283e-06,197,1,0
125,18,16,0,0,1,9.828989846365792,"[0.0, 9.828989846365792]",9.828989846365792,8.571428571428571,9.828989846365792,3.26666666666666,0,1,0,85.50340741872787,9.828989846365792e-06,196,1,0
125,19,55,0,0,1,9.828055245535715,"[0.0, 9.828055245535715]",9.828055245535715,8.571428571428571,9.828055245535715,3.299999999999993,0,1,0,86.30792254209518,9.828055245535715e-06,198,1,0
125,20,59,0,0,1,9.782494136265345,"[0.0, 9.782494136265345]",9.782494136265345,8.571428571428571,9.782494136265345,3.349999999999993,0,1,0,85.05439956486225,9.782494136265345e-06,201,1,0
125,21,60,0,0,1,9.655966077532087,"[0.0, 9.655966077532087]",9.655966077532087,8.571428571428571,9.655966077532087,3.2833333333333266,0,1,0,85.88177928328514,9.655966077532088e-06,197,1,0
125,22,17,0,0,1,9.63294165475028,"[0.0, 9.63294165475028]",9.63294165475028,8.571428571428571,9.63294165475028,3.2499999999999933,0,1,0,84.8111073076725,9.63294165475028e-06,195,1,0
125,23,40,0,0,1,9.529252733503068,"[0.0, 9.529252733503068]",9.529252733503068,8.571428571428571,9.529252733503068,3.299999999999993,0,1,0,85.2509691119194,9.529252733503067e-06,198,1,0
125,24,35,0,0,1,9.406760079520089,"[0.0, 9.406760079520089]",9.406760079520089,8.571428571428571,9.406760079520089,3.2333333333333267,0,1,0,83.56068056821823,9.406760079520088e-06,194,1,0
125,25,44,0,0,1,9.236782618931363,"[0.0, 9.236782618931363]",9.236782618931363,8.571428571428571,9.236782618931363,3.183333333333327,0,1,0,82.06295427680016,9.236782618931362e-06,191,1,0
125,26,32,0,0,1,9.225646427699498,"[0.0, 9.225646427699498]",9.225646427699498,8.571428571428571,9.225646427699498,3.21666666666666,0,1,0,83.432447463274,9.225646427699498e-06,193,1,0
125,27,37,0,0,1,9.174883706229075,"[0.0, 9.174883706229075]",9.174883706229075,8.571428571428571,9.174883706229075,3.21666666666666,0,1,0,83.43222445249557,9.174883706229074e-06,193,1,0
125,28,56,0,0,1,9.13285664149693,"[0.0, 9.13285664149693]",9.13285664149693,8.571428571428571,9.13285664149693,3.21666666666666,0,1,0,83.43224205076694,9.132856641496931e-06,193,1,0
125,29,42,0,0,1,9.08461434500558,"[0.0, 9.08461434500558]",9.08461434500558,8.571428571428571,9.08461434500558,3.1999999999999935,0,1,0,82.74657301604748,9.08461434500558e-06,192,1,0
125,30,28,0,0,1,8.96580559866769,"[0.0, 8.96580559866769]",8.96580559866769,8.571428571428571,8.96580559866769,3.1499999999999937,0,1,0,80.70252697169781,8.96580559866769e-06,189,1,0
125,31,43,0,0,1,8.848130362374441,"[0.0, 8.848130362374441]",8.848130362374441,8.571428571428571,8.848130362374441,3.1666666666666603,0,1,0,81.38155357539654,8.848130362374442e-06,190,1,0
125,32,23,0,0,1,8.673218318394252,"[0.0, 8.673218318394252]",8.673218318394252,8.571428571428571,8.673218318394252,3.133333333333327,0,1,0,80.02564951777458,8.673218318394251e-06,188,1,0
125,33,36,0,0,0,8.573684692382812,"[0.0, 8.573684692382812]",8.573684692382812,8.571428571428571,8.573684692382812,3.1666666666666603,0,1,0,81.38146954774857,8.573684692382812e-06,190,1,0
125,34,29,0,0,0,8.494769505092076,"[0.0, 8.494769505092076]",8.494769505092076,5.714285714285714,8.494769505092076,3.1499999999999937,0,1,0,80.70242430269718,8.494769505092076e-06,189,1,0
125,35,30,0,0,0,8.446720668247767,"[0.0, 8.446720668247767]",8.446720668247767,5.714285714285714,8.446720668247767,3.1166666666666605,0,1,0,79.35141934454441,8.446720668247768e-06,187,1,0
125,36,19,0,0,0,7.944709232875279,"[0.0, 7.944709232875279]",7.944709232875279,5.714285714285714,7.944709232875279,3.0666666666666607,0,1,0,77.34143526852131,7.944709232875278e-06,184,1,0
125,37,24,0,0,0,7.350101470947265,"[0.0, 7.350101470947265]",7.350101470947265,5.714285714285714,7.350101470947265,2.9833333333333276,0,1,0,72.76388941705227,7.350101470947265e-06,179,1,0
125,38,48,0,0,0,7.142857142857142,"[0.0, 7.142857142857142]",7.142857142857142,5.714285714285714,7.142857142857142,2.883333333333328,0,1,0,70.14941230416298,7.142857142857143e-06,173,1,0
125,39,50,0,0,0,7.142857142857142,"[0.0, 7.142857142857142]",7.142857142857142,5.714285714285714,7.142857142857142,2.916666666666661,0,1,0,71.4361053109169,7.142857142857143e-06,175,1,0
125,40,8,0,0,0,7.050628662109375,"[0.0, 7.050628662109375]",7.050628662109375,5.714285714285714,7.050628662109375,2.7333333333333285,0,1,0,63.713212847709656,7.050628662109375e-06,164,1,0
125,41,18,0,0,0,5.784274509974888,"[0.0, 5.784274509974888]",5.784274509974888,5.714285714285714,5.784274509974888,2.3499999999999965,0,1,0,50.87885336577892,5.784274509974888e-06,141,1,0
125,42,12,0,0,0,5.654476710728237,"[0.0, 5.654476710728237]",5.654476710728237,2.857142857142857,5.654476710728237,3.516666666666659,0,1,0,50.24832434952259,5.654476710728237e-06,211,1,0
125,43,31,0,0,0,5.643098013741629,"[0.0, 5.643098013741629]",5.643098013741629,2.857142857142857,5.643098013741629,3.4999999999999925,0,1,0,50.11730410158634,5.6430980137416296e-06,210,1,0
125,44,62,0,0,0,5.618482317243304,"[0.0, 5.618482317243304]",5.618482317243304,2.857142857142857,5.618482317243304,3.433333333333326,0,1,0,49.90208323299885,5.618482317243304e-06,206,1,0
125,45,51,0,0,0,5.550591605050223,"[0.0, 5.550591605050223]",5.550591605050223,2.857142857142857,5.550591605050223,2.633333333333329,0,1,0,48.79811854660511,5.550591605050223e-06,158,1,0
125,46,47,0,0,0,5.518488202776227,"[0.0, 5.518488202776227]",5.518488202776227,2.857142857142857,5.518488202776227,2.2666666666666635,0,1,0,48.09802731871605,5.518488202776228e-06,136,1,0
125,47,52,0,0,0,5.444014413016183,"[0.0, 5.444014413016183]",5.444014413016183,2.857142857142857,5.444014413016183,2.249999999999997,0,1,0,47.27385437488556,5.444014413016183e-06,135,1,0
125,48,27,0,0,0,5.426771981375558,"[0.0, 5.426771981375558]",5.426771981375558,2.857142857142857,5.426771981375558,2.2333333333333303,0,1,0,47.00333723425865,5.4267719813755585e-06,134,1,0
125,49,41,0,0,0,5.349993024553571,"[0.0, 5.349993024553571]",5.349993024553571,2.857142857142857,5.349993024553571,6.21666666666665,0,1,0,45.86875021920423,5.349993024553571e-06,373,1,0
125,50,63,0,0,0,5.119906834193638,"[0.0, 5.119906834193638]",5.119906834193638,2.857142857142857,5.119906834193638,2.1333333333333306,0,1,0,43.78379589319229,5.119906834193638e-06,128,1,0
125,51,11,0,0,0,4.985874720982142,"[0.0, 4.985874720982142]",4.985874720982142,2.857142857142857,4.985874720982142,2.083333333333331,0,1,0,42.208981052041054,4.985874720982142e-06,125,1,0
125,52,33,0,0,0,4.705020359584263,"[0.0, 4.705020359584263]",4.705020359584263,2.857142857142857,4.705020359584263,1.9833333333333312,0,1,0,39.13136801123619,4.705020359584263e-06,119,1,0
125,53,45,0,0,0,4.518890380859375,"[0.0, 4.518890380859375]",4.518890380859375,2.857142857142857,4.518890380859375,1.9166666666666647,0,1,0,37.13295170664787,4.518890380859375e-06,115,1,0
125,54,34,0,0,0,4.384989057268415,"[0.0, 4.384989057268415]",4.384989057268415,2.857142857142857,4.384989057268415,1.866666666666665,0,1,0,35.66275301575661,4.3849890572684145e-06,112,1,0
125,55,46,0,0,0,2.8264236450195312,"[0.0, 2.8264236450195312]",2.8264236450195312,0.0,2.8264236450195312,5.016666666666654,0,1,0,15.752581637003459,2.826423645019531e-06,301,1,0
125,56,14,0,0,0,2.17491694859096,"[0.0, 2.17491694859096]",2.17491694859096,0.0,2.17491694859096,5.016666666666654,0,1,0,8.444999335668399,2.1749169485909603e-06,301,1,0
125,57,49,0,0,0,2.129009791782924,"[0.0, 2.129009791782924]",2.129009791782924,0.0,2.129009791782924,5.016666666666654,0,1,0,7.909465471682779,2.129009791782924e-06,301,1,0
125,58,15,0,0,0,2.111761910574777,"[0.0, 2.111761910574777]",2.111761910574777,0.0,2.111761910574777,5.016666666666654,0,1,0,7.7055645667715,2.111761910574777e-06,301,1,0
125,59,61,0,0,0,2.110601152692522,"[0.0, 2.110601152692522]",2.110601152692522,0.0,2.110601152692522,5.016666666666654,0,1,0,7.705675070443249,2.110601152692522e-06,301,1,0
125,60,21,0,0,0,2.1083450317382812,"[0.0, 2.1083450317382812]",2.1083450317382812,0.0,2.1083450317382812,5.016666666666654,0,1,0,7.7063103945693,2.1083450317382813e-06,301,1,0
125,61,20,0,0,0,1.9085693359375,"[0.0, 1.9085693359375]",1.9085693359375,0.0,1.9085693359375,5.016666666666654,0,1,0,5.565238556475379,1.9085693359375e-06,301,1,0
125,62,53,0,0,0,1.8758010864257812,"[0.0, 1.8758010864257812]",1.8758010864257812,0.0,1.8758010864257812,5.016666666666654,0,1,0,5.173951465985738,1.8758010864257813e-06,301,1,0
125,63,39,0,0,0,1.873016357421875,"[0.0, 1.873016357421875]",1.873016357421875,0.0,1.873016357421875,5.016666666666654,0,1,0,5.175372042402159,1.873016357421875e-06,301,1,0
125,64,58,0,0,0,1.8698883056640625,"[0.0, 1.8698883056640625]",1.8698883056640625,0.0,1.8698883056640625,5.016666666666654,0,1,0,5.196461833722424,1.8698883056640625e-06,301,1,0
126,1,0,0,1,1,14.717009408133372,"[0.0, 14.717009408133372]",14.717009408133372,14.285714285714285,14.717009408133372,6.766666666666648,0,1,0,128.43589814007282,1.4717009408133372e-05,406,1,0
126,2,1,0,1,1,14.422514779227122,"[0.0, 14.422514779227122]",14.422514779227122,14.285714285714285,14.422514779227122,6.133333333333317,0,1,0,126.39056049287319,1.442251477922712e-05,368,1,0
126,3,2,0,1,1,14.41089085170201,"[0.0, 14.41089085170201]",14.41089085170201,14.285714285714285,14.41089085170201,6.549999999999982,0,1,0,128.5680906623602,1.441089085170201e-05,393,1,0
126,4,3,0,1,1,14.31302751813616,"[0.0, 14.31302751813616]",14.31302751813616,14.285714285714285,14.31302751813616,4.149999999999991,0,1,0,125.2760118842125,1.431302751813616e-05,249,1,0
126,5,4,0,1,1,14.178646632603236,"[0.0, 14.178646632603236]",14.178646632603236,11.428571428571429,14.178646632603236,4.149999999999991,0,1,0,125.27583247423172,1.4178646632603236e-05,249,1,0
126,6,5,0,1,1,14.073121207101005,"[0.0, 14.073121207101005]",14.073121207101005,11.428571428571429,14.073121207101005,6.766666666666648,0,1,0,124.5758893340826,1.4073121207101006e-05,406,1,0
126,7,6,0,1,1,14.028489249093193,"[0.0, 14.028489249093193]",14.028489249093193,11.428571428571429,14.028489249093193,7.583333333333312,0,1,0,129.81400351971388,1.4028489249093192e-05,455,1,0
126,8,7,0,1,1,13.98897443498884,"[0.0, 13.98897443498884]",13.98897443498884,11.428571428571429,13.98897443498884,6.399999999999983,0,1,0,123.7450261414051,1.398897443498884e-05,384,1,0
126,9,22,0,0,1,13.47116197858538,"[0.0, 13.47116197858538]",13.47116197858538,11.428571428571429,13.47116197858538,6.649999999999982,0,1,0,121.82168074697256,1.3471161978585381e-05,399,1,0
126,10,50,0,0,1,10.629561288016182,"[0.0, 10.629561288016182]",10.629561288016182,8.571428571428571,10.629561288016182,3.433333333333326,0,1,0,92.55121636390686,1.0629561288016182e-05,206,1,0
126,11,62,0,0,1,10.613471439906528,"[0.0, 10.613471439906528]",10.613471439906528,8.571428571428571,10.613471439906528,3.399999999999993,0,1,0,90.67546051740646,1.0613471439906527e-05,204,1,0
126,12,55,0,0,1,10.308764321463448,"[0.0, 10.308764321463448]",10.308764321463448,8.571428571428571,10.308764321463448,3.3333333333333264,0,1,0,88.29604706168175,1.0308764321463447e-05,200,1,0
126,13,17,0,0,1,10.287824358258929,"[0.0, 10.287824358258929]",10.287824358258929,8.571428571428571,10.287824358258929,3.349999999999993,0,1,0,89.00017622113228,1.0287824358258928e-05,201,1,0
126,14,53,0,0,1,10.234410422188896,"[0.0, 10.234410422188896]",10.234410422188896,8.571428571428571,10.234410422188896,3.6333333333333253,0,1,0,89.9024266153574,1.0234410422188896e-05,218,1,0
126,15,25,0,0,1,9.842019762311663,"[0.0, 9.842019762311663]",9.842019762311663,8.571428571428571,9.842019762311663,3.2833333333333266,0,1,0,86.19871348142624,9.842019762311664e-06,197,1,0
126,16,34,0,0,1,9.638957977294922,"[0.0, 9.638957977294922]",9.638957977294922,8.571428571428571,9.638957977294922,3.2499999999999933,0,1,0,84.14172752201557,9.638957977294922e-06,195,1,0
126,17,31,0,0,1,9.215635572160993,"[0.0, 9.215635572160993]",9.215635572160993,8.571428571428571,9.215635572160993,3.21666666666666,0,1,0,82.84466944634914,9.215635572160992e-06,193,1,0
126,18,56,0,0,1,9.12208012172154,"[0.0, 9.12208012172154]",9.12208012172154,8.571428571428571,9.12208012172154,3.21666666666666,0,1,0,83.4328793734312,9.12208012172154e-06,193,1,0
126,19,61,0,0,1,8.975772857666016,"[0.0, 8.975772857666016]",8.975772857666016,8.571428571428571,8.975772857666016,3.21666666666666,0,1,0,82.73596492409706,8.975772857666016e-06,193,1,0
126,20,38,0,0,1,8.926350729806083,"[0.0, 8.926350729806083]",8.926350729806083,8.571428571428571,8.926350729806083,3.6166666666666587,0,1,0,82.45059385895729,8.926350729806084e-06,217,1,0
126,21,12,0,0,1,8.852282932826451,"[0.0, 8.852282932826451]",8.852282932826451,8.571428571428571,8.852282932826451,3.1666666666666603,0,1,0,81.38160742819309,8.852282932826452e-06,190,1,0
126,22,33,0,0,1,8.84810311453683,"[0.0, 8.84810311453683]",8.84810311453683,8.571428571428571,8.84810311453683,3.1166666666666605,0,1,0,79.35098651051521,8.84810311453683e-06,187,1,0
126,23,19,0,0,1,8.827288491385325,"[0.0, 8.827288491385325]",8.827288491385325,8.571428571428571,8.827288491385325,3.1499999999999937,0,1,0,80.70278236269951,8.827288491385325e-06,189,1,0
126,24,28,0,0,1,8.780029841831752,"[0.0, 8.780029841831752]",8.780029841831752,8.571428571428571,8.780029841831752,3.183333333333327,0,1,0,81.66186736524105,8.780029841831752e-06,191,1,0
126,25,30,0,0,1,8.547428676060267,"[0.0, 8.547428676060267]",8.547428676060267,5.714285714285714,8.547428676060267,3.7499999999999916,0,1,0,80.7952863574028,8.547428676060267e-06,225,1,0
126,26,49,0,0,1,8.53713171822684,"[0.0, 8.53713171822684]",8.53713171822684,5.714285714285714,8.53713171822684,3.133333333333327,0,1,0,80.02550932765007,8.53713171822684e-06,188,1,0
126,27,39,0,0,1,8.476600646972656,"[0.0, 8.476600646972656]",8.476600646972656,5.714285714285714,8.476600646972656,3.1166666666666605,0,1,0,79.35079553723335,8.476600646972657e-06,187,1,0
126,28,23,0,0,1,8.392391204833984,"[0.0, 8.392391204833984]",8.392391204833984,5.714285714285714,8.392391204833984,3.1166666666666605,0,1,0,79.35147275030613,8.392391204833985e-06,187,1,0
126,29,10,0,0,1,8.376857212611608,"[0.0, 8.376857212611608]",8.376857212611608,5.714285714285714,8.376857212611608,9.633333333333391,0,1,0,68.52840102120535,8.376857212611607e-06,578,1,0
126,30,40,0,0,1,8.314941951206752,"[0.0, 8.314941951206752]",8.314941951206752,5.714285714285714,8.314941951206752,3.133333333333327,0,1,0,80.02551241219044,8.314941951206752e-06,188,1,0
126,31,42,0,0,1,8.139362335205078,"[0.0, 8.139362335205078]",8.139362335205078,5.714285714285714,8.139362335205078,3.0833333333333273,0,1,0,78.00914330780506,8.139362335205077e-06,185,1,0
126,32,58,0,0,1,7.881464276994977,"[0.0, 7.881464276994977]",7.881464276994977,5.714285714285714,7.881464276994977,3.0666666666666607,0,1,0,77.31377252936363,7.881464276994977e-06,184,1,0
126,33,48,0,0,0,7.4923133850097665,"[0.0, 7.4923133850097665]",7.4923133850097665,5.714285714285714,7.4923133850097665,3.0833333333333273,0,1,0,74.27479441463947,7.492313385009766e-06,185,1,0
126,34,51,0,0,0,7.117129734584264,"[0.0, 7.117129734584264]",7.117129734584264,5.714285714285714,7.117129734584264,7.883333333333311,0,1,0,65.53629803486547,7.1171297345842635e-06,473,1,0
126,35,15,0,0,0,6.319051470075335,"[0.0, 6.319051470075335]",6.319051470075335,5.714285714285714,6.319051470075335,7.266666666666646,0,1,0,56.67901000055281,6.319051470075335e-06,436,1,0
126,36,16,0,0,0,5.952170235770089,"[0.0, 5.952170235770089]",5.952170235770089,5.714285714285714,5.952170235770089,4.24999999999999,0,1,0,54.7870594188571,5.952170235770089e-06,255,1,0
126,37,9,0,0,0,5.893075125558036,"[0.0, 5.893075125558036]",5.893075125558036,5.714285714285714,5.893075125558036,3.9166666666666576,0,1,0,53.013368502259254,5.893075125558035e-06,235,1,0
126,38,47,0,0,0,5.864546639578682,"[0.0, 5.864546639578682]",5.864546639578682,5.714285714285714,5.864546639578682,2.3833333333333298,0,1,0,52.00896190106869,5.8645466395786826e-06,143,1,0
126,39,59,0,0,0,5.733669825962612,"[0.0, 5.733669825962612]",5.733669825962612,5.714285714285714,5.733669825962612,2.33333333333333,0,1,0,50.26903550326824,5.733669825962612e-06,140,1,0
126,40,41,0,0,0,5.7037843976702005,"[0.0, 5.7037843976702005]",5.7037843976702005,2.857142857142857,5.7037843976702005,3.5499999999999923,0,1,0,50.7856372743845,5.703784397670201e-06,213,1,0
126,41,29,0,0,0,5.662247794015067,"[0.0, 5.662247794015067]",5.662247794015067,2.857142857142857,5.662247794015067,2.3166666666666633,0,1,0,49.75931768119335,5.662247794015067e-06,139,1,0
126,42,27,0,0,0,5.622307913643973,"[0.0, 5.622307913643973]",5.622307913643973,2.857142857142857,5.622307913643973,3.4166666666666594,0,1,0,49.764879301190376,5.6223079136439735e-06,205,1,0
126,43,43,0,0,0,5.599087306431361,"[0.0, 5.599087306431361]",5.599087306431361,2.857142857142857,5.599087306431361,2.2999999999999967,0,1,0,49.202878564596176,5.5990873064313615e-06,138,1,0
126,44,52,0,0,0,5.466335841587611,"[0.0, 5.466335841587611]",5.466335841587611,2.857142857142857,5.466335841587611,2.249999999999997,0,1,0,47.55009447038174,5.466335841587611e-06,135,1,0
126,45,24,0,0,0,5.460848127092634,"[0.0, 5.460848127092634]",5.460848127092634,2.857142857142857,5.460848127092634,2.249999999999997,0,1,0,47.55019927024841,5.460848127092633e-06,135,1,0
126,46,18,0,0,0,5.44403076171875,"[0.0, 5.44403076171875]",5.44403076171875,2.857142857142857,5.44403076171875,2.249999999999997,0,1,0,47.54969707131386,5.44403076171875e-06,135,1,0
126,47,14,0,0,0,5.432532174246651,"[0.0, 5.432532174246651]",5.432532174246651,2.857142857142857,5.432532174246651,2.2333333333333303,0,1,0,47.00384804606438,5.432532174246651e-06,134,1,0
126,48,20,0,0,0,5.398853846958705,"[0.0, 5.398853846958705]",5.398853846958705,2.857142857142857,5.398853846958705,2.2166666666666637,0,1,0,46.460959762334824,5.398853846958705e-06,133,1,0
126,49,45,0,0,0,5.348456246512277,"[0.0, 5.348456246512277]",5.348456246512277,2.857142857142857,5.348456246512277,6.199999999999983,0,1,0,44.654311104590306,5.348456246512277e-06,372,1,0
126,50,13,0,0,0,5.312832423618861,"[0.0, 5.312832423618861]",5.312832423618861,2.857142857142857,5.312832423618861,2.199999999999997,0,1,0,45.9199363142252,5.3128324236188615e-06,132,1,0
126,51,44,0,0,0,5.271323067801339,"[0.0, 5.271323067801339]",5.271323067801339,2.857142857142857,5.271323067801339,2.1833333333333305,0,1,0,45.38230374455452,5.2713230678013395e-06,131,1,0
126,52,21,0,0,0,5.249650137765067,"[0.0, 5.249650137765067]",5.249650137765067,2.857142857142857,5.249650137765067,2.9999999999999942,0,1,0,45.586011469364166,5.249650137765067e-06,180,1,0
126,53,8,0,0,0,5.230865478515625,"[0.0, 5.230865478515625]",5.230865478515625,2.857142857142857,5.230865478515625,2.166666666666664,0,1,0,44.84665682911873,5.230865478515625e-06,130,1,0
126,54,32,0,0,0,5.037073407854352,"[0.0, 5.037073407854352]",5.037073407854352,2.857142857142857,5.037073407854352,2.0999999999999974,0,1,0,42.73122490942478,5.037073407854352e-06,126,1,0
126,55,11,0,0,0,4.9903651646205365,"[0.0, 4.9903651646205365]",4.9903651646205365,2.857142857142857,4.9903651646205365,2.083333333333331,0,1,0,42.20897276699543,4.990365164620536e-06,125,1,0
126,56,57,0,0,0,4.832071576799665,"[0.0, 4.832071576799665]",4.832071576799665,2.857142857142857,4.832071576799665,8.299999999999992,0,1,0,38.943580703635234,4.832071576799665e-06,498,1,0
126,57,35,0,0,0,2.1191678728376115,"[0.0, 2.1191678728376115]",2.1191678728376115,0.0,2.1191678728376115,5.016666666666654,0,1,0,7.785353276820388,2.1191678728376117e-06,301,1,0
126,58,26,0,0,0,1.9323730468750002,"[0.0, 1.9323730468750002]",1.9323730468750002,0.0,1.9323730468750002,5.016666666666654,0,1,0,5.806812030554283,1.932373046875e-06,301,1,0
126,59,60,0,0,0,1.914465767996652,"[0.0, 1.914465767996652]",1.914465767996652,0.0,1.914465767996652,5.016666666666654,0,1,0,5.578566146272351,1.914465767996652e-06,301,1,0
126,60,36,0,0,0,1.9031579153878346,"[0.0, 1.9031579153878346]",1.9031579153878346,0.0,1.9031579153878346,5.016666666666654,0,1,0,5.427185244392604,1.9031579153878345e-06,301,1,0
126,61,46,0,0,0,1.8758283342633928,"[0.0, 1.8758283342633928]",1.8758283342633928,0.0,1.8758283342633928,5.016666666666654,0,1,0,5.173417906335089,1.8758283342633927e-06,301,1,0
126,62,63,0,0,0,1.8758228846958707,"[0.0, 1.8758228846958707]",1.8758228846958707,0.0,1.8758228846958707,5.016666666666654,0,1,0,5.178385356630315,1.8758228846958707e-06,301,1,0
126,63,54,0,0,0,1.875354221888951,"[0.0, 1.875354221888951]",1.875354221888951,0.0,1.875354221888951,5.016666666666654,0,1,0,5.174591760907788,1.875354221888951e-06,301,1,0
126,64,37,0,0,0,1.8739373343331474,"[0.0, 1.8739373343331474]",1.8739373343331474,0.0,1.8739373343331474,5.016666666666654,0,1,0,5.175424710207153,1.8739373343331475e-06,301,1,0
127,1,0,0,1,1,14.717009408133372,"[0.0, 14.717009408133372]",14.717009408133372,14.285714285714285,14.717009408133372,6.766666666666648,0,1,0,128.43589814007282,1.4717009408133372e-05,406,1,0
127,2,1,0,1,1,14.422514779227122,"[0.0, 14.422514779227122]",14.422514779227122,14.285714285714285,14.422514779227122,6.133333333333317,0,1,0,126.39056049287319,1.442251477922712e-05,368,1,0
127,3,2,0,1,1,14.41089085170201,"[0.0, 14.41089085170201]",14.41089085170201,14.285714285714285,14.41089085170201,6.549999999999982,0,1,0,128.5680906623602,1.441089085170201e-05,393,1,0
127,4,3,0,1,1,14.31302751813616,"[0.0, 14.31302751813616]",14.31302751813616,14.285714285714285,14.31302751813616,4.149999999999991,0,1,0,125.2760118842125,1.431302751813616e-05,249,1,0
127,5,13,0,1,1,14.198499407087054,"[0.0, 14.198499407087054]",14.198499407087054,11.428571428571429,14.198499407087054,7.999999999999977,0,1,0,127.7229273840785,1.4198499407087054e-05,480,1,0
127,6,4,0,1,1,14.178646632603236,"[0.0, 14.178646632603236]",14.178646632603236,11.428571428571429,14.178646632603236,4.149999999999991,0,1,0,125.27583247423172,1.4178646632603236e-05,249,1,0
127,7,30,0,1,1,14.172744750976562,"[0.0, 14.172744750976562]",14.172744750976562,11.428571428571429,14.172744750976562,6.466666666666649,0,1,0,127.63636906445026,1.4172744750976563e-05,388,1,0
127,8,5,0,1,1,14.073121207101005,"[0.0, 14.073121207101005]",14.073121207101005,11.428571428571429,14.073121207101005,6.766666666666648,0,1,0,124.5758893340826,1.4073121207101006e-05,406,1,0
127,9,28,0,0,1,14.06752450125558,"[0.0, 14.06752450125558]",14.06752450125558,11.428571428571429,14.06752450125558,6.749999999999981,0,1,0,137.85252295434475,1.406752450125558e-05,405,1,0
127,10,6,0,0,1,14.028489249093193,"[0.0, 14.028489249093193]",14.028489249093193,11.428571428571429,14.028489249093193,7.583333333333312,0,1,0,129.81400351971388,1.4028489249093192e-05,455,1,0
127,11,7,0,0,1,13.98897443498884,"[0.0, 13.98897443498884]",13.98897443498884,11.428571428571429,13.98897443498884,6.399999999999983,0,1,0,123.7450261414051,1.398897443498884e-05,384,1,0
127,12,15,0,0,1,12.857142857142856,"[0.0, 12.857142857142856]",12.857142857142856,11.428571428571429,12.857142857142856,7.1666666666666465,0,1,0,109.76116281747818,1.2857142857142856e-05,430,1,0
127,13,44,0,0,1,11.310828072684153,"[0.0, 11.310828072684153]",11.310828072684153,8.571428571428571,11.310828072684153,3.5333333333333257,0,1,0,96.88492599129677,1.1310828072684153e-05,212,1,0
127,14,47,0,0,1,10.80275126865932,"[0.0, 10.80275126865932]",10.80275126865932,8.571428571428571,10.80275126865932,3.433333333333326,0,1,0,92.55153176188469,1.080275126865932e-05,206,1,0
127,15,34,0,0,1,10.673672812325615,"[0.0, 10.673672812325615]",10.673672812325615,8.571428571428571,10.673672812325615,3.399999999999993,0,1,0,91.12421844899654,1.0673672812325614e-05,204,1,0
127,16,46,0,0,1,10.569381713867188,"[0.0, 10.569381713867188]",10.569381713867188,8.571428571428571,10.569381713867188,3.383333333333326,0,1,0,90.41410781443119,1.0569381713867188e-05,203,1,0
127,17,45,0,0,1,10.474254063197545,"[0.0, 10.474254063197545]",10.474254063197545,8.571428571428571,10.474254063197545,5.416666666666653,0,1,0,94.13172140717506,1.0474254063197545e-05,325,1,0
127,18,41,0,0,1,10.340390886579241,"[0.0, 10.340390886579241]",10.340390886579241,8.571428571428571,10.340390886579241,3.349999999999993,0,1,0,88.39052824676037,1.0340390886579241e-05,201,1,0
127,19,51,0,0,1,10.335448128836495,"[0.0, 10.335448128836495]",10.335448128836495,8.571428571428571,10.335448128836495,3.3166666666666598,0,1,0,87.59503696858883,1.0335448128836495e-05,199,1,0
127,20,10,0,0,1,10.321930476597377,"[0.0, 10.321930476597377]",10.321930476597377,8.571428571428571,10.321930476597377,5.499999999999986,0,1,0,91.34292790293694,1.0321930476597376e-05,330,1,0
127,21,62,0,0,1,10.270652770996094,"[0.0, 10.270652770996094]",10.270652770996094,8.571428571428571,10.270652770996094,3.383333333333326,0,1,0,90.41367968916893,1.0270652770996094e-05,203,1,0
127,22,37,0,0,1,10.20937510899135,"[0.0, 10.20937510899135]",10.20937510899135,8.571428571428571,10.20937510899135,3.3166666666666598,0,1,0,87.59480711817741,1.020937510899135e-05,199,1,0
127,23,23,0,0,1,9.918349129813057,"[0.0, 9.918349129813057]",9.918349129813057,8.571428571428571,9.918349129813057,3.2833333333333266,0,1,0,86.19810196757317,9.918349129813058e-06,197,1,0
127,24,39,0,0,1,9.855499267578125,"[0.0, 9.855499267578125]",9.855499267578125,8.571428571428571,9.855499267578125,3.2833333333333266,0,1,0,86.19800664484501,9.855499267578124e-06,197,1,0
127,25,20,0,0,1,9.773665836879184,"[0.0, 9.773665836879184]",9.773665836879184,8.571428571428571,9.773665836879184,3.26666666666666,0,1,0,85.5035670697689,9.773665836879184e-06,196,1,0
127,26,38,0,0,1,9.416869027273995,"[0.0, 9.416869027273995]",9.416869027273995,8.571428571428571,9.416869027273995,3.2333333333333267,0,1,0,83.7796031087637,9.416869027273995e-06,194,1,0
127,27,40,0,0,1,9.33152607509068,"[0.0, 9.33152607509068]",9.33152607509068,8.571428571428571,9.33152607509068,3.21666666666666,0,1,0,82.80604958534241,9.33152607509068e-06,193,1,0
127,28,24,0,0,1,9.305291857038226,"[0.0, 9.305291857038226]",9.305291857038226,8.571428571428571,9.305291857038226,3.21666666666666,0,1,0,83.11979730427265,9.305291857038225e-06,193,1,0
127,29,17,0,0,1,9.287926810128349,"[0.0, 9.287926810128349]",9.287926810128349,8.571428571428571,9.287926810128349,3.1999999999999935,0,1,0,82.7467305213213,9.28792681012835e-06,192,1,0
127,30,60,0,0,1,9.273044041224889,"[0.0, 9.273044041224889]",9.273044041224889,8.571428571428571,9.273044041224889,8.866666666666687,0,1,0,72.78659231275378,9.273044041224888e-06,532,1,0
127,31,11,0,0,1,9.113897596086774,"[0.0, 9.113897596086774]",9.113897596086774,8.571428571428571,9.113897596086774,3.1999999999999935,0,1,0,82.7467432320118,9.113897596086775e-06,192,1,0
127,32,59,0,0,1,9.06350816999163,"[0.0, 9.06350816999163]",9.06350816999163,8.571428571428571,9.06350816999163,3.1666666666666603,0,1,0,81.38192409276962,9.06350816999163e-06,190,1,0
127,33,49,0,0,0,8.829225812639509,"[0.0, 8.829225812639509]",8.829225812639509,8.571428571428571,8.829225812639509,3.1666666666666603,0,1,0,81.38195703923702,8.829225812639508e-06,190,1,0
127,34,63,0,0,0,8.714068276541575,"[0.0, 8.714068276541575]",8.714068276541575,8.571428571428571,8.714068276541575,3.1666666666666603,0,1,0,81.38171622157097,8.714068276541574e-06,190,1,0
127,35,12,0,0,0,8.625474657331194,"[0.0, 8.625474657331194]",8.625474657331194,8.571428571428571,8.625474657331194,3.1499999999999937,0,1,0,80.70279811322689,8.625474657331194e-06,189,1,0
127,36,19,0,0,0,8.396404811314175,"[0.0, 8.396404811314175]",8.396404811314175,5.714285714285714,8.396404811314175,3.133333333333327,0,1,0,80.02569453418255,8.396404811314175e-06,188,1,0
127,37,8,0,0,0,8.302252633231026,"[0.0, 8.302252633231026]",8.302252633231026,5.714285714285714,8.302252633231026,4.699999999999989,0,1,0,56.46041336283088,8.302252633231025e-06,282,1,0
127,38,52,0,0,0,8.250241960797991,"[0.0, 8.250241960797991]",8.250241960797991,5.714285714285714,8.250241960797991,3.383333333333326,0,1,0,79.54705163836479,8.250241960797991e-06,203,1,0
127,39,9,0,0,0,8.243443625313896,"[0.0, 8.243443625313896]",8.243443625313896,5.714285714285714,8.243443625313896,7.383333333333312,0,1,0,58.070693268760806,8.243443625313895e-06,443,1,0
127,40,26,0,0,0,8.211945125034877,"[0.0, 8.211945125034877]",8.211945125034877,5.714285714285714,8.211945125034877,3.133333333333327,0,1,0,80.02612414956093,8.211945125034877e-06,188,1,0
127,41,42,0,0,0,7.91304452078683,"[0.0, 7.91304452078683]",7.91304452078683,5.714285714285714,7.91304452078683,3.049999999999994,0,1,0,76.67609141767025,7.91304452078683e-06,183,1,0
127,42,53,0,0,0,7.596748897007534,"[0.0, 7.596748897007534]",7.596748897007534,5.714285714285714,7.596748897007534,2.9999999999999942,0,1,0,74.69346964359283,7.596748897007534e-06,180,1,0
127,43,25,0,0,0,7.222617013113839,"[0.0, 7.222617013113839]",7.222617013113839,5.714285714285714,7.222617013113839,2.9999999999999942,0,1,0,72.52530033886433,7.222617013113839e-06,180,1,0
127,44,29,0,0,0,7.142857142857142,"[0.0, 7.142857142857142]",7.142857142857142,5.714285714285714,7.142857142857142,2.883333333333328,0,1,0,70.14972253143787,7.142857142857143e-06,173,1,0
127,45,48,0,0,0,6.417961120605469,"[0.0, 6.417961120605469]",6.417961120605469,5.714285714285714,6.417961120605469,7.316666666666646,0,1,0,57.63230811640824,6.417961120605469e-06,439,1,0
127,46,14,0,0,0,6.221945626395089,"[0.0, 6.221945626395089]",6.221945626395089,5.714285714285714,6.221945626395089,7.283333333333313,0,1,0,56.61990697803412,6.221945626395089e-06,437,1,0
127,47,22,0,0,0,5.81810542515346,"[0.0, 5.81810542515346]",5.81810542515346,5.714285714285714,5.81810542515346,6.26666666666665,0,1,0,55.83672452560859,5.81810542515346e-06,376,1,0
127,48,32,0,0,0,5.720836094447545,"[0.0, 5.720836094447545]",5.720836094447545,5.714285714285714,5.720836094447545,2.33333333333333,0,1,0,50.31733067333698,5.720836094447545e-06,140,1,0
127,49,56,0,0,0,5.597425188337054,"[0.0, 5.597425188337054]",5.597425188337054,2.857142857142857,5.597425188337054,2.2999999999999967,0,1,0,49.20276337862015,5.597425188337054e-06,138,1,0
127,50,21,0,0,0,5.46112060546875,"[0.0, 5.46112060546875]",5.46112060546875,2.857142857142857,5.46112060546875,2.249999999999997,0,1,0,47.54950711131096,5.46112060546875e-06,135,1,0
127,51,54,0,0,0,5.377960205078125,"[0.0, 5.377960205078125]",5.377960205078125,2.857142857142857,5.377960205078125,2.2333333333333303,0,1,0,46.73514777421951,5.377960205078125e-06,134,1,0
127,52,55,0,0,0,5.234347752162388,"[0.0, 5.234347752162388]",5.234347752162388,2.857142857142857,5.234347752162388,2.166666666666664,0,1,0,44.84647120535374,5.234347752162388e-06,130,1,0
127,53,57,0,0,0,5.116212027413504,"[0.0, 5.116212027413504]",5.116212027413504,2.857142857142857,5.116212027413504,2.1333333333333306,0,1,0,43.68429212272167,5.1162120274135045e-06,128,1,0
127,54,33,0,0,0,5.104124886648996,"[0.0, 5.104124886648996]",5.104124886648996,2.857142857142857,5.104124886648996,2.833333333333328,0,1,0,43.896116480231285,5.104124886648996e-06,170,1,0
127,55,50,0,0,0,5.084926060267858,"[0.0, 5.084926060267858]",5.084926060267858,2.857142857142857,5.084926060267858,2.116666666666664,0,1,0,43.25637894868851,5.0849260602678575e-06,127,1,0
127,56,31,0,0,0,4.930409022739955,"[0.0, 4.930409022739955]",4.930409022739955,2.857142857142857,4.930409022739955,2.066666666666664,0,1,0,41.68938139081001,4.930409022739955e-06,124,1,0
127,57,36,0,0,0,4.825733729771206,"[0.0, 4.825733729771206]",4.825733729771206,2.857142857142857,4.825733729771206,2.549999999999996,0,1,0,40.583759739995,4.825733729771206e-06,153,1,0
127,58,58,0,0,0,4.245992388044085,"[0.0, 4.245992388044085]",4.245992388044085,2.857142857142857,4.245992388044085,2.0999999999999974,0,1,0,34.25906690955162,4.245992388044085e-06,126,1,0
127,59,43,0,0,0,2.681982857840402,"[0.0, 2.681982857840402]",2.681982857840402,0.0,2.681982857840402,5.016666666666654,0,1,0,14.211513071422814,2.681982857840402e-06,301,1,0
127,60,61,0,0,0,2.102072579520089,"[0.0, 2.102072579520089]",2.102072579520089,0.0,2.102072579520089,5.016666666666654,0,1,0,7.705792928754818,2.102072579520089e-06,301,1,0
127,61,18,0,0,0,2.100770132882255,"[0.0, 2.100770132882255]",2.100770132882255,0.0,2.100770132882255,5.016666666666654,0,1,0,7.705209808358632,2.1007701328822546e-06,301,1,0
127,62,16,0,0,0,1.9348743983677457,"[0.0, 1.9348743983677457]",1.9348743983677457,0.0,1.9348743983677457,5.016666666666654,0,1,0,5.816531503631268,1.9348743983677457e-06,301,1,0
127,63,35,0,0,0,1.893256051199777,"[0.0, 1.893256051199777]",1.893256051199777,0.0,1.893256051199777,5.016666666666654,0,1,0,5.3330497147399,1.8932560511997768e-06,301,1,0
127,64,27,0,0,0,1.8648910522460938,"[0.0, 1.8648910522460938]",1.8648910522460938,0.0,1.8648910522460938,5.016666666666654,0,1,0,5.182541506437701,1.8648910522460939e-06,301,1,0
128,1,0,0,1,1,14.717009408133372,"[0.0, 14.717009408133372]",14.717009408133372,14.285714285714285,14.717009408133372,6.766666666666648,0,1,0,128.43589814007282,1.4717009408133372e-05,406,1,0
128,2,1,0,1,1,14.422514779227122,"[0.0, 14.422514779227122]",14.422514779227122,14.285714285714285,14.422514779227122,6.133333333333317,0,1,0,126.39056049287319,1.442251477922712e-05,368,1,0
128,3,2,0,1,1,14.41089085170201,"[0.0, 14.41089085170201]",14.41089085170201,14.285714285714285,14.41089085170201,6.549999999999982,0,1,0,128.5680906623602,1.441089085170201e-05,393,1,0
128,4,3,0,1,1,14.31302751813616,"[0.0, 14.31302751813616]",14.31302751813616,14.285714285714285,14.31302751813616,4.149999999999991,0,1,0,125.2760118842125,1.431302751813616e-05,249,1,0
128,5,4,0,1,1,14.198499407087054,"[0.0, 14.198499407087054]",14.198499407087054,11.428571428571429,14.198499407087054,7.999999999999977,0,1,0,127.7229273840785,1.4198499407087054e-05,480,1,0
128,6,5,0,1,1,14.178646632603236,"[0.0, 14.178646632603236]",14.178646632603236,11.428571428571429,14.178646632603236,4.149999999999991,0,1,0,125.27583247423172,1.4178646632603236e-05,249,1,0
128,7,6,0,1,1,14.172744750976562,"[0.0, 14.172744750976562]",14.172744750976562,11.428571428571429,14.172744750976562,6.466666666666649,0,1,0,127.63636906445026,1.4172744750976563e-05,388,1,0
128,8,7,0,1,1,14.073121207101005,"[0.0, 14.073121207101005]",14.073121207101005,11.428571428571429,14.073121207101005,6.766666666666648,0,1,0,124.5758893340826,1.4073121207101006e-05,406,1,0
128,9,20,0,0,1,13.92915998186384,"[0.0, 13.92915998186384]",13.92915998186384,11.428571428571429,13.92915998186384,6.799999999999981,0,1,0,123.71633154153824,1.392915998186384e-05,408,1,0
128,10,61,0,0,1,11.222664969308035,"[0.0, 11.222664969308035]",11.222664969308035,8.571428571428571,11.222664969308035,5.749999999999985,0,1,0,98.65538468956947,1.1222664969308035e-05,345,1,0
128,11,24,0,0,1,10.911257607596262,"[0.0, 10.911257607596262]",10.911257607596262,8.571428571428571,10.911257607596262,3.483333333333326,0,1,0,94.70828247070312,1.0911257607596263e-05,209,1,0
128,12,42,0,0,1,10.78617913382394,"[0.0, 10.78617913382394]",10.78617913382394,8.571428571428571,10.78617913382394,5.499999999999986,0,1,0,93.8660032749176,1.078617913382394e-05,330,1,0
128,13,55,0,0,1,10.679800851004465,"[0.0, 10.679800851004465]",10.679800851004465,8.571428571428571,10.679800851004465,3.383333333333326,0,1,0,90.41409973800182,1.0679800851004465e-05,203,1,0
128,14,34,0,0,1,10.441063472202845,"[0.0, 10.441063472202845]",10.441063472202845,8.571428571428571,10.441063472202845,3.3666666666666596,0,1,0,89.70620138943195,1.0441063472202846e-05,202,1,0
128,15,29,0,0,1,10.232712881905693,"[0.0, 10.232712881905693]",10.232712881905693,8.571428571428571,10.232712881905693,3.4166666666666594,0,1,0,88.40604838728905,1.0232712881905692e-05,205,1,0
128,16,46,0,0,1,10.149647848946708,"[0.0, 10.149647848946708]",10.149647848946708,8.571428571428571,10.149647848946708,3.5499999999999923,0,1,0,89.2740899771452,1.0149647848946709e-05,213,1,0
128,17,60,0,0,1,10.082182203020368,"[0.0, 10.082182203020368]",10.082182203020368,8.571428571428571,10.082182203020368,3.3333333333333264,0,1,0,88.29606719315052,1.0082182203020367e-05,200,1,0
128,18,33,0,0,1,9.840123312813894,"[0.0, 9.840123312813894]",9.840123312813894,8.571428571428571,9.840123312813894,3.299999999999993,0,1,0,86.89550244808197,9.840123312813894e-06,198,1,0
128,19,10,0,0,1,9.584674835205078,"[0.0, 9.584674835205078]",9.584674835205078,8.571428571428571,9.584674835205078,3.2833333333333266,0,1,0,86.19849701225758,9.584674835205078e-06,197,1,0
128,20,17,0,0,1,9.563811165945872,"[0.0, 9.563811165945872]",9.563811165945872,8.571428571428571,9.563811165945872,3.2333333333333267,0,1,0,84.12087324261665,9.563811165945872e-06,194,1,0
128,21,43,0,0,1,9.560555049351285,"[0.0, 9.560555049351285]",9.560555049351285,8.571428571428571,9.560555049351285,3.2333333333333267,0,1,0,84.12081882357597,9.560555049351285e-06,194,1,0
128,22,62,0,0,1,9.430977957589286,"[0.0, 9.430977957589286]",9.430977957589286,8.571428571428571,9.430977957589286,3.21666666666666,0,1,0,83.4320868998766,9.430977957589287e-06,193,1,0
128,23,28,0,0,1,9.408182416643415,"[0.0, 9.408182416643415]",9.408182416643415,8.571428571428571,9.408182416643415,3.21666666666666,0,1,0,83.43266488611698,9.408182416643414e-06,193,1,0
128,24,9,0,0,1,9.382032666887556,"[0.0, 9.382032666887556]",9.382032666887556,8.571428571428571,9.382032666887556,3.2333333333333267,0,1,0,84.12047132849693,9.382032666887556e-06,194,1,0
128,25,16,0,0,1,9.342602321079799,"[0.0, 9.342602321079799]",9.342602321079799,8.571428571428571,9.342602321079799,3.21666666666666,0,1,0,83.43251103162766,9.342602321079799e-06,193,1,0
128,26,39,0,0,1,9.34161867414202,"[0.0, 9.34161867414202]",9.34161867414202,8.571428571428571,9.34161867414202,3.21666666666666,0,1,0,83.43238155543804,9.341618674142021e-06,193,1,0
128,27,37,0,0,1,9.26729474748884,"[0.0, 9.26729474748884]",9.26729474748884,8.571428571428571,9.26729474748884,3.1999999999999935,0,1,0,82.74678333103657,9.26729474748884e-06,192,1,0
128,28,25,0,0,1,9.238545554024832,"[0.0, 9.238545554024832]",9.238545554024832,8.571428571428571,9.238545554024832,3.2333333333333267,0,1,0,84.12072026729584,9.238545554024831e-06,194,1,0
128,29,57,0,0,1,8.93090111868722,"[0.0, 8.93090111868722]",8.93090111868722,8.571428571428571,8.93090111868722,3.1999999999999935,0,1,0,82.74632754921913,8.930901118687221e-06,192,1,0
128,30,27,0,0,1,8.88723373413086,"[0.0, 8.88723373413086]",8.88723373413086,8.571428571428571,8.88723373413086,3.1999999999999935,0,1,0,82.74670843780041,8.887233734130859e-06,192,1,0
128,31,54,0,0,1,8.850195748465401,"[0.0, 8.850195748465401]",8.850195748465401,8.571428571428571,8.850195748465401,3.1666666666666603,0,1,0,81.38162134587765,8.8501957484654e-06,190,1,0
128,32,45,0,0,1,8.848236628941127,"[0.0, 8.848236628941127]",8.848236628941127,8.571428571428571,8.848236628941127,3.349999999999993,0,1,0,81.61989177763462,8.848236628941126e-06,201,1,0
128,33,23,0,0,0,8.812885284423828,"[0.0, 8.812885284423828]",8.812885284423828,8.571428571428571,8.812885284423828,3.1666666666666603,0,1,0,81.38160164654255,8.812885284423829e-06,190,1,0
128,34,50,0,0,0,8.572913578578405,"[0.0, 8.572913578578405]",8.572913578578405,8.571428571428571,8.572913578578405,3.1499999999999937,0,1,0,80.70273078978062,8.572913578578405e-06,189,1,0
128,35,31,0,0,0,8.558393205915179,"[0.0, 8.558393205915179]",8.558393205915179,5.714285714285714,8.558393205915179,7.599999999999978,0,1,0,81.04578846390359,8.558393205915178e-06,456,1,0
128,36,8,0,0,0,8.527194431849889,"[0.0, 8.527194431849889]",8.527194431849889,5.714285714285714,8.527194431849889,3.1666666666666603,0,1,0,80.12620450556278,8.52719443184989e-06,190,1,0
128,37,53,0,0,0,8.42954363141741,"[0.0, 8.42954363141741]",8.42954363141741,5.714285714285714,8.42954363141741,3.1499999999999937,0,1,0,80.70285865664482,8.42954363141741e-06,189,1,0
128,38,51,0,0,0,8.3875002179827,"[0.0, 8.3875002179827]",8.3875002179827,5.714285714285714,8.3875002179827,3.1499999999999937,0,1,0,80.70248101651669,8.3875002179827e-06,189,1,0
128,39,22,0,0,0,8.199563707624163,"[0.0, 8.199563707624163]",8.199563707624163,5.714285714285714,8.199563707624163,7.233333333333313,0,1,0,57.29427314933855,8.199563707624162e-06,434,1,0
128,40,63,0,0,0,8.073763166155135,"[0.0, 8.073763166155135]",8.073763166155135,5.714285714285714,8.073763166155135,3.0833333333333273,0,1,0,78.00918772816658,8.073763166155136e-06,185,1,0
128,41,12,0,0,0,8.048738752092634,"[0.0, 8.048738752092634]",8.048738752092634,5.714285714285714,8.048738752092634,3.0833333333333273,0,1,0,78.00882859528065,8.048738752092633e-06,185,1,0
128,42,11,0,0,0,7.782254900251116,"[0.0, 7.782254900251116]",7.782254900251116,5.714285714285714,7.782254900251116,3.049999999999994,0,1,0,76.67569369077682,7.782254900251117e-06,183,1,0
128,43,14,0,0,0,7.687576838902064,"[0.0, 7.687576838902064]",7.687576838902064,5.714285714285714,7.687576838902064,3.0666666666666607,0,1,0,76.06221802532673,7.687576838902065e-06,184,1,0
128,44,49,0,0,0,7.640650612967355,"[0.0, 7.640650612967355]",7.640650612967355,5.714285714285714,7.640650612967355,3.016666666666661,0,1,0,75.3520173728466,7.640650612967355e-06,181,1,0
128,45,35,0,0,0,5.922802516392299,"[0.0, 5.922802516392299]",5.922802516392299,5.714285714285714,5.922802516392299,2.416666666666663,0,1,0,53.14949685335159,5.922802516392299e-06,145,1,0
128,46,52,0,0,0,5.883374895368303,"[0.0, 5.883374895368303]",5.883374895368303,5.714285714285714,5.883374895368303,2.3999999999999964,0,1,0,52.57756729424,5.883374895368303e-06,144,1,0
128,47,30,0,0,0,5.623746599469866,"[0.0, 5.623746599469866]",5.623746599469866,2.857142857142857,5.623746599469866,3.4666666666666592,0,1,0,49.85189908742905,5.623746599469866e-06,208,1,0
128,48,32,0,0,0,5.6186676025390625,"[0.0, 5.6186676025390625]",5.6186676025390625,2.857142857142857,5.6186676025390625,2.2999999999999967,0,1,0,49.20296065509319,5.618667602539063e-06,138,1,0
128,49,58,0,0,0,5.56746346609933,"[0.0, 5.56746346609933]",5.56746346609933,2.857142857142857,5.56746346609933,2.28333333333333,0,1,0,48.649534568190575,5.56746346609933e-06,137,1,0
128,50,15,0,0,0,5.465327671595982,"[0.0, 5.465327671595982]",5.465327671595982,2.857142857142857,5.465327671595982,2.249999999999997,0,1,0,47.54954534769058,5.465327671595982e-06,135,1,0
128,51,26,0,0,0,5.366614205496652,"[0.0, 5.366614205496652]",5.366614205496652,2.857142857142857,5.366614205496652,2.416666666666663,0,1,0,46.582289054989815,5.366614205496652e-06,145,1,0
128,52,18,0,0,0,5.349867684500558,"[0.0, 5.349867684500558]",5.349867684500558,2.857142857142857,5.349867684500558,2.2166666666666637,0,1,0,46.46079234778881,5.349867684500558e-06,133,1,0
128,53,47,0,0,0,5.262767246791294,"[0.0, 5.262767246791294]",5.262767246791294,2.857142857142857,5.262767246791294,2.1833333333333305,0,1,0,45.38209229707718,5.262767246791295e-06,131,1,0
128,54,38,0,0,0,5.165497916085379,"[0.0, 5.165497916085379]",5.165497916085379,2.857142857142857,5.165497916085379,2.199999999999997,0,1,0,43.96046322584152,5.16549791608538e-06,132,1,0
128,55,13,0,0,0,5.08706774030413,"[0.0, 5.08706774030413]",5.08706774030413,2.857142857142857,5.08706774030413,2.116666666666664,0,1,0,43.256176710128784,5.08706774030413e-06,127,1,0
128,56,56,0,0,0,4.98330797467913,"[0.0, 4.98330797467913]",4.98330797467913,2.857142857142857,4.98330797467913,2.083333333333331,0,1,0,42.208901554346085,4.98330797467913e-06,125,1,0
128,57,44,0,0,0,4.84539576939174,"[0.0, 4.84539576939174]",4.84539576939174,2.857142857142857,4.84539576939174,2.033333333333331,0,1,0,40.65779820084572,4.8453957693917405e-06,122,1,0
128,58,40,0,0,0,4.835237775530134,"[0.0, 4.835237775530134]",4.835237775530134,2.857142857142857,4.835237775530134,2.5666666666666624,0,1,0,40.66402108967304,4.835237775530134e-06,154,1,0
128,59,36,0,0,0,4.753428867885045,"[0.0, 4.753428867885045]",4.753428867885045,2.857142857142857,4.753428867885045,2.499999999999996,0,1,0,39.82069052755833,4.753428867885045e-06,150,1,0
128,60,21,0,0,0,4.699794224330358,"[0.0, 4.699794224330358]",4.699794224330358,2.857142857142857,4.699794224330358,1.9833333333333312,0,1,0,39.13096535205841,4.699794224330358e-06,119,1,0
128,61,19,0,0,0,4.292019435337611,"[0.0, 4.292019435337611]",4.292019435337611,2.857142857142857,4.292019435337611,6.283333333333316,0,1,0,32.449932346789865,4.292019435337611e-06,377,1,0
128,62,59,0,0,0,3.1915283203125,"[0.0, 3.1915283203125]",3.1915283203125,2.857142857142857,3.1915283203125,5.18333333333332,0,1,0,19.969948409147037,3.1915283203125e-06,311,1,0
128,63,41,0,0,0,1.875713893345424,"[0.0, 1.875713893345424]",1.875713893345424,0.0,1.875713893345424,5.016666666666654,0,1,0,5.17483737913426,1.875713893345424e-06,301,1,0
128,64,48,0,0,0,1.8756866455078125,"[0.0, 1.8756866455078125]",1.8756866455078125,0.0,1.8756866455078125,5.016666666666654,0,1,0,5.175081891880836,1.8756866455078126e-06,301,1,0
129,1,0,0,1,1,14.717009408133372,"[0.0, 14.717009408133372]",14.717009408133372,14.285714285714285,14.717009408133372,6.766666666666648,0,1,0,128.43589814007282,1.4717009408133372e-05,406,1,0
129,2,1,0,1,1,14.422514779227122,"[0.0, 14.422514779227122]",14.422514779227122,14.285714285714285,14.422514779227122,6.133333333333317,0,1,0,126.39056049287319,1.442251477922712e-05,368,1,0
129,3,2,0,1,1,14.41089085170201,"[0.0, 14.41089085170201]",14.41089085170201,14.285714285714285,14.41089085170201,6.549999999999982,0,1,0,128.5680906623602,1.441089085170201e-05,393,1,0
129,4,3,0,1,1,14.31302751813616,"[0.0, 14.31302751813616]",14.31302751813616,14.285714285714285,14.31302751813616,4.149999999999991,0,1,0,125.2760118842125,1.431302751813616e-05,249,1,0
129,5,4,0,1,1,14.198499407087054,"[0.0, 14.198499407087054]",14.198499407087054,11.428571428571429,14.198499407087054,7.999999999999977,0,1,0,127.7229273840785,1.4198499407087054e-05,480,1,0
129,6,5,0,1,1,14.178646632603236,"[0.0, 14.178646632603236]",14.178646632603236,11.428571428571429,14.178646632603236,4.149999999999991,0,1,0,125.27583247423172,1.4178646632603236e-05,249,1,0
129,7,6,0,1,1,14.172744750976562,"[0.0, 14.172744750976562]",14.172744750976562,11.428571428571429,14.172744750976562,6.466666666666649,0,1,0,127.63636906445026,1.4172744750976563e-05,388,1,0
129,8,7,0,1,1,14.073121207101005,"[0.0, 14.073121207101005]",14.073121207101005,11.428571428571429,14.073121207101005,6.766666666666648,0,1,0,124.5758893340826,1.4073121207101006e-05,406,1,0
129,9,48,0,0,1,11.18826457432338,"[0.0, 11.18826457432338]",11.18826457432338,8.571428571428571,11.18826457432338,3.4999999999999925,0,1,0,95.43229500949383,1.118826457432338e-05,210,1,0
129,10,36,0,0,1,11.176231929234095,"[0.0, 11.176231929234095]",11.176231929234095,8.571428571428571,11.176231929234095,3.6333333333333253,0,1,0,96.50329688191414,1.1176231929234096e-05,218,1,0
129,11,14,0,0,1,10.416578565325056,"[0.0, 10.416578565325056]",10.416578565325056,8.571428571428571,10.416578565325056,3.3333333333333264,0,1,0,88.29635472595692,1.0416578565325055e-05,200,1,0
129,12,41,0,0,1,10.20737784249442,"[0.0, 10.20737784249442]",10.20737784249442,8.571428571428571,10.20737784249442,3.3333333333333264,0,1,0,88.29648630321026,1.020737784249442e-05,200,1,0
129,13,49,0,0,1,10.091367449079241,"[0.0, 10.091367449079241]",10.091367449079241,8.571428571428571,10.091367449079241,3.3333333333333264,0,1,0,87.85616812109947,1.0091367449079241e-05,200,1,0
129,14,20,0,0,1,9.940929412841797,"[0.0, 9.940929412841797]",9.940929412841797,8.571428571428571,9.940929412841797,3.599999999999992,0,1,0,85.68939897418022,9.940929412841796e-06,216,1,0
129,15,46,0,0,1,9.796036311558314,"[0.0, 9.796036311558314]",9.796036311558314,8.571428571428571,9.796036311558314,3.299999999999993,0,1,0,86.89562636613846,9.796036311558314e-06,198,1,0
129,16,61,0,0,1,9.791532244001116,"[0.0, 9.791532244001116]",9.791532244001116,8.571428571428571,9.791532244001116,3.2833333333333266,0,1,0,86.19865055382252,9.791532244001117e-06,197,1,0
129,17,10,0,0,1,9.74799837384905,"[0.0, 9.74799837384905]",9.74799837384905,8.571428571428571,9.74799837384905,3.26666666666666,0,1,0,85.50352819263935,9.74799837384905e-06,196,1,0
129,18,8,0,0,1,9.670167650495257,"[0.0, 9.670167650495257]",9.670167650495257,8.571428571428571,9.670167650495257,3.26666666666666,0,1,0,85.50373500585556,9.670167650495256e-06,196,1,0
129,19,59,0,0,1,9.535612378801618,"[0.0, 9.535612378801618]",9.535612378801618,8.571428571428571,9.535612378801618,3.2833333333333266,0,1,0,84.65147207677364,9.535612378801618e-06,197,1,0
129,20,52,0,0,1,9.479838779994418,"[0.0, 9.479838779994418]",9.479838779994418,8.571428571428571,9.479838779994418,7.733333333333311,0,1,0,71.17077767290175,9.479838779994419e-06,464,1,0
129,21,55,0,0,1,9.442487444196429,"[0.0, 9.442487444196429]",9.442487444196429,8.571428571428571,9.442487444196429,3.2333333333333267,0,1,0,84.12087167799473,9.442487444196428e-06,194,1,0
129,22,44,0,0,1,9.40577643258231,"[0.0, 9.40577643258231]",9.40577643258231,8.571428571428571,9.40577643258231,3.2499999999999933,0,1,0,84.81094154715538,9.405776432582311e-06,195,1,0
129,23,34,0,0,1,9.309964861188616,"[0.0, 9.309964861188616]",9.309964861188616,8.571428571428571,9.309964861188616,3.2333333333333267,0,1,0,84.12065562605858,9.309964861188617e-06,194,1,0
129,24,27,0,0,1,9.281588963099889,"[0.0, 9.281588963099889]",9.281588963099889,8.571428571428571,9.281588963099889,3.1999999999999935,0,1,0,82.74667656421661,9.281588963099888e-06,192,1,0
129,25,35,0,0,1,9.222534724644252,"[0.0, 9.222534724644252]",9.222534724644252,8.571428571428571,9.222534724644252,3.2333333333333267,0,1,0,84.12049527466297,9.222534724644252e-06,194,1,0
129,26,31,0,0,1,9.185333251953125,"[0.0, 9.185333251953125]",9.185333251953125,8.571428571428571,9.185333251953125,3.2333333333333267,0,1,0,84.1206555813551,9.185333251953125e-06,194,1,0
129,27,12,0,0,1,9.090875898088727,"[0.0, 9.090875898088727]",9.090875898088727,8.571428571428571,9.090875898088727,3.2333333333333267,0,1,0,83.48845690488815,9.090875898088727e-06,194,1,0
129,28,37,0,0,1,9.038186754499163,"[0.0, 9.038186754499163]",9.038186754499163,8.571428571428571,9.038186754499163,3.183333333333327,0,1,0,82.06309196352959,9.038186754499163e-06,191,1,0
129,29,58,0,0,1,8.956241607666016,"[0.0, 8.956241607666016]",8.956241607666016,8.571428571428571,8.956241607666016,8.800000000000017,0,1,0,64.17245270585408,8.956241607666015e-06,528,1,0
129,30,42,0,0,1,8.93218721662249,"[0.0, 8.93218721662249]",8.93218721662249,8.571428571428571,8.93218721662249,3.1499999999999937,0,1,0,80.70267726480961,8.93218721662249e-06,189,1,0
129,31,17,0,0,1,8.897882189069476,"[0.0, 8.897882189069476]",8.897882189069476,8.571428571428571,8.897882189069476,3.21666666666666,0,1,0,83.4321863502264,8.897882189069476e-06,193,1,0
129,32,16,0,0,1,8.891538892473495,"[0.0, 8.891538892473495]",8.891538892473495,8.571428571428571,8.891538892473495,3.1499999999999937,0,1,0,80.70317955315113,8.891538892473495e-06,189,1,0
129,33,60,0,0,0,8.77676282610212,"[0.0, 8.77676282610212]",8.77676282610212,8.571428571428571,8.77676282610212,3.183333333333327,0,1,0,82.06290178000927,8.77676282610212e-06,191,1,0
129,34,11,0,0,0,8.530733925955635,"[0.0, 8.530733925955635]",8.530733925955635,5.714285714285714,8.530733925955635,3.183333333333327,0,1,0,82.06281517446041,8.530733925955635e-06,191,1,0
129,35,39,0,0,0,8.459644317626953,"[0.0, 8.459644317626953]",8.459644317626953,5.714285714285714,8.459644317626953,7.383333333333312,0,1,0,58.1214445882506,8.459644317626953e-06,443,1,0
129,36,45,0,0,0,8.416107722691127,"[0.0, 8.416107722691127]",8.416107722691127,5.714285714285714,8.416107722691127,3.1499999999999937,0,1,0,80.70244227349758,8.416107722691126e-06,189,1,0
129,37,33,0,0,0,8.265933990478516,"[0.0, 8.265933990478516]",8.265933990478516,5.714285714285714,8.265933990478516,3.133333333333327,0,1,0,80.02600137889385,8.265933990478516e-06,188,1,0
129,38,57,0,0,0,8.154187883649554,"[0.0, 8.154187883649554]",8.154187883649554,5.714285714285714,8.154187883649554,3.0666666666666607,0,1,0,77.3413135111332,8.154187883649553e-06,184,1,0
129,39,13,0,0,0,8.029670715332031,"[0.0, 8.029670715332031]",8.029670715332031,5.714285714285714,8.029670715332031,3.0833333333333273,0,1,0,78.00873389840126,8.029670715332031e-06,185,1,0
129,40,25,0,0,0,7.9986436026436945,"[0.0, 7.9986436026436945]",7.9986436026436945,5.714285714285714,7.9986436026436945,3.099999999999994,0,1,0,78.67897190153599,7.998643602643694e-06,186,1,0
129,41,29,0,0,0,7.914763859340122,"[0.0, 7.914763859340122]",7.914763859340122,5.714285714285714,7.914763859340122,3.0666666666666607,0,1,0,77.34136360883713,7.914763859340122e-06,184,1,0
129,42,21,0,0,0,7.911014556884766,"[0.0, 7.911014556884766]",7.911014556884766,5.714285714285714,7.911014556884766,3.049999999999994,0,1,0,76.67590941488743,7.911014556884765e-06,183,1,0
129,43,62,0,0,0,7.84909657069615,"[0.0, 7.84909657069615]",7.84909657069615,5.714285714285714,7.84909657069615,3.049999999999994,0,1,0,76.67599432170391,7.849096570696151e-06,183,1,0
129,44,54,0,0,0,7.512735639299666,"[0.0, 7.512735639299666]",7.512735639299666,5.714285714285714,7.512735639299666,2.9999999999999942,0,1,0,74.69380834698677,7.512735639299666e-06,180,1,0
129,45,30,0,0,0,7.15515409197126,"[0.0, 7.15515409197126]",7.15515409197126,5.714285714285714,7.15515409197126,2.916666666666661,0,1,0,71.43646439909935,7.155154091971261e-06,175,1,0
129,46,9,0,0,0,7.142857142857142,"[0.0, 7.142857142857142]",7.142857142857142,5.714285714285714,7.142857142857142,2.916666666666661,0,1,0,71.43593767285347,7.142857142857143e-06,175,1,0
129,47,22,0,0,0,7.142857142857142,"[0.0, 7.142857142857142]",7.142857142857142,5.714285714285714,7.142857142857142,2.8999999999999946,0,1,0,70.7915627360344,7.142857142857143e-06,174,1,0
129,48,43,0,0,0,6.22063228062221,"[0.0, 6.22063228062221]",6.22063228062221,5.714285714285714,6.22063228062221,7.283333333333313,0,1,0,56.6575210619194,6.2206322806222105e-06,437,1,0
129,49,53,0,0,0,5.771299089704241,"[0.0, 5.771299089704241]",5.771299089704241,5.714285714285714,5.771299089704241,2.3499999999999965,0,1,0,50.8785542845726,5.7712990897042415e-06,141,1,0
129,50,23,0,0,0,5.743849618094308,"[0.0, 5.743849618094308]",5.743849618094308,5.714285714285714,5.743849618094308,2.3499999999999965,0,1,0,50.87854523956776,5.743849618094308e-06,141,1,0
129,51,18,0,0,0,5.73340824672154,"[0.0, 5.73340824672154]",5.73340824672154,5.714285714285714,5.73340824672154,3.683333333333325,0,1,0,51.07487864792347,5.73340824672154e-06,221,1,0
129,52,56,0,0,0,5.714269365583148,"[0.0, 5.714269365583148]",5.714269365583148,2.857142857142857,5.714269365583148,2.33333333333333,0,1,0,50.317704886198044,5.714269365583148e-06,140,1,0
129,53,50,0,0,0,5.6510707310267865,"[0.0, 5.6510707310267865]",5.6510707310267865,2.857142857142857,5.6510707310267865,2.3166666666666633,0,1,0,49.758819073438644,5.651070731026786e-06,139,1,0
129,54,63,0,0,0,5.599125453404017,"[0.0, 5.599125453404017]",5.599125453404017,2.857142857142857,5.599125453404017,2.2999999999999967,0,1,0,49.20258745551109,5.599125453404017e-06,138,1,0
129,55,40,0,0,0,5.499796186174665,"[0.0, 5.499796186174665]",5.499796186174665,2.857142857142857,5.499796186174665,2.2666666666666635,0,1,0,48.097975477576256,5.499796186174665e-06,136,1,0
129,56,26,0,0,0,5.467491149902344,"[0.0, 5.467491149902344]",5.467491149902344,2.857142857142857,5.467491149902344,2.249999999999997,0,1,0,47.550175949931145,5.467491149902344e-06,135,1,0
129,57,24,0,0,0,5.321132114955357,"[0.0, 5.321132114955357]",5.321132114955357,2.857142857142857,5.321132114955357,2.2166666666666637,0,1,0,45.92276315391064,5.321132114955357e-06,133,1,0
129,58,32,0,0,0,4.896082196916852,"[0.0, 4.896082196916852]",4.896082196916852,2.857142857142857,4.896082196916852,2.033333333333331,0,1,0,40.65853787958622,4.896082196916853e-06,122,1,0
129,59,19,0,0,0,4.630061558314732,"[0.0, 4.630061558314732]",4.630061558314732,2.857142857142857,4.630061558314732,2.3833333333333298,0,1,0,38.44912749528885,4.630061558314732e-06,143,1,0
129,60,28,0,0,0,4.516487121582031,"[0.0, 4.516487121582031]",4.516487121582031,2.857142857142857,4.516487121582031,2.2666666666666635,0,1,0,37.08405078947544,4.516487121582031e-06,136,1,0
129,61,38,0,0,0,2.157587323869978,"[0.0, 2.157587323869978]",2.157587323869978,0.0,2.157587323869978,5.016666666666654,0,1,0,8.214415685186395,2.157587323869978e-06,301,1,0
129,62,47,0,0,0,2.0452826363699774,"[0.0, 2.0452826363699774]",2.0452826363699774,0.0,2.0452826363699774,5.016666666666654,0,1,0,7.079211432894226,2.0452826363699775e-06,301,1,0
129,63,51,0,0,0,1.9141551426478793,"[0.0, 1.9141551426478793]",1.9141551426478793,0.0,1.9141551426478793,5.016666666666654,0,1,0,5.579138651293761,1.9141551426478793e-06,301,1,0
129,64,15,0,0,0,0.5617795671735492,"[0.0, 0.5617795671735492]",0.5617795671735492,0.0,0.5617795671735492,5.016666666666654,0,1,0,26.476949349729693,5.617795671735492e-07,301,1,0
130,1,0,0,1,1,14.717009408133372,"[0.0, 14.717009408133372]",14.717009408133372,14.285714285714285,14.717009408133372,6.766666666666648,0,1,0,128.43589814007282,1.4717009408133372e-05,406,1,0
130,2,1,0,1,1,14.422514779227122,"[0.0, 14.422514779227122]",14.422514779227122,14.285714285714285,14.422514779227122,6.133333333333317,0,1,0,126.39056049287319,1.442251477922712e-05,368,1,0
130,3,2,0,1,1,14.41089085170201,"[0.0, 14.41089085170201]",14.41089085170201,14.285714285714285,14.41089085170201,6.549999999999982,0,1,0,128.5680906623602,1.441089085170201e-05,393,1,0
130,4,3,0,1,1,14.31302751813616,"[0.0, 14.31302751813616]",14.31302751813616,14.285714285714285,14.31302751813616,4.149999999999991,0,1,0,125.2760118842125,1.431302751813616e-05,249,1,0
130,5,4,0,1,1,14.198499407087054,"[0.0, 14.198499407087054]",14.198499407087054,11.428571428571429,14.198499407087054,7.999999999999977,0,1,0,127.7229273840785,1.4198499407087054e-05,480,1,0
130,6,5,0,1,1,14.178646632603236,"[0.0, 14.178646632603236]",14.178646632603236,11.428571428571429,14.178646632603236,4.149999999999991,0,1,0,125.27583247423172,1.4178646632603236e-05,249,1,0
130,7,6,0,1,1,14.172744750976562,"[0.0, 14.172744750976562]",14.172744750976562,11.428571428571429,14.172744750976562,6.466666666666649,0,1,0,127.63636906445026,1.4172744750976563e-05,388,1,0
130,8,7,0,1,1,14.073121207101005,"[0.0, 14.073121207101005]",14.073121207101005,11.428571428571429,14.073121207101005,6.766666666666648,0,1,0,124.5758893340826,1.4073121207101006e-05,406,1,0
130,9,37,0,0,1,13.910538809640066,"[0.0, 13.910538809640066]",13.910538809640066,11.428571428571429,13.910538809640066,4.183333333333324,0,1,0,124.93229746818542,1.3910538809640065e-05,251,1,0
130,10,18,0,0,1,13.759008135114398,"[0.0, 13.759008135114398]",13.759008135114398,11.428571428571429,13.759008135114398,6.733333333333315,0,1,0,124.72640761733055,1.3759008135114398e-05,404,1,0
130,11,38,0,0,1,11.242201668875557,"[0.0, 11.242201668875557]",11.242201668875557,8.571428571428571,11.242201668875557,6.183333333333317,0,1,0,98.63465955853462,1.1242201668875557e-05,371,1,0
130,12,20,0,0,1,11.207779475620814,"[0.0, 11.207779475620814]",11.207779475620814,8.571428571428571,11.207779475620814,5.799999999999985,0,1,0,98.3000858426094,1.1207779475620815e-05,348,1,0
130,13,50,0,0,1,10.878017970493861,"[0.0, 10.878017970493861]",10.878017970493861,8.571428571428571,10.878017970493861,3.4666666666666592,0,1,0,93.98731400072575,1.087801797049386e-05,208,1,0
130,14,41,0,0,1,10.763476235525948,"[0.0, 10.763476235525948]",10.763476235525948,8.571428571428571,10.763476235525948,3.4166666666666594,0,1,0,91.83690781891346,1.0763476235525948e-05,205,1,0
130,15,33,0,0,1,10.705182211739677,"[0.0, 10.705182211739677]",10.705182211739677,8.571428571428571,10.705182211739677,4.34999999999999,0,1,0,91.27909904718399,1.0705182211739678e-05,261,1,0
130,16,24,0,0,1,10.703659057617188,"[0.0, 10.703659057617188]",10.703659057617188,8.571428571428571,10.703659057617188,3.433333333333326,0,1,0,92.55133636295795,1.0703659057617187e-05,206,1,0
130,17,48,0,0,1,10.535144805908203,"[0.0, 10.535144805908203]",10.535144805908203,8.571428571428571,10.535144805908203,3.383333333333326,0,1,0,90.09309802949429,1.0535144805908204e-05,203,1,0
130,18,49,0,0,1,10.398532322474889,"[0.0, 10.398532322474889]",10.398532322474889,8.571428571428571,10.398532322474889,3.383333333333326,0,1,0,90.4138757288456,1.0398532322474889e-05,203,1,0
130,19,11,0,0,1,10.382698604038783,"[0.0, 10.382698604038783]",10.382698604038783,8.571428571428571,10.382698604038783,3.3666666666666596,0,1,0,89.70611281692982,1.0382698604038782e-05,202,1,0
130,20,25,0,0,1,10.32830102103097,"[0.0, 10.32830102103097]",10.32830102103097,8.571428571428571,10.32830102103097,3.3666666666666596,0,1,0,89.70564553141594,1.0328301021030971e-05,202,1,0
130,21,15,0,0,1,10.235821860177175,"[0.0, 10.235821860177175]",10.235821860177175,8.571428571428571,10.235821860177175,3.349999999999993,0,1,0,88.99934722483158,1.0235821860177176e-05,201,1,0
130,22,13,0,0,1,10.075623648507255,"[0.0, 10.075623648507255]",10.075623648507255,8.571428571428571,10.075623648507255,3.349999999999993,0,1,0,87.28870910406113,1.0075623648507256e-05,201,1,0
130,23,42,0,0,1,10.03342764718192,"[0.0, 10.03342764718192]",10.03342764718192,8.571428571428571,10.03342764718192,3.3333333333333264,0,1,0,88.29625295102596,1.003342764718192e-05,200,1,0
130,24,53,0,0,1,10.030885423932755,"[0.0, 10.030885423932755]",10.030885423932755,8.571428571428571,10.030885423932755,3.299999999999993,0,1,0,86.89559425413609,1.0030885423932755e-05,198,1,0
130,25,45,0,0,1,9.984795706612722,"[0.0, 9.984795706612722]",9.984795706612722,8.571428571428571,9.984795706612722,3.2833333333333266,0,1,0,86.19883045554161,9.984795706612722e-06,197,1,0
130,26,63,0,0,1,9.930264609200613,"[0.0, 9.930264609200613]",9.930264609200613,8.571428571428571,9.930264609200613,3.2833333333333266,0,1,0,86.19844791293144,9.930264609200612e-06,197,1,0
130,27,21,0,0,1,9.881144932338168,"[0.0, 9.881144932338168]",9.881144932338168,8.571428571428571,9.881144932338168,3.299999999999993,0,1,0,86.8666030317545,9.881144932338169e-06,198,1,0
130,28,36,0,0,1,9.818853650774274,"[0.0, 9.818853650774274]",9.818853650774274,8.571428571428571,9.818853650774274,3.26666666666666,0,1,0,85.50346471369267,9.818853650774275e-06,196,1,0
130,29,29,0,0,1,9.81177738734654,"[0.0, 9.81177738734654]",9.81177738734654,8.571428571428571,9.81177738734654,3.26666666666666,0,1,0,85.50390669703484,9.81177738734654e-06,196,1,0
130,30,16,0,0,1,9.804156167166573,"[0.0, 9.804156167166573]",9.804156167166573,8.571428571428571,9.804156167166573,3.26666666666666,0,1,0,85.50344996154308,9.804156167166573e-06,196,1,0
130,31,30,0,0,1,9.510043007986885,"[0.0, 9.510043007986885]",9.510043007986885,8.571428571428571,9.510043007986885,3.2333333333333267,0,1,0,84.12051519751549,9.510043007986885e-06,194,1,0
130,32,32,0,0,1,9.48729923793248,"[0.0, 9.48729923793248]",9.48729923793248,8.571428571428571,9.48729923793248,3.7166666666666583,0,1,0,84.44370973110199,9.487299237932479e-06,223,1,0
130,33,56,0,0,0,9.47411128452846,"[0.0, 9.47411128452846]",9.47411128452846,8.571428571428571,9.47411128452846,3.26666666666666,0,1,0,85.50385890901089,9.47411128452846e-06,196,1,0
130,34,59,0,0,0,9.286515372140066,"[0.0, 9.286515372140066]",9.286515372140066,8.571428571428571,9.286515372140066,3.2499999999999933,0,1,0,83.98538294434547,9.286515372140066e-06,195,1,0
130,35,8,0,0,0,9.259068625313894,"[0.0, 9.259068625313894]",9.259068625313894,8.571428571428571,9.259068625313894,3.2333333333333267,0,1,0,84.00281417369843,9.259068625313894e-06,194,1,0
130,36,34,0,0,0,9.204041617257253,"[0.0, 9.204041617257253]",9.204041617257253,8.571428571428571,9.204041617257253,3.183333333333327,0,1,0,82.06331524252892,9.204041617257253e-06,191,1,0
130,37,17,0,0,0,8.727656773158483,"[0.0, 8.727656773158483]",8.727656773158483,8.571428571428571,8.727656773158483,3.1666666666666603,0,1,0,81.3820199072361,8.727656773158483e-06,190,1,0
130,38,46,0,0,0,8.71016093662807,"[0.0, 8.71016093662807]",8.71016093662807,8.571428571428571,8.71016093662807,3.1499999999999937,0,1,0,80.70262169837952,8.71016093662807e-06,189,1,0
130,39,43,0,0,0,8.632850646972656,"[0.0, 8.632850646972656]",8.632850646972656,8.571428571428571,8.632850646972656,3.1999999999999935,0,1,0,82.74652126431465,8.632850646972655e-06,192,1,0
130,40,44,0,0,0,8.515292576381137,"[0.0, 8.515292576381137]",8.515292576381137,5.714285714285714,8.515292576381137,3.099999999999994,0,1,0,78.67875039577484,8.515292576381137e-06,186,1,0
130,41,57,0,0,0,8.455028533935547,"[0.0, 8.455028533935547]",8.455028533935547,5.714285714285714,8.455028533935547,3.1499999999999937,0,1,0,80.7026389092207,8.455028533935547e-06,189,1,0
130,42,39,0,0,0,8.363723754882812,"[0.0, 8.363723754882812]",8.363723754882812,5.714285714285714,8.363723754882812,3.1499999999999937,0,1,0,80.70281195640564,8.363723754882812e-06,189,1,0
130,43,26,0,0,0,8.330606733049665,"[0.0, 8.330606733049665]",8.330606733049665,5.714285714285714,8.330606733049665,3.1166666666666605,0,1,0,79.35109163820744,8.330606733049664e-06,187,1,0
130,44,9,0,0,0,7.807794298444476,"[0.0, 7.807794298444476]",7.807794298444476,5.714285714285714,7.807794298444476,4.866666666666655,0,1,0,77.01217871904373,7.807794298444475e-06,292,1,0
130,45,60,0,0,0,7.524741036551339,"[0.0, 7.524741036551339]",7.524741036551339,5.714285714285714,7.524741036551339,3.016666666666661,0,1,0,74.75710980594158,7.524741036551339e-06,181,1,0
130,46,12,0,0,0,6.8593869890485495,"[0.0, 6.8593869890485495]",6.8593869890485495,5.714285714285714,6.8593869890485495,2.666666666666662,0,1,0,61.878155291080475,6.8593869890485494e-06,160,1,0
130,47,51,0,0,0,6.387138366699219,"[0.0, 6.387138366699219]",6.387138366699219,5.714285714285714,6.387138366699219,7.316666666666646,0,1,0,57.63322089864232,6.387138366699219e-06,439,1,0
130,48,35,0,0,0,5.954415457589286,"[0.0, 5.954415457589286]",5.954415457589286,5.714285714285714,5.954415457589286,4.3666666666666565,0,1,0,54.52487137168646,5.954415457589286e-06,262,1,0
130,49,54,0,0,0,5.846138000488281,"[0.0, 5.846138000488281]",5.846138000488281,5.714285714285714,5.846138000488281,2.3499999999999965,0,1,0,50.87860609591007,5.846138000488281e-06,141,1,0
130,50,28,0,0,0,5.812170846121652,"[0.0, 5.812170846121652]",5.812170846121652,5.714285714285714,5.812170846121652,2.366666666666663,0,1,0,51.442343920469284,5.812170846121652e-06,142,1,0
130,51,14,0,0,0,5.506106785365513,"[0.0, 5.506106785365513]",5.506106785365513,2.857142857142857,5.506106785365513,2.2666666666666635,0,1,0,48.09798312187195,5.506106785365513e-06,136,1,0
130,52,22,0,0,0,5.402641296386719,"[0.0, 5.402641296386719]",5.402641296386719,2.857142857142857,5.402641296386719,3.1999999999999935,0,1,0,47.541660502552986,5.4026412963867184e-06,192,1,0
130,53,40,0,0,0,5.287459237234933,"[0.0, 5.287459237234933]",5.287459237234933,2.857142857142857,5.287459237234933,2.1833333333333305,0,1,0,45.381805673241615,5.287459237234933e-06,131,1,0
130,54,52,0,0,0,5.129879542759486,"[0.0, 5.129879542759486]",5.129879542759486,2.857142857142857,5.129879542759486,2.1333333333333306,0,1,0,43.783693835139275,5.1298795427594865e-06,128,1,0
130,55,61,0,0,0,5.085890633719308,"[0.0, 5.085890633719308]",5.085890633719308,2.857142857142857,5.085890633719308,2.116666666666664,0,1,0,43.25608612596989,5.085890633719308e-06,127,1,0
130,56,47,0,0,0,4.935597011021206,"[0.0, 4.935597011021206]",4.935597011021206,2.857142857142857,4.935597011021206,2.066666666666664,0,1,0,41.68917529284954,4.9355970110212056e-06,124,1,0
130,57,23,0,0,0,4.790807451520648,"[0.0, 4.790807451520648]",4.790807451520648,2.857142857142857,4.790807451520648,2.2333333333333303,0,1,0,40.117941334843636,4.790807451520647e-06,134,1,0
130,58,55,0,0,0,4.383670261928013,"[0.0, 4.383670261928013]",4.383670261928013,2.857142857142857,4.383670261928013,1.866666666666665,0,1,0,35.662463158369064,4.383670261928013e-06,112,1,0
130,59,19,0,0,0,3.9326586042131697,"[0.0, 3.9326586042131697]",3.9326586042131697,2.857142857142857,3.9326586042131697,5.449999999999986,0,1,0,31.04234653909225,3.93265860421317e-06,327,1,0
130,60,10,0,0,0,2.133707318987165,"[0.0, 2.133707318987165]",2.133707318987165,0.0,2.133707318987165,5.016666666666654,0,1,0,8.029385478897893,2.133707318987165e-06,301,1,0
130,61,31,0,0,0,2.1031079973493303,"[0.0, 2.1031079973493303]",2.1031079973493303,0.0,2.1031079973493303,5.016666666666654,0,1,0,7.705731920264952,2.1031079973493303e-06,301,1,0
130,62,62,0,0,0,1.9218553815569195,"[0.0, 1.9218553815569195]",1.9218553815569195,0.0,1.9218553815569195,5.016666666666654,0,1,0,5.721701053902507,1.9218553815569195e-06,301,1,0
130,63,58,0,0,0,1.8890816824776786,"[0.0, 1.8890816824776786]",1.8890816824776786,0.0,1.8890816824776786,5.016666666666654,0,1,0,5.341569481650367,1.8890816824776786e-06,301,1,0
130,64,27,0,0,0,1.1976841517857142,"[0.0, 1.1976841517857142]",1.1976841517857142,0.0,1.1976841517857142,5.016666666666654,0,1,0,6.843436508293962,1.197684151785714e-06,301,1,0
131,1,0,0,1,1,14.717009408133372,"[0.0, 14.717009408133372]",14.717009408133372,14.285714285714285,14.717009408133372,6.766666666666648,0,1,0,128.43589814007282,1.4717009408133372e-05,406,1,0
131,2,1,0,1,1,14.422514779227122,"[0.0, 14.422514779227122]",14.422514779227122,14.285714285714285,14.422514779227122,6.133333333333317,0,1,0,126.39056049287319,1.442251477922712e-05,368,1,0
131,3,2,0,1,1,14.41089085170201,"[0.0, 14.41089085170201]",14.41089085170201,14.285714285714285,14.41089085170201,6.549999999999982,0,1,0,128.5680906623602,1.441089085170201e-05,393,1,0
131,4,3,0,1,1,14.31302751813616,"[0.0, 14.31302751813616]",14.31302751813616,14.285714285714285,14.31302751813616,4.149999999999991,0,1,0,125.2760118842125,1.431302751813616e-05,249,1,0
131,5,4,0,1,1,14.198499407087054,"[0.0, 14.198499407087054]",14.198499407087054,11.428571428571429,14.198499407087054,7.999999999999977,0,1,0,127.7229273840785,1.4198499407087054e-05,480,1,0
131,6,5,0,1,1,14.178646632603236,"[0.0, 14.178646632603236]",14.178646632603236,11.428571428571429,14.178646632603236,4.149999999999991,0,1,0,125.27583247423172,1.4178646632603236e-05,249,1,0
131,7,6,0,1,1,14.172744750976562,"[0.0, 14.172744750976562]",14.172744750976562,11.428571428571429,14.172744750976562,6.466666666666649,0,1,0,127.63636906445026,1.4172744750976563e-05,388,1,0
131,8,12,0,1,1,14.108407156808036,"[0.0, 14.108407156808036]",14.108407156808036,11.428571428571429,14.108407156808036,4.166666666666657,0,1,0,126.0815070271492,1.4108407156808036e-05,250,1,0
131,9,28,0,0,1,14.086532592773438,"[0.0, 14.086532592773438]",14.086532592773438,11.428571428571429,14.086532592773438,4.166666666666657,0,1,0,126.08169329166412,1.4086532592773437e-05,250,1,0
131,10,7,0,0,1,14.073121207101005,"[0.0, 14.073121207101005]",14.073121207101005,11.428571428571429,14.073121207101005,6.766666666666648,0,1,0,124.5758893340826,1.4073121207101006e-05,406,1,0
131,11,41,0,0,1,14.044505528041295,"[0.0, 14.044505528041295]",14.044505528041295,11.428571428571429,14.044505528041295,6.849999999999981,0,1,0,125.22870443761349,1.4044505528041296e-05,411,1,0
131,12,18,0,0,1,13.2111086164202,"[0.0, 13.2111086164202]",13.2111086164202,11.428571428571429,13.2111086164202,6.299999999999983,0,1,0,122.6643994152546,1.3211108616420199e-05,378,1,0
131,13,25,0,0,1,11.240863800048828,"[0.0, 11.240863800048828]",11.240863800048828,8.571428571428571,11.240863800048828,3.5499999999999923,0,1,0,97.61507686972618,1.1240863800048827e-05,213,1,0
131,14,43,0,0,1,10.991717747279576,"[0.0, 10.991717747279576]",10.991717747279576,8.571428571428571,10.991717747279576,3.4499999999999926,0,1,0,93.26819843053818,1.0991717747279576e-05,207,1,0
131,15,39,0,0,1,10.897655487060547,"[0.0, 10.897655487060547]",10.897655487060547,8.571428571428571,10.897655487060547,3.4499999999999926,0,1,0,93.26816856861115,1.0897655487060547e-05,207,1,0
131,16,57,0,0,1,10.896252223423549,"[0.0, 10.896252223423549]",10.896252223423549,8.571428571428571,10.896252223423549,3.4666666666666592,0,1,0,93.39604377746582,1.0896252223423549e-05,208,1,0
131,17,15,0,0,1,10.664697374616349,"[0.0, 10.664697374616349]",10.664697374616349,8.571428571428571,10.664697374616349,3.399999999999993,0,1,0,91.12469528615475,1.0664697374616348e-05,204,1,0
131,18,33,0,0,1,10.626566750662668,"[0.0, 10.626566750662668]",10.626566750662668,8.571428571428571,10.626566750662668,3.399999999999993,0,1,0,91.12418146431446,1.0626566750662668e-05,204,1,0
131,19,46,0,0,1,10.573733193533762,"[0.0, 10.573733193533762]",10.573733193533762,8.571428571428571,10.573733193533762,3.383333333333326,0,1,0,90.41397127509117,1.0573733193533763e-05,203,1,0
131,20,8,0,0,1,10.379009246826172,"[0.0, 10.379009246826172]",10.379009246826172,8.571428571428571,10.379009246826172,3.349999999999993,0,1,0,88.69496768712997,1.0379009246826171e-05,201,1,0
131,21,60,0,0,1,10.355780465262276,"[0.0, 10.355780465262276]",10.355780465262276,8.571428571428571,10.355780465262276,3.3666666666666596,0,1,0,89.7060075700283,1.0355780465262276e-05,202,1,0
131,22,63,0,0,1,10.093680790492467,"[0.0, 10.093680790492467]",10.093680790492467,8.571428571428571,10.093680790492467,3.3333333333333264,0,1,0,88.29610386490822,1.0093680790492466e-05,200,1,0
131,23,62,0,0,1,10.029738289969307,"[0.0, 10.029738289969307]",10.029738289969307,8.571428571428571,10.029738289969307,3.3166666666666598,0,1,0,87.59481984376907,1.0029738289969307e-05,199,1,0
131,24,36,0,0,1,10.025228772844587,"[0.0, 10.025228772844587]",10.025228772844587,8.571428571428571,10.025228772844587,3.3166666666666598,0,1,0,87.59432838857174,1.0025228772844587e-05,199,1,0
131,25,44,0,0,1,9.854169573102677,"[0.0, 9.854169573102677]",9.854169573102677,8.571428571428571,9.854169573102677,5.466666666666653,0,1,0,90.15288379788399,9.854169573102677e-06,328,1,0
131,26,37,0,0,1,9.700796944754464,"[0.0, 9.700796944754464]",9.700796944754464,8.571428571428571,9.700796944754464,3.2499999999999933,0,1,0,84.81091095507145,9.700796944754464e-06,195,1,0
131,27,54,0,0,1,9.626102447509766,"[0.0, 9.626102447509766]",9.626102447509766,8.571428571428571,9.626102447509766,3.26666666666666,0,1,0,85.50380276143551,9.626102447509766e-06,196,1,0
131,28,35,0,0,1,9.242422921316965,"[0.0, 9.242422921316965]",9.242422921316965,8.571428571428571,9.242422921316965,3.1999999999999935,0,1,0,82.74652433395386,9.242422921316966e-06,192,1,0
131,29,30,0,0,1,9.214894430977957,"[0.0, 9.214894430977957]",9.214894430977957,8.571428571428571,9.214894430977957,3.1999999999999935,0,1,0,82.74669280648232,9.214894430977957e-06,192,1,0
131,30,59,0,0,1,9.200117928641182,"[0.0, 9.200117928641182]",9.200117928641182,8.571428571428571,9.200117928641182,3.1999999999999935,0,1,0,82.18759453296661,9.200117928641182e-06,192,1,0
131,31,26,0,0,1,9.010859898158483,"[0.0, 9.010859898158483]",9.010859898158483,8.571428571428571,9.010859898158483,3.183333333333327,0,1,0,82.03424663841724,9.010859898158482e-06,191,1,0
131,32,51,0,0,1,8.784166063581194,"[0.0, 8.784166063581194]",8.784166063581194,8.571428571428571,8.784166063581194,5.416666666666653,0,1,0,82.87029438337777,8.784166063581195e-06,325,1,0
131,33,49,0,0,0,8.565022604806083,"[0.0, 8.565022604806083]",8.565022604806083,5.714285714285714,8.565022604806083,3.183333333333327,0,1,0,81.49948947131634,8.565022604806084e-06,191,1,0
131,34,19,0,0,0,8.521088191441127,"[0.0, 8.521088191441127]",8.521088191441127,5.714285714285714,8.521088191441127,3.1166666666666605,0,1,0,79.35140968859196,8.521088191441126e-06,187,1,0
131,35,22,0,0,0,7.7812058585030695,"[0.0, 7.7812058585030695]",7.7812058585030695,5.714285714285714,7.7812058585030695,3.0333333333333274,0,1,0,75.76711739599705,7.781205858503069e-06,182,1,0
131,36,55,0,0,0,7.778058733258929,"[0.0, 7.778058733258929]",7.778058733258929,5.714285714285714,7.778058733258929,3.0666666666666607,0,1,0,77.34140817821026,7.778058733258929e-06,184,1,0
131,37,45,0,0,0,5.795544215611049,"[0.0, 5.795544215611049]",5.795544215611049,5.714285714285714,5.795544215611049,2.366666666666663,0,1,0,51.44260732829571,5.7955442156110485e-06,142,1,0
131,38,48,0,0,0,5.756961277553013,"[0.0, 5.756961277553013]",5.756961277553013,5.714285714285714,5.756961277553013,6.06666666666665,0,1,0,55.424880372418556,5.756961277553013e-06,364,1,0
131,39,52,0,0,0,5.725288391113281,"[0.0, 5.725288391113281]",5.725288391113281,5.714285714285714,5.725288391113281,3.3333333333333264,0,1,0,51.21069020032883,5.725288391113281e-06,200,1,0
131,40,11,0,0,0,5.71920667375837,"[0.0, 5.71920667375837]",5.71920667375837,5.714285714285714,5.71920667375837,2.33333333333333,0,1,0,50.27902503311634,5.71920667375837e-06,140,1,0
131,41,42,0,0,0,5.689653669084822,"[0.0, 5.689653669084822]",5.689653669084822,2.857142857142857,5.689653669084822,2.33333333333333,0,1,0,50.31732301414013,5.689653669084822e-06,140,1,0
131,42,56,0,0,0,5.595839364188058,"[0.0, 5.595839364188058]",5.595839364188058,2.857142857142857,5.595839364188058,2.2999999999999967,0,1,0,48.95613084733486,5.595839364188058e-06,138,1,0
131,43,61,0,0,0,5.566035679408482,"[0.0, 5.566035679408482]",5.566035679408482,2.857142857142857,5.566035679408482,2.28333333333333,0,1,0,48.649220660328865,5.566035679408482e-06,137,1,0
131,44,20,0,0,0,5.514128548758371,"[0.0, 5.514128548758371]",5.514128548758371,2.857142857142857,5.514128548758371,2.2666666666666635,0,1,0,48.098488837480545,5.514128548758371e-06,136,1,0
131,45,16,0,0,0,5.514025006975446,"[0.0, 5.514025006975446]",5.514025006975446,2.857142857142857,5.514025006975446,2.2666666666666635,0,1,0,48.09797051548958,5.514025006975446e-06,136,1,0
131,46,40,0,0,0,5.47858646937779,"[0.0, 5.47858646937779]",5.47858646937779,2.857142857142857,5.47858646937779,3.26666666666666,0,1,0,48.15065410733223,5.47858646937779e-06,196,1,0
131,47,47,0,0,0,5.454368591308594,"[0.0, 5.454368591308594]",5.454368591308594,2.857142857142857,5.454368591308594,2.249999999999997,0,1,0,47.550191313028336,5.4543685913085935e-06,135,1,0
131,48,21,0,0,0,5.404635838099888,"[0.0, 5.404635838099888]",5.404635838099888,2.857142857142857,5.404635838099888,3.4499999999999926,0,1,0,47.76592172682285,5.404635838099888e-06,207,1,0
131,49,31,0,0,0,5.278641836983817,"[0.0, 5.278641836983817]",5.278641836983817,2.857142857142857,5.278641836983817,2.1833333333333305,0,1,0,45.38164556026459,5.278641836983817e-06,131,1,0
131,50,29,0,0,0,5.225181579589844,"[0.0, 5.225181579589844]",5.225181579589844,2.857142857142857,5.225181579589844,2.166666666666664,0,1,0,44.84680779278278,5.225181579589844e-06,130,1,0
131,51,9,0,0,0,5.172740391322544,"[0.0, 5.172740391322544]",5.172740391322544,2.857142857142857,5.172740391322544,2.1499999999999972,0,1,0,44.313740611076355,5.172740391322544e-06,129,1,0
131,52,17,0,0,0,5.0874819074358255,"[0.0, 5.0874819074358255]",5.0874819074358255,2.857142857142857,5.0874819074358255,2.116666666666664,0,1,0,43.2562772333622,5.087481907435825e-06,127,1,0
131,53,24,0,0,0,5.002141680036273,"[0.0, 5.002141680036273]",5.002141680036273,2.857142857142857,5.002141680036273,2.0999999999999974,0,1,0,42.26947942376137,5.002141680036273e-06,126,1,0
131,54,38,0,0,0,5.00159672328404,"[0.0, 5.00159672328404]",5.00159672328404,2.857142857142857,5.00159672328404,2.0999999999999974,0,1,0,42.45997880399227,5.0015967232840396e-06,126,1,0
131,55,53,0,0,0,4.943885803222656,"[0.0, 4.943885803222656]",4.943885803222656,2.857142857142857,4.943885803222656,2.066666666666664,0,1,0,41.68964497745037,4.943885803222657e-06,124,1,0
131,56,10,0,0,0,4.938229152134486,"[0.0, 4.938229152134486]",4.938229152134486,2.857142857142857,4.938229152134486,2.066666666666664,0,1,0,41.68936838209629,4.938229152134486e-06,124,1,0
131,57,50,0,0,0,4.570988246372768,"[0.0, 4.570988246372768]",4.570988246372768,2.857142857142857,4.570988246372768,1.9333333333333313,0,1,0,37.62880836427212,4.570988246372768e-06,116,1,0
131,58,23,0,0,0,4.382912772042411,"[0.0, 4.382912772042411]",4.382912772042411,2.857142857142857,4.382912772042411,1.866666666666665,0,1,0,35.66262644529343,4.38291277204241e-06,112,1,0
131,59,14,0,0,0,4.274128505161831,"[0.0, 4.274128505161831]",4.274128505161831,2.857142857142857,4.274128505161831,2.6166666666666623,0,1,0,34.55762208998203,4.2741285051618306e-06,157,1,0
131,60,27,0,0,0,2.1115493774414062,"[0.0, 2.1115493774414062]",2.1115493774414062,0.0,2.1115493774414062,5.016666666666654,0,1,0,7.705726345564472,2.111549377441406e-06,301,1,0
131,61,34,0,0,0,2.110546657017299,"[0.0, 2.110546657017299]",2.110546657017299,0.0,2.110546657017299,5.016666666666654,0,1,0,7.70573054196575,2.110546657017299e-06,301,1,0
131,62,58,0,0,0,1.8793433053152901,"[0.0, 1.8793433053152901]",1.8793433053152901,0.0,1.8793433053152901,5.016666666666654,0,1,0,5.174190763704246,1.8793433053152902e-06,301,1,0
131,63,13,0,0,0,1.874422345842634,"[0.0, 1.874422345842634]",1.874422345842634,0.0,1.874422345842634,5.016666666666654,0,1,0,5.17525240953546,1.874422345842634e-06,301,1,0
131,64,32,0,0,0,0.0,"[0.0, 0.0]",0.0,0.0,0.0,5.116666666666654,0,1,0,25.260079855230288,0.0,307,1,0
132,1,0,0,1,1,14.717009408133372,"[0.0, 14.717009408133372]",14.717009408133372,14.285714285714285,14.717009408133372,6.766666666666648,0,1,0,128.43589814007282,1.4717009408133372e-05,406,1,0
132,2,1,0,1,1,14.422514779227122,"[0.0, 14.422514779227122]",14.422514779227122,14.285714285714285,14.422514779227122,6.133333333333317,0,1,0,126.39056049287319,1.442251477922712e-05,368,1,0
132,3,2,0,1,1,14.41089085170201,"[0.0, 14.41089085170201]",14.41089085170201,14.285714285714285,14.41089085170201,6.549999999999982,0,1,0,128.5680906623602,1.441089085170201e-05,393,1,0
132,4,3,0,1,1,14.31302751813616,"[0.0, 14.31302751813616]",14.31302751813616,14.285714285714285,14.31302751813616,4.149999999999991,0,1,0,125.2760118842125,1.431302751813616e-05,249,1,0
132,5,43,0,1,1,14.269202096121653,"[0.0, 14.269202096121653]",14.269202096121653,11.428571428571429,14.269202096121653,4.183333333333324,0,1,0,126.71604140102863,1.4269202096121652e-05,251,1,0
132,6,4,0,1,1,14.198499407087054,"[0.0, 14.198499407087054]",14.198499407087054,11.428571428571429,14.198499407087054,7.999999999999977,0,1,0,127.7229273840785,1.4198499407087054e-05,480,1,0
132,7,5,0,1,1,14.178646632603236,"[0.0, 14.178646632603236]",14.178646632603236,11.428571428571429,14.178646632603236,4.149999999999991,0,1,0,125.27583247423172,1.4178646632603236e-05,249,1,0
132,8,6,0,1,1,14.172744750976562,"[0.0, 14.172744750976562]",14.172744750976562,11.428571428571429,14.172744750976562,6.466666666666649,0,1,0,127.63636906445026,1.4172744750976563e-05,388,1,0
132,9,7,0,0,1,14.108407156808036,"[0.0, 14.108407156808036]",14.108407156808036,11.428571428571429,14.108407156808036,4.166666666666657,0,1,0,126.0815070271492,1.4108407156808036e-05,250,1,0
132,10,9,0,0,1,11.392579759870257,"[0.0, 11.392579759870257]",11.392579759870257,8.571428571428571,11.392579759870257,5.649999999999985,0,1,0,103.73899438977242,1.1392579759870258e-05,339,1,0
132,11,23,0,0,1,11.167817796979632,"[0.0, 11.167817796979632]",11.167817796979632,8.571428571428571,11.167817796979632,5.8499999999999845,0,1,0,99.78182397782803,1.1167817796979632e-05,351,1,0
132,12,53,0,0,1,10.91782978602818,"[0.0, 10.91782978602818]",10.91782978602818,8.571428571428571,10.91782978602818,3.4666666666666592,0,1,0,93.98773491382599,1.0917829786028181e-05,208,1,0
132,13,44,0,0,1,10.833601270403182,"[0.0, 10.833601270403182]",10.833601270403182,8.571428571428571,10.833601270403182,3.433333333333326,0,1,0,92.23860451579094,1.0833601270403183e-05,206,1,0
132,14,28,0,0,1,10.805440630231585,"[0.0, 10.805440630231585]",10.805440630231585,8.571428571428571,10.805440630231585,3.4499999999999926,0,1,0,91.65451273322105,1.0805440630231586e-05,207,1,0
132,15,32,0,0,1,10.777473449707031,"[0.0, 10.777473449707031]",10.777473449707031,8.571428571428571,10.777473449707031,3.4166666666666594,0,1,0,91.83660873770714,1.0777473449707031e-05,205,1,0
132,16,22,0,0,1,10.571024758475167,"[0.0, 10.571024758475167]",10.571024758475167,8.571428571428571,10.571024758475167,3.399999999999993,0,1,0,90.4698568880558,1.0571024758475166e-05,204,1,0
132,17,62,0,0,1,10.468722752162389,"[0.0, 10.468722752162389]",10.468722752162389,8.571428571428571,10.468722752162389,3.599999999999992,0,1,0,91.35627594590187,1.046872275216239e-05,216,1,0
132,18,21,0,0,1,10.457360403878347,"[0.0, 10.457360403878347]",10.457360403878347,8.571428571428571,10.457360403878347,3.383333333333326,0,1,0,90.41402754187584,1.0457360403878347e-05,203,1,0
132,19,36,0,0,1,10.387442452566964,"[0.0, 10.387442452566964]",10.387442452566964,8.571428571428571,10.387442452566964,3.383333333333326,0,1,0,89.7522549033165,1.0387442452566964e-05,203,1,0
132,20,24,0,0,1,10.273729051862444,"[0.0, 10.273729051862444]",10.273729051862444,8.571428571428571,10.273729051862444,3.383333333333326,0,1,0,90.41407658159733,1.0273729051862444e-05,203,1,0
132,21,19,0,0,1,10.123111179896764,"[0.0, 10.123111179896764]",10.123111179896764,8.571428571428571,10.123111179896764,3.3166666666666598,0,1,0,87.59442839026451,1.0123111179896764e-05,199,1,0
132,22,30,0,0,1,10.115465436662946,"[0.0, 10.115465436662946]",10.115465436662946,8.571428571428571,10.115465436662946,3.349999999999993,0,1,0,88.99973557889462,1.0115465436662946e-05,201,1,0
132,23,26,0,0,1,10.091258457728795,"[0.0, 10.091258457728795]",10.091258457728795,8.571428571428571,10.091258457728795,3.2833333333333266,0,1,0,86.19851863384247,1.0091258457728795e-05,197,1,0
132,24,52,0,0,1,10.063569205147878,"[0.0, 10.063569205147878]",10.063569205147878,8.571428571428571,10.063569205147878,3.3333333333333264,0,1,0,88.29619486629963,1.0063569205147878e-05,200,1,0
132,25,60,0,0,1,10.032408578055245,"[0.0, 10.032408578055245]",10.032408578055245,8.571428571428571,10.032408578055245,3.3166666666666598,0,1,0,87.59487476944923,1.0032408578055245e-05,199,1,0
132,26,14,0,0,1,9.823668343680247,"[0.0, 9.823668343680247]",9.823668343680247,8.571428571428571,9.823668343680247,3.2833333333333266,0,1,0,86.19816355407238,9.823668343680247e-06,197,1,0
132,27,12,0,0,1,9.657410212925502,"[0.0, 9.657410212925502]",9.657410212925502,8.571428571428571,9.657410212925502,3.2333333333333267,0,1,0,84.12057456374168,9.657410212925501e-06,194,1,0
132,28,46,0,0,1,9.551476069859095,"[0.0, 9.551476069859095]",9.551476069859095,8.571428571428571,9.551476069859095,3.2333333333333267,0,1,0,84.12065495550632,9.551476069859096e-06,194,1,0
132,29,48,0,0,1,9.426923479352677,"[0.0, 9.426923479352677]",9.426923479352677,8.571428571428571,9.426923479352677,3.26666666666666,0,1,0,84.88178138434887,9.426923479352678e-06,196,1,0
132,30,20,0,0,1,9.340934753417969,"[0.0, 9.340934753417969]",9.340934753417969,8.571428571428571,9.340934753417969,3.21666666666666,0,1,0,83.4136124998331,9.340934753417968e-06,193,1,0
132,31,56,0,0,1,9.129033769880023,"[0.0, 9.129033769880023]",9.129033769880023,8.571428571428571,9.129033769880023,3.1999999999999935,0,1,0,82.74682876467705,9.129033769880023e-06,192,1,0
132,32,29,0,0,1,9.128153664725168,"[0.0, 9.128153664725168]",9.128153664725168,8.571428571428571,9.128153664725168,3.21666666666666,0,1,0,83.43268851935863,9.128153664725168e-06,193,1,0
132,33,41,0,0,0,9.058047703334264,"[0.0, 9.058047703334264]",9.058047703334264,8.571428571428571,9.058047703334264,4.049999999999991,0,1,0,83.64907844364643,9.058047703334264e-06,243,1,0
132,34,54,0,0,0,9.026611873081752,"[0.0, 9.026611873081752]",9.026611873081752,8.571428571428571,9.026611873081752,3.1666666666666603,0,1,0,81.38136452436447,9.026611873081753e-06,190,1,0
132,35,50,0,0,0,8.926402500697545,"[0.0, 8.926402500697545]",8.926402500697545,8.571428571428571,8.926402500697545,3.1499999999999937,0,1,0,80.70229123532772,8.926402500697545e-06,189,1,0
132,36,18,0,0,0,8.845882415771484,"[0.0, 8.845882415771484]",8.845882415771484,8.571428571428571,8.845882415771484,3.1999999999999935,0,1,0,82.74656847119331,8.845882415771484e-06,192,1,0
132,37,42,0,0,0,8.842503683907644,"[0.0, 8.842503683907644]",8.842503683907644,8.571428571428571,8.842503683907644,3.1666666666666603,0,1,0,81.38217873871326,8.842503683907644e-06,190,1,0
132,38,61,0,0,0,8.615401131766182,"[0.0, 8.615401131766182]",8.615401131766182,8.571428571428571,8.615401131766182,3.183333333333327,0,1,0,82.06279484927654,8.615401131766182e-06,191,1,0
132,39,34,0,0,0,8.593003409249441,"[0.0, 8.593003409249441]",8.593003409249441,8.571428571428571,8.593003409249441,3.1666666666666603,0,1,0,81.38115806877613,8.59300340924944e-06,190,1,0
132,40,59,0,0,0,8.172552926199776,"[0.0, 8.172552926199776]",8.172552926199776,5.714285714285714,8.172552926199776,7.316666666666646,0,1,0,57.63301967883308,8.172552926199776e-06,439,1,0
132,41,37,0,0,0,7.949605669294085,"[0.0, 7.949605669294085]",7.949605669294085,5.714285714285714,7.949605669294085,3.1166666666666605,0,1,0,78.7433893084526,7.949605669294086e-06,187,1,0
132,42,33,0,0,0,7.142857142857142,"[0.0, 7.142857142857142]",7.142857142857142,5.714285714285714,7.142857142857142,2.7666666666666617,0,1,0,65.56273321807384,7.142857142857143e-06,166,1,0
132,43,10,0,0,0,5.966736929757255,"[0.0, 5.966736929757255]",5.966736929757255,5.714285714285714,5.966736929757255,2.4333333333333296,0,1,0,53.722782745957375,5.9667369297572555e-06,146,1,0
132,44,8,0,0,0,5.722509111676898,"[0.0, 5.722509111676898]",5.722509111676898,5.714285714285714,5.722509111676898,2.3499999999999965,0,1,0,50.41619201004505,5.7225091116768975e-06,141,1,0
132,45,31,0,0,0,5.701304844447544,"[0.0, 5.701304844447544]",5.701304844447544,2.857142857142857,5.701304844447544,2.4333333333333296,0,1,0,50.261322662234306,5.701304844447544e-06,146,1,0
132,46,49,0,0,0,5.680056980678013,"[0.0, 5.680056980678013]",5.680056980678013,2.857142857142857,5.680056980678013,2.4333333333333296,0,1,0,50.083515122532845,5.680056980678013e-06,146,1,0
132,47,45,0,0,0,5.549294607979911,"[0.0, 5.549294607979911]",5.549294607979911,2.857142857142857,5.549294607979911,2.28333333333333,0,1,0,48.64941796660423,5.54929460797991e-06,137,1,0
132,48,63,0,0,0,5.538482666015625,"[0.0, 5.538482666015625]",5.538482666015625,2.857142857142857,5.538482666015625,2.28333333333333,0,1,0,48.649140164256096,5.538482666015625e-06,137,1,0
132,49,35,0,0,0,5.493747166224888,"[0.0, 5.493747166224888]",5.493747166224888,2.857142857142857,5.493747166224888,3.2499999999999933,0,1,0,48.47223749756813,5.493747166224888e-06,195,1,0
132,50,15,0,0,0,5.423709324428013,"[0.0, 5.423709324428013]",5.423709324428013,2.857142857142857,5.423709324428013,2.416666666666663,0,1,0,46.92937710881233,5.423709324428013e-06,145,1,0
132,51,40,0,0,0,5.376238141741071,"[0.0, 5.376238141741071]",5.376238141741071,2.857142857142857,5.376238141741071,3.0833333333333273,0,1,0,46.99041911959648,5.376238141741071e-06,185,1,0
132,52,27,0,0,0,5.325867789132255,"[0.0, 5.325867789132255]",5.325867789132255,2.857142857142857,5.325867789132255,2.199999999999997,0,1,0,45.92001396417618,5.325867789132255e-06,132,1,0
132,53,51,0,0,0,5.315219334193638,"[0.0, 5.315219334193638]",5.315219334193638,2.857142857142857,5.315219334193638,2.199999999999997,0,1,0,45.92017489671707,5.315219334193638e-06,132,1,0
132,54,38,0,0,0,5.026730128696986,"[0.0, 5.026730128696986]",5.026730128696986,2.857142857142857,5.026730128696986,2.0999999999999974,0,1,0,42.73128642141819,5.026730128696986e-06,126,1,0
132,55,47,0,0,0,4.988561357770648,"[0.0, 4.988561357770648]",4.988561357770648,2.857142857142857,4.988561357770648,2.083333333333331,0,1,0,42.209190130233765,4.988561357770648e-06,125,1,0
132,56,25,0,0,0,4.798927307128906,"[0.0, 4.798927307128906]",4.798927307128906,2.857142857142857,4.798927307128906,2.0166666666666644,0,1,0,40.146531850099564,4.7989273071289065e-06,121,1,0
132,57,13,0,0,0,4.657511029924665,"[0.0, 4.657511029924665]",4.657511029924665,2.857142857142857,4.657511029924665,2.3999999999999964,0,1,0,38.65359644591808,4.657511029924665e-06,144,1,0
132,58,58,0,0,0,4.572138105119978,"[0.0, 4.572138105119978]",4.572138105119978,2.857142857142857,4.572138105119978,1.9333333333333313,0,1,0,37.62805826961994,4.572138105119978e-06,116,1,0
132,59,11,0,0,0,4.516454424176898,"[0.0, 4.516454424176898]",4.516454424176898,2.857142857142857,4.516454424176898,1.9166666666666647,0,1,0,37.13253143429756,4.5164544241768975e-06,115,1,0
132,60,39,0,0,0,4.002543858119419,"[0.0, 4.002543858119419]",4.002543858119419,2.857142857142857,4.002543858119419,4.583333333333322,0,1,0,29.118589685385814,4.00254385811942e-06,275,1,0
132,61,16,0,0,0,1.875817435128348,"[0.0, 1.875817435128348]",1.875817435128348,0.0,1.875817435128348,5.016666666666654,0,1,0,5.173603671079036,1.875817435128348e-06,301,1,0
132,62,55,0,0,0,1.8757356916155135,"[0.0, 1.8757356916155135]",1.8757356916155135,0.0,1.8757356916155135,5.016666666666654,0,1,0,5.174271290306933,1.8757356916155135e-06,301,1,0
132,63,17,0,0,0,1.874831063406808,"[0.0, 1.874831063406808]",1.874831063406808,0.0,1.874831063406808,5.016666666666654,0,1,0,5.175500983779784,1.8748310634068079e-06,301,1,0
132,64,57,0,0,0,1.87408447265625,"[0.0, 1.87408447265625]",1.87408447265625,0.0,1.87408447265625,5.016666666666654,0,1,0,5.175536356691737,1.87408447265625e-06,301,1,0
133,1,0,0,1,1,14.717009408133372,"[0.0, 14.717009408133372]",14.717009408133372,14.285714285714285,14.717009408133372,6.766666666666648,0,1,0,128.43589814007282,1.4717009408133372e-05,406,1,0
133,2,1,0,1,1,14.422514779227122,"[0.0, 14.422514779227122]",14.422514779227122,14.285714285714285,14.422514779227122,6.133333333333317,0,1,0,126.39056049287319,1.442251477922712e-05,368,1,0
133,3,2,0,1,1,14.41089085170201,"[0.0, 14.41089085170201]",14.41089085170201,14.285714285714285,14.41089085170201,6.549999999999982,0,1,0,128.5680906623602,1.441089085170201e-05,393,1,0
133,4,3,0,1,1,14.31302751813616,"[0.0, 14.31302751813616]",14.31302751813616,14.285714285714285,14.31302751813616,4.149999999999991,0,1,0,125.2760118842125,1.431302751813616e-05,249,1,0
133,5,4,0,1,1,14.269202096121653,"[0.0, 14.269202096121653]",14.269202096121653,11.428571428571429,14.269202096121653,4.183333333333324,0,1,0,126.71604140102863,1.4269202096121652e-05,251,1,0
133,6,5,0,1,1,14.198499407087054,"[0.0, 14.198499407087054]",14.198499407087054,11.428571428571429,14.198499407087054,7.999999999999977,0,1,0,127.7229273840785,1.4198499407087054e-05,480,1,0
133,7,6,0,1,1,14.178646632603236,"[0.0, 14.178646632603236]",14.178646632603236,11.428571428571429,14.178646632603236,4.149999999999991,0,1,0,125.27583247423172,1.4178646632603236e-05,249,1,0
133,8,7,0,1,1,14.172744750976562,"[0.0, 14.172744750976562]",14.172744750976562,11.428571428571429,14.172744750976562,6.466666666666649,0,1,0,127.63636906445026,1.4172744750976563e-05,388,1,0
133,9,43,0,0,1,14.1112790788923,"[0.0, 14.1112790788923]",14.1112790788923,11.428571428571429,14.1112790788923,6.383333333333316,0,1,0,125.85597389936447,1.41112790788923e-05,383,1,0
133,10,24,0,0,1,13.371680123465401,"[0.0, 13.371680123465401]",13.371680123465401,11.428571428571429,13.371680123465401,6.6999999999999815,0,1,0,125.3049767613411,1.33716801234654e-05,402,1,0
133,11,11,0,0,1,10.711108616420201,"[0.0, 10.711108616420201]",10.711108616420201,8.571428571428571,10.711108616420201,3.766666666666658,0,1,0,91.60070385038853,1.0711108616420201e-05,226,1,0
133,12,55,0,0,1,10.597362518310547,"[0.0, 10.597362518310547]",10.597362518310547,8.571428571428571,10.597362518310547,3.399999999999993,0,1,0,91.1238709539175,1.0597362518310547e-05,204,1,0
133,13,63,0,0,1,10.507758004324778,"[0.0, 10.507758004324778]",10.507758004324778,8.571428571428571,10.507758004324778,3.3666666666666596,0,1,0,89.70613411068916,1.0507758004324777e-05,202,1,0
133,14,38,0,0,1,10.46631131853376,"[0.0, 10.46631131853376]",10.46631131853376,8.571428571428571,10.46631131853376,3.383333333333326,0,1,0,90.41399171948433,1.046631131853376e-05,203,1,0
133,15,27,0,0,1,10.41512898036412,"[0.0, 10.41512898036412]",10.41512898036412,8.571428571428571,10.41512898036412,3.383333333333326,0,1,0,90.41402216255665,1.041512898036412e-05,203,1,0
133,16,61,0,0,1,10.229345049176896,"[0.0, 10.229345049176896]",10.229345049176896,8.571428571428571,10.229345049176896,3.3666666666666596,0,1,0,89.70604853332043,1.0229345049176895e-05,202,1,0
133,17,51,0,0,1,10.170942034040179,"[0.0, 10.170942034040179]",10.170942034040179,8.571428571428571,10.170942034040179,3.3333333333333264,0,1,0,88.29642154276371,1.0170942034040178e-05,200,1,0
133,18,25,0,0,1,10.156560625348773,"[0.0, 10.156560625348773]",10.156560625348773,8.571428571428571,10.156560625348773,3.3666666666666596,0,1,0,89.42617692053318,1.0156560625348773e-05,202,1,0
133,19,15,0,0,1,9.693764277866908,"[0.0, 9.693764277866908]",9.693764277866908,8.571428571428571,9.693764277866908,3.2833333333333266,0,1,0,84.82581201195717,9.693764277866909e-06,197,1,0
133,20,41,0,0,1,9.69252450125558,"[0.0, 9.69252450125558]",9.69252450125558,8.571428571428571,9.69252450125558,3.299999999999993,0,1,0,86.89558605849743,9.69252450125558e-06,198,1,0
133,21,44,0,0,1,9.549718584333148,"[0.0, 9.549718584333148]",9.549718584333148,8.571428571428571,9.549718584333148,3.2499999999999933,0,1,0,84.81136547029018,9.549718584333148e-06,195,1,0
133,22,10,0,0,1,9.528070177350726,"[0.0, 9.528070177350726]",9.528070177350726,8.571428571428571,9.528070177350726,3.2333333333333267,0,1,0,84.12063412368298,9.528070177350726e-06,194,1,0
133,23,23,0,0,1,9.44525582449777,"[0.0, 9.44525582449777]",9.44525582449777,8.571428571428571,9.44525582449777,5.399999999999986,0,1,0,87.86620678007603,9.445255824497769e-06,324,1,0
133,24,46,0,0,1,9.433585575648715,"[0.0, 9.433585575648715]",9.433585575648715,8.571428571428571,9.433585575648715,3.26666666666666,0,1,0,85.25775302946568,9.433585575648715e-06,196,1,0
133,25,18,0,0,1,9.321972983224052,"[0.0, 9.321972983224052]",9.321972983224052,8.571428571428571,9.321972983224052,3.2333333333333267,0,1,0,84.12116411328316,9.321972983224053e-06,194,1,0
133,26,30,0,0,1,9.301177433558873,"[0.0, 9.301177433558873]",9.301177433558873,8.571428571428571,9.301177433558873,3.349999999999993,0,1,0,84.51645493507385,9.301177433558873e-06,201,1,0
133,27,16,0,0,1,8.837732587541852,"[0.0, 8.837732587541852]",8.837732587541852,8.571428571428571,8.837732587541852,3.183333333333327,0,1,0,82.06301175057888,8.837732587541852e-06,191,1,0
133,28,32,0,0,1,8.689141954694476,"[0.0, 8.689141954694476]",8.689141954694476,8.571428571428571,8.689141954694476,3.1499999999999937,0,1,0,80.70256459712982,8.689141954694475e-06,189,1,0
133,29,31,0,0,1,8.414764404296875,"[0.0, 8.414764404296875]",8.414764404296875,5.714285714285714,8.414764404296875,3.1499999999999937,0,1,0,80.7025043964386,8.414764404296875e-06,189,1,0
133,30,28,0,0,1,8.29310553414481,"[0.0, 8.29310553414481]",8.29310553414481,5.714285714285714,8.29310553414481,4.166666666666657,0,1,0,55.826296262443066,8.293105534144812e-06,250,1,0
133,31,60,0,0,1,8.108689444405693,"[0.0, 8.108689444405693]",8.108689444405693,5.714285714285714,8.108689444405693,3.1166666666666605,0,1,0,79.35086813569069,8.108689444405693e-06,187,1,0
133,32,52,0,0,1,7.779639107840401,"[0.0, 7.779639107840401]",7.779639107840401,5.714285714285714,7.779639107840401,3.0333333333333274,0,1,0,76.0130045413971,7.7796391078404e-06,182,1,0
133,33,53,0,0,0,7.330480303083148,"[0.0, 7.330480303083148]",7.330480303083148,5.714285714285714,7.330480303083148,4.683333333333322,0,1,0,72.60118636488914,7.330480303083148e-06,281,1,0
133,34,36,0,0,0,7.142857142857142,"[0.0, 7.142857142857142]",7.142857142857142,5.714285714285714,7.142857142857142,3.899999999999991,0,1,0,67.71507900953293,7.142857142857143e-06,234,1,0
133,35,59,0,0,0,6.290948050362723,"[0.0, 6.290948050362723]",6.290948050362723,5.714285714285714,6.290948050362723,7.316666666666646,0,1,0,57.63296141308092,6.290948050362723e-06,439,1,0
133,36,19,0,0,0,5.995309012276786,"[0.0, 5.995309012276786]",5.995309012276786,5.714285714285714,5.995309012276786,4.24999999999999,0,1,0,54.78754109889269,5.995309012276786e-06,255,1,0
133,37,8,0,0,0,5.967897687639509,"[0.0, 5.967897687639509]",5.967897687639509,5.714285714285714,5.967897687639509,2.4333333333333296,0,1,0,53.68921580910683,5.967897687639509e-06,146,1,0
133,38,39,0,0,0,5.83641597202846,"[0.0, 5.83641597202846]",5.83641597202846,5.714285714285714,5.83641597202846,2.3833333333333298,0,1,0,52.008813574910164,5.83641597202846e-06,143,1,0
133,39,20,0,0,0,5.7555389404296875,"[0.0, 5.7555389404296875]",5.7555389404296875,5.714285714285714,5.7555389404296875,3.816666666666658,0,1,0,51.66032764315605,5.7555389404296875e-06,229,1,0
133,40,22,0,0,0,5.750814165387834,"[0.0, 5.750814165387834]",5.750814165387834,5.714285714285714,5.750814165387834,2.3499999999999965,0,1,0,50.87850818037987,5.750814165387834e-06,141,1,0
133,41,57,0,0,0,5.737342834472656,"[0.0, 5.737342834472656]",5.737342834472656,5.714285714285714,5.737342834472656,2.449999999999996,0,1,0,50.51253400743008,5.7373428344726565e-06,147,1,0
133,42,21,0,0,0,5.726454598563057,"[0.0, 5.726454598563057]",5.726454598563057,5.714285714285714,5.726454598563057,2.33333333333333,0,1,0,50.317646861076355,5.7264545985630575e-06,140,1,0
133,43,33,0,0,0,5.717010498046875,"[0.0, 5.717010498046875]",5.717010498046875,5.714285714285714,5.717010498046875,2.33333333333333,0,1,0,50.31738042831421,5.717010498046875e-06,140,1,0
133,44,26,0,0,0,5.669234139578682,"[0.0, 5.669234139578682]",5.669234139578682,2.857142857142857,5.669234139578682,2.3166666666666633,0,1,0,49.758879989385605,5.669234139578682e-06,139,1,0
133,45,37,0,0,0,5.666525704520089,"[0.0, 5.666525704520089]",5.666525704520089,2.857142857142857,5.666525704520089,2.3166666666666633,0,1,0,49.75875723361969,5.666525704520089e-06,139,1,0
133,46,48,0,0,0,5.649751935686384,"[0.0, 5.649751935686384]",5.649751935686384,2.857142857142857,5.649751935686384,2.4333333333333296,0,1,0,49.79681469500065,5.649751935686383e-06,146,1,0
133,47,9,0,0,0,5.622553144182477,"[0.0, 5.622553144182477]",5.622553144182477,2.857142857142857,5.622553144182477,3.21666666666666,0,1,0,50.324339374899864,5.622553144182478e-06,193,1,0
133,48,58,0,0,0,5.602852957589286,"[0.0, 5.602852957589286]",5.602852957589286,2.857142857142857,5.602852957589286,3.483333333333326,0,1,0,49.98516517877579,5.602852957589286e-06,209,1,0
133,49,47,0,0,0,5.4937253679547995,"[0.0, 5.4937253679547995]",5.4937253679547995,2.857142857142857,5.4937253679547995,2.28333333333333,0,1,0,48.01422809064388,5.493725367954799e-06,137,1,0
133,50,45,0,0,0,5.484101431710379,"[0.0, 5.484101431710379]",5.484101431710379,2.857142857142857,5.484101431710379,6.799999999999981,0,1,0,47.04859170913551,5.484101431710379e-06,408,1,0
133,51,14,0,0,0,5.374744960239956,"[0.0, 5.374744960239956]",5.374744960239956,2.857142857142857,5.374744960239956,3.0833333333333273,0,1,0,46.8059059381485,5.374744960239956e-06,185,1,0
133,52,49,0,0,0,5.278058733258929,"[0.0, 5.278058733258929]",5.278058733258929,2.857142857142857,5.278058733258929,2.1833333333333305,0,1,0,45.38180701434612,5.278058733258929e-06,131,1,0
133,53,50,0,0,0,5.262282235281808,"[0.0, 5.262282235281808]",5.262282235281808,2.857142857142857,5.262282235281808,2.1833333333333305,0,1,0,45.382264748215675,5.262282235281808e-06,131,1,0
133,54,56,0,0,0,5.254265921456473,"[0.0, 5.254265921456473]",5.254265921456473,2.857142857142857,5.254265921456473,2.249999999999997,0,1,0,45.273362919688225,5.254265921456473e-06,135,1,0
133,55,13,0,0,0,5.217726571219308,"[0.0, 5.217726571219308]",5.217726571219308,2.857142857142857,5.217726571219308,2.166666666666664,0,1,0,44.84685929119587,5.217726571219308e-06,130,1,0
133,56,54,0,0,0,5.212113516671317,"[0.0, 5.212113516671317]",5.212113516671317,2.857142857142857,5.212113516671317,2.716666666666662,0,1,0,44.801352471113205,5.212113516671317e-06,163,1,0
133,57,12,0,0,0,5.204642159598214,"[0.0, 5.204642159598214]",5.204642159598214,2.857142857142857,5.204642159598214,2.933333333333328,0,1,0,44.89040417969227,5.204642159598215e-06,176,1,0
133,58,35,0,0,0,5.133160182407924,"[0.0, 5.133160182407924]",5.133160182407924,2.857142857142857,5.133160182407924,2.1333333333333306,0,1,0,43.78360487520695,5.1331601824079235e-06,128,1,0
133,59,42,0,0,0,4.992174421037946,"[0.0, 4.992174421037946]",4.992174421037946,2.857142857142857,4.992174421037946,2.083333333333331,0,1,0,42.20872138440609,4.992174421037946e-06,125,1,0
133,60,17,0,0,0,4.990218026297432,"[0.0, 4.990218026297432]",4.990218026297432,2.857142857142857,4.990218026297432,2.6999999999999953,0,1,0,42.370779663324356,4.990218026297432e-06,162,1,0
133,61,34,0,0,0,4.950457981654576,"[0.0, 4.950457981654576]",4.950457981654576,2.857142857142857,4.950457981654576,2.083333333333331,0,1,0,41.8084421902895,4.950457981654576e-06,125,1,0
133,62,40,0,0,0,4.805237906319754,"[0.0, 4.805237906319754]",4.805237906319754,2.857142857142857,4.805237906319754,2.1499999999999972,0,1,0,40.183170363307,4.805237906319754e-06,129,1,0
133,63,62,0,0,0,2.135211399623326,"[0.0, 2.135211399623326]",2.135211399623326,0.0,2.135211399623326,5.016666666666654,0,1,0,7.98009698100941,2.135211399623326e-06,301,1,0
133,64,29,0,0,0,2.012105669294085,"[0.0, 2.012105669294085]",2.012105669294085,0.0,2.012105669294085,5.016666666666654,0,1,0,6.535790437133983,2.012105669294085e-06,301,1,0
134,1,0,0,1,1,14.717009408133372,"[0.0, 14.717009408133372]",14.717009408133372,14.285714285714285,14.717009408133372,6.766666666666648,0,1,0,128.43589814007282,1.4717009408133372e-05,406,1,0
134,2,11,0,1,1,14.672497340611049,"[0.0, 14.672497340611049]",14.672497340611049,14.285714285714285,14.672497340611049,7.383333333333312,0,1,0,130.38622352480888,1.467249734061105e-05,443,1,0
134,3,1,0,1,1,14.422514779227122,"[0.0, 14.422514779227122]",14.422514779227122,14.285714285714285,14.422514779227122,6.133333333333317,0,1,0,126.39056049287319,1.442251477922712e-05,368,1,0
134,4,2,0,1,1,14.41089085170201,"[0.0, 14.41089085170201]",14.41089085170201,14.285714285714285,14.41089085170201,6.549999999999982,0,1,0,128.5680906623602,1.441089085170201e-05,393,1,0
134,5,51,0,1,1,14.337092808314733,"[0.0, 14.337092808314733]",14.337092808314733,14.285714285714285,14.337092808314733,5.366666666666653,0,1,0,126.00781311094761,1.4337092808314733e-05,322,1,0
134,6,3,0,1,1,14.31302751813616,"[0.0, 14.31302751813616]",14.31302751813616,14.285714285714285,14.31302751813616,4.149999999999991,0,1,0,125.2760118842125,1.431302751813616e-05,249,1,0
134,7,4,0,1,1,14.269202096121653,"[0.0, 14.269202096121653]",14.269202096121653,11.428571428571429,14.269202096121653,4.183333333333324,0,1,0,126.71604140102863,1.4269202096121652e-05,251,1,0
134,8,5,0,1,1,14.198499407087054,"[0.0, 14.198499407087054]",14.198499407087054,11.428571428571429,14.198499407087054,7.999999999999977,0,1,0,127.7229273840785,1.4198499407087054e-05,480,1,0
134,9,44,0,0,1,14.1852297101702,"[0.0, 14.1852297101702]",14.1852297101702,11.428571428571429,14.1852297101702,6.816666666666648,0,1,0,129.6848115324974,1.4185229710170199e-05,409,1,0
134,10,6,0,0,1,14.178646632603236,"[0.0, 14.178646632603236]",14.178646632603236,11.428571428571429,14.178646632603236,4.149999999999991,0,1,0,125.27583247423172,1.4178646632603236e-05,249,1,0
134,11,7,0,0,1,14.172744750976562,"[0.0, 14.172744750976562]",14.172744750976562,11.428571428571429,14.172744750976562,6.466666666666649,0,1,0,127.63636906445026,1.4172744750976563e-05,388,1,0
134,12,60,0,0,1,14.03012956891741,"[0.0, 14.03012956891741]",14.03012956891741,11.428571428571429,14.03012956891741,4.166666666666657,0,1,0,126.08157159388065,1.403012956891741e-05,250,1,0
134,13,19,0,0,1,11.143856048583984,"[0.0, 11.143856048583984]",11.143856048583984,8.571428571428571,11.143856048583984,3.5333333333333257,0,1,0,96.88501679897308,1.1143856048583985e-05,212,1,0
134,14,12,0,0,1,10.920077732631137,"[0.0, 10.920077732631137]",10.920077732631137,8.571428571428571,10.920077732631137,3.4499999999999926,0,1,0,92.95112225413322,1.0920077732631137e-05,207,1,0
134,15,33,0,0,1,10.798759460449219,"[0.0, 10.798759460449219]",10.798759460449219,8.571428571428571,10.798759460449219,5.599999999999985,0,1,0,95.40754878520966,1.079875946044922e-05,336,1,0
134,16,26,0,0,1,10.686754499162946,"[0.0, 10.686754499162946]",10.686754499162946,8.571428571428571,10.686754499162946,3.4166666666666594,0,1,0,91.83685380220413,1.0686754499162946e-05,205,1,0
134,17,39,0,0,1,10.606506892613002,"[0.0, 10.606506892613002]",10.606506892613002,8.571428571428571,10.606506892613002,3.399999999999993,0,1,0,91.12391589581966,1.0606506892613002e-05,204,1,0
134,18,63,0,0,1,10.56119646344866,"[0.0, 10.56119646344866]",10.56119646344866,8.571428571428571,10.56119646344866,3.383333333333326,0,1,0,90.4141299277544,1.056119646344866e-05,203,1,0
134,19,40,0,0,1,10.450147901262556,"[0.0, 10.450147901262556]",10.450147901262556,8.571428571428571,10.450147901262556,3.383333333333326,0,1,0,89.7634103000164,1.0450147901262555e-05,203,1,0
134,20,54,0,0,1,10.28632572719029,"[0.0, 10.28632572719029]",10.28632572719029,8.571428571428571,10.28632572719029,3.3666666666666596,0,1,0,89.70561170578003,1.028632572719029e-05,202,1,0
134,21,47,0,0,1,10.281017848423549,"[0.0, 10.281017848423549]",10.281017848423549,8.571428571428571,10.281017848423549,3.349999999999993,0,1,0,88.99953556060791,1.0281017848423549e-05,201,1,0
134,22,55,0,0,1,9.921681540352957,"[0.0, 9.921681540352957]",9.921681540352957,8.571428571428571,9.921681540352957,3.3166666666666598,0,1,0,87.57103791832924,9.921681540352956e-06,199,1,0
134,23,49,0,0,1,9.820662907191686,"[0.0, 9.820662907191686]",9.820662907191686,8.571428571428571,9.820662907191686,3.299999999999993,0,1,0,86.89543378353119,9.820662907191685e-06,198,1,0
134,24,8,0,0,1,9.815161568777901,"[0.0, 9.815161568777901]",9.815161568777901,8.571428571428571,9.815161568777901,3.516666666666659,0,1,0,86.00202059745789,9.815161568777901e-06,211,1,0
134,25,28,0,0,1,9.58573477608817,"[0.0, 9.58573477608817]",9.58573477608817,8.571428571428571,9.58573477608817,3.3333333333333264,0,1,0,84.94516777992249,9.58573477608817e-06,200,1,0
134,26,37,0,0,1,9.470154898507255,"[0.0, 9.470154898507255]",9.470154898507255,8.571428571428571,9.470154898507255,3.2499999999999933,0,1,0,84.2273201495409,9.470154898507255e-06,195,1,0
134,27,31,0,0,1,9.455490112304688,"[0.0, 9.455490112304688]",9.455490112304688,8.571428571428571,9.455490112304688,3.26666666666666,0,1,0,85.50367802381516,9.455490112304687e-06,196,1,0
134,28,38,0,0,1,9.248109545026505,"[0.0, 9.248109545026505]",9.248109545026505,8.571428571428571,9.248109545026505,3.1999999999999935,0,1,0,82.4857077151537,9.248109545026506e-06,192,1,0
134,29,32,0,0,1,9.107153756277901,"[0.0, 9.107153756277901]",9.107153756277901,8.571428571428571,9.107153756277901,3.21666666666666,0,1,0,83.43241502344608,9.107153756277902e-06,193,1,0
134,30,36,0,0,1,9.06914029802595,"[0.0, 9.06914029802595]",9.06914029802595,8.571428571428571,9.06914029802595,3.21666666666666,0,1,0,83.43234784901142,9.06914029802595e-06,193,1,0
134,31,25,0,0,1,8.947909218924387,"[0.0, 8.947909218924387]",8.947909218924387,8.571428571428571,8.947909218924387,5.049999999999987,0,1,0,83.8736373335123,8.947909218924387e-06,303,1,0
134,32,14,0,0,1,8.932546888078964,"[0.0, 8.932546888078964]",8.932546888078964,8.571428571428571,8.932546888078964,3.1999999999999935,0,1,0,82.74705500900745,8.932546888078963e-06,192,1,0
134,33,9,0,0,0,8.641183035714285,"[0.0, 8.641183035714285]",8.641183035714285,8.571428571428571,8.641183035714285,3.1499999999999937,0,1,0,80.70253975689411,8.641183035714285e-06,189,1,0
134,34,35,0,0,0,8.632169451032366,"[0.0, 8.632169451032366]",8.632169451032366,8.571428571428571,8.632169451032366,3.349999999999993,0,1,0,82.53993783891201,8.632169451032366e-06,201,1,0
134,35,21,0,0,0,8.618850708007812,"[0.0, 8.618850708007812]",8.618850708007812,8.571428571428571,8.618850708007812,3.1666666666666603,0,1,0,81.38170130550861,8.618850708007813e-06,190,1,0
134,36,13,0,0,0,8.617657252720425,"[0.0, 8.617657252720425]",8.617657252720425,8.571428571428571,8.617657252720425,3.1166666666666605,0,1,0,79.35151791572571,8.617657252720426e-06,187,1,0
134,37,41,0,0,0,8.614033290318082,"[0.0, 8.614033290318082]",8.614033290318082,8.571428571428571,8.614033290318082,7.733333333333311,0,1,0,62.3020991392259,8.614033290318082e-06,464,1,0
134,38,62,0,0,0,8.52618626185826,"[0.0, 8.52618626185826]",8.52618626185826,5.714285714285714,8.52618626185826,3.1666666666666603,0,1,0,81.38201695680618,8.52618626185826e-06,190,1,0
134,39,45,0,0,0,8.334603990827288,"[0.0, 8.334603990827288]",8.334603990827288,5.714285714285714,8.334603990827288,3.1166666666666605,0,1,0,79.35140472650528,8.334603990827288e-06,187,1,0
134,40,15,0,0,0,8.227203914097377,"[0.0, 8.227203914097377]",8.227203914097377,5.714285714285714,8.227203914097377,3.133333333333327,0,1,0,80.02557498216629,8.227203914097377e-06,188,1,0
134,41,50,0,0,0,7.88405282156808,"[0.0, 7.88405282156808]",7.88405282156808,5.714285714285714,7.88405282156808,3.049999999999994,0,1,0,76.67585062980652,7.884052821568079e-06,183,1,0
134,42,46,0,0,0,7.824129377092634,"[0.0, 7.824129377092634]",7.824129377092634,5.714285714285714,7.824129377092634,3.133333333333327,0,1,0,77.88352806866169,7.824129377092634e-06,188,1,0
134,43,29,0,0,0,7.684609549386161,"[0.0, 7.684609549386161]",7.684609549386161,5.714285714285714,7.684609549386161,3.0666666666666607,0,1,0,76.64086489379406,7.684609549386161e-06,184,1,0
134,44,52,0,0,0,7.232033865792411,"[0.0, 7.232033865792411]",7.232033865792411,5.714285714285714,7.232033865792411,2.933333333333328,0,1,0,71.8708959966898,7.23203386579241e-06,176,1,0
134,45,30,0,0,0,7.142857142857142,"[0.0, 7.142857142857142]",7.142857142857142,5.714285714285714,7.142857142857142,2.8999999999999946,0,1,0,70.79166203737259,7.142857142857143e-06,174,1,0
134,46,48,0,0,0,6.878111703055245,"[0.0, 6.878111703055245]",6.878111703055245,5.714285714285714,6.878111703055245,2.666666666666662,0,1,0,62.01899516582489,6.878111703055244e-06,160,1,0
134,47,58,0,0,0,5.980960300990514,"[0.0, 5.980960300990514]",5.980960300990514,5.714285714285714,5.980960300990514,2.449999999999996,0,1,0,53.485307827591896,5.980960300990514e-06,147,1,0
134,48,56,0,0,0,5.916764395577568,"[0.0, 5.916764395577568]",5.916764395577568,5.714285714285714,5.916764395577568,2.416666666666663,0,1,0,53.14897586405277,5.916764395577568e-06,145,1,0
134,49,53,0,0,0,5.701544625418527,"[0.0, 5.701544625418527]",5.701544625418527,2.857142857142857,5.701544625418527,2.33333333333333,0,1,0,50.317306995391846,5.7015446254185266e-06,140,1,0
134,50,18,0,0,0,5.646291460309709,"[0.0, 5.646291460309709]",5.646291460309709,2.857142857142857,5.646291460309709,2.3166666666666633,0,1,0,49.75885646045208,5.6462914603097095e-06,139,1,0
134,51,10,0,0,0,5.507283891950335,"[0.0, 5.507283891950335]",5.507283891950335,2.857142857142857,5.507283891950335,2.2666666666666635,0,1,0,48.09809988737106,5.507283891950335e-06,136,1,0
134,52,22,0,0,0,5.506041390555246,"[0.0, 5.506041390555246]",5.506041390555246,2.857142857142857,5.506041390555246,2.2666666666666635,0,1,0,48.09849162399769,5.506041390555246e-06,136,1,0
134,53,27,0,0,0,5.449714660644531,"[0.0, 5.449714660644531]",5.449714660644531,2.857142857142857,5.449714660644531,2.249999999999997,0,1,0,47.55000841617584,5.449714660644531e-06,135,1,0
134,54,57,0,0,0,5.3947230747767865,"[0.0, 5.3947230747767865]",5.3947230747767865,2.857142857142857,5.3947230747767865,2.2333333333333303,0,1,0,46.747841596603394,5.394723074776787e-06,134,1,0
134,55,61,0,0,0,5.348641531808036,"[0.0, 5.348641531808036]",5.348641531808036,2.857142857142857,5.348641531808036,7.499999999999979,0,1,0,45.21578772414068,5.3486415318080355e-06,450,1,0
134,56,20,0,0,0,5.286080496651786,"[0.0, 5.286080496651786]",5.286080496651786,2.857142857142857,5.286080496651786,2.166666666666664,0,1,0,44.84680460393429,5.2860804966517856e-06,130,1,0
134,57,59,0,0,0,5.265715462820871,"[0.0, 5.265715462820871]",5.265715462820871,2.857142857142857,5.265715462820871,2.1833333333333305,0,1,0,45.38217735290527,5.2657154628208704e-06,131,1,0
134,58,43,0,0,0,5.037623814174108,"[0.0, 5.037623814174108]",5.037623814174108,2.857142857142857,5.037623814174108,3.183333333333327,0,1,0,42.969805136322975,5.037623814174108e-06,191,1,0
134,59,42,0,0,0,4.9871335710797995,"[0.0, 4.9871335710797995]",4.9871335710797995,2.857142857142857,4.9871335710797995,2.6999999999999953,0,1,0,42.280592918395996,4.9871335710798e-06,162,1,0
134,60,34,0,0,0,4.983869280133928,"[0.0, 4.983869280133928]",4.983869280133928,2.857142857142857,4.983869280133928,2.083333333333331,0,1,0,42.20860280096531,4.983869280133928e-06,125,1,0
134,61,23,0,0,0,4.430029732840401,"[0.0, 4.430029732840401]",4.430029732840401,2.857142857142857,4.430029732840401,1.8833333333333315,0,1,0,36.150151550769806,4.430029732840401e-06,113,1,0
134,62,24,0,0,0,3.5354995727539062,"[0.0, 3.5354995727539062]",3.5354995727539062,2.857142857142857,3.5354995727539062,9.700000000000061,0,1,0,26.648916610523884,3.5354995727539063e-06,582,1,0
134,63,17,0,0,0,2.1083722795758932,"[0.0, 2.1083722795758932]",2.1083722795758932,0.0,2.1083722795758932,5.016666666666654,0,1,0,7.72026561362145,2.1083722795758934e-06,301,1,0
134,64,16,0,0,0,1.8754414149693082,"[0.0, 1.8754414149693082]",1.8754414149693082,0.0,1.8754414149693082,5.016666666666654,0,1,0,5.1750611072639,1.8754414149693083e-06,301,1,0
135,1,0,0,1,1,14.717009408133372,"[0.0, 14.717009408133372]",14.717009408133372,14.285714285714285,14.717009408133372,6.766666666666648,0,1,0,128.43589814007282,1.4717009408133372e-05,406,1,0
135,2,1,0,1,1,14.672497340611049,"[0.0, 14.672497340611049]",14.672497340611049,14.285714285714285,14.672497340611049,7.383333333333312,0,1,0,130.38622352480888,1.467249734061105e-05,443,1,0
135,3,55,0,1,1,14.497141156877792,"[0.0, 14.497141156877792]",14.497141156877792,14.285714285714285,14.497141156877792,6.199999999999983,0,1,0,129.65760539472103,1.4497141156877792e-05,372,1,0
135,4,2,0,1,1,14.422514779227122,"[0.0, 14.422514779227122]",14.422514779227122,14.285714285714285,14.422514779227122,6.133333333333317,0,1,0,126.39056049287319,1.442251477922712e-05,368,1,0
135,5,3,0,1,1,14.41089085170201,"[0.0, 14.41089085170201]",14.41089085170201,14.285714285714285,14.41089085170201,6.549999999999982,0,1,0,128.5680906623602,1.441089085170201e-05,393,1,0
135,6,4,0,1,1,14.337092808314733,"[0.0, 14.337092808314733]",14.337092808314733,14.285714285714285,14.337092808314733,5.366666666666653,0,1,0,126.00781311094761,1.4337092808314733e-05,322,1,0
135,7,5,0,1,1,14.31302751813616,"[0.0, 14.31302751813616]",14.31302751813616,14.285714285714285,14.31302751813616,4.149999999999991,0,1,0,125.2760118842125,1.431302751813616e-05,249,1,0
135,8,6,0,1,1,14.269202096121653,"[0.0, 14.269202096121653]",14.269202096121653,11.428571428571429,14.269202096121653,4.183333333333324,0,1,0,126.71604140102863,1.4269202096121652e-05,251,1,0
135,9,7,0,0,1,14.198499407087054,"[0.0, 14.198499407087054]",14.198499407087054,11.428571428571429,14.198499407087054,7.999999999999977,0,1,0,127.7229273840785,1.4198499407087054e-05,480,1,0
135,10,46,0,0,1,14.130450657435825,"[0.0, 14.130450657435825]",14.130450657435825,11.428571428571429,14.130450657435825,6.683333333333315,0,1,0,124.08019275963306,1.4130450657435824e-05,401,1,0
135,11,41,0,0,1,13.833116803850446,"[0.0, 13.833116803850446]",13.833116803850446,11.428571428571429,13.833116803850446,6.6166666666666485,0,1,0,123.02630913257599,1.3833116803850445e-05,397,1,0
135,12,10,0,0,1,13.487374441964286,"[0.0, 13.487374441964286]",13.487374441964286,11.428571428571429,13.487374441964286,6.566666666666649,0,1,0,123.97833056747913,1.3487374441964287e-05,394,1,0
135,13,13,0,0,1,12.976559230259488,"[0.0, 12.976559230259488]",12.976559230259488,11.428571428571429,12.976559230259488,6.633333333333315,0,1,0,118.83184149116278,1.2976559230259488e-05,398,1,0
135,14,47,0,0,1,12.857142857142856,"[0.0, 12.857142857142856]",12.857142857142856,11.428571428571429,12.857142857142856,6.26666666666665,0,1,0,116.33749562501907,1.2857142857142856e-05,376,1,0
135,15,44,0,0,1,11.28403799874442,"[0.0, 11.28403799874442]",11.28403799874442,8.571428571428571,11.28403799874442,5.7666666666666515,0,1,0,100.94195783138275,1.128403799874442e-05,346,1,0
135,16,61,0,0,1,11.0931396484375,"[0.0, 11.0931396484375]",11.0931396484375,8.571428571428571,11.0931396484375,6.349999999999983,0,1,0,102.79567541182041,1.10931396484375e-05,381,1,0
135,17,14,0,0,1,10.984529767717634,"[0.0, 10.984529767717634]",10.984529767717634,8.571428571428571,10.984529767717634,6.849999999999981,0,1,0,100.99687092751265,1.0984529767717633e-05,411,1,0
135,18,36,0,0,1,10.548095703125,"[0.0, 10.548095703125]",10.548095703125,8.571428571428571,10.548095703125,3.4166666666666594,0,1,0,91.3015679270029,1.0548095703125e-05,205,1,0
135,19,49,0,0,1,10.377071925571986,"[0.0, 10.377071925571986]",10.377071925571986,8.571428571428571,10.377071925571986,3.349999999999993,0,1,0,89.00005632638931,1.0377071925571987e-05,201,1,0
135,20,19,0,0,1,10.255467551095144,"[0.0, 10.255467551095144]",10.255467551095144,8.571428571428571,10.255467551095144,3.349999999999993,0,1,0,89.00014615058899,1.0255467551095145e-05,201,1,0
135,21,48,0,0,1,10.119282858712332,"[0.0, 10.119282858712332]",10.119282858712332,8.571428571428571,10.119282858712332,3.3333333333333264,0,1,0,88.29617622494698,1.0119282858712331e-05,200,1,0
135,22,25,0,0,1,10.010912758963448,"[0.0, 10.010912758963448]",10.010912758963448,8.571428571428571,10.010912758963448,3.5333333333333257,0,1,0,88.05288219451904,1.0010912758963448e-05,212,1,0
135,23,45,0,0,1,9.80614525931222,"[0.0, 9.80614525931222]",9.80614525931222,8.571428571428571,9.80614525931222,3.2499999999999933,0,1,0,84.81116215884686,9.80614525931222e-06,195,1,0
135,24,20,0,0,1,9.267022269112724,"[0.0, 9.267022269112724]",9.267022269112724,8.571428571428571,9.267022269112724,3.2333333333333267,0,1,0,84.12064863741398,9.267022269112725e-06,194,1,0
135,25,31,0,0,1,9.238886151994977,"[0.0, 9.238886151994977]",9.238886151994977,8.571428571428571,9.238886151994977,10.083333333333414,0,1,0,67.70477847404254,9.238886151994977e-06,605,1,0
135,26,37,0,0,1,9.1912841796875,"[0.0, 9.1912841796875]",9.1912841796875,8.571428571428571,9.1912841796875,3.483333333333326,0,1,0,82.53446288406849,9.1912841796875e-06,209,1,0
135,27,59,0,0,1,9.177662985665458,"[0.0, 9.177662985665458]",9.177662985665458,8.571428571428571,9.177662985665458,3.2333333333333267,0,1,0,84.12034763395786,9.177662985665459e-06,194,1,0
135,28,63,0,0,1,9.158210754394531,"[0.0, 9.158210754394531]",9.158210754394531,8.571428571428571,9.158210754394531,3.1999999999999935,0,1,0,82.7464724779129,9.158210754394532e-06,192,1,0
135,29,54,0,0,1,9.140169961111887,"[0.0, 9.140169961111887]",9.140169961111887,8.571428571428571,9.140169961111887,3.1999999999999935,0,1,0,82.74673263728619,9.140169961111888e-06,192,1,0
135,30,34,0,0,1,9.09308842250279,"[0.0, 9.09308842250279]",9.09308842250279,8.571428571428571,9.09308842250279,3.21666666666666,0,1,0,82.82391728460789,9.09308842250279e-06,193,1,0
135,31,16,0,0,1,9.029295785086495,"[0.0, 9.029295785086495]",9.029295785086495,8.571428571428571,9.029295785086495,7.899999999999977,0,1,0,70.70432449902,9.029295785086495e-06,474,1,0
135,32,43,0,0,1,8.969443184988839,"[0.0, 8.969443184988839]",8.969443184988839,8.571428571428571,8.969443184988839,3.183333333333327,0,1,0,82.0628783851862,8.969443184988838e-06,191,1,0
135,33,33,0,0,0,8.87024198259626,"[0.0, 8.87024198259626]",8.87024198259626,8.571428571428571,8.87024198259626,6.049999999999984,0,1,0,83.67277216911316,8.87024198259626e-06,363,1,0
135,34,24,0,0,0,8.821686335972377,"[0.0, 8.821686335972377]",8.821686335972377,8.571428571428571,8.821686335972377,5.116666666666654,0,1,0,84.0342777222395,8.821686335972377e-06,307,1,0
135,35,57,0,0,0,8.820582798549108,"[0.0, 8.820582798549108]",8.820582798549108,8.571428571428571,8.820582798549108,3.1999999999999935,0,1,0,82.74698331952095,8.820582798549107e-06,192,1,0
135,36,62,0,0,0,8.813645499093193,"[0.0, 8.813645499093193]",8.813645499093193,8.571428571428571,8.813645499093193,3.183333333333327,0,1,0,82.0630726069212,8.813645499093193e-06,191,1,0
135,37,39,0,0,0,8.37127958025251,"[0.0, 8.37127958025251]",8.37127958025251,5.714285714285714,8.37127958025251,3.133333333333327,0,1,0,80.02575434744358,8.37127958025251e-06,188,1,0
135,38,29,0,0,0,8.158146994454519,"[0.0, 8.158146994454519]",8.158146994454519,5.714285714285714,8.158146994454519,3.0666666666666607,0,1,0,77.34173427522182,8.158146994454519e-06,184,1,0
135,39,32,0,0,0,7.959755488804408,"[0.0, 7.959755488804408]",7.959755488804408,5.714285714285714,7.959755488804408,4.8333333333333215,0,1,0,77.8110894113779,7.959755488804408e-06,290,1,0
135,40,28,0,0,0,7.5246347699846545,"[0.0, 7.5246347699846545]",7.5246347699846545,5.714285714285714,7.5246347699846545,8.333333333333327,0,1,0,71.35157462233474,7.524634769984655e-06,500,1,0
135,41,22,0,0,0,7.323406764439174,"[0.0, 7.323406764439174]",7.323406764439174,5.714285714285714,7.323406764439174,2.9833333333333276,0,1,0,73.69179151952267,7.3234067644391735e-06,179,1,0
135,42,30,0,0,0,7.142857142857142,"[0.0, 7.142857142857142]",7.142857142857142,5.714285714285714,7.142857142857142,2.799999999999995,0,1,0,66.8069279640913,7.142857142857143e-06,168,1,0
135,43,35,0,0,0,7.142857142857142,"[0.0, 7.142857142857142]",7.142857142857142,5.714285714285714,7.142857142857142,2.883333333333328,0,1,0,70.14947238564491,7.142857142857143e-06,173,1,0
135,44,18,0,0,0,5.850110735212054,"[0.0, 5.850110735212054]",5.850110735212054,5.714285714285714,5.850110735212054,2.3833333333333298,0,1,0,52.009127765893936,5.850110735212054e-06,143,1,0
135,45,17,0,0,0,5.7838930402483255,"[0.0, 5.7838930402483255]",5.7838930402483255,5.714285714285714,5.7838930402483255,2.366666666666663,0,1,0,51.442723616957664,5.7838930402483255e-06,142,1,0
135,46,42,0,0,0,5.77195303780692,"[0.0, 5.77195303780692]",5.77195303780692,5.714285714285714,5.77195303780692,2.3499999999999965,0,1,0,50.87884587049484,5.77195303780692e-06,141,1,0
135,47,60,0,0,0,5.721980503627233,"[0.0, 5.721980503627233]",5.721980503627233,5.714285714285714,5.721980503627233,3.6333333333333253,0,1,0,51.12860671430826,5.721980503627233e-06,218,1,0
135,48,27,0,0,0,5.70990971156529,"[0.0, 5.70990971156529]",5.70990971156529,2.857142857142857,5.70990971156529,2.883333333333328,0,1,0,50.65480341017246,5.70990971156529e-06,173,1,0
135,49,26,0,0,0,5.6966672624860495,"[0.0, 5.6966672624860495]",5.6966672624860495,2.857142857142857,5.6966672624860495,3.383333333333326,0,1,0,51.20951507985592,5.69666726248605e-06,203,1,0
135,50,8,0,0,0,5.646754673549107,"[0.0, 5.646754673549107]",5.646754673549107,2.857142857142857,5.646754673549107,2.3166666666666633,0,1,0,49.75866575539112,5.646754673549107e-06,139,1,0
135,51,11,0,0,0,5.562765938895089,"[0.0, 5.562765938895089]",5.562765938895089,2.857142857142857,5.562765938895089,2.28333333333333,0,1,0,48.64929234981537,5.56276593889509e-06,137,1,0
135,52,50,0,0,0,5.519741603306361,"[0.0, 5.519741603306361]",5.519741603306361,2.857142857142857,5.519741603306361,2.799999999999995,0,1,0,48.56234906613827,5.519741603306361e-06,168,1,0
135,53,9,0,0,0,5.518738882882254,"[0.0, 5.518738882882254]",5.518738882882254,2.857142857142857,5.518738882882254,2.2666666666666635,0,1,0,48.0979899764061,5.518738882882255e-06,136,1,0
135,54,23,0,0,0,5.485638209751674,"[0.0, 5.485638209751674]",5.485638209751674,2.857142857142857,5.485638209751674,3.2333333333333267,0,1,0,48.21455664932728,5.485638209751674e-06,194,1,0
135,55,51,0,0,0,5.444308689662388,"[0.0, 5.444308689662388]",5.444308689662388,2.857142857142857,5.444308689662388,3.099999999999994,0,1,0,47.114941507577896,5.4443086896623884e-06,186,1,0
135,56,40,0,0,0,5.372091020856585,"[0.0, 5.372091020856585]",5.372091020856585,2.857142857142857,5.372091020856585,3.1166666666666605,0,1,0,46.75032079219818,5.372091020856585e-06,187,1,0
135,57,15,0,0,0,5.369818551199777,"[0.0, 5.369818551199777]",5.369818551199777,2.857142857142857,5.369818551199777,2.2166666666666637,0,1,0,46.46082879602909,5.369818551199777e-06,133,1,0
135,58,56,0,0,0,5.085465567452567,"[0.0, 5.085465567452567]",5.085465567452567,2.857142857142857,5.085465567452567,2.116666666666664,0,1,0,43.25630196928978,5.085465567452567e-06,127,1,0
135,59,58,0,0,0,5.058343069893973,"[0.0, 5.058343069893973]",5.058343069893973,2.857142857142857,5.058343069893973,2.8666666666666614,0,1,0,43.32546851038933,5.058343069893973e-06,172,1,0
135,60,53,0,0,0,4.9105072021484375,"[0.0, 4.9105072021484375]",4.9105072021484375,2.857142857142857,4.9105072021484375,6.599999999999982,0,1,0,39.815386396527174,4.910507202148438e-06,396,1,0
135,61,38,0,0,0,4.754834856305804,"[0.0, 4.754834856305804]",4.754834856305804,2.857142857142857,4.754834856305804,1.9999999999999978,0,1,0,39.63748459517956,4.7548348563058035e-06,120,1,0
135,62,52,0,0,0,4.561271667480469,"[0.0, 4.561271667480469]",4.561271667480469,2.857142857142857,4.561271667480469,1.9333333333333313,0,1,0,37.628247544169426,4.561271667480469e-06,116,1,0
135,63,21,0,0,0,2.1107264927455356,"[0.0, 2.1107264927455356]",2.1107264927455356,0.0,2.1107264927455356,5.016666666666654,0,1,0,7.705876598774921,2.1107264927455355e-06,301,1,0
135,64,12,0,0,0,1.891735621861049,"[0.0, 1.891735621861049]",1.891735621861049,0.0,1.891735621861049,5.016666666666654,0,1,0,5.287806363747222,1.891735621861049e-06,301,1,0
136,1,0,0,1,1,14.717009408133372,"[0.0, 14.717009408133372]",14.717009408133372,14.285714285714285,14.717009408133372,6.766666666666648,0,1,0,128.43589814007282,1.4717009408133372e-05,406,1,0
136,2,1,0,1,1,14.672497340611049,"[0.0, 14.672497340611049]",14.672497340611049,14.285714285714285,14.672497340611049,7.383333333333312,0,1,0,130.38622352480888,1.467249734061105e-05,443,1,0
136,3,2,0,1,1,14.497141156877792,"[0.0, 14.497141156877792]",14.497141156877792,14.285714285714285,14.497141156877792,6.199999999999983,0,1,0,129.65760539472103,1.4497141156877792e-05,372,1,0
136,4,3,0,1,1,14.422514779227122,"[0.0, 14.422514779227122]",14.422514779227122,14.285714285714285,14.422514779227122,6.133333333333317,0,1,0,126.39056049287319,1.442251477922712e-05,368,1,0
136,5,4,0,1,1,14.41089085170201,"[0.0, 14.41089085170201]",14.41089085170201,14.285714285714285,14.41089085170201,6.549999999999982,0,1,0,128.5680906623602,1.441089085170201e-05,393,1,0
136,6,5,0,1,1,14.337092808314733,"[0.0, 14.337092808314733]",14.337092808314733,14.285714285714285,14.337092808314733,5.366666666666653,0,1,0,126.00781311094761,1.4337092808314733e-05,322,1,0
136,7,6,0,1,1,14.31302751813616,"[0.0, 14.31302751813616]",14.31302751813616,14.285714285714285,14.31302751813616,4.149999999999991,0,1,0,125.2760118842125,1.431302751813616e-05,249,1,0
136,8,7,0,1,1,14.269202096121653,"[0.0, 14.269202096121653]",14.269202096121653,11.428571428571429,14.269202096121653,4.183333333333324,0,1,0,126.71604140102863,1.4269202096121652e-05,251,1,0
136,9,50,0,0,1,13.676490783691406,"[0.0, 13.676490783691406]",13.676490783691406,11.428571428571429,13.676490783691406,6.399999999999983,0,1,0,122.09816771745682,1.3676490783691406e-05,384,1,0
136,10,45,0,0,1,13.555019923618861,"[0.0, 13.555019923618861]",13.555019923618861,11.428571428571429,13.555019923618861,7.9333333333333105,0,1,0,124.76160182058811,1.3555019923618861e-05,476,1,0
136,11,11,0,0,1,10.75547627040318,"[0.0, 10.75547627040318]",10.75547627040318,8.571428571428571,10.75547627040318,3.4666666666666592,0,1,0,93.98720063269138,1.0755476270403181e-05,208,1,0
136,12,16,0,0,1,10.752201080322266,"[0.0, 10.752201080322266]",10.752201080322266,8.571428571428571,10.752201080322266,5.549999999999986,0,1,0,94.87974281609058,1.0752201080322265e-05,333,1,0
136,13,56,0,0,1,10.707231249128068,"[0.0, 10.707231249128068]",10.707231249128068,8.571428571428571,10.707231249128068,4.34999999999999,0,1,0,92.12046208977699,1.0707231249128068e-05,261,1,0
136,14,29,0,0,1,10.467967987060547,"[0.0, 10.467967987060547]",10.467967987060547,8.571428571428571,10.467967987060547,3.349999999999993,0,1,0,88.99548949301243,1.0467967987060546e-05,201,1,0
136,15,38,0,0,1,10.311554500034877,"[0.0, 10.311554500034877]",10.311554500034877,8.571428571428571,10.311554500034877,3.3666666666666596,0,1,0,89.7058417648077,1.0311554500034876e-05,202,1,0
136,16,30,0,0,1,10.30719484601702,"[0.0, 10.30719484601702]",10.30719484601702,8.571428571428571,10.30719484601702,3.349999999999993,0,1,0,89.00001664459705,1.0307194846017021e-05,201,1,0
136,17,42,0,0,1,10.117675236293248,"[0.0, 10.117675236293248]",10.117675236293248,8.571428571428571,10.117675236293248,5.366666666666653,0,1,0,89.0999595373869,1.0117675236293249e-05,322,1,0
136,18,28,0,0,1,10.091522761753627,"[0.0, 10.091522761753627]",10.091522761753627,8.571428571428571,10.091522761753627,3.3333333333333264,0,1,0,88.29636323451996,1.0091522761753626e-05,200,1,0
136,19,27,0,0,1,9.851788112095424,"[0.0, 9.851788112095424]",9.851788112095424,8.571428571428571,9.851788112095424,3.2833333333333266,0,1,0,86.19813619554043,9.851788112095424e-06,197,1,0
136,20,44,0,0,1,9.728352682931082,"[0.0, 9.728352682931082]",9.728352682931082,8.571428571428571,9.728352682931082,3.26666666666666,0,1,0,85.50348129868507,9.728352682931081e-06,196,1,0
136,21,57,0,0,1,9.607124328613281,"[0.0, 9.607124328613281]",9.607124328613281,8.571428571428571,9.607124328613281,3.2833333333333266,0,1,0,86.19856280088425,9.607124328613282e-06,197,1,0
136,22,23,0,0,1,9.574053628104073,"[0.0, 9.574053628104073]",9.574053628104073,8.571428571428571,9.574053628104073,3.2499999999999933,0,1,0,84.8109994828701,9.574053628104074e-06,195,1,0
136,23,35,0,0,1,9.539854867117747,"[0.0, 9.539854867117747]",9.539854867117747,8.571428571428571,9.539854867117747,4.7499999999999885,0,1,0,89.51490807533264,9.539854867117746e-06,285,1,0
136,24,51,0,0,1,9.413013458251953,"[0.0, 9.413013458251953]",9.413013458251953,8.571428571428571,9.413013458251953,3.2499999999999933,0,1,0,84.8112446218729,9.413013458251953e-06,195,1,0
136,25,52,0,0,1,9.234986986432757,"[0.0, 9.234986986432757]",9.234986986432757,8.571428571428571,9.234986986432757,3.1999999999999935,0,1,0,82.74636794626713,9.234986986432756e-06,192,1,0
136,26,22,0,0,1,8.957293374197823,"[0.0, 8.957293374197823]",8.957293374197823,8.571428571428571,8.957293374197823,3.1666666666666603,0,1,0,81.38181808590889,8.957293374197823e-06,190,1,0
136,27,8,0,0,1,8.876113891601562,"[0.0, 8.876113891601562]",8.876113891601562,8.571428571428571,8.876113891601562,3.4166666666666594,0,1,0,81.83248253166676,8.876113891601563e-06,205,1,0
136,28,14,0,0,1,8.823863438197545,"[0.0, 8.823863438197545]",8.823863438197545,8.571428571428571,8.823863438197545,3.2333333333333267,0,1,0,81.65470112860203,8.823863438197546e-06,194,1,0
136,29,48,0,0,1,8.668994903564453,"[0.0, 8.668994903564453]",8.668994903564453,8.571428571428571,8.668994903564453,3.1666666666666603,0,1,0,81.38177725672722,8.668994903564453e-06,190,1,0
136,30,39,0,0,1,8.391827174595425,"[0.0, 8.391827174595425]",8.391827174595425,5.714285714285714,8.391827174595425,3.1499999999999937,0,1,0,80.70264011621475,8.391827174595426e-06,189,1,0
136,31,37,0,0,1,8.316260746547153,"[0.0, 8.316260746547153]",8.316260746547153,5.714285714285714,8.316260746547153,3.1166666666666605,0,1,0,79.35109378397465,8.316260746547153e-06,187,1,0
136,32,15,0,0,1,8.252269199916293,"[0.0, 8.252269199916293]",8.252269199916293,5.714285714285714,8.252269199916293,3.099999999999994,0,1,0,78.67907826602459,8.252269199916293e-06,186,1,0
136,33,59,0,0,0,8.093242645263672,"[0.0, 8.093242645263672]",8.093242645263672,5.714285714285714,8.093242645263672,3.133333333333327,0,1,0,80.0258011072874,8.093242645263672e-06,188,1,0
136,34,62,0,0,0,8.054795946393694,"[0.0, 8.054795946393694]",8.054795946393694,5.714285714285714,8.054795946393694,3.0666666666666607,0,1,0,77.34134988486767,8.054795946393694e-06,184,1,0
136,35,12,0,0,0,7.9589625767299115,"[0.0, 7.9589625767299115]",7.9589625767299115,5.714285714285714,7.9589625767299115,3.0833333333333273,0,1,0,78.0088029652834,7.958962576729911e-06,185,1,0
136,36,54,0,0,0,7.142857142857142,"[0.0, 7.142857142857142]",7.142857142857142,5.714285714285714,7.142857142857142,4.649999999999989,0,1,0,72.6453869342804,7.142857142857143e-06,279,1,0
136,37,36,0,0,0,6.988285609654017,"[0.0, 6.988285609654017]",6.988285609654017,5.714285714285714,6.988285609654017,2.799999999999995,0,1,0,63.28472858667374,6.988285609654017e-06,168,1,0
136,38,17,0,0,0,6.73205784388951,"[0.0, 6.73205784388951]",6.73205784388951,5.714285714285714,6.73205784388951,2.6166666666666623,0,1,0,60.20039364695549,6.73205784388951e-06,157,1,0
136,39,53,0,0,0,6.491693769182477,"[0.0, 6.491693769182477]",6.491693769182477,5.714285714285714,6.491693769182477,7.516666666666645,0,1,0,59.050422394269845,6.491693769182478e-06,451,1,0
136,40,18,0,0,0,6.342015947614398,"[0.0, 6.342015947614398]",6.342015947614398,5.714285714285714,6.342015947614398,7.316666666666646,0,1,0,57.637782799240085,6.342015947614398e-06,439,1,0
136,41,19,0,0,0,6.271258762904576,"[0.0, 6.271258762904576]",6.271258762904576,5.714285714285714,6.271258762904576,7.316666666666646,0,1,0,57.633443414844805,6.271258762904577e-06,439,1,0
136,42,24,0,0,0,5.839598519461496,"[0.0, 5.839598519461496]",5.839598519461496,5.714285714285714,5.839598519461496,3.949999999999991,0,1,0,53.084184750914574,5.839598519461496e-06,237,1,0
136,43,26,0,0,0,5.7620729718889505,"[0.0, 5.7620729718889505]",5.7620729718889505,5.714285714285714,5.7620729718889505,2.3499999999999965,0,1,0,50.878543704748154,5.762072971888951e-06,141,1,0
136,44,33,0,0,0,5.723331996372768,"[0.0, 5.723331996372768]",5.723331996372768,5.714285714285714,5.723331996372768,3.7166666666666583,0,1,0,51.719392798841,5.7233319963727685e-06,223,1,0
136,45,20,0,0,0,5.668798174176897,"[0.0, 5.668798174176897]",5.668798174176897,2.857142857142857,5.668798174176897,3.566666666666659,0,1,0,50.63267967104912,5.668798174176897e-06,214,1,0
136,46,61,0,0,0,5.643953595842634,"[0.0, 5.643953595842634]",5.643953595842634,2.857142857142857,5.643953595842634,2.3166666666666633,0,1,0,49.57769660651684,5.6439535958426335e-06,139,1,0
136,47,34,0,0,0,5.455224173409598,"[0.0, 5.455224173409598]",5.455224173409598,2.857142857142857,5.455224173409598,2.249999999999997,0,1,0,47.54959060251713,5.455224173409598e-06,135,1,0
136,48,43,0,0,0,5.416728428431919,"[0.0, 5.416728428431919]",5.416728428431919,2.857142857142857,5.416728428431919,2.2333333333333303,0,1,0,47.00387591123581,5.416728428431919e-06,134,1,0
136,49,31,0,0,0,5.394635881696429,"[0.0, 5.394635881696429]",5.394635881696429,2.857142857142857,5.394635881696429,3.1499999999999937,0,1,0,47.07081064581871,5.394635881696429e-06,189,1,0
136,50,9,0,0,0,5.316619873046875,"[0.0, 5.316619873046875]",5.316619873046875,2.857142857142857,5.316619873046875,2.199999999999997,0,1,0,45.920010432600975,5.316619873046875e-06,132,1,0
136,51,21,0,0,0,5.270107814243861,"[0.0, 5.270107814243861]",5.270107814243861,2.857142857142857,5.270107814243861,2.1833333333333305,0,1,0,45.38186213374138,5.270107814243861e-06,131,1,0
136,52,49,0,0,0,4.999138968331474,"[0.0, 4.999138968331474]",4.999138968331474,2.857142857142857,4.999138968331474,2.7333333333333285,0,1,0,42.67012298107147,4.999138968331474e-06,164,1,0
136,53,58,0,0,0,4.973177228655134,"[0.0, 4.973177228655134]",4.973177228655134,2.857142857142857,4.973177228655134,2.633333333333329,0,1,0,42.177985057234764,4.9731772286551335e-06,158,1,0
136,54,63,0,0,0,4.895640781947544,"[0.0, 4.895640781947544]",4.895640781947544,2.857142857142857,4.895640781947544,2.0499999999999976,0,1,0,41.17251542210579,4.895640781947544e-06,123,1,0
136,55,46,0,0,0,4.601434980119977,"[0.0, 4.601434980119977]",4.601434980119977,2.857142857142857,4.601434980119977,2.366666666666663,0,1,0,38.06337505578995,4.601434980119977e-06,142,1,0
136,56,55,0,0,0,4.478214808872768,"[0.0, 4.478214808872768]",4.478214808872768,2.857142857142857,4.478214808872768,1.8999999999999981,0,1,0,36.64012660086155,4.4782148088727684e-06,114,1,0
136,57,10,0,0,0,4.35760498046875,"[0.0, 4.35760498046875]",4.35760498046875,2.857142857142857,4.35760498046875,2.1833333333333305,0,1,0,35.48989459872246,4.35760498046875e-06,131,1,0
136,58,13,0,0,0,2.816619873046875,"[0.0, 2.816619873046875]",2.816619873046875,0.0,2.816619873046875,5.583333333333319,0,1,0,43.346799086546525,2.816619873046875e-06,335,1,0
136,59,40,0,0,0,2.1576527186802457,"[0.0, 2.1576527186802457]",2.1576527186802457,0.0,2.1576527186802457,5.016666666666654,0,1,0,8.214337705809157,2.1576527186802457e-06,301,1,0
136,60,41,0,0,0,2.1117946079799106,"[0.0, 2.1117946079799106]",2.1117946079799106,0.0,2.1117946079799106,5.016666666666654,0,1,0,7.705634672136512,2.1117946079799107e-06,301,1,0
136,61,25,0,0,0,2.1117346627371654,"[0.0, 2.1117346627371654]",2.1117346627371654,0.0,2.1117346627371654,5.016666666666654,0,1,0,7.705751250818139,2.1117346627371654e-06,301,1,0
136,62,47,0,0,0,2.109663827078683,"[0.0, 2.109663827078683]",2.109663827078683,0.0,2.109663827078683,5.016666666666654,0,1,0,7.705477190218517,2.109663827078683e-06,301,1,0
136,63,32,0,0,0,2.041876656668527,"[0.0, 2.041876656668527]",2.041876656668527,0.0,2.041876656668527,5.016666666666654,0,1,0,8.359762901316572,2.041876656668527e-06,301,1,0
136,64,60,0,0,0,1.8663896833147322,"[0.0, 1.8663896833147322]",1.8663896833147322,0.0,1.8663896833147322,5.016666666666654,0,1,0,5.0944945979863405,1.8663896833147322e-06,301,1,0
137,1,0,0,1,1,14.717009408133372,"[0.0, 14.717009408133372]",14.717009408133372,14.285714285714285,14.717009408133372,6.766666666666648,0,1,0,128.43589814007282,1.4717009408133372e-05,406,1,0
137,2,1,0,1,1,14.672497340611049,"[0.0, 14.672497340611049]",14.672497340611049,14.285714285714285,14.672497340611049,7.383333333333312,0,1,0,130.38622352480888,1.467249734061105e-05,443,1,0
137,3,2,0,1,1,14.497141156877792,"[0.0, 14.497141156877792]",14.497141156877792,14.285714285714285,14.497141156877792,6.199999999999983,0,1,0,129.65760539472103,1.4497141156877792e-05,372,1,0
137,4,3,0,1,1,14.422514779227122,"[0.0, 14.422514779227122]",14.422514779227122,14.285714285714285,14.422514779227122,6.133333333333317,0,1,0,126.39056049287319,1.442251477922712e-05,368,1,0
137,5,4,0,1,1,14.41089085170201,"[0.0, 14.41089085170201]",14.41089085170201,14.285714285714285,14.41089085170201,6.549999999999982,0,1,0,128.5680906623602,1.441089085170201e-05,393,1,0
137,6,5,0,1,1,14.337092808314733,"[0.0, 14.337092808314733]",14.337092808314733,14.285714285714285,14.337092808314733,5.366666666666653,0,1,0,126.00781311094761,1.4337092808314733e-05,322,1,0
137,7,6,0,1,1,14.31302751813616,"[0.0, 14.31302751813616]",14.31302751813616,14.285714285714285,14.31302751813616,4.149999999999991,0,1,0,125.2760118842125,1.431302751813616e-05,249,1,0
137,8,7,0,1,1,14.269202096121653,"[0.0, 14.269202096121653]",14.269202096121653,11.428571428571429,14.269202096121653,4.183333333333324,0,1,0,126.71604140102863,1.4269202096121652e-05,251,1,0
137,9,19,0,0,1,13.800239562988281,"[0.0, 13.800239562988281]",13.800239562988281,11.428571428571429,13.800239562988281,6.516666666666649,0,1,0,127.18757982552052,1.380023956298828e-05,391,1,0
137,10,16,0,0,1,13.609063284737724,"[0.0, 13.609063284737724]",13.609063284737724,11.428571428571429,13.609063284737724,7.04999999999998,0,1,0,122.32472021132708,1.3609063284737723e-05,423,1,0
137,11,20,0,0,1,13.193996974400113,"[0.0, 13.193996974400113]",13.193996974400113,11.428571428571429,13.193996974400113,12.216666666666853,0,1,0,133.8636964605539,1.3193996974400113e-05,733,1,0
137,12,30,0,0,1,13.109070914132253,"[0.0, 13.109070914132253]",13.109070914132253,11.428571428571429,13.109070914132253,6.249999999999983,0,1,0,119.97025547921658,1.3109070914132254e-05,375,1,0
137,13,22,0,0,1,10.857936314174108,"[0.0, 10.857936314174108]",10.857936314174108,8.571428571428571,10.857936314174108,3.433333333333326,0,1,0,92.24656243622303,1.0857936314174107e-05,206,1,0
137,14,59,0,0,1,10.79383032662528,"[0.0, 10.79383032662528]",10.79383032662528,8.571428571428571,10.79383032662528,3.4666666666666592,0,1,0,93.98726472258568,1.079383032662528e-05,208,1,0
137,15,61,0,0,1,10.732239314488004,"[0.0, 10.732239314488004]",10.732239314488004,8.571428571428571,10.732239314488004,4.016666666666658,0,1,0,94.94525261223316,1.0732239314488004e-05,241,1,0
137,16,13,0,0,1,10.428722926548549,"[0.0, 10.428722926548549]",10.428722926548549,8.571428571428571,10.428722926548549,3.349999999999993,0,1,0,88.99946419894695,1.0428722926548549e-05,201,1,0
137,17,31,0,0,1,10.277301243373325,"[0.0, 10.277301243373325]",10.277301243373325,8.571428571428571,10.277301243373325,3.3333333333333264,0,1,0,87.97950482368469,1.0277301243373325e-05,200,1,0
137,18,36,0,0,1,10.195544106619698,"[0.0, 10.195544106619698]",10.195544106619698,8.571428571428571,10.195544106619698,5.349999999999986,0,1,0,87.6377023756504,1.0195544106619698e-05,321,1,0
137,19,34,0,0,1,10.131541660853795,"[0.0, 10.131541660853795]",10.131541660853795,8.571428571428571,10.131541660853795,3.3333333333333264,0,1,0,87.92672689259052,1.0131541660853796e-05,200,1,0
137,20,41,0,0,1,10.097966875348773,"[0.0, 10.097966875348773]",10.097966875348773,8.571428571428571,10.097966875348773,5.366666666666653,0,1,0,89.60660648345947,1.0097966875348773e-05,322,1,0
137,21,44,0,0,1,10.053621019635882,"[0.0, 10.053621019635882]",10.053621019635882,8.571428571428571,10.053621019635882,3.3333333333333264,0,1,0,88.29624979197979,1.0053621019635883e-05,200,1,0
137,22,9,0,0,1,10.01722880772182,"[0.0, 10.01722880772182]",10.01722880772182,8.571428571428571,10.01722880772182,3.3166666666666598,0,1,0,87.0586808770895,1.0017228807721819e-05,199,1,0
137,23,58,0,0,1,9.804553985595703,"[0.0, 9.804553985595703]",9.804553985595703,8.571428571428571,9.804553985595703,3.2833333333333266,0,1,0,86.19898989796638,9.804553985595703e-06,197,1,0
137,24,46,0,0,1,9.746172768729073,"[0.0, 9.746172768729073]",9.746172768729073,8.571428571428571,9.746172768729073,3.2499999999999933,0,1,0,84.81149062514305,9.746172768729073e-06,195,1,0
137,25,29,0,0,1,9.714322771344866,"[0.0, 9.714322771344866]",9.714322771344866,8.571428571428571,9.714322771344866,4.233333333333324,0,1,0,86.95063996315002,9.714322771344866e-06,254,1,0
137,26,25,0,0,1,9.602710178920201,"[0.0, 9.602710178920201]",9.602710178920201,8.571428571428571,9.602710178920201,3.26666666666666,0,1,0,85.50377693772316,9.602710178920202e-06,196,1,0
137,27,8,0,0,1,9.582437787737165,"[0.0, 9.582437787737165]",9.582437787737165,8.571428571428571,9.582437787737165,3.26666666666666,0,1,0,85.50348742306232,9.582437787737164e-06,196,1,0
137,28,24,0,0,1,9.541473388671875,"[0.0, 9.541473388671875]",9.541473388671875,8.571428571428571,9.541473388671875,5.23333333333332,0,1,0,86.84948670864105,9.541473388671875e-06,314,1,0
137,29,63,0,0,1,9.509612492152623,"[0.0, 9.509612492152623]",9.509612492152623,8.571428571428571,9.509612492152623,3.433333333333326,0,1,0,85.29895536601543,9.509612492152623e-06,206,1,0
137,30,38,0,0,1,9.353822980608259,"[0.0, 9.353822980608259]",9.353822980608259,8.571428571428571,9.353822980608259,3.1999999999999935,0,1,0,82.74652969837189,9.35382298060826e-06,192,1,0
137,31,51,0,0,1,9.305537087576731,"[0.0, 9.305537087576731]",9.305537087576731,8.571428571428571,9.305537087576731,6.949999999999981,0,1,0,91.01139342784882,9.30553708757673e-06,417,1,0
137,32,49,0,0,1,9.23854010445731,"[0.0, 9.23854010445731]",9.23854010445731,8.571428571428571,9.23854010445731,4.983333333333321,0,1,0,81.73820395767689,9.23854010445731e-06,299,1,0
137,33,47,0,0,0,9.134469713483538,"[0.0, 9.134469713483538]",9.134469713483538,8.571428571428571,9.134469713483538,3.183333333333327,0,1,0,82.06333556771278,9.134469713483538e-06,191,1,0
137,34,60,0,0,0,9.00162833077567,"[0.0, 9.00162833077567]",9.00162833077567,8.571428571428571,9.00162833077567,3.299999999999993,0,1,0,82.81462316215038,9.00162833077567e-06,198,1,0
137,35,37,0,0,0,8.762294224330356,"[0.0, 8.762294224330356]",8.762294224330356,8.571428571428571,8.762294224330356,3.1666666666666603,0,1,0,81.35265073180199,8.762294224330357e-06,190,1,0
137,36,42,0,0,0,8.532891954694476,"[0.0, 8.532891954694476]",8.532891954694476,5.714285714285714,8.532891954694476,3.383333333333326,0,1,0,80.22518534958363,8.532891954694475e-06,203,1,0
137,37,56,0,0,0,8.320511409214564,"[0.0, 8.320511409214564]",8.320511409214564,5.714285714285714,8.320511409214564,3.099999999999994,0,1,0,78.67860919237137,8.320511409214564e-06,186,1,0
137,38,54,0,0,0,8.296974727085658,"[0.0, 8.296974727085658]",8.296974727085658,5.714285714285714,8.296974727085658,3.133333333333327,0,1,0,80.02575227618217,8.296974727085658e-06,188,1,0
137,39,11,0,0,0,8.27477591378348,"[0.0, 8.27477591378348]",8.27477591378348,5.714285714285714,8.27477591378348,3.0833333333333273,0,1,0,78.00899960100651,8.274775913783481e-06,185,1,0
137,40,45,0,0,0,8.147168840680804,"[0.0, 8.147168840680804]",8.147168840680804,5.714285714285714,8.147168840680804,3.1166666666666605,0,1,0,79.3512831479311,8.147168840680805e-06,187,1,0
137,41,21,0,0,0,7.996698107038225,"[0.0, 7.996698107038225]",7.996698107038225,5.714285714285714,7.996698107038225,7.483333333333312,0,1,0,57.917530239785265,7.996698107038224e-06,449,1,0
137,42,35,0,0,0,7.743963514055524,"[0.0, 7.743963514055524]",7.743963514055524,5.714285714285714,7.743963514055524,3.0333333333333274,0,1,0,76.01251693069935,7.743963514055525e-06,182,1,0
137,43,28,0,0,0,7.623571668352399,"[0.0, 7.623571668352399]",7.623571668352399,5.714285714285714,7.623571668352399,2.9999999999999942,0,1,0,74.69358645379543,7.623571668352399e-06,180,1,0
137,44,12,0,0,0,7.551828111921038,"[0.0, 7.551828111921038]",7.551828111921038,5.714285714285714,7.551828111921038,3.016666666666661,0,1,0,75.16234754025936,7.5518281119210385e-06,181,1,0
137,45,10,0,0,0,7.360886165073939,"[0.0, 7.360886165073939]",7.360886165073939,5.714285714285714,7.360886165073939,3.133333333333327,0,1,0,73.29349327087402,7.360886165073939e-06,188,1,0
137,46,48,0,0,0,6.86392102922712,"[0.0, 6.86392102922712]",6.86392102922712,5.714285714285714,6.86392102922712,2.9499999999999944,0,1,0,62.19079141318798,6.86392102922712e-06,177,1,0
137,47,43,0,0,0,6.827833993094308,"[0.0, 6.827833993094308]",6.827833993094308,5.714285714285714,6.827833993094308,3.016666666666661,0,1,0,61.50914537906647,6.827833993094308e-06,181,1,0
137,48,50,0,0,0,6.003439767020089,"[0.0, 6.003439767020089]",6.003439767020089,5.714285714285714,6.003439767020089,2.3999999999999964,0,1,0,52.5775116533041,6.003439767020089e-06,144,1,0
137,49,55,0,0,0,5.913293021065848,"[0.0, 5.913293021065848]",5.913293021065848,5.714285714285714,5.913293021065848,3.6999999999999917,0,1,0,52.8108825981617,5.913293021065848e-06,222,1,0
137,50,39,0,0,0,5.778656005859375,"[0.0, 5.778656005859375]",5.778656005859375,5.714285714285714,5.778656005859375,3.5499999999999923,0,1,0,51.93440581858158,5.778656005859375e-06,213,1,0
137,51,27,0,0,0,5.7451357160295755,"[0.0, 5.7451357160295755]",5.7451357160295755,5.714285714285714,5.7451357160295755,2.416666666666663,0,1,0,50.86696019768715,5.745135716029576e-06,145,1,0
137,52,26,0,0,0,5.650569370814732,"[0.0, 5.650569370814732]",5.650569370814732,2.857142857142857,5.650569370814732,2.3166666666666633,0,1,0,49.758821085095406,5.6505693708147316e-06,139,1,0
137,53,57,0,0,0,5.6022153581891745,"[0.0, 5.6022153581891745]",5.6022153581891745,2.857142857142857,5.6022153581891745,2.2999999999999967,0,1,0,49.20303176343441,5.602215358189174e-06,138,1,0
137,54,32,0,0,0,5.5752073015485495,"[0.0, 5.5752073015485495]",5.5752073015485495,2.857142857142857,5.5752073015485495,3.4499999999999926,0,1,0,49.71724435687065,5.575207301548549e-06,207,1,0
137,55,17,0,0,0,5.5585479736328125,"[0.0, 5.5585479736328125]",5.5585479736328125,2.857142857142857,5.5585479736328125,2.28333333333333,0,1,0,48.64932169020176,5.558547973632813e-06,137,1,0
137,56,18,0,0,0,5.517300197056361,"[0.0, 5.517300197056361]",5.517300197056361,2.857142857142857,5.517300197056361,2.2666666666666635,0,1,0,48.09812690317631,5.517300197056361e-06,136,1,0
137,57,53,0,0,0,5.392183576311384,"[0.0, 5.392183576311384]",5.392183576311384,2.857142857142857,5.392183576311384,3.1666666666666603,0,1,0,47.26286505162716,5.392183576311384e-06,190,1,0
137,58,14,0,0,0,5.357856750488281,"[0.0, 5.357856750488281]",5.357856750488281,2.857142857142857,5.357856750488281,2.2166666666666637,0,1,0,46.46038116514683,5.3578567504882815e-06,133,1,0
137,59,52,0,0,0,5.332984924316406,"[0.0, 5.332984924316406]",5.332984924316406,2.857142857142857,5.332984924316406,2.199999999999997,0,1,0,45.92004692554474,5.332984924316406e-06,132,1,0
137,60,23,0,0,0,5.130833217075892,"[0.0, 5.130833217075892]",5.130833217075892,2.857142857142857,5.130833217075892,2.2166666666666637,0,1,0,43.879349052906036,5.130833217075892e-06,133,1,0
137,61,33,0,0,0,5.084626334054129,"[0.0, 5.084626334054129]",5.084626334054129,2.857142857142857,5.084626334054129,2.116666666666664,0,1,0,43.25603686273098,5.084626334054129e-06,127,1,0
137,62,15,0,0,0,5.042125156947544,"[0.0, 5.042125156947544]",5.042125156947544,2.857142857142857,5.042125156947544,2.7666666666666617,0,1,0,43.14922200143337,5.042125156947544e-06,166,1,0
137,63,40,0,0,0,4.873717171805246,"[0.0, 4.873717171805246]",4.873717171805246,2.857142857142857,4.873717171805246,2.5666666666666624,0,1,0,41.16855852305889,4.873717171805246e-06,154,1,0
137,64,62,0,0,0,2.1118763514927457,"[0.0, 2.1118763514927457]",2.1118763514927457,0.0,2.1118763514927457,5.016666666666654,0,1,0,7.705650992982555,2.1118763514927457e-06,301,1,0
138,1,0,0,1,1,14.717009408133372,"[0.0, 14.717009408133372]",14.717009408133372,14.285714285714285,14.717009408133372,6.766666666666648,0,1,0,128.43589814007282,1.4717009408133372e-05,406,1,0
138,2,26,0,1,1,14.688268389020648,"[0.0, 14.688268389020648]",14.688268389020648,14.285714285714285,14.688268389020648,6.633333333333315,0,1,0,127.59493988752365,1.4688268389020647e-05,398,1,0
138,3,1,0,1,1,14.672497340611049,"[0.0, 14.672497340611049]",14.672497340611049,14.285714285714285,14.672497340611049,7.383333333333312,0,1,0,130.38622352480888,1.467249734061105e-05,443,1,0
138,4,2,0,1,1,14.497141156877792,"[0.0, 14.497141156877792]",14.497141156877792,14.285714285714285,14.497141156877792,6.199999999999983,0,1,0,129.65760539472103,1.4497141156877792e-05,372,1,0
138,5,3,0,1,1,14.422514779227122,"[0.0, 14.422514779227122]",14.422514779227122,14.285714285714285,14.422514779227122,6.133333333333317,0,1,0,126.39056049287319,1.442251477922712e-05,368,1,0
138,6,4,0,1,1,14.41089085170201,"[0.0, 14.41089085170201]",14.41089085170201,14.285714285714285,14.41089085170201,6.549999999999982,0,1,0,128.5680906623602,1.441089085170201e-05,393,1,0
138,7,17,0,1,1,14.365523202078684,"[0.0, 14.365523202078684]",14.365523202078684,14.285714285714285,14.365523202078684,4.166666666666657,0,1,0,126.08202348649502,1.4365523202078684e-05,250,1,0
138,8,5,0,1,1,14.337092808314733,"[0.0, 14.337092808314733]",14.337092808314733,14.285714285714285,14.337092808314733,5.366666666666653,0,1,0,126.00781311094761,1.4337092808314733e-05,322,1,0
138,9,6,0,0,1,14.31302751813616,"[0.0, 14.31302751813616]",14.31302751813616,14.285714285714285,14.31302751813616,4.149999999999991,0,1,0,125.2760118842125,1.431302751813616e-05,249,1,0
138,10,7,0,0,1,14.269202096121653,"[0.0, 14.269202096121653]",14.269202096121653,11.428571428571429,14.269202096121653,4.183333333333324,0,1,0,126.71604140102863,1.4269202096121652e-05,251,1,0
138,11,24,0,0,1,14.211431230817523,"[0.0, 14.211431230817523]",14.211431230817523,11.428571428571429,14.211431230817523,6.5333333333333155,0,1,0,125.94787584245205,1.4211431230817522e-05,392,1,0
138,12,55,0,0,1,13.445810590471542,"[0.0, 13.445810590471542]",13.445810590471542,11.428571428571429,13.445810590471542,6.416666666666649,0,1,0,120.69924598932266,1.3445810590471541e-05,385,1,0
138,13,28,0,0,1,13.054308210100446,"[0.0, 13.054308210100446]",13.054308210100446,11.428571428571429,13.054308210100446,6.5333333333333155,0,1,0,120.1000064611435,1.3054308210100446e-05,392,1,0
138,14,40,0,0,1,11.506219591413224,"[0.0, 11.506219591413224]",11.506219591413224,11.428571428571429,11.506219591413224,3.566666666666659,0,1,0,98.3465363830328,1.1506219591413224e-05,214,1,0
138,15,51,0,0,1,11.204913003104073,"[0.0, 11.204913003104073]",11.204913003104073,8.571428571428571,11.204913003104073,3.5333333333333257,0,1,0,96.26732109487057,1.1204913003104073e-05,212,1,0
138,16,32,0,0,1,10.928990500313896,"[0.0, 10.928990500313896]",10.928990500313896,8.571428571428571,10.928990500313896,3.6166666666666587,0,1,0,93.6250025331974,1.0928990500313896e-05,217,1,0
138,17,20,0,0,1,10.554853166852679,"[0.0, 10.554853166852679]",10.554853166852679,8.571428571428571,10.554853166852679,3.3666666666666596,0,1,0,89.70612320303917,1.055485316685268e-05,202,1,0
138,18,49,0,0,1,10.461090632847377,"[0.0, 10.461090632847377]",10.461090632847377,8.571428571428571,10.461090632847377,3.3666666666666596,0,1,0,89.38906590640545,1.0461090632847376e-05,202,1,0
138,19,29,0,0,1,10.288862500871932,"[0.0, 10.288862500871932]",10.288862500871932,8.571428571428571,10.288862500871932,3.349999999999993,0,1,0,88.9997745603323,1.0288862500871932e-05,201,1,0
138,20,31,0,0,1,10.02838134765625,"[0.0, 10.02838134765625]",10.02838134765625,8.571428571428571,10.02838134765625,3.3166666666666598,0,1,0,87.5947173833847,1.002838134765625e-05,199,1,0
138,21,44,0,0,1,9.967389787946429,"[0.0, 9.967389787946429]",9.967389787946429,8.571428571428571,9.967389787946429,5.399999999999986,0,1,0,94.9345301836729,9.967389787946428e-06,324,1,0
138,22,61,0,0,1,9.625908987862724,"[0.0, 9.625908987862724]",9.625908987862724,8.571428571428571,9.625908987862724,3.21666666666666,0,1,0,83.43255408108234,9.625908987862724e-06,193,1,0
138,23,19,0,0,1,9.467789786202568,"[0.0, 9.467789786202568]",9.467789786202568,8.571428571428571,9.467789786202568,3.21666666666666,0,1,0,83.43268784880638,9.467789786202567e-06,193,1,0
138,24,13,0,0,1,9.429100581577845,"[0.0, 9.429100581577845]",9.429100581577845,8.571428571428571,9.429100581577845,3.2333333333333267,0,1,0,84.12090995907784,9.429100581577845e-06,194,1,0
138,25,23,0,0,1,9.268943241664342,"[0.0, 9.268943241664342]",9.268943241664342,8.571428571428571,9.268943241664342,3.2333333333333267,0,1,0,83.51175479590893,9.268943241664342e-06,194,1,0
138,26,11,0,0,1,9.20583724975586,"[0.0, 9.20583724975586]",9.20583724975586,8.571428571428571,9.20583724975586,3.21666666666666,0,1,0,83.43250168859959,9.205837249755859e-06,193,1,0
138,27,50,0,0,1,9.07226290021624,"[0.0, 9.07226290021624]",9.07226290021624,8.571428571428571,9.07226290021624,3.4499999999999926,0,1,0,83.37565326690674,9.072262900216239e-06,207,1,0
138,28,34,0,0,1,8.950225285121373,"[0.0, 8.950225285121373]",8.950225285121373,8.571428571428571,8.950225285121373,3.183333333333327,0,1,0,82.05777117609978,8.950225285121373e-06,191,1,0
138,29,15,0,0,1,8.91155787876674,"[0.0, 8.91155787876674]",8.91155787876674,8.571428571428571,8.91155787876674,3.183333333333327,0,1,0,82.06336334347725,8.911557878766739e-06,191,1,0
138,30,57,0,0,1,8.90638896397182,"[0.0, 8.90638896397182]",8.90638896397182,8.571428571428571,8.90638896397182,3.1666666666666603,0,1,0,81.38149780035019,8.90638896397182e-06,190,1,0
138,31,12,0,0,1,8.760332380022321,"[0.0, 8.760332380022321]",8.760332380022321,8.571428571428571,8.760332380022321,3.1666666666666603,0,1,0,81.38183043897152,8.760332380022322e-06,190,1,0
138,32,16,0,0,1,8.559534890311104,"[0.0, 8.559534890311104]",8.559534890311104,5.714285714285714,8.559534890311104,3.183333333333327,0,1,0,82.0635274797678,8.559534890311104e-06,191,1,0
138,33,53,0,0,0,8.12713895525251,"[0.0, 8.12713895525251]",8.12713895525251,5.714285714285714,8.12713895525251,3.0833333333333273,0,1,0,78.0086767077446,8.12713895525251e-06,185,1,0
138,34,21,0,0,0,7.81487056187221,"[0.0, 7.81487056187221]",7.81487056187221,5.714285714285714,7.81487056187221,3.0666666666666607,0,1,0,77.34158442914486,7.81487056187221e-06,184,1,0
138,35,10,0,0,0,7.529465811593192,"[0.0, 7.529465811593192]",7.529465811593192,5.714285714285714,7.529465811593192,4.783333333333322,0,1,0,77.23001416027546,7.529465811593192e-06,287,1,0
138,36,42,0,0,0,7.473735809326172,"[0.0, 7.473735809326172]",7.473735809326172,5.714285714285714,7.473735809326172,2.9833333333333276,0,1,0,74.03756360709667,7.473735809326172e-06,179,1,0
138,37,9,0,0,0,7.142857142857142,"[0.0, 7.142857142857142]",7.142857142857142,5.714285714285714,7.142857142857142,2.8499999999999948,0,1,0,68.87182049453259,7.142857142857143e-06,171,1,0
138,38,62,0,0,0,6.843474251883371,"[0.0, 6.843474251883371]",6.843474251883371,5.714285714285714,6.843474251883371,2.7666666666666617,0,1,0,61.555005088448524,6.84347425188337e-06,166,1,0
138,39,63,0,0,0,6.2034824916294635,"[0.0, 6.2034824916294635]",6.2034824916294635,5.714285714285714,6.2034824916294635,2.466666666666663,0,1,0,54.635576128959656,6.203482491629463e-06,148,1,0
138,40,48,0,0,0,6.173858642578125,"[0.0, 6.173858642578125]",6.173858642578125,5.714285714285714,6.173858642578125,7.283333333333313,0,1,0,56.63952493468241,6.173858642578125e-06,437,1,0
138,41,30,0,0,0,5.749609810965402,"[0.0, 5.749609810965402]",5.749609810965402,5.714285714285714,5.749609810965402,2.3499999999999965,0,1,0,50.878757670521736,5.749609810965402e-06,141,1,0
138,42,37,0,0,0,5.707124982561384,"[0.0, 5.707124982561384]",5.707124982561384,2.857142857142857,5.707124982561384,2.33333333333333,0,1,0,50.31745782494545,5.707124982561384e-06,140,1,0
138,43,54,0,0,0,5.640100751604352,"[0.0, 5.640100751604352]",5.640100751604352,2.857142857142857,5.640100751604352,2.3833333333333298,0,1,0,49.63559424877167,5.640100751604352e-06,143,1,0
138,44,8,0,0,0,5.595403398786273,"[0.0, 5.595403398786273]",5.595403398786273,2.857142857142857,5.595403398786273,2.2999999999999967,0,1,0,49.20256297290325,5.595403398786272e-06,138,1,0
138,45,41,0,0,0,5.58495112827846,"[0.0, 5.58495112827846]",5.58495112827846,2.857142857142857,5.58495112827846,5.916666666666651,0,1,0,47.73026027044398,5.58495112827846e-06,355,1,0
138,46,25,0,0,0,5.548798697335379,"[0.0, 5.548798697335379]",5.548798697335379,2.857142857142857,5.548798697335379,3.349999999999993,0,1,0,48.88237653672695,5.548798697335379e-06,201,1,0
138,47,38,0,0,0,5.537507193429129,"[0.0, 5.537507193429129]",5.537507193429129,2.857142857142857,5.537507193429129,2.249999999999997,0,1,0,47.54970400035381,5.537507193429129e-06,135,1,0
138,48,18,0,0,0,5.4649843488420755,"[0.0, 5.4649843488420755]",5.4649843488420755,2.857142857142857,5.4649843488420755,6.21666666666665,0,1,0,45.881337414932204,5.464984348842076e-06,373,1,0
138,49,58,0,0,0,5.458929879324777,"[0.0, 5.458929879324777]",5.458929879324777,2.857142857142857,5.458929879324777,2.249999999999997,0,1,0,47.549819603562355,5.458929879324777e-06,135,1,0
138,50,52,0,0,0,5.411398751395089,"[0.0, 5.411398751395089]",5.411398751395089,2.857142857142857,5.411398751395089,2.2333333333333303,0,1,0,47.004263401031494,5.41139875139509e-06,134,1,0
138,51,27,0,0,0,5.403175354003906,"[0.0, 5.403175354003906]",5.403175354003906,2.857142857142857,5.403175354003906,6.21666666666665,0,1,0,45.8765875857498,5.403175354003906e-06,373,1,0
138,52,22,0,0,0,5.276914324079241,"[0.0, 5.276914324079241]",5.276914324079241,2.857142857142857,5.276914324079241,2.2166666666666637,0,1,0,45.48608037829399,5.276914324079242e-06,133,1,0
138,53,60,0,0,0,5.249339512416295,"[0.0, 5.249339512416295]",5.249339512416295,2.857142857142857,5.249339512416295,6.183333333333317,0,1,0,45.06639938947046,5.2493395124162956e-06,371,1,0
138,54,35,0,0,0,5.164658682686942,"[0.0, 5.164658682686942]",5.164658682686942,2.857142857142857,5.164658682686942,2.1499999999999972,0,1,0,44.3138670027256,5.164658682686942e-06,129,1,0
138,55,14,0,0,0,5.160555158342635,"[0.0, 5.160555158342635]",5.160555158342635,2.857142857142857,5.160555158342635,2.883333333333328,0,1,0,44.353755578398705,5.1605551583426345e-06,173,1,0
138,56,56,0,0,0,5.071476527622768,"[0.0, 5.071476527622768]",5.071476527622768,2.857142857142857,5.071476527622768,2.116666666666664,0,1,0,43.25602535903454,5.071476527622768e-06,127,1,0
138,57,36,0,0,0,4.933902195521763,"[0.0, 4.933902195521763]",4.933902195521763,2.857142857142857,4.933902195521763,2.066666666666664,0,1,0,41.68939405679703,4.933902195521763e-06,124,1,0
138,58,47,0,0,0,4.4783782958984375,"[0.0, 4.4783782958984375]",4.4783782958984375,2.857142857142857,4.4783782958984375,2.2666666666666635,0,1,0,36.68255963921547,4.478378295898438e-06,136,1,0
138,59,59,0,0,0,4.017481122698103,"[0.0, 4.017481122698103]",4.017481122698103,2.857142857142857,4.017481122698103,5.799999999999985,0,1,0,29.346803395543247,4.017481122698103e-06,348,1,0
138,60,43,0,0,0,3.976647513253348,"[0.0, 3.976647513253348]",3.976647513253348,2.857142857142857,3.976647513253348,8.266666666666657,0,1,0,49.96926335995522,3.9766475132533485e-06,496,1,0
138,61,46,0,0,0,3.3116694859095985,"[0.0, 3.3116694859095985]",3.3116694859095985,2.857142857142857,3.3116694859095985,4.899999999999988,0,1,0,24.768436740210745,3.3116694859095983e-06,294,1,0
138,62,33,0,0,0,2.1575764247349327,"[0.0, 2.1575764247349327]",2.1575764247349327,0.0,2.1575764247349327,5.016666666666654,0,1,0,8.214767932833638,2.1575764247349327e-06,301,1,0
138,63,45,0,0,0,2.1099199567522318,"[0.0, 2.1099199567522318]",2.1099199567522318,0.0,2.1099199567522318,5.016666666666654,0,1,0,7.706142441449629,2.1099199567522316e-06,301,1,0
138,64,39,0,0,0,1.875817435128348,"[0.0, 1.875817435128348]",1.875817435128348,0.0,1.875817435128348,5.016666666666654,0,1,0,5.173628616437782,1.875817435128348e-06,301,1,0
139,1,0,0,1,1,14.717009408133372,"[0.0, 14.717009408133372]",14.717009408133372,14.285714285714285,14.717009408133372,6.766666666666648,0,1,0,128.43589814007282,1.4717009408133372e-05,406,1,0
139,2,1,0,1,1,14.688268389020648,"[0.0, 14.688268389020648]",14.688268389020648,14.285714285714285,14.688268389020648,6.633333333333315,0,1,0,127.59493988752365,1.4688268389020647e-05,398,1,0
139,3,2,0,1,1,14.672497340611049,"[0.0, 14.672497340611049]",14.672497340611049,14.285714285714285,14.672497340611049,7.383333333333312,0,1,0,130.38622352480888,1.467249734061105e-05,443,1,0
139,4,3,0,1,1,14.497141156877792,"[0.0, 14.497141156877792]",14.497141156877792,14.285714285714285,14.497141156877792,6.199999999999983,0,1,0,129.65760539472103,1.4497141156877792e-05,372,1,0
139,5,4,0,1,1,14.422514779227122,"[0.0, 14.422514779227122]",14.422514779227122,14.285714285714285,14.422514779227122,6.133333333333317,0,1,0,126.39056049287319,1.442251477922712e-05,368,1,0
139,6,5,0,1,1,14.41089085170201,"[0.0, 14.41089085170201]",14.41089085170201,14.285714285714285,14.41089085170201,6.549999999999982,0,1,0,128.5680906623602,1.441089085170201e-05,393,1,0
139,7,6,0,1,1,14.365523202078684,"[0.0, 14.365523202078684]",14.365523202078684,14.285714285714285,14.365523202078684,4.166666666666657,0,1,0,126.08202348649502,1.4365523202078684e-05,250,1,0
139,8,7,0,1,1,14.337092808314733,"[0.0, 14.337092808314733]",14.337092808314733,14.285714285714285,14.337092808314733,5.366666666666653,0,1,0,126.00781311094761,1.4337092808314733e-05,322,1,0
139,9,14,0,0,1,13.999731881277903,"[0.0, 13.999731881277903]",13.999731881277903,11.428571428571429,13.999731881277903,6.516666666666649,0,1,0,126.72328032553196,1.3999731881277902e-05,391,1,0
139,10,57,0,0,1,13.635646275111608,"[0.0, 13.635646275111608]",13.635646275111608,11.428571428571429,13.635646275111608,6.483333333333316,0,1,0,122.70759393274784,1.3635646275111608e-05,389,1,0
139,11,44,0,0,1,12.948265075683594,"[0.0, 12.948265075683594]",12.948265075683594,11.428571428571429,12.948265075683594,7.4666666666666455,0,1,0,117.10768599808216,1.2948265075683594e-05,448,1,0
139,12,22,0,0,1,12.857142857142856,"[0.0, 12.857142857142856]",12.857142857142856,11.428571428571429,12.857142857142856,7.1666666666666465,0,1,0,119.33780245482922,1.2857142857142856e-05,430,1,0
139,13,11,0,0,1,10.717999594552175,"[0.0, 10.717999594552175]",10.717999594552175,8.571428571428571,10.717999594552175,4.683333333333322,0,1,0,94.1231684833765,1.0717999594552175e-05,281,1,0
139,14,37,0,0,1,10.522191183907644,"[0.0, 10.522191183907644]",10.522191183907644,8.571428571428571,10.522191183907644,3.383333333333326,0,1,0,90.41341188549995,1.0522191183907644e-05,203,1,0
139,15,58,0,0,1,10.514869689941406,"[0.0, 10.514869689941406]",10.514869689941406,8.571428571428571,10.514869689941406,5.666666666666652,0,1,0,94.20580953359604,1.0514869689941406e-05,340,1,0
139,16,18,0,0,1,10.417423248291016,"[0.0, 10.417423248291016]",10.417423248291016,8.571428571428571,10.417423248291016,3.383333333333326,0,1,0,90.41401271522045,1.0417423248291016e-05,203,1,0
139,17,63,0,0,1,10.417123522077286,"[0.0, 10.417123522077286]",10.417123522077286,8.571428571428571,10.417123522077286,3.4666666666666592,0,1,0,89.36459846794605,1.0417123522077287e-05,208,1,0
139,18,62,0,0,1,10.206263405936104,"[0.0, 10.206263405936104]",10.206263405936104,8.571428571428571,10.206263405936104,3.3333333333333264,0,1,0,88.29597574472427,1.0206263405936105e-05,200,1,0
139,19,55,0,0,1,10.141029357910156,"[0.0, 10.141029357910156]",10.141029357910156,8.571428571428571,10.141029357910156,3.349999999999993,0,1,0,88.30652469396591,1.0141029357910156e-05,201,1,0
139,20,32,0,0,1,9.77743148803711,"[0.0, 9.77743148803711]",9.77743148803711,8.571428571428571,9.77743148803711,3.299999999999993,0,1,0,86.89568872749805,9.77743148803711e-06,198,1,0
139,21,31,0,0,1,9.735546112060547,"[0.0, 9.735546112060547]",9.735546112060547,8.571428571428571,9.735546112060547,3.849999999999991,0,1,0,87.36726519465446,9.735546112060547e-06,231,1,0
139,22,24,0,0,1,9.62972640991211,"[0.0, 9.62972640991211]",9.62972640991211,8.571428571428571,9.62972640991211,3.433333333333326,0,1,0,86.23125079274178,9.62972640991211e-06,206,1,0
139,23,53,0,0,1,9.461103166852679,"[0.0, 9.461103166852679]",9.461103166852679,8.571428571428571,9.461103166852679,6.16666666666665,0,1,0,91.9820282459259,9.461103166852678e-06,370,1,0
139,24,19,0,0,1,9.281978607177734,"[0.0, 9.281978607177734]",9.281978607177734,8.571428571428571,9.281978607177734,3.2499999999999933,0,1,0,84.1960112452507,9.281978607177735e-06,195,1,0
139,25,42,0,0,1,9.179453168596542,"[0.0, 9.179453168596542]",9.179453168596542,8.571428571428571,9.179453168596542,3.21666666666666,0,1,0,82.78775708377361,9.179453168596542e-06,193,1,0
139,26,30,0,0,1,9.062837873186384,"[0.0, 9.062837873186384]",9.062837873186384,8.571428571428571,9.062837873186384,3.183333333333327,0,1,0,82.06246660649776,9.062837873186384e-06,191,1,0
139,27,49,0,0,1,8.981421334402901,"[0.0, 8.981421334402901]",8.981421334402901,8.571428571428571,8.981421334402901,3.183333333333327,0,1,0,82.06310683488846,8.981421334402901e-06,191,1,0
139,28,59,0,0,1,8.944710322788783,"[0.0, 8.944710322788783]",8.944710322788783,8.571428571428571,8.944710322788783,3.2499999999999933,0,1,0,82.22840364277363,8.944710322788783e-06,195,1,0
139,29,43,0,0,1,8.913688659667969,"[0.0, 8.913688659667969]",8.913688659667969,8.571428571428571,8.913688659667969,5.083333333333321,0,1,0,86.03543841838837,8.913688659667968e-06,305,1,0
139,30,23,0,0,1,8.816024235316686,"[0.0, 8.816024235316686]",8.816024235316686,8.571428571428571,8.816024235316686,3.183333333333327,0,1,0,82.06309419870377,8.816024235316685e-06,191,1,0
139,31,20,0,0,1,8.765642983572823,"[0.0, 8.765642983572823]",8.765642983572823,8.571428571428571,8.765642983572823,3.1499999999999937,0,1,0,80.70236229896545,8.765642983572823e-06,189,1,0
139,32,54,0,0,1,8.547052655901227,"[0.0, 8.547052655901227]",8.547052655901227,5.714285714285714,8.547052655901227,3.1666666666666603,0,1,0,81.38140521943569,8.547052655901227e-06,190,1,0
139,33,47,0,0,0,8.316113608224052,"[0.0, 8.316113608224052]",8.316113608224052,5.714285714285714,8.316113608224052,3.133333333333327,0,1,0,80.02560782432556,8.316113608224051e-06,188,1,0
139,34,15,0,0,0,8.28012466430664,"[0.0, 8.28012466430664]",8.28012466430664,5.714285714285714,8.28012466430664,3.133333333333327,0,1,0,79.34427316486835,8.28012466430664e-06,188,1,0
139,35,27,0,0,0,7.977548326764788,"[0.0, 7.977548326764788]",7.977548326764788,5.714285714285714,7.977548326764788,4.416666666666656,0,1,0,77.17140328884125,7.977548326764788e-06,265,1,0
139,36,10,0,0,0,7.905058179582869,"[0.0, 7.905058179582869]",7.905058179582869,5.714285714285714,7.905058179582869,7.616666666666645,0,1,0,60.6798277629714,7.905058179582869e-06,457,1,0
139,37,46,0,0,0,7.87118911743164,"[0.0, 7.87118911743164]",7.87118911743164,5.714285714285714,7.87118911743164,3.0666666666666607,0,1,0,76.79378844797611,7.87118911743164e-06,184,1,0
139,38,48,0,0,0,7.792429242815291,"[0.0, 7.792429242815291]",7.792429242815291,5.714285714285714,7.792429242815291,3.0666666666666607,0,1,0,77.34131802618504,7.79242924281529e-06,184,1,0
139,39,21,0,0,0,7.768840789794922,"[0.0, 7.768840789794922]",7.768840789794922,5.714285714285714,7.768840789794922,3.0333333333333274,0,1,0,75.73725320398808,7.768840789794921e-06,182,1,0
139,40,38,0,0,0,7.760309491838728,"[0.0, 7.760309491838728]",7.760309491838728,5.714285714285714,7.760309491838728,3.049999999999994,0,1,0,76.67570422589779,7.760309491838728e-06,183,1,0
139,41,36,0,0,0,7.739462171282087,"[0.0, 7.739462171282087]",7.739462171282087,5.714285714285714,7.739462171282087,3.049999999999994,0,1,0,76.67575925588608,7.739462171282087e-06,183,1,0
139,42,41,0,0,0,7.068078177315848,"[0.0, 7.068078177315848]",7.068078177315848,5.714285714285714,7.068078177315848,2.716666666666662,0,1,0,63.85902164876461,7.0680781773158485e-06,163,1,0
139,43,61,0,0,0,6.169346400669643,"[0.0, 6.169346400669643]",6.169346400669643,5.714285714285714,6.169346400669643,2.449999999999996,0,1,0,54.29925034940243,6.169346400669643e-06,147,1,0
139,44,9,0,0,0,5.762983049665179,"[0.0, 5.762983049665179]",5.762983049665179,5.714285714285714,5.762983049665179,3.7166666666666583,0,1,0,51.82091358304024,5.762983049665179e-06,223,1,0
139,45,39,0,0,0,5.650945390973773,"[0.0, 5.650945390973773]",5.650945390973773,2.857142857142857,5.650945390973773,2.3166666666666633,0,1,0,49.758568182587624,5.650945390973773e-06,139,1,0
139,46,45,0,0,0,5.551354544503348,"[0.0, 5.551354544503348]",5.551354544503348,2.857142857142857,5.551354544503348,2.28333333333333,0,1,0,48.64922085404396,5.551354544503348e-06,137,1,0
139,47,50,0,0,0,5.498444693429129,"[0.0, 5.498444693429129]",5.498444693429129,2.857142857142857,5.498444693429129,3.299999999999993,0,1,0,48.5785296112299,5.49844469342913e-06,198,1,0
139,48,26,0,0,0,5.372107369559152,"[0.0, 5.372107369559152]",5.372107369559152,2.857142857142857,5.372107369559152,2.2166666666666637,0,1,0,46.460814729332924,5.372107369559152e-06,133,1,0
139,49,34,0,0,0,5.3574098859514505,"[0.0, 5.3574098859514505]",5.3574098859514505,2.857142857142857,5.3574098859514505,6.183333333333317,0,1,0,45.02174452091276,5.357409885951451e-06,371,1,0
139,50,33,0,0,0,5.340766906738281,"[0.0, 5.340766906738281]",5.340766906738281,2.857142857142857,5.340766906738281,2.199999999999997,0,1,0,45.920340195298195,5.340766906738281e-06,132,1,0
139,51,40,0,0,0,5.320674351283483,"[0.0, 5.320674351283483]",5.320674351283483,2.857142857142857,5.320674351283483,2.199999999999997,0,1,0,45.91979230940342,5.320674351283483e-06,132,1,0
139,52,17,0,0,0,5.238249642508371,"[0.0, 5.238249642508371]",5.238249642508371,2.857142857142857,5.238249642508371,2.166666666666664,0,1,0,44.84663899242878,5.238249642508371e-06,130,1,0
139,53,12,0,0,0,5.221105303083148,"[0.0, 5.221105303083148]",5.221105303083148,2.857142857142857,5.221105303083148,2.166666666666664,0,1,0,44.846600249409676,5.2211053030831474e-06,130,1,0
139,54,29,0,0,0,5.141029357910156,"[0.0, 5.141029357910156]",5.141029357910156,2.857142857142857,5.141029357910156,2.8666666666666614,0,1,0,44.2538403570652,5.1410293579101565e-06,172,1,0
139,55,60,0,0,0,5.094490051269531,"[0.0, 5.094490051269531]",5.094490051269531,2.857142857142857,5.094490051269531,6.649999999999982,0,1,0,43.29154990246752,5.0944900512695315e-06,399,1,0
139,56,13,0,0,0,4.933591570172991,"[0.0, 4.933591570172991]",4.933591570172991,2.857142857142857,4.933591570172991,2.066666666666664,0,1,0,41.689482882618904,4.9335915701729914e-06,124,1,0
139,57,52,0,0,0,4.679194859095983,"[0.0, 4.679194859095983]",4.679194859095983,2.857142857142857,4.679194859095983,2.416666666666663,0,1,0,38.95700068771839,4.6791948590959825e-06,145,1,0
139,58,35,0,0,0,4.675276620047433,"[0.0, 4.675276620047433]",4.675276620047433,2.857142857142857,4.675276620047433,2.4333333333333296,0,1,0,38.95404677093029,4.675276620047433e-06,146,1,0
139,59,25,0,0,0,4.616421290806361,"[0.0, 4.616421290806361]",4.616421290806361,2.857142857142857,4.616421290806361,1.949999999999998,0,1,0,38.126428589224815,4.616421290806361e-06,117,1,0
139,60,51,0,0,0,2.855725969587054,"[0.0, 2.855725969587054]",2.855725969587054,0.0,2.855725969587054,5.016666666666654,0,1,0,36.38295217367704,2.8557259695870537e-06,301,1,0
139,61,56,0,0,0,1.9282695225306918,"[0.0, 1.9282695225306918]",1.9282695225306918,0.0,1.9282695225306918,5.016666666666654,0,1,0,5.786146908751107,1.928269522530692e-06,301,1,0
139,62,28,0,0,0,1.8741771153041296,"[0.0, 1.8741771153041296]",1.8741771153041296,0.0,1.8741771153041296,5.016666666666654,0,1,0,5.175129599985667,1.8741771153041296e-06,301,1,0
139,63,16,0,0,0,1.8741117204938615,"[0.0, 1.8741117204938615]",1.8741117204938615,0.0,1.8741117204938615,5.016666666666654,0,1,0,5.1756161114317365,1.8741117204938616e-06,301,1,0
139,64,8,0,0,0,1.8729019165039062,"[0.0, 1.8729019165039062]",1.8729019165039062,0.0,1.8729019165039062,5.016666666666654,0,1,0,5.175253530964255,1.8729019165039063e-06,301,1,0
140,1,0,0,1,1,14.717009408133372,"[0.0, 14.717009408133372]",14.717009408133372,14.285714285714285,14.717009408133372,6.766666666666648,0,1,0,128.43589814007282,1.4717009408133372e-05,406,1,0
140,2,1,0,1,1,14.688268389020648,"[0.0, 14.688268389020648]",14.688268389020648,14.285714285714285,14.688268389020648,6.633333333333315,0,1,0,127.59493988752365,1.4688268389020647e-05,398,1,0
140,3,2,0,1,1,14.672497340611049,"[0.0, 14.672497340611049]",14.672497340611049,14.285714285714285,14.672497340611049,7.383333333333312,0,1,0,130.38622352480888,1.467249734061105e-05,443,1,0
140,4,3,0,1,1,14.497141156877792,"[0.0, 14.497141156877792]",14.497141156877792,14.285714285714285,14.497141156877792,6.199999999999983,0,1,0,129.65760539472103,1.4497141156877792e-05,372,1,0
140,5,4,0,1,1,14.422514779227122,"[0.0, 14.422514779227122]",14.422514779227122,14.285714285714285,14.422514779227122,6.133333333333317,0,1,0,126.39056049287319,1.442251477922712e-05,368,1,0
140,6,5,0,1,1,14.41089085170201,"[0.0, 14.41089085170201]",14.41089085170201,14.285714285714285,14.41089085170201,6.549999999999982,0,1,0,128.5680906623602,1.441089085170201e-05,393,1,0
140,7,6,0,1,1,14.365523202078684,"[0.0, 14.365523202078684]",14.365523202078684,14.285714285714285,14.365523202078684,4.166666666666657,0,1,0,126.08202348649502,1.4365523202078684e-05,250,1,0
140,8,7,0,1,1,14.337092808314733,"[0.0, 14.337092808314733]",14.337092808314733,14.285714285714285,14.337092808314733,5.366666666666653,0,1,0,126.00781311094761,1.4337092808314733e-05,322,1,0
140,9,21,0,0,1,14.03487069266183,"[0.0, 14.03487069266183]",14.03487069266183,11.428571428571429,14.03487069266183,6.683333333333315,0,1,0,129.6116360127926,1.403487069266183e-05,401,1,0
140,10,29,0,0,1,11.560262952532087,"[0.0, 11.560262952532087]",11.560262952532087,11.428571428571429,11.560262952532087,10.650000000000109,0,1,0,96.85426369732886,1.1560262952532086e-05,639,1,0
140,11,24,0,0,1,11.290648324148995,"[0.0, 11.290648324148995]",11.290648324148995,8.571428571428571,11.290648324148995,3.566666666666659,0,1,0,98.34657856822014,1.1290648324148995e-05,214,1,0
140,12,38,0,0,1,10.990216391427177,"[0.0, 10.990216391427177]",10.990216391427177,8.571428571428571,10.990216391427177,3.483333333333326,0,1,0,94.49265438318253,1.0990216391427177e-05,209,1,0
140,13,58,0,0,1,10.892680031912667,"[0.0, 10.892680031912667]",10.892680031912667,8.571428571428571,10.892680031912667,3.4666666666666592,0,1,0,93.98742152750492,1.0892680031912666e-05,208,1,0
140,14,62,0,0,1,10.690059661865234,"[0.0, 10.690059661865234]",10.690059661865234,8.571428571428571,10.690059661865234,5.533333333333319,0,1,0,94.96905481815338,1.0690059661865234e-05,332,1,0
140,15,46,0,0,1,10.667798178536552,"[0.0, 10.667798178536552]",10.667798178536552,8.571428571428571,10.667798178536552,5.666666666666652,0,1,0,98.72080652415752,1.0667798178536552e-05,340,1,0
140,16,61,0,0,1,10.4749025617327,"[0.0, 10.4749025617327]",10.4749025617327,8.571428571428571,10.4749025617327,3.349999999999993,0,1,0,89.0001481026411,1.04749025617327e-05,201,1,0
140,17,51,0,0,1,10.115021296909879,"[0.0, 10.115021296909879]",10.115021296909879,8.571428571428571,10.115021296909879,3.3333333333333264,0,1,0,88.29628694057465,1.011502129690988e-05,200,1,0
140,18,59,0,0,1,9.950673239571707,"[0.0, 9.950673239571707]",9.950673239571707,8.571428571428571,9.950673239571707,3.2833333333333266,0,1,0,85.91466428339481,9.950673239571706e-06,197,1,0
140,19,34,0,0,1,9.945697784423828,"[0.0, 9.945697784423828]",9.945697784423828,8.571428571428571,9.945697784423828,3.2833333333333266,0,1,0,86.14543379843235,9.945697784423828e-06,197,1,0
140,20,47,0,0,1,9.906327383858816,"[0.0, 9.906327383858816]",9.906327383858816,8.571428571428571,9.906327383858816,4.883333333333321,0,1,0,89.82931777834892,9.906327383858815e-06,293,1,0
140,21,54,0,0,1,9.825823647635323,"[0.0, 9.825823647635323]",9.825823647635323,8.571428571428571,9.825823647635323,3.299999999999993,0,1,0,86.89569103717804,9.825823647635323e-06,198,1,0
140,22,36,0,0,1,9.821720123291016,"[0.0, 9.821720123291016]",9.821720123291016,8.571428571428571,9.821720123291016,3.2833333333333266,0,1,0,85.78980873525143,9.821720123291015e-06,197,1,0
140,23,40,0,0,1,9.632184164864677,"[0.0, 9.632184164864677]",9.632184164864677,8.571428571428571,9.632184164864677,4.766666666666655,0,1,0,87.7015910744667,9.632184164864677e-06,286,1,0
140,24,53,0,0,1,9.623306819370816,"[0.0, 9.623306819370816]",9.623306819370816,8.571428571428571,9.623306819370816,3.26666666666666,0,1,0,85.50366953015327,9.623306819370816e-06,196,1,0
140,25,25,0,0,1,9.5328004019601,"[0.0, 9.5328004019601]",9.5328004019601,8.571428571428571,9.5328004019601,3.2333333333333267,0,1,0,84.1210832297802,9.532800401960101e-06,194,1,0
140,26,27,0,0,1,9.460836138044085,"[0.0, 9.460836138044085]",9.460836138044085,8.571428571428571,9.460836138044085,3.21666666666666,0,1,0,83.43284378945827,9.460836138044084e-06,193,1,0
140,27,37,0,0,1,9.417569296700613,"[0.0, 9.417569296700613]",9.417569296700613,8.571428571428571,9.417569296700613,3.2499999999999933,0,1,0,84.81085149943829,9.417569296700613e-06,195,1,0
140,28,45,0,0,1,9.361370631626674,"[0.0, 9.361370631626674]",9.361370631626674,8.571428571428571,9.361370631626674,3.2333333333333267,0,1,0,84.12049975991249,9.361370631626673e-06,194,1,0
140,29,41,0,0,1,9.264965057373047,"[0.0, 9.264965057373047]",9.264965057373047,8.571428571428571,9.264965057373047,3.849999999999991,0,1,0,84.0582292675972,9.264965057373048e-06,231,1,0
140,30,43,0,0,1,9.132543291364398,"[0.0, 9.132543291364398]",9.132543291364398,8.571428571428571,9.132543291364398,3.4666666666666592,0,1,0,82.47078512609005,9.132543291364398e-06,208,1,0
140,31,48,0,0,1,9.094099317278182,"[0.0, 9.094099317278182]",9.094099317278182,8.571428571428571,9.094099317278182,3.1999999999999935,0,1,0,82.74638120830059,9.094099317278182e-06,192,1,0
140,32,30,0,0,1,9.019012451171875,"[0.0, 9.019012451171875]",9.019012451171875,8.571428571428571,9.019012451171875,3.1999999999999935,0,1,0,82.74716147780418,9.019012451171875e-06,192,1,0
140,33,15,0,0,0,9.014135088239398,"[0.0, 9.014135088239398]",9.014135088239398,8.571428571428571,9.014135088239398,3.2333333333333267,0,1,0,83.42017365992069,9.014135088239398e-06,194,1,0
140,34,44,0,0,0,8.830288478306361,"[0.0, 8.830288478306361]",8.830288478306361,8.571428571428571,8.830288478306361,3.1666666666666603,0,1,0,81.38155980408192,8.83028847830636e-06,190,1,0
140,35,31,0,0,0,8.740648542131696,"[0.0, 8.740648542131696]",8.740648542131696,8.571428571428571,8.740648542131696,3.1666666666666603,0,1,0,81.32783076167107,8.740648542131697e-06,190,1,0
140,36,22,0,0,0,8.699136461530413,"[0.0, 8.699136461530413]",8.699136461530413,8.571428571428571,8.699136461530413,3.1666666666666603,0,1,0,81.38159792125225,8.699136461530414e-06,190,1,0
140,37,12,0,0,0,8.693392617361887,"[0.0, 8.693392617361887]",8.693392617361887,8.571428571428571,8.693392617361887,3.1499999999999937,0,1,0,80.70277324318886,8.693392617361887e-06,189,1,0
140,38,8,0,0,0,8.642308371407644,"[0.0, 8.642308371407644]",8.642308371407644,8.571428571428571,8.642308371407644,3.1666666666666603,0,1,0,80.70808327198029,8.642308371407644e-06,190,1,0
140,39,20,0,0,0,8.40210505894252,"[0.0, 8.40210505894252]",8.40210505894252,5.714285714285714,8.40210505894252,7.24999999999998,0,1,0,57.996580061808345,8.402105058942521e-06,435,1,0
140,40,28,0,0,0,8.26347896030971,"[0.0, 8.26347896030971]",8.26347896030971,5.714285714285714,8.26347896030971,3.1166666666666605,0,1,0,79.35138213634491,8.26347896030971e-06,187,1,0
140,41,52,0,0,0,8.21312495640346,"[0.0, 8.21312495640346]",8.21312495640346,5.714285714285714,8.21312495640346,7.266666666666646,0,1,0,56.68351639100729,8.21312495640346e-06,436,1,0
140,42,63,0,0,0,7.925240652901786,"[0.0, 7.925240652901786]",7.925240652901786,5.714285714285714,7.925240652901786,3.0833333333333273,0,1,0,78.00916494429111,7.925240652901786e-06,185,1,0
140,43,9,0,0,0,7.365248543875557,"[0.0, 7.365248543875557]",7.365248543875557,5.714285714285714,7.365248543875557,2.9833333333333276,0,1,0,74.03707267343998,7.3652485438755574e-06,179,1,0
140,44,49,0,0,0,7.142857142857142,"[0.0, 7.142857142857142]",7.142857142857142,5.714285714285714,7.142857142857142,2.8499999999999948,0,1,0,68.87243874371052,7.142857142857143e-06,171,1,0
140,45,60,0,0,0,7.142857142857142,"[0.0, 7.142857142857142]",7.142857142857142,5.714285714285714,7.142857142857142,2.883333333333328,0,1,0,70.14975187182426,7.142857142857143e-06,173,1,0
140,46,33,0,0,0,6.160387311662947,"[0.0, 6.160387311662947]",6.160387311662947,5.714285714285714,6.160387311662947,7.316666666666646,0,1,0,57.63349663584086,6.160387311662947e-06,439,1,0
140,47,23,0,0,0,5.886813572474888,"[0.0, 5.886813572474888]",5.886813572474888,5.714285714285714,5.886813572474888,2.3999999999999964,0,1,0,52.577732503414154,5.886813572474888e-06,144,1,0
140,48,35,0,0,0,5.84364754813058,"[0.0, 5.84364754813058]",5.84364754813058,5.714285714285714,5.84364754813058,3.8333333333333246,0,1,0,52.49582086503506,5.84364754813058e-06,230,1,0
140,49,50,0,0,0,5.732443673270089,"[0.0, 5.732443673270089]",5.732443673270089,5.714285714285714,5.732443673270089,3.733333333333325,0,1,0,51.834085412323475,5.732443673270089e-06,224,1,0
140,50,10,0,0,0,5.711277553013392,"[0.0, 5.711277553013392]",5.711277553013392,2.857142857142857,5.711277553013392,3.766666666666658,0,1,0,51.39482211321592,5.7112775530133925e-06,226,1,0
140,51,17,0,0,0,5.642907278878348,"[0.0, 5.642907278878348]",5.642907278878348,2.857142857142857,5.642907278878348,3.4499999999999926,0,1,0,49.716985672712326,5.642907278878348e-06,207,1,0
140,52,14,0,0,0,5.637081691196986,"[0.0, 5.637081691196986]",5.637081691196986,2.857142857142857,5.637081691196986,3.4666666666666592,0,1,0,50.16447523236275,5.637081691196986e-06,208,1,0
140,53,55,0,0,0,5.561855861118862,"[0.0, 5.561855861118862]",5.561855861118862,2.857142857142857,5.561855861118862,2.28333333333333,0,1,0,48.64902250468731,5.561855861118862e-06,137,1,0
140,54,13,0,0,0,5.513267517089844,"[0.0, 5.513267517089844]",5.513267517089844,2.857142857142857,5.513267517089844,2.2666666666666635,0,1,0,48.09800750017166,5.513267517089844e-06,136,1,0
140,55,32,0,0,0,5.452924455915179,"[0.0, 5.452924455915179]",5.452924455915179,2.857142857142857,5.452924455915179,2.249999999999997,0,1,0,47.54989309608936,5.452924455915179e-06,135,1,0
140,56,19,0,0,0,5.278630937848773,"[0.0, 5.278630937848773]",5.278630937848773,2.857142857142857,5.278630937848773,2.1833333333333305,0,1,0,45.38216756284237,5.278630937848772e-06,131,1,0
140,57,57,0,0,0,5.273889814104352,"[0.0, 5.273889814104352]",5.273889814104352,2.857142857142857,5.273889814104352,2.1833333333333305,0,1,0,45.38184471428394,5.273889814104352e-06,131,1,0
140,58,56,0,0,0,4.20661381312779,"[0.0, 4.20661381312779]",4.20661381312779,2.857142857142857,4.20661381312779,5.916666666666651,0,1,0,31.757244974083733,4.20661381312779e-06,355,1,0
140,59,26,0,0,0,2.358202253069196,"[0.0, 2.358202253069196]",2.358202253069196,0.0,2.358202253069196,5.016666666666654,0,1,0,10.475021377314988,2.358202253069196e-06,301,1,0
140,60,16,0,0,0,2.3004204886300226,"[0.0, 2.3004204886300226]",2.3004204886300226,0.0,2.3004204886300226,5.366666666666653,0,1,0,11.026555284537608,2.3004204886300225e-06,322,1,0
140,61,42,0,0,0,2.157598223005022,"[0.0, 2.157598223005022]",2.157598223005022,0.0,2.157598223005022,5.016666666666654,0,1,0,8.214431189699098,2.157598223005022e-06,301,1,0
140,62,18,0,0,0,1.9321496146065846,"[0.0, 1.9321496146065846]",1.9321496146065846,0.0,1.9321496146065846,5.016666666666654,0,1,0,5.800575879809912,1.9321496146065847e-06,301,1,0
140,63,39,0,0,0,1.908449445452009,"[0.0, 1.908449445452009]",1.908449445452009,0.0,1.908449445452009,5.016666666666654,0,1,0,5.566591317998245,1.908449445452009e-06,301,1,0
140,64,11,0,0,0,1.8757465907505582,"[0.0, 1.8757465907505582]",1.8757465907505582,0.0,1.8757465907505582,5.016666666666654,0,1,0,5.174317599099595,1.8757465907505581e-06,301,1,0
141,1,0,0,1,1,14.717009408133372,"[0.0, 14.717009408133372]",14.717009408133372,14.285714285714285,14.717009408133372,6.766666666666648,0,1,0,128.43589814007282,1.4717009408133372e-05,406,1,0
141,2,1,0,1,1,14.688268389020648,"[0.0, 14.688268389020648]",14.688268389020648,14.285714285714285,14.688268389020648,6.633333333333315,0,1,0,127.59493988752365,1.4688268389020647e-05,398,1,0
141,3,2,0,1,1,14.672497340611049,"[0.0, 14.672497340611049]",14.672497340611049,14.285714285714285,14.672497340611049,7.383333333333312,0,1,0,130.38622352480888,1.467249734061105e-05,443,1,0
141,4,3,0,1,1,14.497141156877792,"[0.0, 14.497141156877792]",14.497141156877792,14.285714285714285,14.497141156877792,6.199999999999983,0,1,0,129.65760539472103,1.4497141156877792e-05,372,1,0
141,5,4,0,1,1,14.422514779227122,"[0.0, 14.422514779227122]",14.422514779227122,14.285714285714285,14.422514779227122,6.133333333333317,0,1,0,126.39056049287319,1.442251477922712e-05,368,1,0
141,6,5,0,1,1,14.41089085170201,"[0.0, 14.41089085170201]",14.41089085170201,14.285714285714285,14.41089085170201,6.549999999999982,0,1,0,128.5680906623602,1.441089085170201e-05,393,1,0
141,7,6,0,1,1,14.365523202078684,"[0.0, 14.365523202078684]",14.365523202078684,14.285714285714285,14.365523202078684,4.166666666666657,0,1,0,126.08202348649502,1.4365523202078684e-05,250,1,0
141,8,7,0,1,1,14.337092808314733,"[0.0, 14.337092808314733]",14.337092808314733,14.285714285714285,14.337092808314733,5.366666666666653,0,1,0,126.00781311094761,1.4337092808314733e-05,322,1,0
141,9,49,0,0,1,13.910658700125559,"[0.0, 13.910658700125559]",13.910658700125559,11.428571428571429,13.910658700125559,6.449999999999982,0,1,0,126.24532775580883,1.391065870012556e-05,387,1,0
141,10,23,0,0,1,13.251479012625559,"[0.0, 13.251479012625559]",13.251479012625559,11.428571428571429,13.251479012625559,6.383333333333316,0,1,0,120.09222528338432,1.3251479012625559e-05,383,1,0
141,11,51,0,0,1,12.857142857142856,"[0.0, 12.857142857142856]",12.857142857142856,11.428571428571429,12.857142857142856,6.333333333333316,0,1,0,115.68893256783485,1.2857142857142856e-05,380,1,0
141,12,63,0,0,1,10.588256290980748,"[0.0, 10.588256290980748]",10.588256290980748,8.571428571428571,10.588256290980748,3.433333333333326,0,1,0,92.55126211047173,1.0588256290980748e-05,206,1,0
141,13,54,0,0,1,10.423755645751953,"[0.0, 10.423755645751953]",10.423755645751953,8.571428571428571,10.423755645751953,3.349999999999993,0,1,0,88.99986280500889,1.0423755645751953e-05,201,1,0
141,14,11,0,0,1,10.332979474748884,"[0.0, 10.332979474748884]",10.332979474748884,8.571428571428571,10.332979474748884,3.3333333333333264,0,1,0,88.29618880152702,1.0332979474748884e-05,200,1,0
141,15,10,0,0,1,10.320001329694476,"[0.0, 10.320001329694476]",10.320001329694476,8.571428571428571,10.320001329694476,3.3333333333333264,0,1,0,88.29602794349194,1.0320001329694475e-05,200,1,0
141,16,56,0,0,1,10.245816367013113,"[0.0, 10.245816367013113]",10.245816367013113,8.571428571428571,10.245816367013113,3.3166666666666598,0,1,0,87.34487937390804,1.0245816367013113e-05,199,1,0
141,17,61,0,0,1,10.243364061628068,"[0.0, 10.243364061628068]",10.243364061628068,8.571428571428571,10.243364061628068,5.349999999999986,0,1,0,94.28287099301815,1.0243364061628068e-05,321,1,0
141,18,40,0,0,1,10.219922746930804,"[0.0, 10.219922746930804]",10.219922746930804,8.571428571428571,10.219922746930804,3.3333333333333264,0,1,0,88.2959741204977,1.0219922746930804e-05,200,1,0
141,19,50,0,0,1,10.071634565080915,"[0.0, 10.071634565080915]",10.071634565080915,8.571428571428571,10.071634565080915,3.349999999999993,0,1,0,88.74973151087761,1.0071634565080916e-05,201,1,0
141,20,62,0,0,1,9.968212672642299,"[0.0, 9.968212672642299]",9.968212672642299,8.571428571428571,9.968212672642299,3.4499999999999926,0,1,0,86.33060969412327,9.968212672642299e-06,207,1,0
141,21,35,0,0,1,9.901608058384486,"[0.0, 9.901608058384486]",9.901608058384486,8.571428571428571,9.901608058384486,3.2499999999999933,0,1,0,84.81085559725761,9.901608058384486e-06,195,1,0
141,22,33,0,0,1,9.861357552664622,"[0.0, 9.861357552664622]",9.861357552664622,8.571428571428571,9.861357552664622,3.26666666666666,0,1,0,85.50359739363194,9.861357552664621e-06,196,1,0
141,23,12,0,0,1,9.815965379987444,"[0.0, 9.815965379987444]",9.815965379987444,8.571428571428571,9.815965379987444,3.26666666666666,0,1,0,85.5038043409586,9.815965379987445e-06,196,1,0
141,24,17,0,0,1,9.796496800013951,"[0.0, 9.796496800013951]",9.796496800013951,8.571428571428571,9.796496800013951,3.2833333333333266,0,1,0,86.19856095314026,9.796496800013951e-06,197,1,0
141,25,21,0,0,1,9.718461717878068,"[0.0, 9.718461717878068]",9.718461717878068,8.571428571428571,9.718461717878068,3.299999999999993,0,1,0,86.8955156058073,9.718461717878068e-06,198,1,0
141,26,28,0,0,1,9.637808118547712,"[0.0, 9.637808118547712]",9.637808118547712,8.571428571428571,9.637808118547712,5.23333333333332,0,1,0,87.0915350317955,9.637808118547712e-06,314,1,0
141,27,37,0,0,1,9.621889931815012,"[0.0, 9.621889931815012]",9.621889931815012,8.571428571428571,9.621889931815012,5.2999999999999865,0,1,0,89.24746745824814,9.621889931815013e-06,318,1,0
141,28,22,0,0,1,9.549424307686943,"[0.0, 9.549424307686943]",9.549424307686943,8.571428571428571,9.549424307686943,3.2499999999999933,0,1,0,84.81076684594154,9.549424307686943e-06,195,1,0
141,29,48,0,0,1,9.477729797363281,"[0.0, 9.477729797363281]",9.477729797363281,8.571428571428571,9.477729797363281,3.21666666666666,0,1,0,83.43291339278221,9.477729797363281e-06,193,1,0
141,30,9,0,0,1,9.457596370152064,"[0.0, 9.457596370152064]",9.457596370152064,8.571428571428571,9.457596370152064,3.2333333333333267,0,1,0,83.5654895156622,9.457596370152064e-06,194,1,0
141,31,43,0,0,1,9.38384737287249,"[0.0, 9.38384737287249]",9.38384737287249,8.571428571428571,9.38384737287249,3.2333333333333267,0,1,0,84.12041813135147,9.383847372872489e-06,194,1,0
141,32,26,0,0,1,9.355387006487165,"[0.0, 9.355387006487165]",9.355387006487165,8.571428571428571,9.355387006487165,3.4499999999999926,0,1,0,84.14082215726376,9.355387006487164e-06,207,1,0
141,33,16,0,0,0,9.220845358712333,"[0.0, 9.220845358712333]",9.220845358712333,8.571428571428571,9.220845358712333,5.833333333333318,0,1,0,88.32389845699072,9.220845358712334e-06,350,1,0
141,34,34,0,0,0,9.220314025878906,"[0.0, 9.220314025878906]",9.220314025878906,8.571428571428571,9.220314025878906,3.21666666666666,0,1,0,83.43247608840466,9.220314025878907e-06,193,1,0
141,35,53,0,0,0,9.177415030343191,"[0.0, 9.177415030343191]",9.177415030343191,8.571428571428571,9.177415030343191,3.1999999999999935,0,1,0,82.74649472534657,9.17741503034319e-06,192,1,0
141,36,58,0,0,0,9.061480930873326,"[0.0, 9.061480930873326]",9.061480930873326,8.571428571428571,9.061480930873326,3.1999999999999935,0,1,0,82.74688333272934,9.061480930873327e-06,192,1,0
141,37,46,0,0,0,9.031105041503906,"[0.0, 9.031105041503906]",9.031105041503906,8.571428571428571,9.031105041503906,3.3166666666666598,0,1,0,83.02267311513424,9.031105041503906e-06,199,1,0
141,38,36,0,0,0,8.775018964494977,"[0.0, 8.775018964494977]",8.775018964494977,8.571428571428571,8.775018964494977,3.9333333333333242,0,1,0,84.31070847809315,8.775018964494978e-06,236,1,0
141,39,47,0,0,0,8.66947991507394,"[0.0, 8.66947991507394]",8.66947991507394,8.571428571428571,8.66947991507394,3.1499999999999937,0,1,0,80.70251993834972,8.66947991507394e-06,189,1,0
141,40,60,0,0,0,8.656027657645089,"[0.0, 8.656027657645089]",8.656027657645089,8.571428571428571,8.656027657645089,3.1499999999999937,0,1,0,80.70284521579742,8.656027657645088e-06,189,1,0
141,41,15,0,0,0,8.616951533726283,"[0.0, 8.616951533726283]",8.616951533726283,8.571428571428571,8.616951533726283,3.1499999999999937,0,1,0,80.70312002301216,8.616951533726283e-06,189,1,0
141,42,41,0,0,0,8.615218571254186,"[0.0, 8.615218571254186]",8.615218571254186,8.571428571428571,8.615218571254186,3.299999999999993,0,1,0,81.92298136651516,8.615218571254186e-06,198,1,0
141,43,19,0,0,0,8.589417593819755,"[0.0, 8.589417593819755]",8.589417593819755,8.571428571428571,8.589417593819755,3.1666666666666603,0,1,0,81.38140624761581,8.589417593819755e-06,190,1,0
141,44,55,0,0,0,8.507957458496094,"[0.0, 8.507957458496094]",8.507957458496094,5.714285714285714,8.507957458496094,3.866666666666658,0,1,0,81.71444720029831,8.507957458496093e-06,232,1,0
141,45,39,0,0,0,8.379263196672712,"[0.0, 8.379263196672712]",8.379263196672712,5.714285714285714,8.379263196672712,3.133333333333327,0,1,0,80.02541691064835,8.379263196672712e-06,188,1,0
141,46,13,0,0,0,8.248304639543806,"[0.0, 8.248304639543806]",8.248304639543806,5.714285714285714,8.248304639543806,3.1166666666666605,0,1,0,79.3511315882206,8.248304639543805e-06,187,1,0
141,47,29,0,0,0,8.202577318464007,"[0.0, 8.202577318464007]",8.202577318464007,5.714285714285714,8.202577318464007,3.6666666666666585,0,1,0,79.64156882464886,8.202577318464007e-06,220,1,0
141,48,44,0,0,0,7.924960000174385,"[0.0, 7.924960000174385]",7.924960000174385,5.714285714285714,7.924960000174385,3.0833333333333273,0,1,0,77.69230604171753,7.924960000174386e-06,185,1,0
141,49,31,0,0,0,7.142857142857142,"[0.0, 7.142857142857142]",7.142857142857142,5.714285714285714,7.142857142857142,3.6999999999999917,0,1,0,68.27672706544399,7.142857142857143e-06,222,1,0
141,50,57,0,0,0,7.142857142857142,"[0.0, 7.142857142857142]",7.142857142857142,5.714285714285714,7.142857142857142,3.6166666666666587,0,1,0,70.90759067237377,7.142857142857143e-06,217,1,0
141,51,14,0,0,0,7.084922790527344,"[0.0, 7.084922790527344]",7.084922790527344,5.714285714285714,7.084922790527344,2.7333333333333285,0,1,0,64.47730049490929,7.084922790527344e-06,164,1,0
141,52,52,0,0,0,7.013239179338727,"[0.0, 7.013239179338727]",7.013239179338727,5.714285714285714,7.013239179338727,2.6999999999999953,0,1,0,63.24344189465046,7.013239179338728e-06,162,1,0
141,53,59,0,0,0,6.396380833217076,"[0.0, 6.396380833217076]",6.396380833217076,5.714285714285714,6.396380833217076,2.716666666666662,0,1,0,56.68116083741188,6.3963808332170764e-06,163,1,0
141,54,32,0,0,0,6.205111912318639,"[0.0, 6.205111912318639]",6.205111912318639,5.714285714285714,6.205111912318639,7.216666666666646,0,1,0,54.45738050631189,6.205111912318639e-06,433,1,0
141,55,27,0,0,0,6.131063188825335,"[0.0, 6.131063188825335]",6.131063188825335,5.714285714285714,6.131063188825335,7.283333333333313,0,1,0,56.634036500996444,6.131063188825335e-06,437,1,0
141,56,24,0,0,0,5.917674473353795,"[0.0, 5.917674473353795]",5.917674473353795,5.714285714285714,5.917674473353795,2.416666666666663,0,1,0,53.1491294503212,5.917674473353795e-06,145,1,0
141,57,8,0,0,0,5.794792175292969,"[0.0, 5.794792175292969]",5.794792175292969,5.714285714285714,5.794792175292969,2.366666666666663,0,1,0,51.442246839404106,5.7947921752929684e-06,142,1,0
141,58,38,0,0,0,5.4298618861607135,"[0.0, 5.4298618861607135]",5.4298618861607135,2.857142857142857,5.4298618861607135,2.249999999999997,0,1,0,47.18940627574921,5.429861886160714e-06,135,1,0
141,59,45,0,0,0,5.320276532854352,"[0.0, 5.320276532854352]",5.320276532854352,2.857142857142857,5.320276532854352,2.199999999999997,0,1,0,45.92023707926273,5.320276532854353e-06,132,1,0
141,60,18,0,0,0,5.268233163016183,"[0.0, 5.268233163016183]",5.268233163016183,2.857142857142857,5.268233163016183,2.1833333333333305,0,1,0,45.38205987215042,5.268233163016183e-06,131,1,0
141,61,30,0,0,0,4.883864266531808,"[0.0, 4.883864266531808]",4.883864266531808,2.857142857142857,4.883864266531808,2.583333333333329,0,1,0,41.25650133192539,4.8838642665318085e-06,155,1,0
141,62,20,0,0,0,4.843733651297432,"[0.0, 4.843733651297432]",4.843733651297432,2.857142857142857,4.843733651297432,2.033333333333331,0,1,0,40.65809319913387,4.843733651297432e-06,122,1,0
141,63,42,0,0,0,4.615473066057477,"[0.0, 4.615473066057477]",4.615473066057477,2.857142857142857,4.615473066057477,1.949999999999998,0,1,0,38.126520931720734,4.6154730660574776e-06,117,1,0
141,64,25,0,0,0,2.1048736572265625,"[0.0, 2.1048736572265625]",2.1048736572265625,0.0,2.1048736572265625,5.016666666666654,0,1,0,7.706154470288311,2.1048736572265627e-06,301,1,0
142,1,11,0,1,1,15.163961138044085,"[0.0, 15.163961138044085]",15.163961138044085,14.285714285714285,15.163961138044085,8.11666666666665,0,1,0,136.29476400464773,1.5163961138044086e-05,487,1,0
142,2,0,0,1,1,14.717009408133372,"[0.0, 14.717009408133372]",14.717009408133372,14.285714285714285,14.717009408133372,6.766666666666648,0,1,0,128.43589814007282,1.4717009408133372e-05,406,1,0
142,3,1,0,1,1,14.688268389020648,"[0.0, 14.688268389020648]",14.688268389020648,14.285714285714285,14.688268389020648,6.633333333333315,0,1,0,127.59493988752365,1.4688268389020647e-05,398,1,0
142,4,2,0,1,1,14.672497340611049,"[0.0, 14.672497340611049]",14.672497340611049,14.285714285714285,14.672497340611049,7.383333333333312,0,1,0,130.38622352480888,1.467249734061105e-05,443,1,0
142,5,20,0,1,1,14.638421194893972,"[0.0, 14.638421194893972]",14.638421194893972,14.285714285714285,14.638421194893972,6.866666666666648,0,1,0,130.18165716528893,1.4638421194893973e-05,412,1,0
142,6,3,0,1,1,14.497141156877792,"[0.0, 14.497141156877792]",14.497141156877792,14.285714285714285,14.497141156877792,6.199999999999983,0,1,0,129.65760539472103,1.4497141156877792e-05,372,1,0
142,7,4,0,1,1,14.422514779227122,"[0.0, 14.422514779227122]",14.422514779227122,14.285714285714285,14.422514779227122,6.133333333333317,0,1,0,126.39056049287319,1.442251477922712e-05,368,1,0
142,8,5,0,1,1,14.41089085170201,"[0.0, 14.41089085170201]",14.41089085170201,14.285714285714285,14.41089085170201,6.549999999999982,0,1,0,128.5680906623602,1.441089085170201e-05,393,1,0
142,9,6,0,0,1,14.365523202078684,"[0.0, 14.365523202078684]",14.365523202078684,14.285714285714285,14.365523202078684,4.166666666666657,0,1,0,126.08202348649502,1.4365523202078684e-05,250,1,0
142,10,7,0,0,1,14.337092808314733,"[0.0, 14.337092808314733]",14.337092808314733,14.285714285714285,14.337092808314733,5.366666666666653,0,1,0,126.00781311094761,1.4337092808314733e-05,322,1,0
142,11,17,0,0,1,14.27645002092634,"[0.0, 14.27645002092634]",14.27645002092634,11.428571428571429,14.27645002092634,4.29999999999999,0,1,0,125.13999816775322,1.427645002092634e-05,258,1,0
142,12,52,0,0,1,10.99487032209124,"[0.0, 10.99487032209124]",10.99487032209124,8.571428571428571,10.99487032209124,5.6833333333333185,0,1,0,97.5349682867527,1.0994870322091239e-05,341,1,0
142,13,14,0,0,1,10.860644749232701,"[0.0, 10.860644749232701]",10.860644749232701,8.571428571428571,10.860644749232701,3.433333333333326,0,1,0,92.24683204293251,1.0860644749232701e-05,206,1,0
142,14,22,0,0,1,10.66446304321289,"[0.0, 10.66446304321289]",10.66446304321289,8.571428571428571,10.66446304321289,4.116666666666657,0,1,0,92.42880663275719,1.066446304321289e-05,247,1,0
142,15,15,0,0,1,10.46809332711356,"[0.0, 10.46809332711356]",10.46809332711356,8.571428571428571,10.46809332711356,3.349999999999993,0,1,0,89.00007632374763,1.0468093327113562e-05,201,1,0
142,16,49,0,0,1,10.355121067592075,"[0.0, 10.355121067592075]",10.355121067592075,8.571428571428571,10.355121067592075,3.7833333333333248,0,1,0,88.72326955199242,1.0355121067592075e-05,227,1,0
142,17,55,0,0,1,10.317606244768415,"[0.0, 10.317606244768415]",10.317606244768415,8.571428571428571,10.317606244768415,3.3333333333333264,0,1,0,88.29596477746964,1.0317606244768414e-05,200,1,0
142,18,60,0,0,1,10.315252031598773,"[0.0, 10.315252031598773]",10.315252031598773,8.571428571428571,10.315252031598773,3.3333333333333264,0,1,0,88.29602374136448,1.0315252031598772e-05,200,1,0
142,19,13,0,0,1,10.102490016392299,"[0.0, 10.102490016392299]",10.102490016392299,8.571428571428571,10.102490016392299,3.3166666666666598,0,1,0,87.59508633613586,1.0102490016392298e-05,199,1,0
142,20,61,0,0,1,10.059106009347097,"[0.0, 10.059106009347097]",10.059106009347097,8.571428571428571,10.059106009347097,3.3333333333333264,0,1,0,88.29618456959724,1.0059106009347096e-05,200,1,0
142,21,48,0,0,1,9.937637874058316,"[0.0, 9.937637874058316]",9.937637874058316,8.571428571428571,9.937637874058316,3.3166666666666598,0,1,0,87.59477457404137,9.937637874058317e-06,199,1,0
142,22,40,0,0,1,9.925790514264786,"[0.0, 9.925790514264786]",9.925790514264786,8.571428571428571,9.925790514264786,3.3166666666666598,0,1,0,87.59494233131409,9.925790514264787e-06,199,1,0
142,23,19,0,0,1,9.851842607770648,"[0.0, 9.851842607770648]",9.851842607770648,8.571428571428571,9.851842607770648,3.299999999999993,0,1,0,86.89542870223522,9.851842607770647e-06,198,1,0
142,24,31,0,0,1,9.785755702427455,"[0.0, 9.785755702427455]",9.785755702427455,8.571428571428571,9.785755702427455,3.26666666666666,0,1,0,85.50334799289703,9.785755702427454e-06,196,1,0
142,25,57,0,0,1,9.684968675885882,"[0.0, 9.684968675885882]",9.684968675885882,8.571428571428571,9.684968675885882,3.483333333333326,0,1,0,87.07395511865616,9.684968675885882e-06,209,1,0
142,26,10,0,0,1,9.657927921840123,"[0.0, 9.657927921840123]",9.657927921840123,8.571428571428571,9.657927921840123,3.2499999999999933,0,1,0,84.17320217192173,9.657927921840124e-06,195,1,0
142,27,42,0,0,1,9.6396119253976,"[0.0, 9.6396119253976]",9.6396119253976,8.571428571428571,9.6396119253976,5.449999999999986,0,1,0,89.59567220509052,9.639611925397601e-06,327,1,0
142,28,54,0,0,1,9.5693234034947,"[0.0, 9.5693234034947]",9.5693234034947,8.571428571428571,9.5693234034947,3.3166666666666598,0,1,0,84.03297832608223,9.5693234034947e-06,199,1,0
142,29,45,0,0,1,9.523448944091797,"[0.0, 9.523448944091797]",9.523448944091797,8.571428571428571,9.523448944091797,3.21666666666666,0,1,0,83.43272431194782,9.523448944091797e-06,193,1,0
142,30,53,0,0,1,9.420945303780693,"[0.0, 9.420945303780693]",9.420945303780693,8.571428571428571,9.420945303780693,3.21666666666666,0,1,0,83.43264454603195,9.420945303780692e-06,193,1,0
142,31,21,0,0,1,9.366253444126674,"[0.0, 9.366253444126674]",9.366253444126674,8.571428571428571,9.366253444126674,3.433333333333326,0,1,0,83.30434761941433,9.366253444126674e-06,206,1,0
142,32,27,0,0,1,9.275736127580915,"[0.0, 9.275736127580915]",9.275736127580915,8.571428571428571,9.275736127580915,3.1999999999999935,0,1,0,82.74664111435413,9.275736127580914e-06,192,1,0
142,33,24,0,0,0,9.231643676757812,"[0.0, 9.231643676757812]",9.231643676757812,8.571428571428571,9.231643676757812,3.2333333333333267,0,1,0,84.12053389847279,9.231643676757813e-06,194,1,0
142,34,56,0,0,0,9.04214859008789,"[0.0, 9.04214859008789]",9.04214859008789,8.571428571428571,9.04214859008789,3.21666666666666,0,1,0,83.4319266229868,9.04214859008789e-06,193,1,0
142,35,47,0,0,0,9.004464830671038,"[0.0, 9.004464830671038]",9.004464830671038,8.571428571428571,9.004464830671038,3.4999999999999925,0,1,0,83.88209846615791,9.004464830671039e-06,210,1,0
142,36,12,0,0,0,8.937050955636161,"[0.0, 8.937050955636161]",8.937050955636161,8.571428571428571,8.937050955636161,3.21666666666666,0,1,0,83.43279929459095,8.937050955636162e-06,193,1,0
142,37,26,0,0,0,8.651371002197266,"[0.0, 8.651371002197266]",8.651371002197266,8.571428571428571,8.651371002197266,3.1666666666666603,0,1,0,81.3817245811224,8.651371002197265e-06,190,1,0
142,38,29,0,0,0,8.46062523978097,"[0.0, 8.46062523978097]",8.46062523978097,5.714285714285714,8.46062523978097,4.033333333333324,0,1,0,79.92742703855038,8.46062523978097e-06,242,1,0
142,39,16,0,0,0,8.264503479003906,"[0.0, 8.264503479003906]",8.264503479003906,5.714285714285714,8.264503479003906,7.283333333333313,0,1,0,57.090689507400384,8.264503479003906e-06,437,1,0
142,40,33,0,0,0,8.136125292096818,"[0.0, 8.136125292096818]",8.136125292096818,5.714285714285714,8.136125292096818,7.316666666666646,0,1,0,57.63277676033613,8.136125292096818e-06,439,1,0
142,41,37,0,0,0,7.957314082554408,"[0.0, 7.957314082554408]",7.957314082554408,5.714285714285714,7.957314082554408,3.0666666666666607,0,1,0,77.34109851717949,7.957314082554409e-06,184,1,0
142,42,46,0,0,0,7.8334726606096545,"[0.0, 7.8334726606096545]",7.8334726606096545,5.714285714285714,7.8334726606096545,3.049999999999994,0,1,0,76.37931315600872,7.833472660609654e-06,183,1,0
142,43,44,0,0,0,7.815557207380023,"[0.0, 7.815557207380023]",7.815557207380023,5.714285714285714,7.815557207380023,3.0666666666666607,0,1,0,77.03218811750412,7.815557207380023e-06,184,1,0
142,44,35,0,0,0,7.193456377301898,"[0.0, 7.193456377301898]",7.193456377301898,5.714285714285714,7.193456377301898,3.3666666666666596,0,1,0,71.61992006003857,7.193456377301897e-06,202,1,0
142,45,18,0,0,0,5.843342372349331,"[0.0, 5.843342372349331]",5.843342372349331,5.714285714285714,5.843342372349331,3.8333333333333246,0,1,0,52.64042317867279,5.84334237234933e-06,230,1,0
142,46,39,0,0,0,5.750732421875,"[0.0, 5.750732421875]",5.750732421875,5.714285714285714,5.750732421875,3.6333333333333253,0,1,0,51.28038989007473,5.750732421875e-06,218,1,0
142,47,62,0,0,0,5.697506495884486,"[0.0, 5.697506495884486]",5.697506495884486,2.857142857142857,5.697506495884486,2.33333333333333,0,1,0,50.3173653036356,5.697506495884486e-06,140,1,0
142,48,30,0,0,0,5.688062395368303,"[0.0, 5.688062395368303]",5.688062395368303,2.857142857142857,5.688062395368303,2.3166666666666633,0,1,0,49.758731350302696,5.688062395368303e-06,139,1,0
142,49,41,0,0,0,5.4315676007952005,"[0.0, 5.4315676007952005]",5.4315676007952005,2.857142857142857,5.4315676007952005,2.466666666666663,0,1,0,47.23180018365383,5.4315676007952005e-06,148,1,0
142,50,25,0,0,0,5.406412397112166,"[0.0, 5.406412397112166]",5.406412397112166,2.857142857142857,5.406412397112166,3.1666666666666603,0,1,0,47.41200287640095,5.406412397112166e-06,190,1,0
142,51,34,0,0,0,5.25709969656808,"[0.0, 5.25709969656808]",5.25709969656808,2.857142857142857,5.25709969656808,2.9999999999999942,0,1,0,45.58596783876419,5.25709969656808e-06,180,1,0
142,52,59,0,0,0,5.243181501116071,"[0.0, 5.243181501116071]",5.243181501116071,2.857142857142857,5.243181501116071,3.7166666666666583,0,1,0,45.74484075605869,5.243181501116071e-06,223,1,0
142,53,23,0,0,0,5.167993818010603,"[0.0, 5.167993818010603]",5.167993818010603,2.857142857142857,5.167993818010603,2.1499999999999972,0,1,0,44.313706651329994,5.167993818010604e-06,129,1,0
142,54,9,0,0,0,5.120244707380022,"[0.0, 5.120244707380022]",5.120244707380022,2.857142857142857,5.120244707380022,2.1333333333333306,0,1,0,43.78351579606533,5.1202447073800215e-06,128,1,0
142,55,63,0,0,0,5.079225812639509,"[0.0, 5.079225812639509]",5.079225812639509,2.857142857142857,5.079225812639509,2.116666666666664,0,1,0,43.25647450983524,5.079225812639509e-06,127,1,0
142,56,36,0,0,0,4.98877934047154,"[0.0, 4.98877934047154]",4.98877934047154,2.857142857142857,4.98877934047154,2.666666666666662,0,1,0,42.48788161575794,4.98877934047154e-06,160,1,0
142,57,50,0,0,0,4.689527239118304,"[0.0, 4.689527239118304]",4.689527239118304,2.857142857142857,4.689527239118304,2.633333333333329,0,1,0,39.16055543720722,4.689527239118304e-06,158,1,0
142,58,58,0,0,0,2.815829685756138,"[0.0, 2.815829685756138]",2.815829685756138,0.0,2.815829685756138,5.016666666666654,0,1,0,15.625703928206349,2.815829685756138e-06,301,1,0
142,59,51,0,0,0,2.1562794276646207,"[0.0, 2.1562794276646207]",2.1562794276646207,0.0,2.1562794276646207,5.016666666666654,0,1,0,8.21384366642451,2.1562794276646206e-06,301,1,0
142,60,28,0,0,0,2.111494881766183,"[0.0, 2.111494881766183]",2.111494881766183,0.0,2.111494881766183,5.016666666666654,0,1,0,7.706011274945922,2.1114948817661832e-06,301,1,0
142,61,38,0,0,0,2.108759198869978,"[0.0, 2.108759198869978]",2.108759198869978,0.0,2.108759198869978,5.016666666666654,0,1,0,7.706035865237936,2.108759198869978e-06,301,1,0
142,62,43,0,0,0,2.0945957728794644,"[0.0, 2.0945957728794644]",2.0945957728794644,0.0,2.0945957728794644,5.016666666666654,0,1,0,7.707606031661271,2.0945957728794643e-06,301,1,0
142,63,8,0,0,0,1.8757847377232142,"[0.0, 1.8757847377232142]",1.8757847377232142,0.0,1.8757847377232142,5.016666666666654,0,1,0,5.174002787214704,1.8757847377232142e-06,301,1,0
142,64,32,0,0,0,1.6034153529575892,"[0.0, 1.6034153529575892]",1.6034153529575892,0.0,1.6034153529575892,5.016666666666654,0,1,0,8.127604466339108,1.6034153529575891e-06,301,1,0
143,1,0,0,1,1,15.163961138044085,"[0.0, 15.163961138044085]",15.163961138044085,14.285714285714285,15.163961138044085,8.11666666666665,0,1,0,136.29476400464773,1.5163961138044086e-05,487,1,0
143,2,1,0,1,1,14.717009408133372,"[0.0, 14.717009408133372]",14.717009408133372,14.285714285714285,14.717009408133372,6.766666666666648,0,1,0,128.43589814007282,1.4717009408133372e-05,406,1,0
143,3,57,0,1,1,14.715516226632255,"[0.0, 14.715516226632255]",14.715516226632255,14.285714285714285,14.715516226632255,6.5333333333333155,0,1,0,127.23860023915768,1.4715516226632256e-05,392,1,0
143,4,2,0,1,1,14.688268389020648,"[0.0, 14.688268389020648]",14.688268389020648,14.285714285714285,14.688268389020648,6.633333333333315,0,1,0,127.59493988752365,1.4688268389020647e-05,398,1,0
143,5,3,0,1,1,14.672497340611049,"[0.0, 14.672497340611049]",14.672497340611049,14.285714285714285,14.672497340611049,7.383333333333312,0,1,0,130.38622352480888,1.467249734061105e-05,443,1,0
143,6,4,0,1,1,14.638421194893972,"[0.0, 14.638421194893972]",14.638421194893972,14.285714285714285,14.638421194893972,6.866666666666648,0,1,0,130.18165716528893,1.4638421194893973e-05,412,1,0
143,7,47,0,1,1,14.626573835100446,"[0.0, 14.626573835100446]",14.626573835100446,14.285714285714285,14.626573835100446,6.666666666666648,0,1,0,131.9334431886673,1.4626573835100446e-05,400,1,0
143,8,5,0,1,1,14.497141156877792,"[0.0, 14.497141156877792]",14.497141156877792,14.285714285714285,14.497141156877792,6.199999999999983,0,1,0,129.65760539472103,1.4497141156877792e-05,372,1,0
143,9,37,0,0,1,14.459947858537948,"[0.0, 14.459947858537948]",14.459947858537948,14.285714285714285,14.459947858537948,4.166666666666657,0,1,0,126.08141715824604,1.4459947858537947e-05,250,1,0
143,10,6,0,0,1,14.422514779227122,"[0.0, 14.422514779227122]",14.422514779227122,14.285714285714285,14.422514779227122,6.133333333333317,0,1,0,126.39056049287319,1.442251477922712e-05,368,1,0
143,11,7,0,0,1,14.41089085170201,"[0.0, 14.41089085170201]",14.41089085170201,14.285714285714285,14.41089085170201,6.549999999999982,0,1,0,128.5680906623602,1.441089085170201e-05,393,1,0
143,12,63,0,0,1,14.37753404889788,"[0.0, 14.37753404889788]",14.37753404889788,14.285714285714285,14.37753404889788,5.349999999999986,0,1,0,127.47600771486759,1.4377534048897881e-05,321,1,0
143,13,42,0,0,1,14.154254368373326,"[0.0, 14.154254368373326]",14.154254368373326,11.428571428571429,14.154254368373326,6.6166666666666485,0,1,0,131.4984683841467,1.4154254368373326e-05,397,1,0
143,14,32,0,0,1,14.090647016252792,"[0.0, 14.090647016252792]",14.090647016252792,11.428571428571429,14.090647016252792,4.24999999999999,0,1,0,125.61420619487762,1.4090647016252792e-05,255,1,0
143,15,39,0,0,1,12.235829489571708,"[0.0, 12.235829489571708]",12.235829489571708,11.428571428571429,12.235829489571708,9.316666666666709,0,1,0,103.55311187566258,1.2235829489571708e-05,559,1,0
143,16,58,0,0,1,11.434083666120257,"[0.0, 11.434083666120257]",11.434083666120257,11.428571428571429,11.434083666120257,5.899999999999984,0,1,0,99.19467881321907,1.1434083666120257e-05,354,1,0
143,17,25,0,0,1,11.1410767691476,"[0.0, 11.1410767691476]",11.1410767691476,8.571428571428571,11.1410767691476,3.483333333333326,0,1,0,94.7082072943449,1.11410767691476e-05,209,1,0
143,18,9,0,0,1,11.010777609688894,"[0.0, 11.010777609688894]",11.010777609688894,8.571428571428571,11.010777609688894,5.616666666666652,0,1,0,97.7270849198103,1.1010777609688895e-05,337,1,0
143,19,10,0,0,1,10.992178235735212,"[0.0, 10.992178235735212]",10.992178235735212,8.571428571428571,10.992178235735212,3.4666666666666592,0,1,0,93.67048564553261,1.0992178235735211e-05,208,1,0
143,20,36,0,0,1,10.850838252476283,"[0.0, 10.850838252476283]",10.850838252476283,8.571428571428571,10.850838252476283,3.433333333333326,0,1,0,92.55097219347954,1.0850838252476283e-05,206,1,0
143,21,54,0,0,1,10.286031450544085,"[0.0, 10.286031450544085]",10.286031450544085,8.571428571428571,10.286031450544085,3.349999999999993,0,1,0,88.67446905374527,1.0286031450544085e-05,201,1,0
143,22,48,0,0,1,10.281658172607422,"[0.0, 10.281658172607422]",10.281658172607422,8.571428571428571,10.281658172607422,3.349999999999993,0,1,0,88.99961958825588,1.0281658172607422e-05,201,1,0
143,23,44,0,0,1,10.123043060302734,"[0.0, 10.123043060302734]",10.123043060302734,8.571428571428571,10.123043060302734,3.299999999999993,0,1,0,86.89569815993309,1.0123043060302734e-05,198,1,0
143,24,43,0,0,1,10.116705213274274,"[0.0, 10.116705213274274]",10.116705213274274,8.571428571428571,10.116705213274274,3.299999999999993,0,1,0,86.89541332423687,1.0116705213274275e-05,198,1,0
143,25,11,0,0,1,9.99884741646903,"[0.0, 9.99884741646903]",9.99884741646903,8.571428571428571,9.99884741646903,5.449999999999986,0,1,0,90.9689872264862,9.99884741646903e-06,327,1,0
143,26,59,0,0,1,9.958793095179967,"[0.0, 9.958793095179967]",9.958793095179967,8.571428571428571,9.958793095179967,5.366666666666653,0,1,0,87.16247470676899,9.958793095179967e-06,322,1,0
143,27,22,0,0,1,9.85548564365932,"[0.0, 9.85548564365932]",9.85548564365932,8.571428571428571,9.85548564365932,3.3166666666666598,0,1,0,85.70123276114464,9.85548564365932e-06,199,1,0
143,28,62,0,0,1,9.697069440569196,"[0.0, 9.697069440569196]",9.697069440569196,8.571428571428571,9.697069440569196,3.2333333333333267,0,1,0,84.12036766111851,9.697069440569196e-06,194,1,0
143,29,29,0,0,1,9.672524588448661,"[0.0, 9.672524588448661]",9.672524588448661,8.571428571428571,9.672524588448661,3.2499999999999933,0,1,0,84.81118351221085,9.672524588448662e-06,195,1,0
143,30,24,0,0,1,9.617181505475724,"[0.0, 9.617181505475724]",9.617181505475724,8.571428571428571,9.617181505475724,3.5833333333333255,0,1,0,86.24016851186752,9.617181505475724e-06,215,1,0
143,31,40,0,0,1,9.615772792271207,"[0.0, 9.615772792271207]",9.615772792271207,8.571428571428571,9.615772792271207,5.366666666666653,0,1,0,89.60646413266659,9.615772792271207e-06,322,1,0
143,32,56,0,0,1,9.608266013009208,"[0.0, 9.608266013009208]",9.608266013009208,8.571428571428571,9.608266013009208,3.26666666666666,0,1,0,85.50353918969631,9.60826601300921e-06,196,1,0
143,33,28,0,0,0,9.587797437395368,"[0.0, 9.587797437395368]",9.587797437395368,8.571428571428571,9.587797437395368,5.366666666666653,0,1,0,89.74386854469776,9.587797437395368e-06,322,1,0
143,34,16,0,0,0,9.502983093261719,"[0.0, 9.502983093261719]",9.502983093261719,8.571428571428571,9.502983093261719,3.2499999999999933,0,1,0,84.81095287203789,9.50298309326172e-06,195,1,0
143,35,61,0,0,0,9.472765241350446,"[0.0, 9.472765241350446]",9.472765241350446,8.571428571428571,9.472765241350446,3.2333333333333267,0,1,0,84.12039172649384,9.472765241350447e-06,194,1,0
143,36,38,0,0,0,9.463656289236887,"[0.0, 9.463656289236887]",9.463656289236887,8.571428571428571,9.463656289236887,3.2333333333333267,0,1,0,84.10156382620335,9.463656289236888e-06,194,1,0
143,37,53,0,0,0,9.1880008152553,"[0.0, 9.1880008152553]",9.1880008152553,8.571428571428571,9.1880008152553,3.2333333333333267,0,1,0,84.12057641148567,9.188000815255301e-06,194,1,0
143,38,34,0,0,0,9.108693259102958,"[0.0, 9.108693259102958]",9.108693259102958,8.571428571428571,9.108693259102958,3.21666666666666,0,1,0,83.43244925141335,9.108693259102958e-06,193,1,0
143,39,19,0,0,0,8.91592025756836,"[0.0, 8.91592025756836]",8.91592025756836,8.571428571428571,8.91592025756836,3.1999999999999935,0,1,0,82.74670220911503,8.915920257568359e-06,192,1,0
143,40,21,0,0,0,8.8973753792899,"[0.0, 8.8973753792899]",8.8973753792899,8.571428571428571,8.8973753792899,3.183333333333327,0,1,0,82.06265740096569,8.897375379289899e-06,191,1,0
143,41,12,0,0,0,8.82493427821568,"[0.0, 8.82493427821568]",8.82493427821568,8.571428571428571,8.82493427821568,3.1499999999999937,0,1,0,80.56178551912308,8.82493427821568e-06,189,1,0
143,42,26,0,0,0,8.777147020612444,"[0.0, 8.777147020612444]",8.777147020612444,8.571428571428571,8.777147020612444,3.1499999999999937,0,1,0,80.70257653295994,8.777147020612445e-06,189,1,0
143,43,30,0,0,0,8.610856192452566,"[0.0, 8.610856192452566]",8.610856192452566,8.571428571428571,8.610856192452566,3.183333333333327,0,1,0,82.06292854249477,8.610856192452566e-06,191,1,0
143,44,49,0,0,0,8.475431714739118,"[0.0, 8.475431714739118]",8.475431714739118,5.714285714285714,8.475431714739118,3.1666666666666603,0,1,0,81.38168807327747,8.475431714739118e-06,190,1,0
143,45,55,0,0,0,8.317206246512276,"[0.0, 8.317206246512276]",8.317206246512276,5.714285714285714,8.317206246512276,7.533333333333312,0,1,0,58.43475373968249,8.317206246512277e-06,452,1,0
143,46,15,0,0,0,8.106972830636161,"[0.0, 8.106972830636161]",8.106972830636161,5.714285714285714,8.106972830636161,3.0833333333333273,0,1,0,78.00906985998154,8.106972830636162e-06,185,1,0
143,47,51,0,0,0,8.035035814557755,"[0.0, 8.035035814557755]",8.035035814557755,5.714285714285714,8.035035814557755,3.099999999999994,0,1,0,78.6785873323679,8.035035814557756e-06,186,1,0
143,48,27,0,0,0,7.80839102608817,"[0.0, 7.80839102608817]",7.80839102608817,5.714285714285714,7.80839102608817,3.049999999999994,0,1,0,76.67579883337021,7.808391026088171e-06,183,1,0
143,49,23,0,0,0,7.593525477818081,"[0.0, 7.593525477818081]",7.593525477818081,5.714285714285714,7.593525477818081,3.049999999999994,0,1,0,76.67567433416843,7.593525477818081e-06,183,1,0
143,50,18,0,0,0,7.142857142857142,"[0.0, 7.142857142857142]",7.142857142857142,5.714285714285714,7.142857142857142,2.833333333333328,0,1,0,68.23788669705391,7.142857142857143e-06,170,1,0
143,51,13,0,0,0,6.191155569893973,"[0.0, 6.191155569893973]",6.191155569893973,5.714285714285714,6.191155569893973,7.316666666666646,0,1,0,57.82704432241735,6.191155569893973e-06,439,1,0
143,52,46,0,0,0,6.177248273577009,"[0.0, 6.177248273577009]",6.177248273577009,5.714285714285714,6.177248273577009,7.383333333333312,0,1,0,58.14555907652539,6.177248273577009e-06,443,1,0
143,53,17,0,0,0,6.13534654889788,"[0.0, 6.13534654889788]",6.13534654889788,5.714285714285714,6.13534654889788,2.449999999999996,0,1,0,53.96016347408295,6.1353465488978806e-06,147,1,0
143,54,20,0,0,0,5.601348876953125,"[0.0, 5.601348876953125]",5.601348876953125,2.857142857142857,5.601348876953125,2.2999999999999967,0,1,0,49.2029477506876,5.601348876953125e-06,138,1,0
143,55,45,0,0,0,5.5984987531389505,"[0.0, 5.5984987531389505]",5.5984987531389505,2.857142857142857,5.5984987531389505,3.433333333333326,0,1,0,49.62935979664326,5.5984987531389505e-06,206,1,0
143,56,35,0,0,0,5.597212655203683,"[0.0, 5.597212655203683]",5.597212655203683,2.857142857142857,5.597212655203683,2.2999999999999967,0,1,0,49.20280380547047,5.597212655203683e-06,138,1,0
143,57,31,0,0,0,5.4807553972516745,"[0.0, 5.4807553972516745]",5.4807553972516745,2.857142857142857,5.4807553972516745,2.249999999999997,0,1,0,47.54991337656975,5.480755397251675e-06,135,1,0
143,58,8,0,0,0,5.444940839494978,"[0.0, 5.444940839494978]",5.444940839494978,2.857142857142857,5.444940839494978,2.249999999999997,0,1,0,47.55003744363785,5.444940839494979e-06,135,1,0
143,59,33,0,0,0,5.234113420758928,"[0.0, 5.234113420758928]",5.234113420758928,2.857142857142857,5.234113420758928,2.33333333333333,0,1,0,45.02928222715855,5.2341134207589275e-06,140,1,0
143,60,52,0,0,0,5.144255501883371,"[0.0, 5.144255501883371]",5.144255501883371,2.857142857142857,5.144255501883371,2.1499999999999972,0,1,0,43.98809349536896,5.144255501883371e-06,129,1,0
143,61,41,0,0,0,4.607876368931361,"[0.0, 4.607876368931361]",4.607876368931361,2.857142857142857,4.607876368931361,1.949999999999998,0,1,0,38.12670685350895,4.607876368931361e-06,117,1,0
143,62,14,0,0,0,4.548241751534599,"[0.0, 4.548241751534599]",4.548241751534599,2.857142857142857,4.548241751534599,1.9333333333333313,0,1,0,37.46087230741978,4.548241751534599e-06,116,1,0
143,63,60,0,0,0,4.3354034423828125,"[0.0, 4.3354034423828125]",4.3354034423828125,2.857142857142857,4.3354034423828125,1.8499999999999983,0,1,0,35.15835873782635,4.335403442382813e-06,111,1,0
143,64,50,0,0,0,1.8751525878906252,"[0.0, 1.8751525878906252]",1.8751525878906252,0.0,1.8751525878906252,5.016666666666654,0,1,0,5.175198745448142,1.8751525878906252e-06,301,1,0
144,1,0,0,1,1,15.163961138044085,"[0.0, 15.163961138044085]",15.163961138044085,14.285714285714285,15.163961138044085,8.11666666666665,0,1,0,136.29476400464773,1.5163961138044086e-05,487,1,0
144,2,19,0,1,1,14.805450439453125,"[0.0, 14.805450439453125]",14.805450439453125,14.285714285714285,14.805450439453125,6.799999999999981,0,1,0,130.63595613837242,1.4805450439453125e-05,408,1,0
144,3,58,0,1,1,14.739679609026227,"[0.0, 14.739679609026227]",14.739679609026227,14.285714285714285,14.739679609026227,6.449999999999982,0,1,0,128.145443379879,1.4739679609026228e-05,387,1,0
144,4,1,0,1,1,14.717009408133372,"[0.0, 14.717009408133372]",14.717009408133372,14.285714285714285,14.717009408133372,6.766666666666648,0,1,0,128.43589814007282,1.4717009408133372e-05,406,1,0
144,5,2,0,1,1,14.715516226632255,"[0.0, 14.715516226632255]",14.715516226632255,14.285714285714285,14.715516226632255,6.5333333333333155,0,1,0,127.23860023915768,1.4715516226632256e-05,392,1,0
144,6,3,0,1,1,14.688268389020648,"[0.0, 14.688268389020648]",14.688268389020648,14.285714285714285,14.688268389020648,6.633333333333315,0,1,0,127.59493988752365,1.4688268389020647e-05,398,1,0
144,7,4,0,1,1,14.672497340611049,"[0.0, 14.672497340611049]",14.672497340611049,14.285714285714285,14.672497340611049,7.383333333333312,0,1,0,130.38622352480888,1.467249734061105e-05,443,1,0
144,8,5,0,1,1,14.638421194893972,"[0.0, 14.638421194893972]",14.638421194893972,14.285714285714285,14.638421194893972,6.866666666666648,0,1,0,130.18165716528893,1.4638421194893973e-05,412,1,0
144,9,6,0,0,1,14.626573835100446,"[0.0, 14.626573835100446]",14.626573835100446,14.285714285714285,14.626573835100446,6.666666666666648,0,1,0,131.9334431886673,1.4626573835100446e-05,400,1,0
144,10,53,0,0,1,14.52096666608538,"[0.0, 14.52096666608538]",14.52096666608538,14.285714285714285,14.52096666608538,6.566666666666649,0,1,0,127.65376427769661,1.452096666608538e-05,394,1,0
144,11,7,0,0,1,14.497141156877792,"[0.0, 14.497141156877792]",14.497141156877792,14.285714285714285,14.497141156877792,6.199999999999983,0,1,0,129.65760539472103,1.4497141156877792e-05,372,1,0
144,12,8,0,0,1,14.389893668038503,"[0.0, 14.389893668038503]",14.389893668038503,14.285714285714285,14.389893668038503,9.966666666666741,0,1,0,135.41225937388663,1.4389893668038504e-05,598,1,0
144,13,59,0,0,1,12.885071890694755,"[0.0, 12.885071890694755]",12.885071890694755,11.428571428571429,12.885071890694755,6.566666666666649,0,1,0,115.85333068668842,1.2885071890694755e-05,394,1,0
144,14,34,0,0,1,11.130907876150948,"[0.0, 11.130907876150948]",11.130907876150948,8.571428571428571,11.130907876150948,3.5333333333333257,0,1,0,95.0076652020216,1.1130907876150948e-05,212,1,0
144,15,61,0,0,1,11.0666629246303,"[0.0, 11.0666629246303]",11.0666629246303,8.571428571428571,11.0666629246303,3.4666666666666592,0,1,0,93.98737339675426,1.1066662924630301e-05,208,1,0
144,16,56,0,0,1,10.510153089250837,"[0.0, 10.510153089250837]",10.510153089250837,8.571428571428571,10.510153089250837,3.383333333333326,0,1,0,90.41384896636009,1.0510153089250836e-05,203,1,0
144,17,63,0,0,1,10.368145533970424,"[0.0, 10.368145533970424]",10.368145533970424,8.571428571428571,10.368145533970424,3.7999999999999914,0,1,0,90.74755810201168,1.0368145533970423e-05,228,1,0
144,18,18,0,0,1,10.156655992780413,"[0.0, 10.156655992780413]",10.156655992780413,8.571428571428571,10.156655992780413,5.483333333333319,0,1,0,91.80769464373589,1.0156655992780413e-05,329,1,0
144,19,21,0,0,1,9.968065534319196,"[0.0, 9.968065534319196]",9.968065534319196,8.571428571428571,9.968065534319196,3.3166666666666598,0,1,0,86.66480454802513,9.968065534319196e-06,199,1,0
144,20,28,0,0,1,9.96673583984375,"[0.0, 9.96673583984375]",9.96673583984375,8.571428571428571,9.96673583984375,3.3166666666666598,0,1,0,87.59478756785393,9.96673583984375e-06,199,1,0
144,21,24,0,0,1,9.935087476457868,"[0.0, 9.935087476457868]",9.935087476457868,8.571428571428571,9.935087476457868,3.299999999999993,0,1,0,86.51789830625057,9.935087476457868e-06,198,1,0
144,22,15,0,0,1,9.854041508265905,"[0.0, 9.854041508265905]",9.854041508265905,8.571428571428571,9.854041508265905,3.299999999999993,0,1,0,86.0381695330143,9.854041508265904e-06,198,1,0
144,23,50,0,0,1,9.707905905587333,"[0.0, 9.707905905587333]",9.707905905587333,8.571428571428571,9.707905905587333,3.299999999999993,0,1,0,86.89584478735924,9.707905905587333e-06,198,1,0
144,24,48,0,0,1,9.593868255615234,"[0.0, 9.593868255615234]",9.593868255615234,8.571428571428571,9.593868255615234,3.2499999999999933,0,1,0,84.81110846996307,9.593868255615235e-06,195,1,0
144,25,40,0,0,1,9.574683053152903,"[0.0, 9.574683053152903]",9.574683053152903,8.571428571428571,9.574683053152903,3.26666666666666,0,1,0,85.50387887656689,9.574683053152903e-06,196,1,0
144,26,22,0,0,1,9.546944754464286,"[0.0, 9.546944754464286]",9.546944754464286,8.571428571428571,9.546944754464286,3.2499999999999933,0,1,0,84.81049384176731,9.546944754464286e-06,195,1,0
144,27,9,0,0,1,9.524819510323661,"[0.0, 9.524819510323661]",9.524819510323661,8.571428571428571,9.524819510323661,3.7499999999999916,0,1,0,85.56554694473743,9.524819510323662e-06,225,1,0
144,28,10,0,0,1,9.406239645821708,"[0.0, 9.406239645821708]",9.406239645821708,8.571428571428571,9.406239645821708,3.2499999999999933,0,1,0,84.8110662996769,9.406239645821709e-06,195,1,0
144,29,37,0,0,1,9.195771898542132,"[0.0, 9.195771898542132]",9.195771898542132,8.571428571428571,9.195771898542132,3.2499999999999933,0,1,0,83.86117394268513,9.195771898542132e-06,195,1,0
144,30,45,0,0,1,9.124363490513392,"[0.0, 9.124363490513392]",9.124363490513392,8.571428571428571,9.124363490513392,3.2499999999999933,0,1,0,84.30830408632755,9.124363490513392e-06,195,1,0
144,31,12,0,0,1,9.012535640171595,"[0.0, 9.012535640171595]",9.012535640171595,8.571428571428571,9.012535640171595,5.199999999999987,0,1,0,85.06937810778618,9.012535640171596e-06,312,1,0
144,32,14,0,0,1,8.912170955113002,"[0.0, 8.912170955113002]",8.912170955113002,8.571428571428571,8.912170955113002,3.1999999999999935,0,1,0,82.74673418700695,8.912170955113002e-06,192,1,0
144,33,46,0,0,0,8.889310019356863,"[0.0, 8.889310019356863]",8.889310019356863,8.571428571428571,8.889310019356863,5.23333333333332,0,1,0,83.64681780338287,8.889310019356863e-06,314,1,0
144,34,30,0,0,0,8.562545776367188,"[0.0, 8.562545776367188]",8.562545776367188,5.714285714285714,8.562545776367188,4.29999999999999,0,1,0,83.25036741793156,8.562545776367187e-06,258,1,0
144,35,60,0,0,0,8.301639556884766,"[0.0, 8.301639556884766]",8.301639556884766,5.714285714285714,8.301639556884766,5.23333333333332,0,1,0,56.479681143537164,8.301639556884766e-06,314,1,0
144,36,41,0,0,0,8.188332148960658,"[0.0, 8.188332148960658]",8.188332148960658,5.714285714285714,8.188332148960658,3.1166666666666605,0,1,0,79.35096879303455,8.188332148960658e-06,187,1,0
144,37,17,0,0,0,7.865159170968192,"[0.0, 7.865159170968192]",7.865159170968192,5.714285714285714,7.865159170968192,3.099999999999994,0,1,0,78.6791151612997,7.865159170968191e-06,186,1,0
144,38,26,0,0,0,7.633920397077287,"[0.0, 7.633920397077287]",7.633920397077287,5.714285714285714,7.633920397077287,3.049999999999994,0,1,0,76.67603686451912,7.633920397077287e-06,183,1,0
144,39,51,0,0,0,7.166410173688615,"[0.0, 7.166410173688615]",7.166410173688615,5.714285714285714,7.166410173688615,4.649999999999989,0,1,0,71.44033147394657,7.166410173688616e-06,279,1,0
144,40,42,0,0,0,7.142857142857142,"[0.0, 7.142857142857142]",7.142857142857142,5.714285714285714,7.142857142857142,2.9999999999999942,0,1,0,70.2550240457058,7.142857142857143e-06,180,1,0
144,41,11,0,0,0,5.78650883265904,"[0.0, 5.78650883265904]",5.78650883265904,5.714285714285714,5.78650883265904,3.7166666666666583,0,1,0,51.89369308948517,5.78650883265904e-06,223,1,0
144,42,57,0,0,0,5.697413853236607,"[0.0, 5.697413853236607]",5.697413853236607,2.857142857142857,5.697413853236607,3.6333333333333253,0,1,0,51.128693997859955,5.697413853236607e-06,218,1,0
144,43,31,0,0,0,5.6342315673828125,"[0.0, 5.6342315673828125]",5.6342315673828125,2.857142857142857,5.6342315673828125,3.649999999999992,0,1,0,50.60721381753683,5.634231567382812e-06,219,1,0
144,44,25,0,0,0,5.500215802873884,"[0.0, 5.500215802873884]",5.500215802873884,2.857142857142857,5.500215802873884,3.26666666666666,0,1,0,48.15064686536789,5.500215802873884e-06,196,1,0
144,45,49,0,0,0,5.499185834612165,"[0.0, 5.499185834612165]",5.499185834612165,2.857142857142857,5.499185834612165,3.3333333333333264,0,1,0,48.738490119576454,5.499185834612165e-06,200,1,0
144,46,38,0,0,0,5.423927307128906,"[0.0, 5.423927307128906]",5.423927307128906,2.857142857142857,5.423927307128906,2.2333333333333303,0,1,0,47.00373424589634,5.4239273071289065e-06,134,1,0
144,47,32,0,0,0,5.357824053083148,"[0.0, 5.357824053083148]",5.357824053083148,2.857142857142857,5.357824053083148,2.2166666666666637,0,1,0,46.46074682474136,5.357824053083148e-06,133,1,0
144,48,55,0,0,0,5.354009355817523,"[0.0, 5.354009355817523]",5.354009355817523,2.857142857142857,5.354009355817523,6.366666666666649,0,1,0,46.914290431450354,5.354009355817522e-06,382,1,0
144,49,52,0,0,0,5.317371913364955,"[0.0, 5.317371913364955]",5.317371913364955,2.857142857142857,5.317371913364955,3.0833333333333273,0,1,0,46.42491190135479,5.3173719133649545e-06,185,1,0
144,50,20,0,0,0,5.310178484235491,"[0.0, 5.310178484235491]",5.310178484235491,2.857142857142857,5.310178484235491,2.199999999999997,0,1,0,45.919896915555,5.310178484235491e-06,132,1,0
144,51,13,0,0,0,5.161596025739398,"[0.0, 5.161596025739398]",5.161596025739398,2.857142857142857,5.161596025739398,2.8666666666666614,0,1,0,44.447281301021576,5.161596025739397e-06,172,1,0
144,52,33,0,0,0,5.124702453613281,"[0.0, 5.124702453613281]",5.124702453613281,2.857142857142857,5.124702453613281,2.1333333333333306,0,1,0,43.78371134400368,5.124702453613281e-06,128,1,0
144,53,62,0,0,0,5.102424621582031,"[0.0, 5.102424621582031]",5.102424621582031,2.857142857142857,5.102424621582031,2.1333333333333306,0,1,0,43.508403062820435,5.102424621582031e-06,128,1,0
144,54,16,0,0,0,4.991553170340401,"[0.0, 4.991553170340401]",4.991553170340401,2.857142857142857,4.991553170340401,2.083333333333331,0,1,0,42.20908783376217,4.991553170340401e-06,125,1,0
144,55,47,0,0,0,4.943793160574777,"[0.0, 4.943793160574777]",4.943793160574777,2.857142857142857,4.943793160574777,2.066666666666664,0,1,0,41.6894171833992,4.943793160574777e-06,124,1,0
144,56,35,0,0,0,4.793989998953683,"[0.0, 4.793989998953683]",4.793989998953683,2.857142857142857,4.793989998953683,2.0166666666666644,0,1,0,40.14637120068073,4.793989998953683e-06,121,1,0
144,57,27,0,0,0,3.967977251325335,"[0.0, 3.967977251325335]",3.967977251325335,2.857142857142857,3.967977251325335,5.033333333333321,0,1,0,28.666973756320658,3.967977251325335e-06,302,1,0
144,58,29,0,0,0,2.8346361432756697,"[0.0, 2.8346361432756697]",2.8346361432756697,0.0,2.8346361432756697,5.349999999999986,0,1,0,42.99347321718233,2.8346361432756697e-06,321,1,0
144,59,23,0,0,0,2.111642020089286,"[0.0, 2.111642020089286]",2.111642020089286,0.0,2.111642020089286,5.016666666666654,0,1,0,7.7057595056830905,2.111642020089286e-06,301,1,0
144,60,43,0,0,0,2.108050755092076,"[0.0, 2.108050755092076]",2.108050755092076,0.0,2.108050755092076,5.016666666666654,0,1,0,7.706384217512095,2.108050755092076e-06,301,1,0
144,61,39,0,0,0,1.8757465907505582,"[0.0, 1.8757465907505582]",1.8757465907505582,0.0,1.8757465907505582,5.016666666666654,0,1,0,5.174068265419919,1.8757465907505581e-06,301,1,0
144,62,36,0,0,0,1.8749291556222096,"[0.0, 1.8749291556222096]",1.8749291556222096,0.0,1.8749291556222096,5.016666666666654,0,1,0,5.175111580465455,1.8749291556222097e-06,301,1,0
144,63,44,0,0,0,1.873354230608259,"[0.0, 1.873354230608259]",1.873354230608259,0.0,1.873354230608259,5.016666666666654,0,1,0,5.180090934794862,1.873354230608259e-06,301,1,0
144,64,54,0,0,0,1.8178176879882812,"[0.0, 1.8178176879882812]",1.8178176879882812,0.0,1.8178176879882812,5.016666666666654,0,1,0,5.946046556928195,1.8178176879882813e-06,301,1,0
145,1,0,0,1,1,15.163961138044085,"[0.0, 15.163961138044085]",15.163961138044085,14.285714285714285,15.163961138044085,8.11666666666665,0,1,0,136.29476400464773,1.5163961138044086e-05,487,1,0
145,2,1,0,1,1,14.805450439453125,"[0.0, 14.805450439453125]",14.805450439453125,14.285714285714285,14.805450439453125,6.799999999999981,0,1,0,130.63595613837242,1.4805450439453125e-05,408,1,0
145,3,2,0,1,1,14.739679609026227,"[0.0, 14.739679609026227]",14.739679609026227,14.285714285714285,14.739679609026227,6.449999999999982,0,1,0,128.145443379879,1.4739679609026228e-05,387,1,0
145,4,3,0,1,1,14.717009408133372,"[0.0, 14.717009408133372]",14.717009408133372,14.285714285714285,14.717009408133372,6.766666666666648,0,1,0,128.43589814007282,1.4717009408133372e-05,406,1,0
145,5,4,0,1,1,14.715516226632255,"[0.0, 14.715516226632255]",14.715516226632255,14.285714285714285,14.715516226632255,6.5333333333333155,0,1,0,127.23860023915768,1.4715516226632256e-05,392,1,0
145,6,43,0,1,1,14.70856257847377,"[0.0, 14.70856257847377]",14.70856257847377,14.285714285714285,14.70856257847377,6.6166666666666485,0,1,0,131.3263419866562,1.4708562578473771e-05,397,1,0
145,7,16,0,1,1,14.688519069126674,"[0.0, 14.688519069126674]",14.688519069126674,14.285714285714285,14.688519069126674,6.583333333333315,0,1,0,127.58907671272755,1.4688519069126674e-05,395,1,0
145,8,5,0,1,1,14.688268389020648,"[0.0, 14.688268389020648]",14.688268389020648,14.285714285714285,14.688268389020648,6.633333333333315,0,1,0,127.59493988752365,1.4688268389020647e-05,398,1,0
145,9,6,0,0,1,14.672497340611049,"[0.0, 14.672497340611049]",14.672497340611049,14.285714285714285,14.672497340611049,7.383333333333312,0,1,0,130.38622352480888,1.467249734061105e-05,443,1,0
145,10,7,0,0,1,14.638421194893972,"[0.0, 14.638421194893972]",14.638421194893972,14.285714285714285,14.638421194893972,6.866666666666648,0,1,0,130.18165716528893,1.4638421194893973e-05,412,1,0
145,11,10,0,0,1,13.927132742745535,"[0.0, 13.927132742745535]",13.927132742745535,11.428571428571429,13.927132742745535,6.733333333333315,0,1,0,129.62035508453846,1.3927132742745534e-05,404,1,0
145,12,15,0,0,1,13.364475795200892,"[0.0, 13.364475795200892]",13.364475795200892,11.428571428571429,13.364475795200892,6.466666666666649,0,1,0,122.61834336817265,1.3364475795200893e-05,388,1,0
145,13,62,0,0,1,12.321771894182477,"[0.0, 12.321771894182477]",12.321771894182477,11.428571428571429,12.321771894182477,8.149999999999984,0,1,0,112.44011847302318,1.2321771894182477e-05,489,1,0
145,14,35,0,0,1,11.087660108293807,"[0.0, 11.087660108293807]",11.087660108293807,8.571428571428571,11.087660108293807,5.699999999999985,0,1,0,95.85036647319794,1.1087660108293807e-05,342,1,0
145,15,52,0,0,1,11.077845437186106,"[0.0, 11.077845437186106]",11.077845437186106,8.571428571428571,11.077845437186106,3.483333333333326,0,1,0,94.70873357355595,1.1077845437186105e-05,209,1,0
145,16,13,0,0,1,11.033142634800502,"[0.0, 11.033142634800502]",11.033142634800502,8.571428571428571,11.033142634800502,5.7666666666666515,0,1,0,99.78319399058819,1.1033142634800502e-05,346,1,0
145,17,63,0,0,1,10.965475354875837,"[0.0, 10.965475354875837]",10.965475354875837,8.571428571428571,10.965475354875837,3.4499999999999926,0,1,0,93.26820194721222,1.0965475354875838e-05,207,1,0
145,18,61,0,0,1,10.914260319301059,"[0.0, 10.914260319301059]",10.914260319301059,8.571428571428571,10.914260319301059,3.4499999999999926,0,1,0,93.26821188628674,1.0914260319301059e-05,207,1,0
145,19,14,0,0,1,10.878582000732422,"[0.0, 10.878582000732422]",10.878582000732422,8.571428571428571,10.878582000732422,5.266666666666653,0,1,0,96.75194504857063,1.0878582000732421e-05,316,1,0
145,20,8,0,0,1,10.543815067836217,"[0.0, 10.543815067836217]",10.543815067836217,8.571428571428571,10.543815067836217,3.4166666666666594,0,1,0,91.83708272874355,1.0543815067836217e-05,205,1,0
145,21,54,0,0,1,10.488409314836774,"[0.0, 10.488409314836774]",10.488409314836774,8.571428571428571,10.488409314836774,3.433333333333326,0,1,0,92.55182059109211,1.0488409314836774e-05,206,1,0
145,22,22,0,0,1,10.484801701136998,"[0.0, 10.484801701136998]",10.484801701136998,8.571428571428571,10.484801701136998,3.8333333333333246,0,1,0,90.54372480511665,1.0484801701136998e-05,230,1,0
145,23,55,0,0,1,10.411853790283203,"[0.0, 10.411853790283203]",10.411853790283203,8.571428571428571,10.411853790283203,3.3333333333333264,0,1,0,88.29640810191631,1.0411853790283203e-05,200,1,0
145,24,53,0,0,1,10.13850348336356,"[0.0, 10.13850348336356]",10.13850348336356,8.571428571428571,10.13850348336356,3.3333333333333264,0,1,0,87.66226369142532,1.013850348336356e-05,200,1,0
145,25,27,0,0,1,10.07070541381836,"[0.0, 10.07070541381836]",10.07070541381836,8.571428571428571,10.07070541381836,5.349999999999986,0,1,0,90.10995769500732,1.007070541381836e-05,321,1,0
145,26,33,0,0,1,9.78645052228655,"[0.0, 9.78645052228655]",9.78645052228655,8.571428571428571,9.78645052228655,5.3833333333333195,0,1,0,90.72008706629276,9.78645052228655e-06,323,1,0
145,27,26,0,0,1,9.785940987723214,"[0.0, 9.785940987723214]",9.785940987723214,8.571428571428571,9.785940987723214,3.299999999999993,0,1,0,86.89541430771351,9.785940987723214e-06,198,1,0
145,28,37,0,0,1,9.664306640625,"[0.0, 9.664306640625]",9.664306640625,8.571428571428571,9.664306640625,5.033333333333321,0,1,0,88.68410594761372,9.664306640625e-06,302,1,0
145,29,58,0,0,1,9.527860369001116,"[0.0, 9.527860369001116]",9.527860369001116,8.571428571428571,9.527860369001116,3.2333333333333267,0,1,0,84.12043173611164,9.527860369001116e-06,194,1,0
145,30,24,0,0,1,9.51901844569615,"[0.0, 9.51901844569615]",9.51901844569615,8.571428571428571,9.51901844569615,7.299999999999979,0,1,0,70.25154637800006,9.519018445696149e-06,438,1,0
145,31,41,0,0,1,9.398642948695592,"[0.0, 9.398642948695592]",9.398642948695592,8.571428571428571,9.398642948695592,3.2499999999999933,0,1,0,84.21770343184471,9.398642948695592e-06,195,1,0
145,32,32,0,0,1,9.166537693568639,"[0.0, 9.166537693568639]",9.166537693568639,8.571428571428571,9.166537693568639,3.2333333333333267,0,1,0,84.12094198167324,9.166537693568638e-06,194,1,0
145,33,36,0,0,0,9.134150913783483,"[0.0, 9.134150913783483]",9.134150913783483,8.571428571428571,9.134150913783483,3.399999999999993,0,1,0,83.75527189671993,9.134150913783483e-06,204,1,0
145,34,60,0,0,0,9.086197444370816,"[0.0, 9.086197444370816]",9.086197444370816,8.571428571428571,9.086197444370816,3.2333333333333267,0,1,0,84.1209204941988,9.086197444370816e-06,194,1,0
145,35,39,0,0,0,9.05148914882115,"[0.0, 9.05148914882115]",9.05148914882115,8.571428571428571,9.05148914882115,3.1999999999999935,0,1,0,82.7466418594122,9.051489148821149e-06,192,1,0
145,36,50,0,0,0,8.960522242954799,"[0.0, 8.960522242954799]",8.960522242954799,8.571428571428571,8.960522242954799,3.1999999999999935,0,1,0,82.7465273886919,8.9605222429548e-06,192,1,0
145,37,29,0,0,0,8.714787619454519,"[0.0, 8.714787619454519]",8.714787619454519,8.571428571428571,8.714787619454519,5.083333333333321,0,1,0,83.48686084151268,8.71478761945452e-06,305,1,0
145,38,48,0,0,0,8.321326119559151,"[0.0, 8.321326119559151]",8.321326119559151,5.714285714285714,8.321326119559151,3.0833333333333273,0,1,0,77.32852077484131,8.321326119559152e-06,185,1,0
145,39,49,0,0,0,8.302574157714844,"[0.0, 8.302574157714844]",8.302574157714844,5.714285714285714,8.302574157714844,3.133333333333327,0,1,0,80.02583928406239,8.302574157714844e-06,188,1,0
145,40,9,0,0,0,7.922417776925224,"[0.0, 7.922417776925224]",7.922417776925224,5.714285714285714,7.922417776925224,3.0833333333333273,0,1,0,78.00912779569626,7.922417776925223e-06,185,1,0
145,41,18,0,0,0,7.142857142857142,"[0.0, 7.142857142857142]",7.142857142857142,5.714285714285714,7.142857142857142,4.699999999999989,0,1,0,71.7554003894329,7.142857142857143e-06,282,1,0
145,42,57,0,0,0,7.142857142857142,"[0.0, 7.142857142857142]",7.142857142857142,5.714285714285714,7.142857142857142,2.883333333333328,0,1,0,69.35679358243942,7.142857142857143e-06,173,1,0
145,43,28,0,0,0,6.442669459751674,"[0.0, 6.442669459751674]",6.442669459751674,5.714285714285714,6.442669459751674,2.8499999999999948,0,1,0,57.23071305453777,6.4426694597516736e-06,171,1,0
145,44,59,0,0,0,6.396816798618861,"[0.0, 6.396816798618861]",6.396816798618861,5.714285714285714,6.396816798618861,7.316666666666646,0,1,0,57.633277592321974,6.396816798618861e-06,439,1,0
145,45,23,0,0,0,6.288719177246094,"[0.0, 6.288719177246094]",6.288719177246094,5.714285714285714,6.288719177246094,7.383333333333312,0,1,0,57.93384569892805,6.288719177246094e-06,443,1,0
145,46,46,0,0,0,6.264337812151227,"[0.0, 6.264337812151227]",6.264337812151227,5.714285714285714,6.264337812151227,7.316666666666646,0,1,0,57.63363021145051,6.264337812151227e-06,439,1,0
145,47,56,0,0,0,5.99597385951451,"[0.0, 5.99597385951451]",5.99597385951451,5.714285714285714,5.99597385951451,2.449999999999996,0,1,0,54.2991696447134,5.99597385951451e-06,147,1,0
145,48,44,0,0,0,5.7355771745954245,"[0.0, 5.7355771745954245]",5.7355771745954245,5.714285714285714,5.7355771745954245,3.683333333333325,0,1,0,51.501416981220245,5.7355771745954245e-06,221,1,0
145,49,47,0,0,0,5.6028257097516745,"[0.0, 5.6028257097516745]",5.6028257097516745,2.857142857142857,5.6028257097516745,2.2999999999999967,0,1,0,49.20296320319176,5.602825709751675e-06,138,1,0
145,50,30,0,0,0,5.571398053850447,"[0.0, 5.571398053850447]",5.571398053850447,2.857142857142857,5.571398053850447,3.433333333333326,0,1,0,49.581023037433624,5.571398053850447e-06,206,1,0
145,51,19,0,0,0,5.528907775878906,"[0.0, 5.528907775878906]",5.528907775878906,2.857142857142857,5.528907775878906,3.349999999999993,0,1,0,48.882003739476204,5.5289077758789064e-06,201,1,0
145,52,17,0,0,0,5.511910574776786,"[0.0, 5.511910574776786]",5.511910574776786,2.857142857142857,5.511910574776786,9.183333333333369,0,1,0,62.33153334847157,5.511910574776785e-06,551,1,0
145,53,25,0,0,0,5.3128814697265625,"[0.0, 5.3128814697265625]",5.3128814697265625,2.857142857142857,5.3128814697265625,6.21666666666665,0,1,0,45.88284003053559,5.312881469726563e-06,373,1,0
145,54,31,0,0,0,5.124620710100446,"[0.0, 5.124620710100446]",5.124620710100446,2.857142857142857,5.124620710100446,2.8666666666666614,0,1,0,44.17296952009201,5.124620710100446e-06,172,1,0
145,55,12,0,0,0,5.10911124093192,"[0.0, 5.10911124093192]",5.10911124093192,2.857142857142857,5.10911124093192,2.799999999999995,0,1,0,43.87256392836571,5.10911124093192e-06,168,1,0
145,56,20,0,0,0,5.08331298828125,"[0.0, 5.08331298828125]",5.08331298828125,2.857142857142857,5.08331298828125,2.8166666666666615,0,1,0,43.61977498233318,5.08331298828125e-06,169,1,0
145,57,21,0,0,0,5.038234165736607,"[0.0, 5.038234165736607]",5.038234165736607,2.857142857142857,5.038234165736607,2.749999999999995,0,1,0,42.948229759931564,5.038234165736607e-06,165,1,0
145,58,40,0,0,0,4.953400748116629,"[0.0, 4.953400748116629]",4.953400748116629,2.857142857142857,4.953400748116629,6.833333333333314,0,1,0,50.21183450726676,4.953400748116629e-06,410,1,0
145,59,45,0,0,0,4.947913033621652,"[0.0, 4.947913033621652]",4.947913033621652,2.857142857142857,4.947913033621652,2.6833333333333287,0,1,0,42.08387663960457,4.947913033621652e-06,161,1,0
145,60,42,0,0,0,3.486497061593192,"[0.0, 3.486497061593192]",3.486497061593192,2.857142857142857,3.486497061593192,5.2166666666666535,0,1,0,23.17275341792265,3.486497061593192e-06,313,1,0
145,61,11,0,0,0,2.0951952253069197,"[0.0, 2.0951952253069197]",2.0951952253069197,0.0,2.0951952253069197,5.149999999999987,0,1,0,8.199536808657285,2.0951952253069196e-06,309,1,0
145,62,51,0,0,0,1.891746520996094,"[0.0, 1.891746520996094]",1.891746520996094,0.0,1.891746520996094,5.016666666666654,0,1,0,5.293340819858713,1.891746520996094e-06,301,1,0
145,63,38,0,0,0,1.8729782104492185,"[0.0, 1.8729782104492185]",1.8729782104492185,0.0,1.8729782104492185,5.016666666666654,0,1,0,5.175460068217944,1.8729782104492185e-06,301,1,0
145,64,34,0,0,0,1.867256164550781,"[0.0, 1.867256164550781]",1.867256164550781,0.0,1.867256164550781,5.016666666666654,0,1,0,5.1876977960710065,1.867256164550781e-06,301,1,0
146,1,0,0,1,1,15.163961138044085,"[0.0, 15.163961138044085]",15.163961138044085,14.285714285714285,15.163961138044085,8.11666666666665,0,1,0,136.29476400464773,1.5163961138044086e-05,487,1,0
146,2,50,0,1,1,14.876785278320312,"[0.0, 14.876785278320312]",14.876785278320312,14.285714285714285,14.876785278320312,6.683333333333315,0,1,0,130.98957343399525,1.4876785278320312e-05,401,1,0
146,3,1,0,1,1,14.805450439453125,"[0.0, 14.805450439453125]",14.805450439453125,14.285714285714285,14.805450439453125,6.799999999999981,0,1,0,130.63595613837242,1.4805450439453125e-05,408,1,0
146,4,2,0,1,1,14.739679609026227,"[0.0, 14.739679609026227]",14.739679609026227,14.285714285714285,14.739679609026227,6.449999999999982,0,1,0,128.145443379879,1.4739679609026228e-05,387,1,0
146,5,3,0,1,1,14.717009408133372,"[0.0, 14.717009408133372]",14.717009408133372,14.285714285714285,14.717009408133372,6.766666666666648,0,1,0,128.43589814007282,1.4717009408133372e-05,406,1,0
146,6,4,0,1,1,14.715516226632255,"[0.0, 14.715516226632255]",14.715516226632255,14.285714285714285,14.715516226632255,6.5333333333333155,0,1,0,127.23860023915768,1.4715516226632256e-05,392,1,0
146,7,5,0,1,1,14.70856257847377,"[0.0, 14.70856257847377]",14.70856257847377,14.285714285714285,14.70856257847377,6.6166666666666485,0,1,0,131.3263419866562,1.4708562578473771e-05,397,1,0
146,8,6,0,1,1,14.688519069126674,"[0.0, 14.688519069126674]",14.688519069126674,14.285714285714285,14.688519069126674,6.583333333333315,0,1,0,127.58907671272755,1.4688519069126674e-05,395,1,0
146,9,7,0,0,1,14.688268389020648,"[0.0, 14.688268389020648]",14.688268389020648,14.285714285714285,14.688268389020648,6.633333333333315,0,1,0,127.59493988752365,1.4688268389020647e-05,398,1,0
146,10,31,0,0,1,14.26708221435547,"[0.0, 14.26708221435547]",14.26708221435547,11.428571428571429,14.26708221435547,6.6999999999999815,0,1,0,127.2487934678793,1.426708221435547e-05,402,1,0
146,11,15,0,0,1,14.197883605957031,"[0.0, 14.197883605957031]",14.197883605957031,11.428571428571429,14.197883605957031,6.599999999999982,0,1,0,125.47688946127892,1.4197883605957032e-05,396,1,0
146,12,38,0,0,1,13.90868595668248,"[0.0, 13.90868595668248]",13.90868595668248,11.428571428571429,13.90868595668248,6.833333333333314,0,1,0,125.21415161341429,1.3908685956682479e-05,410,1,0
146,13,19,0,0,1,13.427827017647878,"[0.0, 13.427827017647878]",13.427827017647878,11.428571428571429,13.427827017647878,6.433333333333316,0,1,0,126.14039273560047,1.3427827017647878e-05,386,1,0
146,14,41,0,0,1,11.609080178397042,"[0.0, 11.609080178397042]",11.609080178397042,11.428571428571429,11.609080178397042,6.06666666666665,0,1,0,104.93715198338032,1.1609080178397042e-05,364,1,0
146,15,36,0,0,1,11.587254660470144,"[0.0, 11.587254660470144]",11.587254660470144,11.428571428571429,11.587254660470144,7.666666666666645,0,1,0,100.35229284316301,1.1587254660470143e-05,460,1,0
146,16,10,0,0,1,11.12579618181501,"[0.0, 11.12579618181501]",11.12579618181501,8.571428571428571,11.12579618181501,5.749999999999985,0,1,0,100.37707468867302,1.112579618181501e-05,345,1,0
146,17,14,0,0,1,10.996407100132535,"[0.0, 10.996407100132535]",10.996407100132535,8.571428571428571,10.996407100132535,3.516666666666659,0,1,0,94.99272146821022,1.0996407100132535e-05,211,1,0
146,18,24,0,0,1,10.72134290422712,"[0.0, 10.72134290422712]",10.72134290422712,8.571428571428571,10.72134290422712,3.8333333333333246,0,1,0,91.84147921204567,1.0721342904227119e-05,230,1,0
146,19,8,0,0,1,10.405616760253906,"[0.0, 10.405616760253906]",10.405616760253906,8.571428571428571,10.405616760253906,5.633333333333319,0,1,0,90.45194157212973,1.0405616760253906e-05,338,1,0
146,20,25,0,0,1,10.355355398995536,"[0.0, 10.355355398995536]",10.355355398995536,8.571428571428571,10.355355398995536,3.383333333333326,0,1,0,90.41383184492588,1.0355355398995537e-05,203,1,0
146,21,20,0,0,1,10.32621111188616,"[0.0, 10.32621111188616]",10.32621111188616,8.571428571428571,10.32621111188616,3.383333333333326,0,1,0,90.4134370982647,1.032621111188616e-05,203,1,0
146,22,11,0,0,1,10.24526868547712,"[0.0, 10.24526868547712]",10.24526868547712,8.571428571428571,10.24526868547712,5.016666666666654,0,1,0,94.11583536863327,1.0245268685477119e-05,301,1,0
146,23,47,0,0,1,10.194004603794642,"[0.0, 10.194004603794642]",10.194004603794642,8.571428571428571,10.194004603794642,5.533333333333319,0,1,0,93.80218264460564,1.0194004603794643e-05,332,1,0
146,24,17,0,0,1,10.086830684116908,"[0.0, 10.086830684116908]",10.086830684116908,8.571428571428571,10.086830684116908,3.3166666666666598,0,1,0,87.5654968470335,1.0086830684116909e-05,199,1,0
146,25,54,0,0,1,9.906970432826451,"[0.0, 9.906970432826451]",9.906970432826451,8.571428571428571,9.906970432826451,5.349999999999986,0,1,0,89.60020685195923,9.906970432826451e-06,321,1,0
146,26,46,0,0,1,9.672328404017858,"[0.0, 9.672328404017858]",9.672328404017858,8.571428571428571,9.672328404017858,5.33333333333332,0,1,0,89.68665747344494,9.672328404017857e-06,320,1,0
146,27,53,0,0,1,9.362716674804688,"[0.0, 9.362716674804688]",9.362716674804688,8.571428571428571,9.362716674804688,3.26666666666666,0,1,0,82.59147682785988,9.362716674804688e-06,196,1,0
146,28,63,0,0,1,9.241880689348493,"[0.0, 9.241880689348493]",9.241880689348493,8.571428571428571,9.241880689348493,3.1666666666666603,0,1,0,81.06473957002163,9.241880689348493e-06,190,1,0
146,29,22,0,0,1,9.22872815813337,"[0.0, 9.22872815813337]",9.22872815813337,8.571428571428571,9.22872815813337,3.21666666666666,0,1,0,83.43266952037811,9.22872815813337e-06,193,1,0
146,30,45,0,0,1,9.013135092599052,"[0.0, 9.013135092599052]",9.013135092599052,8.571428571428571,9.013135092599052,3.1999999999999935,0,1,0,82.74641793966293,9.013135092599052e-06,192,1,0
146,31,43,0,0,1,9.00853293282645,"[0.0, 9.00853293282645]",9.00853293282645,8.571428571428571,9.00853293282645,3.683333333333325,0,1,0,81.81827698647976,9.008532932826449e-06,221,1,0
146,32,52,0,0,1,8.799942561558314,"[0.0, 8.799942561558314]",8.799942561558314,8.571428571428571,8.799942561558314,8.31666666666666,0,1,0,67.09383149688074,8.799942561558314e-06,499,1,0
146,33,18,0,0,0,8.421818869454519,"[0.0, 8.421818869454519]",8.421818869454519,5.714285714285714,8.421818869454519,5.016666666666654,0,1,0,82.46978048980236,8.42181886945452e-06,301,1,0
146,34,16,0,0,0,8.30932072230748,"[0.0, 8.30932072230748]",8.30932072230748,5.714285714285714,8.30932072230748,3.1166666666666605,0,1,0,79.35129617154598,8.30932072230748e-06,187,1,0
146,35,42,0,0,0,8.276844024658203,"[0.0, 8.276844024658203]",8.276844024658203,5.714285714285714,8.276844024658203,4.016666666666658,0,1,0,80.95712281763554,8.276844024658204e-06,241,1,0
146,36,27,0,0,0,8.274451664515905,"[0.0, 8.274451664515905]",8.274451664515905,5.714285714285714,8.274451664515905,3.133333333333327,0,1,0,80.02598430216312,8.274451664515905e-06,188,1,0
146,37,32,0,0,0,8.209964207240514,"[0.0, 8.209964207240514]",8.209964207240514,5.714285714285714,8.209964207240514,3.299999999999993,0,1,0,78.40585769712925,8.209964207240515e-06,198,1,0
146,38,12,0,0,0,7.976815359933036,"[0.0, 7.976815359933036]",7.976815359933036,5.714285714285714,7.976815359933036,3.0666666666666607,0,1,0,76.7603037506342,7.976815359933036e-06,184,1,0
146,39,34,0,0,0,7.789603642054967,"[0.0, 7.789603642054967]",7.789603642054967,5.714285714285714,7.789603642054967,4.883333333333321,0,1,0,77.04775883257389,7.789603642054968e-06,293,1,0
146,40,28,0,0,0,7.565642765590123,"[0.0, 7.565642765590123]",7.565642765590123,5.714285714285714,7.565642765590123,5.716666666666652,0,1,0,74.0325356721878,7.565642765590124e-06,343,1,0
146,41,26,0,0,0,7.539896283830916,"[0.0, 7.539896283830916]",7.539896283830916,5.714285714285714,7.539896283830916,3.016666666666661,0,1,0,75.35226231813431,7.539896283830916e-06,181,1,0
146,42,56,0,0,0,7.179660797119141,"[0.0, 7.179660797119141]",7.179660797119141,5.714285714285714,7.179660797119141,2.933333333333328,0,1,0,71.89333699643612,7.17966079711914e-06,176,1,0
146,43,29,0,0,0,7.098230634416852,"[0.0, 7.098230634416852]",7.098230634416852,5.714285714285714,7.098230634416852,2.7333333333333285,0,1,0,64.47774071991444,7.098230634416852e-06,164,1,0
146,44,39,0,0,0,6.378157479422433,"[0.0, 6.378157479422433]",6.378157479422433,5.714285714285714,6.378157479422433,7.416666666666646,0,1,0,57.2398222142001,6.378157479422433e-06,445,1,0
146,45,48,0,0,0,5.874644688197544,"[0.0, 5.874644688197544]",5.874644688197544,5.714285714285714,5.874644688197544,3.983333333333324,0,1,0,53.40598355233669,5.874644688197544e-06,239,1,0
146,46,49,0,0,0,5.788917541503906,"[0.0, 5.788917541503906]",5.788917541503906,5.714285714285714,5.788917541503906,3.816666666666658,0,1,0,52.605157390236855,5.7889175415039064e-06,229,1,0
146,47,51,0,0,0,5.736062186104911,"[0.0, 5.736062186104911]",5.736062186104911,5.714285714285714,5.736062186104911,3.7166666666666583,0,1,0,51.71969744563103,5.736062186104911e-06,223,1,0
146,48,61,0,0,0,5.62614985874721,"[0.0, 5.62614985874721]",5.62614985874721,2.857142857142857,5.62614985874721,2.3166666666666633,0,1,0,49.58224335312843,5.62614985874721e-06,139,1,0
146,49,30,0,0,0,5.565893990652902,"[0.0, 5.565893990652902]",5.565893990652902,2.857142857142857,5.565893990652902,3.383333333333326,0,1,0,49.251343846321106,5.565893990652902e-06,203,1,0
146,50,59,0,0,0,5.494798932756696,"[0.0, 5.494798932756696]",5.494798932756696,2.857142857142857,5.494798932756696,4.049999999999991,0,1,0,48.79052998125553,5.494798932756696e-06,243,1,0
146,51,37,0,0,0,5.49201420375279,"[0.0, 5.49201420375279]",5.49201420375279,2.857142857142857,5.49201420375279,3.3166666666666598,0,1,0,48.588025376200676,5.49201420375279e-06,199,1,0
146,52,62,0,0,0,5.278957911900112,"[0.0, 5.278957911900112]",5.278957911900112,2.857142857142857,5.278957911900112,3.0333333333333274,0,1,0,45.9253681153059,5.278957911900112e-06,182,1,0
146,53,55,0,0,0,5.126517159598214,"[0.0, 5.126517159598214]",5.126517159598214,2.857142857142857,5.126517159598214,2.1333333333333306,0,1,0,43.78369176387787,5.1265171595982145e-06,128,1,0
146,54,40,0,0,0,5.074615478515625,"[0.0, 5.074615478515625]",5.074615478515625,2.857142857142857,5.074615478515625,2.116666666666664,0,1,0,43.2560742944479,5.074615478515625e-06,127,1,0
146,55,35,0,0,0,4.9934877668108255,"[0.0, 4.9934877668108255]",4.9934877668108255,2.857142857142857,4.9934877668108255,6.483333333333316,0,1,0,41.343720978278725,4.993487766810825e-06,389,1,0
146,56,13,0,0,0,4.858033316476004,"[0.0, 4.858033316476004]",4.858033316476004,2.857142857142857,4.858033316476004,2.583333333333329,0,1,0,40.87112829089165,4.858033316476005e-06,155,1,0
146,57,33,0,0,0,4.7774505615234375,"[0.0, 4.7774505615234375]",4.7774505615234375,2.857142857142857,4.7774505615234375,2.5166666666666626,0,1,0,40.03388497233391,4.777450561523438e-06,151,1,0
146,58,57,0,0,0,3.6666488647460938,"[0.0, 3.6666488647460938]",3.6666488647460938,2.857142857142857,3.6666488647460938,5.549999999999986,0,1,0,63.038489907747135,3.6666488647460937e-06,333,1,0
146,59,60,0,0,0,2.830723353794643,"[0.0, 2.830723353794643]",2.830723353794643,0.0,2.830723353794643,5.7666666666666515,0,1,0,46.11648622411303,2.830723353794643e-06,346,1,0
146,60,58,0,0,0,2.8277860369001115,"[0.0, 2.8277860369001115]",2.8277860369001115,0.0,2.8277860369001115,5.033333333333321,0,1,0,40.89465855443268,2.8277860369001114e-06,302,1,0
146,61,9,0,0,0,2.185581752232143,"[0.0, 2.185581752232143]",2.185581752232143,0.0,2.185581752232143,5.016666666666654,0,1,0,8.55504428747372,2.1855817522321427e-06,301,1,0
146,62,21,0,0,0,2.1553802490234375,"[0.0, 2.1553802490234375]",2.1553802490234375,0.0,2.1553802490234375,5.016666666666654,0,1,0,8.21409136186412,2.1553802490234374e-06,301,1,0
146,63,23,0,0,0,1.8649455479213168,"[0.0, 1.8649455479213168]",1.8649455479213168,0.0,1.8649455479213168,5.016666666666654,0,1,0,5.187819477097946,1.8649455479213168e-06,301,1,0
146,64,44,0,0,0,1.6601998465401786,"[0.0, 1.6601998465401786]",1.6601998465401786,0.0,1.6601998465401786,5.016666666666654,0,1,0,8.745191634377989,1.6601998465401786e-06,301,1,0
147,1,0,0,1,1,15.163961138044085,"[0.0, 15.163961138044085]",15.163961138044085,14.285714285714285,15.163961138044085,8.11666666666665,0,1,0,136.29476400464773,1.5163961138044086e-05,487,1,0
147,2,1,0,1,1,14.876785278320312,"[0.0, 14.876785278320312]",14.876785278320312,14.285714285714285,14.876785278320312,6.683333333333315,0,1,0,130.98957343399525,1.4876785278320312e-05,401,1,0
147,3,27,0,1,1,14.829123360770089,"[0.0, 14.829123360770089]",14.829123360770089,14.285714285714285,14.829123360770089,6.649999999999982,0,1,0,131.92688977718353,1.4829123360770089e-05,399,1,0
147,4,2,0,1,1,14.805450439453125,"[0.0, 14.805450439453125]",14.805450439453125,14.285714285714285,14.805450439453125,6.799999999999981,0,1,0,130.63595613837242,1.4805450439453125e-05,408,1,0
147,5,3,0,1,1,14.739679609026227,"[0.0, 14.739679609026227]",14.739679609026227,14.285714285714285,14.739679609026227,6.449999999999982,0,1,0,128.145443379879,1.4739679609026228e-05,387,1,0
147,6,4,0,1,1,14.717009408133372,"[0.0, 14.717009408133372]",14.717009408133372,14.285714285714285,14.717009408133372,6.766666666666648,0,1,0,128.43589814007282,1.4717009408133372e-05,406,1,0
147,7,5,0,1,1,14.715516226632255,"[0.0, 14.715516226632255]",14.715516226632255,14.285714285714285,14.715516226632255,6.5333333333333155,0,1,0,127.23860023915768,1.4715516226632256e-05,392,1,0
147,8,6,0,1,1,14.70856257847377,"[0.0, 14.70856257847377]",14.70856257847377,14.285714285714285,14.70856257847377,6.6166666666666485,0,1,0,131.3263419866562,1.4708562578473771e-05,397,1,0
147,9,7,0,0,1,14.688519069126674,"[0.0, 14.688519069126674]",14.688519069126674,14.285714285714285,14.688519069126674,6.583333333333315,0,1,0,127.58907671272755,1.4688519069126674e-05,395,1,0
147,10,34,0,0,1,13.93939426967076,"[0.0, 13.93939426967076]",13.93939426967076,11.428571428571429,13.93939426967076,7.416666666666646,0,1,0,123.90082174539566,1.393939426967076e-05,445,1,0
147,11,8,0,0,1,13.91991751534598,"[0.0, 13.91991751534598]",13.91991751534598,11.428571428571429,13.91991751534598,6.849999999999981,0,1,0,131.92873027920723,1.391991751534598e-05,411,1,0
147,12,26,0,0,1,13.56463841029576,"[0.0, 13.56463841029576]",13.56463841029576,11.428571428571429,13.56463841029576,8.600000000000007,0,1,0,131.44964419305325,1.3564638410295761e-05,516,1,0
147,13,44,0,0,1,10.956875937325613,"[0.0, 10.956875937325613]",10.956875937325613,8.571428571428571,10.956875937325613,5.699999999999985,0,1,0,98.13055537641048,1.0956875937325613e-05,342,1,0
147,14,59,0,0,1,10.93625477382115,"[0.0, 10.93625477382115]",10.93625477382115,8.571428571428571,10.93625477382115,3.4499999999999926,0,1,0,93.2680981606245,1.093625477382115e-05,207,1,0
147,15,54,0,0,1,10.834009987967356,"[0.0, 10.834009987967356]",10.834009987967356,8.571428571428571,10.834009987967356,5.249999999999987,0,1,0,95.3643965870142,1.0834009987967356e-05,315,1,0
147,16,63,0,0,1,10.831614903041295,"[0.0, 10.831614903041295]",10.831614903041295,8.571428571428571,10.831614903041295,5.633333333333319,0,1,0,94.84631353616714,1.0831614903041295e-05,338,1,0
147,17,31,0,0,1,10.682789938790457,"[0.0, 10.682789938790457]",10.682789938790457,8.571428571428571,10.682789938790457,3.399999999999993,0,1,0,90.82359965145588,1.0682789938790456e-05,204,1,0
147,18,38,0,0,1,10.418695722307477,"[0.0, 10.418695722307477]",10.418695722307477,8.571428571428571,10.418695722307477,3.3666666666666596,0,1,0,89.16354458034039,1.0418695722307477e-05,202,1,0
147,19,11,0,0,1,10.25838851928711,"[0.0, 10.25838851928711]",10.25838851928711,8.571428571428571,10.25838851928711,3.3333333333333264,0,1,0,88.29641281068325,1.025838851928711e-05,200,1,0
147,20,37,0,0,1,10.170754023960658,"[0.0, 10.170754023960658]",10.170754023960658,8.571428571428571,10.170754023960658,3.6999999999999917,0,1,0,88.4307951182127,1.0170754023960658e-05,222,1,0
147,21,33,0,0,1,10.158091953822543,"[0.0, 10.158091953822543]",10.158091953822543,8.571428571428571,10.158091953822543,3.3166666666666598,0,1,0,87.27401030063629,1.0158091953822544e-05,199,1,0
147,22,46,0,0,1,10.045700073242188,"[0.0, 10.045700073242188]",10.045700073242188,8.571428571428571,10.045700073242188,5.483333333333319,0,1,0,94.99700179696083,1.0045700073242188e-05,329,1,0
147,23,22,0,0,1,9.946564265659877,"[0.0, 9.946564265659877]",9.946564265659877,8.571428571428571,9.946564265659877,3.299999999999993,0,1,0,86.59878747165203,9.946564265659877e-06,198,1,0
147,24,49,0,0,1,9.848809923444476,"[0.0, 9.848809923444476]",9.848809923444476,8.571428571428571,9.848809923444476,3.299999999999993,0,1,0,86.84727004170418,9.848809923444476e-06,198,1,0
147,25,18,0,0,1,9.815082550048828,"[0.0, 9.815082550048828]",9.815082550048828,8.571428571428571,9.815082550048828,3.2833333333333266,0,1,0,86.1984857916832,9.815082550048828e-06,197,1,0
147,26,45,0,0,1,9.619252341134207,"[0.0, 9.619252341134207]",9.619252341134207,8.571428571428571,9.619252341134207,3.816666666666658,0,1,0,85.52255231142044,9.619252341134207e-06,229,1,0
147,27,42,0,0,1,9.518925803048269,"[0.0, 9.518925803048269]",9.518925803048269,8.571428571428571,9.518925803048269,3.5499999999999923,0,1,0,85.97236928343773,9.51892580304827e-06,213,1,0
147,28,51,0,0,1,9.34889657156808,"[0.0, 9.34889657156808]",9.34889657156808,8.571428571428571,9.34889657156808,3.2499999999999933,0,1,0,84.81048014760017,9.34889657156808e-06,195,1,0
147,29,19,0,0,1,9.3094117300851,"[0.0, 9.3094117300851]",9.3094117300851,8.571428571428571,9.3094117300851,3.2499999999999933,0,1,0,84.81108884513378,9.3094117300851e-06,195,1,0
147,30,43,0,0,1,9.233379364013672,"[0.0, 9.233379364013672]",9.233379364013672,8.571428571428571,9.233379364013672,3.2333333333333267,0,1,0,84.12056615948677,9.233379364013672e-06,194,1,0
147,31,55,0,0,1,9.20774187360491,"[0.0, 9.20774187360491]",9.20774187360491,8.571428571428571,9.20774187360491,3.483333333333326,0,1,0,83.65786112844944,9.20774187360491e-06,209,1,0
147,32,35,0,0,1,9.047303880964007,"[0.0, 9.047303880964007]",9.047303880964007,8.571428571428571,9.047303880964007,3.649999999999992,0,1,0,82.56729486584663,9.047303880964007e-06,219,1,0
147,33,53,0,0,0,8.86841092790876,"[0.0, 8.86841092790876]",8.86841092790876,8.571428571428571,8.86841092790876,3.21666666666666,0,1,0,83.4324667006731,8.86841092790876e-06,193,1,0
147,34,10,0,0,0,8.738465990339005,"[0.0, 8.738465990339005]",8.738465990339005,8.571428571428571,8.738465990339005,4.383333333333323,0,1,0,83.51049813628197,8.738465990339005e-06,263,1,0
147,35,20,0,0,0,8.635978698730469,"[0.0, 8.635978698730469]",8.635978698730469,8.571428571428571,8.635978698730469,3.1666666666666603,0,1,0,81.38178710639477,8.635978698730468e-06,190,1,0
147,36,28,0,0,0,8.625030517578125,"[0.0, 8.625030517578125]",8.625030517578125,8.571428571428571,8.625030517578125,4.966666666666654,0,1,0,82.16224034130573,8.625030517578125e-06,298,1,0
147,37,24,0,0,0,8.327789306640625,"[0.0, 8.327789306640625]",8.327789306640625,5.714285714285714,8.327789306640625,4.733333333333322,0,1,0,56.4046967625618,8.327789306640625e-06,284,1,0
147,38,21,0,0,0,8.320584978376116,"[0.0, 8.320584978376116]",8.320584978376116,5.714285714285714,8.320584978376116,7.516666666666645,0,1,0,58.90561985397653,8.320584978376116e-06,451,1,0
147,39,61,0,0,0,8.29942158290318,"[0.0, 8.29942158290318]",8.29942158290318,5.714285714285714,8.29942158290318,7.416666666666646,0,1,0,57.30182820619666,8.299421582903181e-06,445,1,0
147,40,15,0,0,0,7.983695438929966,"[0.0, 7.983695438929966]",7.983695438929966,5.714285714285714,7.983695438929966,7.316666666666646,0,1,0,57.795619661934325,7.983695438929967e-06,439,1,0
147,41,17,0,0,0,7.550359453473772,"[0.0, 7.550359453473772]",7.550359453473772,5.714285714285714,7.550359453473772,3.016666666666661,0,1,0,75.35181944072247,7.550359453473772e-06,181,1,0
147,42,23,0,0,0,6.524135044642858,"[0.0, 6.524135044642858]",6.524135044642858,5.714285714285714,6.524135044642858,7.316666666666646,0,1,0,58.27448732180346,6.524135044642858e-06,439,1,0
147,43,50,0,0,0,6.307569231305804,"[0.0, 6.307569231305804]",6.307569231305804,5.714285714285714,6.307569231305804,7.449999999999979,0,1,0,58.428233089027344,6.307569231305804e-06,447,1,0
147,44,16,0,0,0,6.203738621303014,"[0.0, 6.203738621303014]",6.203738621303014,5.714285714285714,6.203738621303014,7.316666666666646,0,1,0,57.65173604145821,6.203738621303014e-06,439,1,0
147,45,58,0,0,0,5.865451267787388,"[0.0, 5.865451267787388]",5.865451267787388,5.714285714285714,5.865451267787388,3.9999999999999907,0,1,0,53.500867024064064,5.865451267787388e-06,240,1,0
147,46,62,0,0,0,5.785380772181919,"[0.0, 5.785380772181919]",5.785380772181919,5.714285714285714,5.785380772181919,3.7999999999999914,0,1,0,52.413748525083065,5.78538077218192e-06,228,1,0
147,47,30,0,0,0,5.727473667689733,"[0.0, 5.727473667689733]",5.727473667689733,5.714285714285714,5.727473667689733,3.6999999999999917,0,1,0,51.60876154154539,5.727473667689732e-06,222,1,0
147,48,39,0,0,0,5.656689235142299,"[0.0, 5.656689235142299]",5.656689235142299,2.857142857142857,5.656689235142299,2.6999999999999953,0,1,0,49.96482536196709,5.6566892351422986e-06,162,1,0
147,49,36,0,0,0,5.648934500558036,"[0.0, 5.648934500558036]",5.648934500558036,2.857142857142857,5.648934500558036,2.3166666666666633,0,1,0,49.758919820189476,5.648934500558036e-06,139,1,0
147,50,60,0,0,0,5.546395438058036,"[0.0, 5.546395438058036]",5.546395438058036,2.857142857142857,5.546395438058036,2.5166666666666626,0,1,0,48.75135651230812,5.546395438058036e-06,151,1,0
147,51,56,0,0,0,5.429284232003348,"[0.0, 5.429284232003348]",5.429284232003348,2.857142857142857,5.429284232003348,3.1999999999999935,0,1,0,47.5461455732584,5.429284232003348e-06,192,1,0
147,52,29,0,0,0,5.295459202357701,"[0.0, 5.295459202357701]",5.295459202357701,2.857142857142857,5.295459202357701,3.0666666666666607,0,1,0,46.25917771458626,5.2954592023577016e-06,184,1,0
147,53,52,0,0,0,5.135694231305803,"[0.0, 5.135694231305803]",5.135694231305803,2.857142857142857,5.135694231305803,2.1333333333333306,0,1,0,43.78365756571293,5.135694231305803e-06,128,1,0
147,54,14,0,0,0,5.132598876953125,"[0.0, 5.132598876953125]",5.132598876953125,2.857142857142857,5.132598876953125,2.8499999999999948,0,1,0,44.061354607343674,5.132598876953125e-06,171,1,0
147,55,13,0,0,0,5.127830505371094,"[0.0, 5.127830505371094]",5.127830505371094,2.857142857142857,5.127830505371094,2.833333333333328,0,1,0,43.805563405156136,5.127830505371094e-06,170,1,0
147,56,41,0,0,0,5.027743748256138,"[0.0, 5.027743748256138]",5.027743748256138,2.857142857142857,5.027743748256138,2.0999999999999974,0,1,0,42.73150263726711,5.027743748256138e-06,126,1,0
147,57,9,0,0,0,4.8714447021484375,"[0.0, 4.8714447021484375]",4.8714447021484375,2.857142857142857,4.8714447021484375,2.6166666666666623,0,1,0,41.280976086854935,4.871444702148438e-06,157,1,0
147,58,40,0,0,0,4.755864824567523,"[0.0, 4.755864824567523]",4.755864824567523,2.857142857142857,4.755864824567523,4.266666666666657,0,1,0,39.44802579842508,4.755864824567522e-06,256,1,0
147,59,57,0,0,0,4.744818551199777,"[0.0, 4.744818551199777]",4.744818551199777,2.857142857142857,4.744818551199777,2.499999999999996,0,1,0,39.82068891823292,4.744818551199777e-06,150,1,0
147,60,12,0,0,0,4.624949863978794,"[0.0, 4.624949863978794]",4.624949863978794,2.857142857142857,4.624949863978794,2.9833333333333276,0,1,0,38.31227608025074,4.6249498639787945e-06,179,1,0
147,61,47,0,0,0,4.384089878627232,"[0.0, 4.384089878627232]",4.384089878627232,2.857142857142857,4.384089878627232,2.199999999999997,0,1,0,35.73144446313381,4.384089878627232e-06,132,1,0
147,62,48,0,0,0,4.263643537248884,"[0.0, 4.263643537248884]",4.263643537248884,2.857142857142857,4.263643537248884,6.016666666666651,0,1,0,32.227240234169585,4.263643537248884e-06,361,1,0
147,63,25,0,0,0,2.158628191266741,"[0.0, 2.158628191266741]",2.158628191266741,0.0,2.158628191266741,5.016666666666654,0,1,0,8.226640425360529,2.1586281912667407e-06,301,1,0
147,64,32,0,0,0,1.8744168962751118,"[0.0, 1.8744168962751118]",1.8744168962751118,0.0,1.8744168962751118,5.016666666666654,0,1,0,5.175627219257876,1.8744168962751117e-06,301,1,0
148,1,0,0,1,1,15.163961138044085,"[0.0, 15.163961138044085]",15.163961138044085,14.285714285714285,15.163961138044085,8.11666666666665,0,1,0,136.29476400464773,1.5163961138044086e-05,487,1,0
148,2,1,0,1,1,14.876785278320312,"[0.0, 14.876785278320312]",14.876785278320312,14.285714285714285,14.876785278320312,6.683333333333315,0,1,0,130.98957343399525,1.4876785278320312e-05,401,1,0
148,3,24,0,1,1,14.835935320172991,"[0.0, 14.835935320172991]",14.835935320172991,14.285714285714285,14.835935320172991,6.599999999999982,0,1,0,130.0773195773363,1.4835935320172991e-05,396,1,0
148,4,2,0,1,1,14.829123360770089,"[0.0, 14.829123360770089]",14.829123360770089,14.285714285714285,14.829123360770089,6.649999999999982,0,1,0,131.92688977718353,1.4829123360770089e-05,399,1,0
148,5,3,0,1,1,14.805450439453125,"[0.0, 14.805450439453125]",14.805450439453125,14.285714285714285,14.805450439453125,6.799999999999981,0,1,0,130.63595613837242,1.4805450439453125e-05,408,1,0
148,6,4,0,1,1,14.739679609026227,"[0.0, 14.739679609026227]",14.739679609026227,14.285714285714285,14.739679609026227,6.449999999999982,0,1,0,128.145443379879,1.4739679609026228e-05,387,1,0
148,7,5,0,1,1,14.717009408133372,"[0.0, 14.717009408133372]",14.717009408133372,14.285714285714285,14.717009408133372,6.766666666666648,0,1,0,128.43589814007282,1.4717009408133372e-05,406,1,0
148,8,6,0,1,1,14.715516226632255,"[0.0, 14.715516226632255]",14.715516226632255,14.285714285714285,14.715516226632255,6.5333333333333155,0,1,0,127.23860023915768,1.4715516226632256e-05,392,1,0
148,9,7,0,0,1,14.70856257847377,"[0.0, 14.70856257847377]",14.70856257847377,14.285714285714285,14.70856257847377,6.6166666666666485,0,1,0,131.3263419866562,1.4708562578473771e-05,397,1,0
148,10,16,0,0,1,14.620235988071986,"[0.0, 14.620235988071986]",14.620235988071986,14.285714285714285,14.620235988071986,6.583333333333315,0,1,0,130.53891921043396,1.4620235988071987e-05,395,1,0
148,11,57,0,0,1,14.443097795758927,"[0.0, 14.443097795758927]",14.443097795758927,14.285714285714285,14.443097795758927,6.733333333333315,0,1,0,132.74919672310352,1.4443097795758927e-05,404,1,0
148,12,56,0,0,1,14.42673819405692,"[0.0, 14.42673819405692]",14.42673819405692,14.285714285714285,14.42673819405692,6.583333333333315,0,1,0,131.68168137967587,1.442673819405692e-05,395,1,0
148,13,17,0,0,1,14.365545000348773,"[0.0, 14.365545000348773]",14.365545000348773,14.285714285714285,14.365545000348773,5.28333333333332,0,1,0,127.38600870966911,1.4365545000348772e-05,317,1,0
148,14,41,0,0,1,11.106461116245816,"[0.0, 11.106461116245816]",11.106461116245816,8.571428571428571,11.106461116245816,5.7666666666666515,0,1,0,95.83901782333851,1.1106461116245815e-05,346,1,0
148,15,9,0,0,1,11.08382088797433,"[0.0, 11.08382088797433]",11.08382088797433,8.571428571428571,11.08382088797433,3.6166666666666587,0,1,0,95.08985744416714,1.1083820887974329e-05,217,1,0
148,16,30,0,0,1,10.83507810320173,"[0.0, 10.83507810320173]",10.83507810320173,8.571428571428571,10.83507810320173,5.599999999999985,0,1,0,93.7809129357338,1.0835078103201729e-05,336,1,0
148,17,43,0,0,1,10.659435817173549,"[0.0, 10.659435817173549]",10.659435817173549,8.571428571428571,10.659435817173549,5.516666666666652,0,1,0,94.45373176038265,1.065943581717355e-05,331,1,0
148,18,48,0,0,1,10.481531960623606,"[0.0, 10.481531960623606]",10.481531960623606,8.571428571428571,10.481531960623606,3.4166666666666594,0,1,0,91.37835165858269,1.0481531960623605e-05,205,1,0
148,19,10,0,0,1,10.390990121023995,"[0.0, 10.390990121023995]",10.390990121023995,8.571428571428571,10.390990121023995,3.516666666666659,0,1,0,89.25631435215473,1.0390990121023995e-05,211,1,0
148,20,37,0,0,1,10.28472900390625,"[0.0, 10.28472900390625]",10.28472900390625,8.571428571428571,10.28472900390625,5.566666666666652,0,1,0,94.79390001296997,1.028472900390625e-05,334,1,0
148,21,53,0,0,1,10.201298849923269,"[0.0, 10.201298849923269]",10.201298849923269,8.571428571428571,10.201298849923269,5.516666666666652,0,1,0,91.34746941924095,1.0201298849923269e-05,331,1,0
148,22,49,0,0,1,10.099713461739675,"[0.0, 10.099713461739675]",10.099713461739675,8.571428571428571,10.099713461739675,3.3166666666666598,0,1,0,87.55614806711674,1.0099713461739675e-05,199,1,0
148,23,11,0,0,1,10.080599103655134,"[0.0, 10.080599103655134]",10.080599103655134,8.571428571428571,10.080599103655134,5.433333333333319,0,1,0,92.21001639962196,1.0080599103655134e-05,326,1,0
148,24,18,0,0,1,10.018596649169922,"[0.0, 10.018596649169922]",10.018596649169922,8.571428571428571,10.018596649169922,4.133333333333324,0,1,0,90.68360257148743,1.0018596649169922e-05,248,1,0
148,25,28,0,0,1,9.711824144635882,"[0.0, 9.711824144635882]",9.711824144635882,8.571428571428571,9.711824144635882,3.2833333333333266,0,1,0,86.19807262718678,9.711824144635881e-06,197,1,0
148,26,14,0,0,1,9.709442683628627,"[0.0, 9.709442683628627]",9.709442683628627,8.571428571428571,9.709442683628627,3.2333333333333267,0,1,0,84.12077255547047,9.709442683628627e-06,194,1,0
148,27,51,0,0,1,9.643908909388951,"[0.0, 9.643908909388951]",9.643908909388951,8.571428571428571,9.643908909388951,3.2499999999999933,0,1,0,84.81080044806004,9.643908909388951e-06,195,1,0
148,28,55,0,0,1,9.543822152273995,"[0.0, 9.543822152273995]",9.543822152273995,8.571428571428571,9.543822152273995,3.9166666666666576,0,1,0,86.25041253864765,9.543822152273995e-06,235,1,0
148,29,59,0,0,1,9.543195452008929,"[0.0, 9.543195452008929]",9.543195452008929,8.571428571428571,9.543195452008929,3.26666666666666,0,1,0,85.50349462032318,9.543195452008929e-06,196,1,0
148,30,31,0,0,1,9.385384150913783,"[0.0, 9.385384150913783]",9.385384150913783,8.571428571428571,9.385384150913783,3.2499999999999933,0,1,0,84.81135518848896,9.385384150913783e-06,195,1,0
148,31,25,0,0,1,9.180259704589844,"[0.0, 9.180259704589844]",9.180259704589844,8.571428571428571,9.180259704589844,3.2499999999999933,0,1,0,84.81107448041439,9.180259704589844e-06,195,1,0
148,32,44,0,0,1,9.09595217023577,"[0.0, 9.09595217023577]",9.09595217023577,8.571428571428571,9.09595217023577,3.733333333333325,0,1,0,82.53996194899082,9.095952170235771e-06,224,1,0
148,33,47,0,0,0,9.035110473632812,"[0.0, 9.035110473632812]",9.035110473632812,8.571428571428571,9.035110473632812,3.2499999999999933,0,1,0,83.07554490864277,9.035110473632813e-06,195,1,0
148,34,38,0,0,0,8.899893079485212,"[0.0, 8.899893079485212]",8.899893079485212,8.571428571428571,8.899893079485212,3.21666666666666,0,1,0,83.43284146487713,8.899893079485211e-06,193,1,0
148,35,15,0,0,0,8.856116703578405,"[0.0, 8.856116703578405]",8.856116703578405,8.571428571428571,8.856116703578405,4.149999999999991,0,1,0,83.31530274450779,8.856116703578404e-06,249,1,0
148,36,62,0,0,0,8.558829171316965,"[0.0, 8.558829171316965]",8.558829171316965,5.714285714285714,8.558829171316965,7.733333333333311,0,1,0,66.82463539975288,8.558829171316965e-06,464,1,0
148,37,36,0,0,0,8.525447845458984,"[0.0, 8.525447845458984]",8.525447845458984,5.714285714285714,8.525447845458984,3.1499999999999937,0,1,0,80.70260567963123,8.525447845458984e-06,189,1,0
148,38,35,0,0,0,8.407186780657087,"[0.0, 8.407186780657087]",8.407186780657087,5.714285714285714,8.407186780657087,7.316666666666646,0,1,0,57.63355152159056,8.407186780657087e-06,439,1,0
148,39,27,0,0,0,8.064261845179967,"[0.0, 8.064261845179967]",8.064261845179967,5.714285714285714,8.064261845179967,3.0833333333333273,0,1,0,77.33228841423988,8.064261845179968e-06,185,1,0
148,40,50,0,0,0,7.605111258370536,"[0.0, 7.605111258370536]",7.605111258370536,5.714285714285714,7.605111258370536,3.849999999999991,0,1,0,76.30267515778542,7.605111258370536e-06,231,1,0
148,41,63,0,0,0,7.239333561488561,"[0.0, 7.239333561488561]",7.239333561488561,5.714285714285714,7.239333561488561,3.1166666666666605,0,1,0,72.72776982188225,7.2393335614885605e-06,187,1,0
148,42,46,0,0,0,7.142857142857142,"[0.0, 7.142857142857142]",7.142857142857142,5.714285714285714,7.142857142857142,2.8166666666666615,0,1,0,65.88372056186199,7.142857142857143e-06,169,1,0
148,43,19,0,0,0,6.471890040806362,"[0.0, 6.471890040806362]",6.471890040806362,5.714285714285714,6.471890040806362,7.366666666666646,0,1,0,58.44130546633096,6.471890040806362e-06,442,1,0
148,44,22,0,0,0,6.444195338657924,"[0.0, 6.444195338657924]",6.444195338657924,5.714285714285714,6.444195338657924,7.366666666666646,0,1,0,58.581560396327404,6.444195338657923e-06,442,1,0
148,45,21,0,0,0,6.347165788922991,"[0.0, 6.347165788922991]",6.347165788922991,5.714285714285714,6.347165788922991,7.316666666666646,0,1,0,57.63311062846333,6.3471657889229914e-06,439,1,0
148,46,8,0,0,0,5.927668980189732,"[0.0, 5.927668980189732]",5.927668980189732,5.714285714285714,5.927668980189732,4.216666666666657,0,1,0,54.63092964887619,5.927668980189732e-06,253,1,0
148,47,54,0,0,0,5.845505850655692,"[0.0, 5.845505850655692]",5.845505850655692,5.714285714285714,5.845505850655692,3.8833333333333244,0,1,0,53.38546599447727,5.845505850655692e-06,233,1,0
148,48,58,0,0,0,5.790421622140067,"[0.0, 5.790421622140067]",5.790421622140067,5.714285714285714,5.790421622140067,2.366666666666663,0,1,0,51.44257155060768,5.790421622140067e-06,142,1,0
148,49,29,0,0,0,5.787397112165179,"[0.0, 5.787397112165179]",5.787397112165179,5.714285714285714,5.787397112165179,4.183333333333324,0,1,0,52.68014956265688,5.787397112165179e-06,251,1,0
148,50,34,0,0,0,5.705904279436384,"[0.0, 5.705904279436384]",5.705904279436384,2.857142857142857,5.705904279436384,3.733333333333325,0,1,0,51.189261361956596,5.705904279436384e-06,224,1,0
148,51,32,0,0,0,5.554133823939733,"[0.0, 5.554133823939733]",5.554133823939733,2.857142857142857,5.554133823939733,3.4166666666666594,0,1,0,49.44411116838455,5.5541338239397325e-06,205,1,0
148,52,26,0,0,0,5.5117034912109375,"[0.0, 5.5117034912109375]",5.5117034912109375,2.857142857142857,5.5117034912109375,3.3166666666666598,0,1,0,48.715764194726944,5.511703491210938e-06,199,1,0
148,53,23,0,0,0,5.170892987932477,"[0.0, 5.170892987932477]",5.170892987932477,2.857142857142857,5.170892987932477,2.1499999999999972,0,1,0,44.31393067538738,5.170892987932477e-06,129,1,0
148,54,61,0,0,0,5.012403215680804,"[0.0, 5.012403215680804]",5.012403215680804,2.857142857142857,5.012403215680804,2.7333333333333285,0,1,0,42.78426185250282,5.0124032156808036e-06,164,1,0
148,55,13,0,0,0,4.861406598772321,"[0.0, 4.861406598772321]",4.861406598772321,2.857142857142857,4.861406598772321,2.5666666666666624,0,1,0,41.01607447862625,4.861406598772321e-06,154,1,0
148,56,39,0,0,0,4.711581638881138,"[0.0, 4.711581638881138]",4.711581638881138,2.857142857142857,4.711581638881138,1.9833333333333312,0,1,0,39.13107764720917,4.711581638881138e-06,119,1,0
148,57,60,0,0,0,4.693140302385602,"[0.0, 4.693140302385602]",4.693140302385602,2.857142857142857,4.693140302385602,1.9833333333333312,0,1,0,38.97712004184723,4.693140302385602e-06,119,1,0
148,58,40,0,0,0,2.157418387276786,"[0.0, 2.157418387276786]",2.157418387276786,0.0,2.157418387276786,5.016666666666654,0,1,0,8.21482951877988,2.157418387276786e-06,301,1,0
148,59,52,0,0,0,2.1110807146344865,"[0.0, 2.1110807146344865]",2.1110807146344865,0.0,2.1110807146344865,5.016666666666654,0,1,0,7.705948272661772,2.1110807146344867e-06,301,1,0
148,60,42,0,0,0,2.1068572998046875,"[0.0, 2.1068572998046875]",2.1068572998046875,0.0,2.1068572998046875,5.016666666666654,0,1,0,7.705632125056582,2.1068572998046876e-06,301,1,0
148,61,33,0,0,0,1.9980948311941964,"[0.0, 1.9980948311941964]",1.9980948311941964,0.0,1.9980948311941964,5.016666666666654,0,1,0,6.78078202198958,1.9980948311941962e-06,301,1,0
148,62,20,0,0,0,1.8856375558035714,"[0.0, 1.8856375558035714]",1.8856375558035714,0.0,1.8856375558035714,5.016666666666654,0,1,0,5.260665849986253,1.8856375558035714e-06,301,1,0
148,63,12,0,0,0,1.8810871669224332,"[0.0, 1.8810871669224332]",1.8810871669224332,0.0,1.8810871669224332,5.016666666666654,0,1,0,5.174451362865511,1.8810871669224332e-06,301,1,0
148,64,45,0,0,0,1.8749182564871654,"[0.0, 1.8749182564871654]",1.8749182564871654,0.0,1.8749182564871654,5.016666666666654,0,1,0,5.175572146428749,1.8749182564871653e-06,301,1,0
149,1,0,0,1,1,15.163961138044085,"[0.0, 15.163961138044085]",15.163961138044085,14.285714285714285,15.163961138044085,8.11666666666665,0,1,0,136.29476400464773,1.5163961138044086e-05,487,1,0
149,2,54,0,1,1,15.066795349121092,"[0.0, 15.066795349121092]",15.066795349121092,14.285714285714285,15.066795349121092,7.566666666666645,0,1,0,135.02477331459522,1.5066795349121091e-05,454,1,0
149,3,1,0,1,1,14.876785278320312,"[0.0, 14.876785278320312]",14.876785278320312,14.285714285714285,14.876785278320312,6.683333333333315,0,1,0,130.98957343399525,1.4876785278320312e-05,401,1,0
149,4,2,0,1,1,14.835935320172991,"[0.0, 14.835935320172991]",14.835935320172991,14.285714285714285,14.835935320172991,6.599999999999982,0,1,0,130.0773195773363,1.4835935320172991e-05,396,1,0
149,5,3,0,1,1,14.829123360770089,"[0.0, 14.829123360770089]",14.829123360770089,14.285714285714285,14.829123360770089,6.649999999999982,0,1,0,131.92688977718353,1.4829123360770089e-05,399,1,0
149,6,4,0,1,1,14.805450439453125,"[0.0, 14.805450439453125]",14.805450439453125,14.285714285714285,14.805450439453125,6.799999999999981,0,1,0,130.63595613837242,1.4805450439453125e-05,408,1,0
149,7,56,0,1,1,14.784927368164064,"[0.0, 14.784927368164064]",14.784927368164064,14.285714285714285,14.784927368164064,6.6166666666666485,0,1,0,128.45835034549236,1.4784927368164065e-05,397,1,0
149,8,5,0,1,1,14.739679609026227,"[0.0, 14.739679609026227]",14.739679609026227,14.285714285714285,14.739679609026227,6.449999999999982,0,1,0,128.145443379879,1.4739679609026228e-05,387,1,0
149,9,6,0,0,1,14.717009408133372,"[0.0, 14.717009408133372]",14.717009408133372,14.285714285714285,14.717009408133372,6.766666666666648,0,1,0,128.43589814007282,1.4717009408133372e-05,406,1,0
149,10,7,0,0,1,14.715516226632255,"[0.0, 14.715516226632255]",14.715516226632255,14.285714285714285,14.715516226632255,6.5333333333333155,0,1,0,127.23860023915768,1.4715516226632256e-05,392,1,0
149,11,49,0,0,1,14.440792628696986,"[0.0, 14.440792628696986]",14.440792628696986,14.285714285714285,14.440792628696986,6.899999999999981,0,1,0,129.02970585227013,1.4440792628696987e-05,414,1,0
149,12,12,0,0,1,14.063709803989955,"[0.0, 14.063709803989955]",14.063709803989955,11.428571428571429,14.063709803989955,5.799999999999985,0,1,0,125.55817179381847,1.4063709803989955e-05,348,1,0
149,13,60,0,0,1,11.352206638881139,"[0.0, 11.352206638881139]",11.352206638881139,8.571428571428571,11.352206638881139,5.583333333333319,0,1,0,104.8477228730917,1.1352206638881139e-05,335,1,0
149,14,55,0,0,1,11.279024396623884,"[0.0, 11.279024396623884]",11.279024396623884,8.571428571428571,11.279024396623884,3.5333333333333257,0,1,0,96.8849042057991,1.1279024396623883e-05,212,1,0
149,15,41,0,0,1,11.057959965297155,"[0.0, 11.057959965297155]",11.057959965297155,8.571428571428571,11.057959965297155,3.4999999999999925,0,1,0,95.4318932890892,1.1057959965297154e-05,210,1,0
149,16,10,0,0,1,10.979349953787668,"[0.0, 10.979349953787668]",10.979349953787668,8.571428571428571,10.979349953787668,5.599999999999985,0,1,0,95.4113028049469,1.0979349953787668e-05,336,1,0
149,17,14,0,0,1,10.443368639264788,"[0.0, 10.443368639264788]",10.443368639264788,8.571428571428571,10.443368639264788,5.23333333333332,0,1,0,91.61226445436478,1.0443368639264788e-05,314,1,0
149,18,57,0,0,1,10.399573189871651,"[0.0, 10.399573189871651]",10.399573189871651,8.571428571428571,10.399573189871651,3.349999999999993,0,1,0,88.9997738301754,1.0399573189871652e-05,201,1,0
149,19,26,0,0,1,10.247347695486885,"[0.0, 10.247347695486885]",10.247347695486885,8.571428571428571,10.247347695486885,3.383333333333326,0,1,0,88.47655420005322,1.0247347695486886e-05,203,1,0
149,20,35,0,0,1,10.168748583112444,"[0.0, 10.168748583112444]",10.168748583112444,8.571428571428571,10.168748583112444,3.3666666666666596,0,1,0,88.2698360234499,1.0168748583112444e-05,202,1,0
149,21,43,0,0,1,10.153549739292691,"[0.0, 10.153549739292691]",10.153549739292691,8.571428571428571,10.153549739292691,5.516666666666652,0,1,0,93.2694262266159,1.0153549739292692e-05,331,1,0
149,22,48,0,0,1,10.141350882393974,"[0.0, 10.141350882393974]",10.141350882393974,8.571428571428571,10.141350882393974,3.3166666666666598,0,1,0,87.59464745223522,1.0141350882393973e-05,199,1,0
149,23,45,0,0,1,9.542228153773717,"[0.0, 9.542228153773717]",9.542228153773717,8.571428571428571,9.542228153773717,3.2333333333333267,0,1,0,83.60340401530266,9.542228153773717e-06,194,1,0
149,24,46,0,0,1,9.312196459089005,"[0.0, 9.312196459089005]",9.312196459089005,8.571428571428571,9.312196459089005,3.2499999999999933,0,1,0,84.81092654168606,9.312196459089006e-06,195,1,0
149,25,29,0,0,1,9.244229452950615,"[0.0, 9.244229452950615]",9.244229452950615,8.571428571428571,9.244229452950615,5.2999999999999865,0,1,0,87.57031013071537,9.244229452950614e-06,318,1,0
149,26,38,0,0,1,9.142445155552455,"[0.0, 9.142445155552455]",9.142445155552455,8.571428571428571,9.142445155552455,5.149999999999987,0,1,0,88.34281274676323,9.142445155552455e-06,309,1,0
149,27,30,0,0,1,9.091151101248606,"[0.0, 9.091151101248606]",9.091151101248606,8.571428571428571,9.091151101248606,3.21666666666666,0,1,0,83.432990655303,9.091151101248606e-06,193,1,0
149,28,27,0,0,1,9.053532736642019,"[0.0, 9.053532736642019]",9.053532736642019,8.571428571428571,9.053532736642019,3.2333333333333267,0,1,0,84.10615698993206,9.05353273664202e-06,194,1,0
149,29,52,0,0,1,8.90418461390904,"[0.0, 8.90418461390904]",8.90418461390904,8.571428571428571,8.90418461390904,3.183333333333327,0,1,0,82.06301981210709,8.90418461390904e-06,191,1,0
149,30,42,0,0,1,8.740893772670201,"[0.0, 8.740893772670201]",8.740893772670201,8.571428571428571,8.740893772670201,3.183333333333327,0,1,0,82.06266990303993,8.7408937726702e-06,191,1,0
149,31,25,0,0,1,8.733280726841517,"[0.0, 8.733280726841517]",8.733280726841517,8.571428571428571,8.733280726841517,3.1666666666666603,0,1,0,81.38158319890499,8.733280726841517e-06,190,1,0
149,32,19,0,0,1,8.659439086914062,"[0.0, 8.659439086914062]",8.659439086914062,8.571428571428571,8.659439086914062,3.1999999999999935,0,1,0,82.74684925377369,8.659439086914063e-06,192,1,0
149,33,17,0,0,0,8.441707066127233,"[0.0, 8.441707066127233]",8.441707066127233,5.714285714285714,8.441707066127233,3.1666666666666603,0,1,0,81.3814572095871,8.441707066127232e-06,190,1,0
149,34,47,0,0,0,8.267865862165179,"[0.0, 8.267865862165179]",8.267865862165179,5.714285714285714,8.267865862165179,7.316666666666646,0,1,0,57.63288856005238,8.26786586216518e-06,439,1,0
149,35,9,0,0,0,8.142817361014231,"[0.0, 8.142817361014231]",8.142817361014231,5.714285714285714,8.142817361014231,3.1166666666666605,0,1,0,79.35137104988098,8.14281736101423e-06,187,1,0
149,36,16,0,0,0,7.965809958321708,"[0.0, 7.965809958321708]",7.965809958321708,5.714285714285714,7.965809958321708,3.0666666666666607,0,1,0,77.34121343493462,7.965809958321708e-06,184,1,0
149,37,63,0,0,0,7.544988904680524,"[0.0, 7.544988904680524]",7.544988904680524,5.714285714285714,7.544988904680524,2.9833333333333276,0,1,0,74.0373223721981,7.544988904680524e-06,179,1,0
149,38,59,0,0,0,7.5157383510044635,"[0.0, 7.5157383510044635]",7.5157383510044635,5.714285714285714,7.5157383510044635,4.816666666666655,0,1,0,76.16485831141472,7.515738351004464e-06,289,1,0
149,39,44,0,0,0,7.142857142857142,"[0.0, 7.142857142857142]",7.142857142857142,5.714285714285714,7.142857142857142,2.8666666666666614,0,1,0,69.50934539735317,7.142857142857143e-06,172,1,0
149,40,53,0,0,0,7.142857142857142,"[0.0, 7.142857142857142]",7.142857142857142,5.714285714285714,7.142857142857142,3.816666666666658,0,1,0,68.71089315414429,7.142857142857143e-06,229,1,0
149,41,36,0,0,0,6.479110717773437,"[0.0, 6.479110717773437]",6.479110717773437,5.714285714285714,6.479110717773437,7.316666666666646,0,1,0,57.569384622293,6.479110717773437e-06,439,1,0
149,42,8,0,0,0,6.380587986537388,"[0.0, 6.380587986537388]",6.380587986537388,5.714285714285714,6.380587986537388,7.366666666666646,0,1,0,58.58149785767455,6.380587986537388e-06,442,1,0
149,43,11,0,0,0,6.303476606096541,"[0.0, 6.303476606096541]",6.303476606096541,5.714285714285714,6.303476606096541,7.316666666666646,0,1,0,57.54616467053711,6.3034766060965405e-06,439,1,0
149,44,28,0,0,0,6.103662763323102,"[0.0, 6.103662763323102]",6.103662763323102,5.714285714285714,6.103662763323102,6.816666666666648,0,1,0,54.20914023445221,6.103662763323103e-06,409,1,0
149,45,22,0,0,0,5.984208243233817,"[0.0, 5.984208243233817]",5.984208243233817,5.714285714285714,5.984208243233817,3.8833333333333244,0,1,0,55.4268094599247,5.984208243233816e-06,233,1,0
149,46,15,0,0,0,5.756056649344308,"[0.0, 5.756056649344308]",5.756056649344308,5.714285714285714,5.756056649344308,3.7166666666666583,0,1,0,51.71953259408474,5.756056649344308e-06,223,1,0
149,47,40,0,0,0,5.715021405901228,"[0.0, 5.715021405901228]",5.715021405901228,5.714285714285714,5.715021405901228,3.599999999999992,0,1,0,51.14603252708912,5.715021405901229e-06,216,1,0
149,48,31,0,0,0,5.713239397321428,"[0.0, 5.713239397321428]",5.713239397321428,2.857142857142857,5.713239397321428,3.566666666666659,0,1,0,50.89599870145321,5.713239397321428e-06,214,1,0
149,49,13,0,0,0,5.662563868931362,"[0.0, 5.662563868931362]",5.662563868931362,2.857142857142857,5.662563868931362,3.5833333333333255,0,1,0,50.77304220199585,5.662563868931362e-06,215,1,0
149,50,61,0,0,0,5.655555725097656,"[0.0, 5.655555725097656]",5.655555725097656,2.857142857142857,5.655555725097656,2.3166666666666633,0,1,0,49.75876818597317,5.655555725097656e-06,139,1,0
149,51,20,0,0,0,5.6541224888392865,"[0.0, 5.6541224888392865]",5.6541224888392865,2.857142857142857,5.6541224888392865,2.3166666666666633,0,1,0,49.758869647979736,5.654122488839287e-06,139,1,0
149,52,32,0,0,0,5.613980974469866,"[0.0, 5.613980974469866]",5.613980974469866,2.857142857142857,5.613980974469866,3.483333333333326,0,1,0,49.98481857776642,5.613980974469867e-06,209,1,0
149,53,51,0,0,0,5.498602730887277,"[0.0, 5.498602730887277]",5.498602730887277,2.857142857142857,5.498602730887277,2.2666666666666635,0,1,0,48.09785966575146,5.498602730887277e-06,136,1,0
149,54,23,0,0,0,5.329230172293527,"[0.0, 5.329230172293527]",5.329230172293527,2.857142857142857,5.329230172293527,3.0833333333333273,0,1,0,46.42423087358475,5.329230172293527e-06,185,1,0
149,55,21,0,0,0,5.240642002650669,"[0.0, 5.240642002650669]",5.240642002650669,2.857142857142857,5.240642002650669,2.9833333333333276,0,1,0,45.41410233080387,5.2406420026506695e-06,179,1,0
149,56,33,0,0,0,5.165557861328125,"[0.0, 5.165557861328125]",5.165557861328125,2.857142857142857,5.165557861328125,2.8999999999999946,0,1,0,44.53443655371666,5.165557861328125e-06,174,1,0
149,57,24,0,0,0,4.961847577776227,"[0.0, 4.961847577776227]",4.961847577776227,2.857142857142857,4.961847577776227,2.5666666666666624,0,1,0,41.37375394999981,4.9618475777762275e-06,154,1,0
149,58,37,0,0,0,4.866779872349331,"[0.0, 4.866779872349331]",4.866779872349331,2.857142857142857,4.866779872349331,2.8999999999999946,0,1,0,41.29812981188297,4.86677987234933e-06,174,1,0
149,59,39,0,0,0,4.815608433314733,"[0.0, 4.815608433314733]",4.815608433314733,2.857142857142857,4.815608433314733,2.549999999999996,0,1,0,40.45534712076187,4.8156084333147326e-06,153,1,0
149,60,62,0,0,0,2.107598440987723,"[0.0, 2.107598440987723]",2.107598440987723,0.0,2.107598440987723,5.016666666666654,0,1,0,7.705920372027322,2.1075984409877232e-06,301,1,0
149,61,18,0,0,0,2.100824628557478,"[0.0, 2.100824628557478]",2.100824628557478,0.0,2.100824628557478,5.016666666666654,0,1,0,7.716996377181204,2.100824628557478e-06,301,1,0
149,62,58,0,0,0,1.9144494192940849,"[0.0, 1.9144494192940849]",1.9144494192940849,0.0,1.9144494192940849,5.016666666666654,0,1,0,5.588010898645734,1.914449419294085e-06,301,1,0
149,63,50,0,0,0,1.8742970057896207,"[0.0, 1.8742970057896207]",1.8742970057896207,0.0,1.8742970057896207,5.016666666666654,0,1,0,5.197916107106721,1.8742970057896207e-06,301,1,0
149,64,34,0,0,0,1.8734577723911832,"[0.0, 1.8734577723911832]",1.8734577723911832,0.0,1.8734577723911832,5.016666666666654,0,1,0,5.175276746391319,1.8734577723911832e-06,301,1,0
150,1,0,0,1,1,15.163961138044085,"[0.0, 15.163961138044085]",15.163961138044085,14.285714285714285,15.163961138044085,8.11666666666665,0,1,0,136.29476400464773,1.5163961138044086e-05,487,1,0
150,2,1,0,1,1,15.066795349121092,"[0.0, 15.066795349121092]",15.066795349121092,14.285714285714285,15.066795349121092,7.566666666666645,0,1,0,135.02477331459522,1.5066795349121091e-05,454,1,0
150,3,2,0,1,1,14.876785278320312,"[0.0, 14.876785278320312]",14.876785278320312,14.285714285714285,14.876785278320312,6.683333333333315,0,1,0,130.98957343399525,1.4876785278320312e-05,401,1,0
150,4,3,0,1,1,14.835935320172991,"[0.0, 14.835935320172991]",14.835935320172991,14.285714285714285,14.835935320172991,6.599999999999982,0,1,0,130.0773195773363,1.4835935320172991e-05,396,1,0
150,5,4,0,1,1,14.829123360770089,"[0.0, 14.829123360770089]",14.829123360770089,14.285714285714285,14.829123360770089,6.649999999999982,0,1,0,131.92688977718353,1.4829123360770089e-05,399,1,0
150,6,5,0,1,1,14.805450439453125,"[0.0, 14.805450439453125]",14.805450439453125,14.285714285714285,14.805450439453125,6.799999999999981,0,1,0,130.63595613837242,1.4805450439453125e-05,408,1,0
150,7,6,0,1,1,14.784927368164064,"[0.0, 14.784927368164064]",14.784927368164064,14.285714285714285,14.784927368164064,6.6166666666666485,0,1,0,128.45835034549236,1.4784927368164065e-05,397,1,0
150,8,7,0,1,1,14.739679609026227,"[0.0, 14.739679609026227]",14.739679609026227,14.285714285714285,14.739679609026227,6.449999999999982,0,1,0,128.145443379879,1.4739679609026228e-05,387,1,0
150,9,39,0,0,1,14.674115862165179,"[0.0, 14.674115862165179]",14.674115862165179,14.285714285714285,14.674115862165179,6.649999999999982,0,1,0,128.48433642089367,1.4674115862165179e-05,399,1,0
150,10,56,0,0,1,13.751787458147321,"[0.0, 13.751787458147321]",13.751787458147321,11.428571428571429,13.751787458147321,6.499999999999982,0,1,0,123.92051643133163,1.3751787458147321e-05,390,1,0
150,11,41,0,0,1,13.426878792898997,"[0.0, 13.426878792898997]",13.426878792898997,11.428571428571429,13.426878792898997,7.649999999999978,0,1,0,120.2291776612401,1.3426878792898997e-05,459,1,0
150,12,19,0,0,1,13.240323747907365,"[0.0, 13.240323747907365]",13.240323747907365,11.428571428571429,13.240323747907365,6.949999999999981,0,1,0,120.63690607249737,1.3240323747907365e-05,417,1,0
150,13,61,0,0,1,12.857142857142856,"[0.0, 12.857142857142856]",12.857142857142856,11.428571428571429,12.857142857142856,6.349999999999983,0,1,0,118.20059143006802,1.2857142857142856e-05,381,1,0
150,14,63,0,0,1,11.408546992710658,"[0.0, 11.408546992710658]",11.408546992710658,8.571428571428571,11.408546992710658,5.7666666666666515,0,1,0,99.78355552256107,1.1408546992710658e-05,346,1,0
150,15,29,0,0,1,11.33770261492048,"[0.0, 11.33770261492048]",11.33770261492048,8.571428571428571,11.33770261492048,5.833333333333318,0,1,0,100.28765493631363,1.1337702614920479e-05,350,1,0
150,16,58,0,0,1,11.041611262730191,"[0.0, 11.041611262730191]",11.041611262730191,8.571428571428571,11.041611262730191,5.116666666666654,0,1,0,95.75883755087852,1.104161126273019e-05,307,1,0
150,17,9,0,0,1,10.625035422188896,"[0.0, 10.625035422188896]",10.625035422188896,8.571428571428571,10.625035422188896,3.4499999999999926,0,1,0,91.94615831971169,1.0625035422188897e-05,207,1,0
150,18,43,0,0,1,10.465284075055802,"[0.0, 10.465284075055802]",10.465284075055802,8.571428571428571,10.465284075055802,5.599999999999985,0,1,0,95.40841081738472,1.0465284075055802e-05,336,1,0
150,19,59,0,0,1,10.455973488943918,"[0.0, 10.455973488943918]",10.455973488943918,8.571428571428571,10.455973488943918,5.466666666666653,0,1,0,92.87834386527538,1.0455973488943918e-05,328,1,0
150,20,53,0,0,1,10.271977015904017,"[0.0, 10.271977015904017]",10.271977015904017,8.571428571428571,10.271977015904017,5.499999999999986,0,1,0,92.48218005895615,1.0271977015904017e-05,330,1,0
150,21,34,0,0,1,10.001029968261719,"[0.0, 10.001029968261719]",10.001029968261719,8.571428571428571,10.001029968261719,5.6833333333333185,0,1,0,93.12064063549042,1.000102996826172e-05,341,1,0
150,22,15,0,0,1,9.955662318638394,"[0.0, 9.955662318638394]",9.955662318638394,8.571428571428571,9.955662318638394,3.3166666666666598,0,1,0,87.59457096457481,9.955662318638394e-06,199,1,0
150,23,55,0,0,1,9.502506256103516,"[0.0, 9.502506256103516]",9.502506256103516,8.571428571428571,9.502506256103516,3.3666666666666596,0,1,0,85.47217847406864,9.502506256103516e-06,202,1,0
150,24,20,0,0,1,9.254872458321707,"[0.0, 9.254872458321707]",9.254872458321707,8.571428571428571,9.254872458321707,5.2166666666666535,0,1,0,86.94834081828594,9.254872458321706e-06,313,1,0
150,25,57,0,0,1,9.09628186907087,"[0.0, 9.09628186907087]",9.09628186907087,8.571428571428571,9.09628186907087,3.183333333333327,0,1,0,82.06296868622303,9.09628186907087e-06,191,1,0
150,26,48,0,0,1,9.026099613734655,"[0.0, 9.026099613734655]",9.026099613734655,8.571428571428571,9.026099613734655,3.383333333333326,0,1,0,83.14152255654335,9.026099613734655e-06,203,1,0
150,27,47,0,0,1,8.964195251464844,"[0.0, 8.964195251464844]",8.964195251464844,8.571428571428571,8.964195251464844,3.21666666666666,0,1,0,83.43298724293709,8.964195251464844e-06,193,1,0
150,28,45,0,0,1,8.816890716552734,"[0.0, 8.816890716552734]",8.816890716552734,8.571428571428571,8.816890716552734,3.349999999999993,0,1,0,83.2524436712265,8.816890716552734e-06,201,1,0
150,29,36,0,0,1,8.738436017717634,"[0.0, 8.738436017717634]",8.738436017717634,8.571428571428571,8.738436017717634,3.1499999999999937,0,1,0,80.70243655145168,8.738436017717633e-06,189,1,0
150,30,22,0,0,1,8.656185695103238,"[0.0, 8.656185695103238]",8.656185695103238,8.571428571428571,8.656185695103238,3.1499999999999937,0,1,0,80.7024337798357,8.656185695103239e-06,189,1,0
150,31,54,0,0,1,8.38646752493722,"[0.0, 8.38646752493722]",8.38646752493722,5.714285714285714,8.38646752493722,4.099999999999991,0,1,0,83.05867698788643,8.38646752493722e-06,246,1,0
150,32,44,0,0,1,8.281822204589844,"[0.0, 8.281822204589844]",8.281822204589844,5.714285714285714,8.281822204589844,5.416666666666653,0,1,0,81.2100600451231,8.281822204589844e-06,325,1,0
150,33,27,0,0,0,8.2284300667899,"[0.0, 8.2284300667899]",8.2284300667899,5.714285714285714,8.2284300667899,3.133333333333327,0,1,0,79.40742580592632,8.2284300667899e-06,188,1,0
150,34,42,0,0,0,8.0999755859375,"[0.0, 8.0999755859375]",8.0999755859375,5.714285714285714,8.0999755859375,3.1166666666666605,0,1,0,79.35103987157345,8.0999755859375e-06,187,1,0
150,35,50,0,0,0,8.030131203787667,"[0.0, 8.030131203787667]",8.030131203787667,5.714285714285714,8.030131203787667,3.26666666666666,0,1,0,79.37736882269382,8.030131203787666e-06,196,1,0
150,36,32,0,0,0,7.9974228995186945,"[0.0, 7.9974228995186945]",7.9974228995186945,5.714285714285714,7.9974228995186945,4.716666666666655,0,1,0,79.81297504156828,7.997422899518694e-06,283,1,0
150,37,60,0,0,0,7.975891658238002,"[0.0, 7.975891658238002]",7.975891658238002,5.714285714285714,7.975891658238002,4.533333333333323,0,1,0,79.20583415776491,7.975891658238002e-06,272,1,0
150,38,21,0,0,0,7.892189025878907,"[0.0, 7.892189025878907]",7.892189025878907,5.714285714285714,7.892189025878907,3.049999999999994,0,1,0,76.675855666399,7.892189025878907e-06,183,1,0
150,39,52,0,0,0,7.761693681989397,"[0.0, 7.761693681989397]",7.761693681989397,5.714285714285714,7.761693681989397,3.0666666666666607,0,1,0,77.34146516025066,7.761693681989397e-06,184,1,0
150,40,17,0,0,0,7.645092010498048,"[0.0, 7.645092010498048]",7.645092010498048,5.714285714285714,7.645092010498048,3.016666666666661,0,1,0,75.35142080485821,7.645092010498047e-06,181,1,0
150,41,11,0,0,0,7.522822788783483,"[0.0, 7.522822788783483]",7.522822788783483,5.714285714285714,7.522822788783483,3.0333333333333274,0,1,0,76.01277920603752,7.522822788783483e-06,182,1,0
150,42,10,0,0,0,7.4198777335030695,"[0.0, 7.4198777335030695]",7.4198777335030695,5.714285714285714,7.4198777335030695,3.1166666666666605,0,1,0,75.1599759310484,7.419877733503069e-06,187,1,0
150,43,62,0,0,0,7.368714468819755,"[0.0, 7.368714468819755]",7.368714468819755,5.714285714285714,7.368714468819755,3.516666666666659,0,1,0,74.87503254413605,7.368714468819755e-06,211,1,0
150,44,12,0,0,0,7.33389173235212,"[0.0, 7.33389173235212]",7.33389173235212,5.714285714285714,7.33389173235212,2.9833333333333276,0,1,0,74.03743696212769,7.3338917323521195e-06,179,1,0
150,45,37,0,0,0,7.1357945033482135,"[0.0, 7.1357945033482135]",7.1357945033482135,5.714285714285714,7.1357945033482135,2.749999999999995,0,1,0,65.09796833992004,7.135794503348213e-06,165,1,0
150,46,46,0,0,0,6.23518807547433,"[0.0, 6.23518807547433]",6.23518807547433,5.714285714285714,6.23518807547433,7.316666666666646,0,1,0,57.64695891739393,6.23518807547433e-06,439,1,0
150,47,13,0,0,0,5.909925188337054,"[0.0, 5.909925188337054]",5.909925188337054,5.714285714285714,5.909925188337054,3.9666666666666575,0,1,0,54.4022326990962,5.909925188337054e-06,238,1,0
150,48,51,0,0,0,5.880116053989956,"[0.0, 5.880116053989956]",5.880116053989956,5.714285714285714,5.880116053989956,2.499999999999996,0,1,0,52.35570865869522,5.880116053989956e-06,150,1,0
150,49,24,0,0,0,5.743915012904576,"[0.0, 5.743915012904576]",5.743915012904576,5.714285714285714,5.743915012904576,3.7166666666666583,0,1,0,51.71964919567108,5.743915012904576e-06,223,1,0
150,50,33,0,0,0,5.73469979422433,"[0.0, 5.73469979422433]",5.73469979422433,5.714285714285714,5.73469979422433,3.6999999999999917,0,1,0,51.61837401241064,5.73469979422433e-06,222,1,0
150,51,49,0,0,0,5.699255807059152,"[0.0, 5.699255807059152]",5.699255807059152,2.857142857142857,5.699255807059152,2.33333333333333,0,1,0,50.3174584954977,5.699255807059152e-06,140,1,0
150,52,31,0,0,0,5.592068263462611,"[0.0, 5.592068263462611]",5.592068263462611,2.857142857142857,5.592068263462611,2.2999999999999967,0,1,0,49.20275370776653,5.592068263462611e-06,138,1,0
150,53,23,0,0,0,5.569359915597098,"[0.0, 5.569359915597098]",5.569359915597098,2.857142857142857,5.569359915597098,2.28333333333333,0,1,0,48.64909145236015,5.569359915597098e-06,137,1,0
150,54,14,0,0,0,5.461796351841517,"[0.0, 5.461796351841517]",5.461796351841517,2.857142857142857,5.461796351841517,2.2666666666666635,0,1,0,47.61116571724415,5.461796351841517e-06,136,1,0
150,55,25,0,0,0,5.414766584123884,"[0.0, 5.414766584123884]",5.414766584123884,2.857142857142857,5.414766584123884,2.2333333333333303,0,1,0,47.003931894898415,5.414766584123884e-06,134,1,0
150,56,16,0,0,0,5.342995779854911,"[0.0, 5.342995779854911]",5.342995779854911,2.857142857142857,5.342995779854911,6.183333333333317,0,1,0,45.470194988462026,5.342995779854911e-06,371,1,0
150,57,40,0,0,0,5.04171643938337,"[0.0, 5.04171643938337]",5.04171643938337,2.857142857142857,5.04171643938337,2.083333333333331,0,1,0,42.208651289343834,5.04171643938337e-06,125,1,0
150,58,35,0,0,0,5.023869105747767,"[0.0, 5.023869105747767]",5.023869105747767,2.857142857142857,5.023869105747767,2.7666666666666617,0,1,0,43.05444960296154,5.023869105747767e-06,166,1,0
150,59,38,0,0,0,4.771875653948102,"[0.0, 4.771875653948102]",4.771875653948102,2.857142857142857,4.771875653948102,2.4833333333333294,0,1,0,39.94832770526409,4.771875653948102e-06,149,1,0
150,60,30,0,0,0,3.6790139334542413,"[0.0, 3.6790139334542413]",3.6790139334542413,2.857142857142857,3.6790139334542413,4.383333333333323,0,1,0,25.41858196615067,3.679013933454241e-06,263,1,0
150,61,28,0,0,0,2.563253130231585,"[0.0, 2.563253130231585]",2.563253130231585,0.0,2.563253130231585,6.11666666666665,0,1,0,16.90842250129208,2.5632531302315853e-06,367,1,0
150,62,26,0,0,0,1.9136646815708707,"[0.0, 1.9136646815708707]",1.9136646815708707,0.0,1.9136646815708707,5.016666666666654,0,1,0,5.573811600268527,1.9136646815708707e-06,301,1,0
150,63,8,0,0,0,1.875817435128348,"[0.0, 1.875817435128348]",1.875817435128348,0.0,1.875817435128348,5.016666666666654,0,1,0,5.1734803090803325,1.875817435128348e-06,301,1,0
150,64,18,0,0,0,1.8739754813058034,"[0.0, 1.8739754813058034]",1.8739754813058034,0.0,1.8739754813058034,5.016666666666654,0,1,0,5.175681932421867,1.8739754813058033e-06,301,1,0
151,1,0,0,1,1,15.163961138044085,"[0.0, 15.163961138044085]",15.163961138044085,14.285714285714285,15.163961138044085,8.11666666666665,0,1,0,136.29476400464773,1.5163961138044086e-05,487,1,0
151,2,1,0,1,1,15.066795349121092,"[0.0, 15.066795349121092]",15.066795349121092,14.285714285714285,15.066795349121092,7.566666666666645,0,1,0,135.02477331459522,1.5066795349121091e-05,454,1,0
151,3,2,0,1,1,14.876785278320312,"[0.0, 14.876785278320312]",14.876785278320312,14.285714285714285,14.876785278320312,6.683333333333315,0,1,0,130.98957343399525,1.4876785278320312e-05,401,1,0
151,4,3,0,1,1,14.835935320172991,"[0.0, 14.835935320172991]",14.835935320172991,14.285714285714285,14.835935320172991,6.599999999999982,0,1,0,130.0773195773363,1.4835935320172991e-05,396,1,0
151,5,4,0,1,1,14.829123360770089,"[0.0, 14.829123360770089]",14.829123360770089,14.285714285714285,14.829123360770089,6.649999999999982,0,1,0,131.92688977718353,1.4829123360770089e-05,399,1,0
151,6,5,0,1,1,14.805450439453125,"[0.0, 14.805450439453125]",14.805450439453125,14.285714285714285,14.805450439453125,6.799999999999981,0,1,0,130.63595613837242,1.4805450439453125e-05,408,1,0
151,7,6,0,1,1,14.784927368164064,"[0.0, 14.784927368164064]",14.784927368164064,14.285714285714285,14.784927368164064,6.6166666666666485,0,1,0,128.45835034549236,1.4784927368164065e-05,397,1,0
151,8,7,0,1,1,14.739679609026227,"[0.0, 14.739679609026227]",14.739679609026227,14.285714285714285,14.739679609026227,6.449999999999982,0,1,0,128.145443379879,1.4739679609026228e-05,387,1,0
151,9,29,0,0,1,14.719679696219309,"[0.0, 14.719679696219309]",14.719679696219309,14.285714285714285,14.719679696219309,6.733333333333315,0,1,0,128.65442810952663,1.4719679696219309e-05,404,1,0
151,10,11,0,0,1,14.538732256208148,"[0.0, 14.538732256208148]",14.538732256208148,14.285714285714285,14.538732256208148,6.6166666666666485,0,1,0,131.2792518287897,1.4538732256208147e-05,397,1,0
151,11,25,0,0,1,14.46990966796875,"[0.0, 14.46990966796875]",14.46990966796875,14.285714285714285,14.46990966796875,6.633333333333315,0,1,0,127.62603971362114,1.446990966796875e-05,398,1,0
151,12,22,0,0,1,14.207954406738283,"[0.0, 14.207954406738283]",14.207954406738283,11.428571428571429,14.207954406738283,6.5333333333333155,0,1,0,128.84261138737202,1.4207954406738283e-05,392,1,0
151,13,59,0,0,1,14.006647382463727,"[0.0, 14.006647382463727]",14.006647382463727,11.428571428571429,14.006647382463727,6.899999999999981,0,1,0,125.11126307398081,1.4006647382463727e-05,414,1,0
151,14,34,0,0,1,11.571407318115234,"[0.0, 11.571407318115234]",11.571407318115234,11.428571428571429,11.571407318115234,9.1166666666667,0,1,0,96.47009509601776,1.1571407318115234e-05,547,1,0
151,15,57,0,0,1,11.442835671561106,"[0.0, 11.442835671561106]",11.442835671561106,11.428571428571429,11.442835671561106,5.799999999999985,0,1,0,101.48575294017792,1.1442835671561106e-05,348,1,0
151,16,50,0,0,1,11.190814971923828,"[0.0, 11.190814971923828]",11.190814971923828,8.571428571428571,11.190814971923828,5.699999999999985,0,1,0,97.71044580638409,1.1190814971923828e-05,342,1,0
151,17,19,0,0,1,10.776446206229073,"[0.0, 10.776446206229073]",10.776446206229073,8.571428571428571,10.776446206229073,3.433333333333326,0,1,0,92.55153794586658,1.0776446206229073e-05,206,1,0
151,18,8,0,0,1,10.54743903023856,"[0.0, 10.54743903023856]",10.54743903023856,8.571428571428571,10.54743903023856,5.516666666666652,0,1,0,93.26965722441673,1.0547439030238561e-05,331,1,0
151,19,47,0,0,1,10.446771894182477,"[0.0, 10.446771894182477]",10.446771894182477,8.571428571428571,10.446771894182477,5.583333333333319,0,1,0,95.414466381073,1.0446771894182478e-05,335,1,0
151,20,62,0,0,1,10.28648921421596,"[0.0, 10.28648921421596]",10.28648921421596,8.571428571428571,10.28648921421596,5.599999999999985,0,1,0,93.49123738706112,1.028648921421596e-05,336,1,0
151,21,35,0,0,1,10.212312425885882,"[0.0, 10.212312425885882]",10.212312425885882,8.571428571428571,10.212312425885882,3.3333333333333264,0,1,0,87.98736810684204,1.0212312425885882e-05,200,1,0
151,22,24,0,0,1,10.101618085588727,"[0.0, 10.101618085588727]",10.101618085588727,8.571428571428571,10.101618085588727,5.499999999999986,0,1,0,92.73974850773811,1.0101618085588728e-05,330,1,0
151,23,38,0,0,1,9.955493382045201,"[0.0, 9.955493382045201]",9.955493382045201,8.571428571428571,9.955493382045201,5.516666666666652,0,1,0,93.66759005188942,9.9554933820452e-06,331,1,0
151,24,18,0,0,1,9.951234545026507,"[0.0, 9.951234545026507]",9.951234545026507,8.571428571428571,9.951234545026507,3.3166666666666598,0,1,0,87.59456408023834,9.951234545026506e-06,199,1,0
151,25,32,0,0,1,9.887147630964007,"[0.0, 9.887147630964007]",9.887147630964007,8.571428571428571,9.887147630964007,5.466666666666653,0,1,0,91.54800409078598,9.887147630964006e-06,328,1,0
151,26,54,0,0,1,9.795570373535156,"[0.0, 9.795570373535156]",9.795570373535156,8.571428571428571,9.795570373535156,5.416666666666653,0,1,0,90.6450617313385,9.795570373535156e-06,325,1,0
151,27,61,0,0,1,9.550803048270089,"[0.0, 9.550803048270089]",9.550803048270089,8.571428571428571,9.550803048270089,5.23333333333332,0,1,0,86.54189117252827,9.550803048270088e-06,314,1,0
151,28,20,0,0,1,9.45195061819894,"[0.0, 9.45195061819894]",9.45195061819894,8.571428571428571,9.45195061819894,5.33333333333332,0,1,0,90.51584629714489,9.45195061819894e-06,320,1,0
151,29,46,0,0,1,9.385787418910436,"[0.0, 9.385787418910436]",9.385787418910436,8.571428571428571,9.385787418910436,3.566666666666659,0,1,0,85.99269516766071,9.385787418910436e-06,214,1,0
151,30,58,0,0,1,9.378179822649274,"[0.0, 9.378179822649274]",9.378179822649274,8.571428571428571,9.378179822649274,4.149999999999991,0,1,0,87.25166906416416,9.378179822649275e-06,249,1,0
151,31,52,0,0,1,9.152744838169642,"[0.0, 9.152744838169642]",9.152744838169642,8.571428571428571,9.152744838169642,5.3833333333333195,0,1,0,89.01078660786152,9.152744838169642e-06,323,1,0
151,32,40,0,0,1,9.04588154384068,"[0.0, 9.04588154384068]",9.04588154384068,8.571428571428571,9.04588154384068,3.1999999999999935,0,1,0,82.74697761237621,9.04588154384068e-06,192,1,0
151,33,53,0,0,0,9.028233119419642,"[0.0, 9.028233119419642]",9.028233119419642,8.571428571428571,9.028233119419642,3.21666666666666,0,1,0,83.17776209115982,9.028233119419643e-06,193,1,0
151,34,51,0,0,0,8.90284674508231,"[0.0, 8.90284674508231]",8.90284674508231,8.571428571428571,8.90284674508231,3.1499999999999937,0,1,0,80.70262905955315,8.902846745082311e-06,189,1,0
151,35,17,0,0,0,8.553643907819474,"[0.0, 8.553643907819474]",8.553643907819474,5.714285714285714,8.553643907819474,3.7833333333333248,0,1,0,82.50187988579273,8.553643907819474e-06,227,1,0
151,36,31,0,0,0,8.504314422607422,"[0.0, 8.504314422607422]",8.504314422607422,5.714285714285714,8.504314422607422,3.133333333333327,0,1,0,80.02557753026485,8.504314422607422e-06,188,1,0
151,37,36,0,0,0,8.428851536342076,"[0.0, 8.428851536342076]",8.428851536342076,5.714285714285714,8.428851536342076,5.749999999999985,0,1,0,59.340065613389015,8.428851536342076e-06,345,1,0
151,38,21,0,0,0,8.410889761788505,"[0.0, 8.410889761788505]",8.410889761788505,5.714285714285714,8.410889761788505,5.783333333333318,0,1,0,59.00056887418032,8.410889761788504e-06,347,1,0
151,39,45,0,0,0,8.285190037318639,"[0.0, 8.285190037318639]",8.285190037318639,5.714285714285714,8.285190037318639,4.099999999999991,0,1,0,56.25070232897997,8.28519003731864e-06,246,1,0
151,40,39,0,0,0,8.010815211704799,"[0.0, 8.010815211704799]",8.010815211704799,5.714285714285714,8.010815211704799,3.099999999999994,0,1,0,78.44616569578648,8.010815211704798e-06,186,1,0
151,41,23,0,0,0,7.804878779820033,"[0.0, 7.804878779820033]",7.804878779820033,5.714285714285714,7.804878779820033,3.0833333333333273,0,1,0,78.00893817842007,7.804878779820033e-06,185,1,0
151,42,56,0,0,0,7.175039563860213,"[0.0, 7.175039563860213]",7.175039563860213,5.714285714285714,7.175039563860213,2.933333333333328,0,1,0,72.08299620449543,7.175039563860212e-06,176,1,0
151,43,42,0,0,0,7.142857142857142,"[0.0, 7.142857142857142]",7.142857142857142,5.714285714285714,7.142857142857142,2.883333333333328,0,1,0,68.57166829705238,7.142857142857143e-06,173,1,0
151,44,27,0,0,0,6.47223881312779,"[0.0, 6.47223881312779]",6.47223881312779,5.714285714285714,6.47223881312779,7.316666666666646,0,1,0,57.63265242552734,6.47223881312779e-06,439,1,0
151,45,30,0,0,0,6.424337114606585,"[0.0, 6.424337114606585]",6.424337114606585,5.714285714285714,6.424337114606585,7.366666666666646,0,1,0,58.58215404047223,6.424337114606585e-06,442,1,0
151,46,12,0,0,0,6.342582702636719,"[0.0, 6.342582702636719]",6.342582702636719,5.714285714285714,6.342582702636719,7.316666666666646,0,1,0,57.63305412857153,6.342582702636719e-06,439,1,0
151,47,13,0,0,0,6.322659083775112,"[0.0, 6.322659083775112]",6.322659083775112,5.714285714285714,6.322659083775112,7.366666666666646,0,1,0,58.581984481570544,6.322659083775112e-06,442,1,0
151,48,14,0,0,0,6.25800541469029,"[0.0, 6.25800541469029]",6.25800541469029,5.714285714285714,6.25800541469029,7.316666666666646,0,1,0,57.742579512967495,6.25800541469029e-06,439,1,0
151,49,41,0,0,0,5.980268205915178,"[0.0, 5.980268205915178]",5.980268205915178,5.714285714285714,5.980268205915178,4.049999999999991,0,1,0,55.313797667622566,5.980268205915178e-06,243,1,0
151,50,15,0,0,0,5.949489048549108,"[0.0, 5.949489048549108]",5.949489048549108,5.714285714285714,5.949489048549108,4.149999999999991,0,1,0,54.431543715298176,5.949489048549107e-06,249,1,0
151,51,37,0,0,0,5.773773193359375,"[0.0, 5.773773193359375]",5.773773193359375,5.714285714285714,5.773773193359375,3.7999999999999914,0,1,0,52.44434425979853,5.773773193359375e-06,228,1,0
151,52,16,0,0,0,5.745271955217634,"[0.0, 5.745271955217634]",5.745271955217634,5.714285714285714,5.745271955217634,2.3499999999999965,0,1,0,50.87884093821049,5.745271955217634e-06,141,1,0
151,53,9,0,0,0,5.626999991280692,"[0.0, 5.626999991280692]",5.626999991280692,2.857142857142857,5.626999991280692,3.516666666666659,0,1,0,50.24807018041611,5.626999991280692e-06,211,1,0
151,54,26,0,0,0,5.472673688616071,"[0.0, 5.472673688616071]",5.472673688616071,2.857142857142857,5.472673688616071,2.2666666666666635,0,1,0,47.85210479795933,5.472673688616071e-06,136,1,0
151,55,60,0,0,0,5.360025678362165,"[0.0, 5.360025678362165]",5.360025678362165,2.857142857142857,5.360025678362165,3.1499999999999937,0,1,0,47.07069428265095,5.360025678362165e-06,189,1,0
151,56,55,0,0,0,5.123345511300223,"[0.0, 5.123345511300223]",5.123345511300223,2.857142857142857,5.123345511300223,2.799999999999995,0,1,0,44.099126771092415,5.123345511300223e-06,168,1,0
151,57,44,0,0,0,5.109879629952567,"[0.0, 5.109879629952567]",5.109879629952567,2.857142857142857,5.109879629952567,6.049999999999984,0,1,0,42.82000772029278,5.109879629952567e-06,363,1,0
151,58,33,0,0,0,5.046621050153459,"[0.0, 5.046621050153459]",5.046621050153459,2.857142857142857,5.046621050153459,2.7833333333333283,0,1,0,43.25893770158291,5.0466210501534595e-06,167,1,0
151,59,48,0,0,0,4.742704119001116,"[0.0, 4.742704119001116]",4.742704119001116,2.857142857142857,4.742704119001116,2.0999999999999974,0,1,0,39.589132979512215,4.742704119001116e-06,126,1,0
151,60,63,0,0,0,2.9980359758649553,"[0.0, 2.9980359758649553]",2.9980359758649553,2.857142857142857,2.9980359758649553,6.183333333333317,0,1,0,33.0522603863501,2.9980359758649554e-06,371,1,0
151,61,28,0,0,0,2.7415248325892856,"[0.0, 2.7415248325892856]",2.7415248325892856,0.0,2.7415248325892856,5.016666666666654,0,1,0,14.961303931573639,2.7415248325892857e-06,301,1,0
151,62,43,0,0,0,2.108121599469866,"[0.0, 2.108121599469866]",2.108121599469866,0.0,2.108121599469866,5.016666666666654,0,1,0,7.705592922749929,2.108121599469866e-06,301,1,0
151,63,10,0,0,0,2.107173374720982,"[0.0, 2.107173374720982]",2.107173374720982,0.0,2.107173374720982,5.016666666666654,0,1,0,7.706255218028673,2.1071733747209823e-06,301,1,0
151,64,49,0,0,0,1.8736921037946428,"[0.0, 1.8736921037946428]",1.8736921037946428,0.0,1.8736921037946428,5.016666666666654,0,1,0,5.175469092617277,1.873692103794643e-06,301,1,0
152,1,0,0,1,1,15.163961138044085,"[0.0, 15.163961138044085]",15.163961138044085,14.285714285714285,15.163961138044085,8.11666666666665,0,1,0,136.29476400464773,1.5163961138044086e-05,487,1,0
152,2,1,0,1,1,15.066795349121092,"[0.0, 15.066795349121092]",15.066795349121092,14.285714285714285,15.066795349121092,7.566666666666645,0,1,0,135.02477331459522,1.5066795349121091e-05,454,1,0
152,3,30,0,1,1,14.890954153878347,"[0.0, 14.890954153878347]",14.890954153878347,14.285714285714285,14.890954153878347,7.183333333333313,0,1,0,132.68868400156498,1.4890954153878347e-05,431,1,0
152,4,2,0,1,1,14.876785278320312,"[0.0, 14.876785278320312]",14.876785278320312,14.285714285714285,14.876785278320312,6.683333333333315,0,1,0,130.98957343399525,1.4876785278320312e-05,401,1,0
152,5,3,0,1,1,14.835935320172991,"[0.0, 14.835935320172991]",14.835935320172991,14.285714285714285,14.835935320172991,6.599999999999982,0,1,0,130.0773195773363,1.4835935320172991e-05,396,1,0
152,6,26,0,1,1,14.834333147321429,"[0.0, 14.834333147321429]",14.834333147321429,14.285714285714285,14.834333147321429,6.666666666666648,0,1,0,129.02267168462276,1.4834333147321428e-05,400,1,0
152,7,4,0,1,1,14.829123360770089,"[0.0, 14.829123360770089]",14.829123360770089,14.285714285714285,14.829123360770089,6.649999999999982,0,1,0,131.92688977718353,1.4829123360770089e-05,399,1,0
152,8,5,0,1,1,14.805450439453125,"[0.0, 14.805450439453125]",14.805450439453125,14.285714285714285,14.805450439453125,6.799999999999981,0,1,0,130.63595613837242,1.4805450439453125e-05,408,1,0
152,9,6,0,0,1,14.784927368164064,"[0.0, 14.784927368164064]",14.784927368164064,14.285714285714285,14.784927368164064,6.6166666666666485,0,1,0,128.45835034549236,1.4784927368164065e-05,397,1,0
152,10,7,0,0,1,14.739679609026227,"[0.0, 14.739679609026227]",14.739679609026227,14.285714285714285,14.739679609026227,6.449999999999982,0,1,0,128.145443379879,1.4739679609026228e-05,387,1,0
152,11,61,0,0,1,14.73626273018973,"[0.0, 14.73626273018973]",14.73626273018973,14.285714285714285,14.73626273018973,6.633333333333315,0,1,0,130.70953007042408,1.473626273018973e-05,398,1,0
152,12,49,0,0,1,14.46619851248605,"[0.0, 14.46619851248605]",14.46619851248605,14.285714285714285,14.46619851248605,6.499999999999982,0,1,0,129.8251259624958,1.446619851248605e-05,390,1,0
152,13,15,0,0,1,14.240003313337054,"[0.0, 14.240003313337054]",14.240003313337054,11.428571428571429,14.240003313337054,6.566666666666649,0,1,0,128.00054554641247,1.4240003313337054e-05,394,1,0
152,14,19,0,0,1,14.131698608398438,"[0.0, 14.131698608398438]",14.131698608398438,11.428571428571429,14.131698608398438,7.04999999999998,0,1,0,125.20399290323257,1.4131698608398438e-05,423,1,0
152,15,38,0,0,1,14.044510977608818,"[0.0, 14.044510977608818]",14.044510977608818,11.428571428571429,14.044510977608818,6.6999999999999815,0,1,0,127.26075498759747,1.4044510977608817e-05,402,1,0
152,16,60,0,0,1,13.843302045549667,"[0.0, 13.843302045549667]",13.843302045549667,11.428571428571429,13.843302045549667,6.516666666666649,0,1,0,126.7275218963623,1.3843302045549667e-05,391,1,0
152,17,29,0,0,1,13.820642743791852,"[0.0, 13.820642743791852]",13.820642743791852,11.428571428571429,13.820642743791852,9.816666666666734,0,1,0,130.62505563390732,1.3820642743791853e-05,589,1,0
152,18,10,0,0,1,13.356513977050783,"[0.0, 13.356513977050783]",13.356513977050783,11.428571428571429,13.356513977050783,6.383333333333316,0,1,0,121.4764562100172,1.3356513977050782e-05,383,1,0
152,19,59,0,0,1,12.963692801339285,"[0.0, 12.963692801339285]",12.963692801339285,11.428571428571429,12.963692801339285,6.383333333333316,0,1,0,117.69995374977589,1.2963692801339285e-05,383,1,0
152,20,45,0,0,1,11.447876521519254,"[0.0, 11.447876521519254]",11.447876521519254,11.428571428571429,11.447876521519254,5.983333333333317,0,1,0,102.92633683979511,1.1447876521519253e-05,359,1,0
152,21,50,0,0,1,10.766898563929967,"[0.0, 10.766898563929967]",10.766898563929967,8.571428571428571,10.766898563929967,5.883333333333318,0,1,0,101.35498690605164,1.0766898563929967e-05,353,1,0
152,22,52,0,0,1,10.632517678397042,"[0.0, 10.632517678397042]",10.632517678397042,8.571428571428571,10.632517678397042,5.583333333333319,0,1,0,94.86865338683128,1.0632517678397041e-05,335,1,0
152,23,54,0,0,1,10.626517704554967,"[0.0, 10.626517704554967]",10.626517704554967,8.571428571428571,10.626517704554967,3.6166666666666587,0,1,0,91.0325972288847,1.0626517704554967e-05,217,1,0
152,24,48,0,0,1,10.37064688546317,"[0.0, 10.37064688546317]",10.37064688546317,8.571428571428571,10.37064688546317,5.483333333333319,0,1,0,92.74121554195881,1.037064688546317e-05,329,1,0
152,25,44,0,0,1,10.289549146379743,"[0.0, 10.289549146379743]",10.289549146379743,8.571428571428571,10.289549146379743,3.3666666666666596,0,1,0,89.70598720014095,1.0289549146379742e-05,202,1,0
152,26,34,0,0,1,10.127882276262557,"[0.0, 10.127882276262557]",10.127882276262557,8.571428571428571,10.127882276262557,3.866666666666658,0,1,0,89.51129347085953,1.0127882276262558e-05,232,1,0
152,27,18,0,0,1,9.833412170410156,"[0.0, 9.833412170410156]",9.833412170410156,8.571428571428571,9.833412170410156,5.33333333333332,0,1,0,89.08591189980507,9.833412170410157e-06,320,1,0
152,28,28,0,0,1,9.81987816946847,"[0.0, 9.81987816946847]",9.81987816946847,8.571428571428571,9.81987816946847,5.3833333333333195,0,1,0,93.13015450537205,9.81987816946847e-06,323,1,0
152,29,40,0,0,1,9.797799246651785,"[0.0, 9.797799246651785]",9.797799246651785,8.571428571428571,9.797799246651785,3.2833333333333266,0,1,0,86.19840033352375,9.797799246651785e-06,197,1,0
152,30,31,0,0,1,9.745979309082031,"[0.0, 9.745979309082031]",9.745979309082031,8.571428571428571,9.745979309082031,4.683333333333322,0,1,0,89.69887892901897,9.745979309082031e-06,281,1,0
152,31,53,0,0,1,9.732039315359934,"[0.0, 9.732039315359934]",9.732039315359934,8.571428571428571,9.732039315359934,3.9333333333333242,0,1,0,86.83970957994461,9.732039315359934e-06,236,1,0
152,32,57,0,0,1,9.717330932617188,"[0.0, 9.717330932617188]",9.717330932617188,8.571428571428571,9.717330932617188,5.366666666666653,0,1,0,90.78524325788021,9.717330932617188e-06,322,1,0
152,33,43,0,0,0,9.701647077287946,"[0.0, 9.701647077287946]",9.701647077287946,8.571428571428571,9.701647077287946,6.666666666666648,0,1,0,93.11497215554118,9.701647077287945e-06,400,1,0
152,34,11,0,0,0,9.541642325265066,"[0.0, 9.541642325265066]",9.541642325265066,8.571428571428571,9.541642325265066,3.2499999999999933,0,1,0,84.81117075681686,9.541642325265067e-06,195,1,0
152,35,17,0,0,0,8.975761958530972,"[0.0, 8.975761958530972]",8.975761958530972,8.571428571428571,8.975761958530972,3.21666666666666,0,1,0,83.43239840865135,8.975761958530972e-06,193,1,0
152,36,37,0,0,0,8.90812737601144,"[0.0, 8.90812737601144]",8.90812737601144,8.571428571428571,8.90812737601144,3.1999999999999935,0,1,0,82.74649812281132,8.90812737601144e-06,192,1,0
152,37,46,0,0,0,8.906612396240234,"[0.0, 8.906612396240234]",8.906612396240234,8.571428571428571,8.906612396240234,5.166666666666654,0,1,0,86.40854653716087,8.906612396240234e-06,310,1,0
152,38,33,0,0,0,8.731981004987443,"[0.0, 8.731981004987443]",8.731981004987443,8.571428571428571,8.731981004987443,3.1999999999999935,0,1,0,82.12150309979916,8.731981004987442e-06,192,1,0
152,39,22,0,0,0,8.549750191824778,"[0.0, 8.549750191824778]",8.549750191824778,5.714285714285714,8.549750191824778,3.1499999999999937,0,1,0,80.30155201256275,8.549750191824777e-06,189,1,0
152,40,9,0,0,0,8.514870234898158,"[0.0, 8.514870234898158]",8.514870234898158,5.714285714285714,8.514870234898158,3.1666666666666603,0,1,0,81.38158638775349,8.514870234898159e-06,190,1,0
152,41,8,0,0,0,8.408639090401786,"[0.0, 8.408639090401786]",8.408639090401786,5.714285714285714,8.408639090401786,3.183333333333327,0,1,0,80.30607634782791,8.408639090401786e-06,191,1,0
152,42,36,0,0,0,8.301508767264231,"[0.0, 8.301508767264231]",8.301508767264231,5.714285714285714,8.301508767264231,5.149999999999987,0,1,0,82.5946377813816,8.301508767264231e-06,309,1,0
152,43,14,0,0,0,8.267075674874443,"[0.0, 8.267075674874443]",8.267075674874443,5.714285714285714,8.267075674874443,3.133333333333327,0,1,0,80.02574191987514,8.267075674874443e-06,188,1,0
152,44,12,0,0,0,8.04006576538086,"[0.0, 8.04006576538086]",8.04006576538086,5.714285714285714,8.04006576538086,3.1166666666666605,0,1,0,79.35109743475914,8.040065765380859e-06,187,1,0
152,45,63,0,0,0,7.142857142857142,"[0.0, 7.142857142857142]",7.142857142857142,5.714285714285714,7.142857142857142,2.8666666666666614,0,1,0,68.93332961201668,7.142857142857143e-06,172,1,0
152,46,56,0,0,0,6.377710614885602,"[0.0, 6.377710614885602]",6.377710614885602,5.714285714285714,6.377710614885602,7.283333333333313,0,1,0,56.60595676014054,6.377710614885602e-06,437,1,0
152,47,41,0,0,0,6.370833260672433,"[0.0, 6.370833260672433]",6.370833260672433,5.714285714285714,6.370833260672433,4.699999999999989,0,1,0,56.58267068862915,6.370833260672433e-06,282,1,0
152,48,23,0,0,0,5.980535234723773,"[0.0, 5.980535234723773]",5.980535234723773,5.714285714285714,5.980535234723773,3.8333333333333246,0,1,0,55.14830923080444,5.980535234723772e-06,230,1,0
152,49,32,0,0,0,5.969194684709821,"[0.0, 5.969194684709821]",5.969194684709821,5.714285714285714,5.969194684709821,4.049999999999991,0,1,0,55.57502907514572,5.969194684709821e-06,243,1,0
152,50,35,0,0,0,5.875859941755023,"[0.0, 5.875859941755023]",5.875859941755023,5.714285714285714,5.875859941755023,3.8833333333333244,0,1,0,53.54245349764824,5.8758599417550225e-06,233,1,0
152,51,16,0,0,0,5.7152012416294635,"[0.0, 5.7152012416294635]",5.7152012416294635,5.714285714285714,5.7152012416294635,3.6166666666666587,0,1,0,51.2458044141531,5.715201241629464e-06,217,1,0
152,52,13,0,0,0,5.7083347865513385,"[0.0, 5.7083347865513385]",5.7083347865513385,2.857142857142857,5.7083347865513385,3.6666666666666585,0,1,0,51.36860091984272,5.708334786551339e-06,220,1,0
152,53,51,0,0,0,5.557686941964286,"[0.0, 5.557686941964286]",5.557686941964286,2.857142857142857,5.557686941964286,2.28333333333333,0,1,0,48.64946863055229,5.557686941964285e-06,137,1,0
152,54,55,0,0,0,5.5283355712890625,"[0.0, 5.5283355712890625]",5.5283355712890625,2.857142857142857,5.5283355712890625,7.183333333333313,0,1,0,54.70815467705688,5.528335571289062e-06,431,1,0
152,55,25,0,0,0,5.505943298339844,"[0.0, 5.505943298339844]",5.505943298339844,2.857142857142857,5.505943298339844,3.3333333333333264,0,1,0,48.73851406574249,5.505943298339843e-06,200,1,0
152,56,42,0,0,0,5.424483163016183,"[0.0, 5.424483163016183]",5.424483163016183,2.857142857142857,5.424483163016183,2.249999999999997,0,1,0,47.28987595438957,5.424483163016183e-06,135,1,0
152,57,62,0,0,0,5.135650634765625,"[0.0, 5.135650634765625]",5.135650634765625,2.857142857142857,5.135650634765625,2.4833333333333294,0,1,0,44.04375346004963,5.135650634765625e-06,149,1,0
152,58,58,0,0,0,5.091492789132254,"[0.0, 5.091492789132254]",5.091492789132254,2.857142857142857,5.091492789132254,2.833333333333328,0,1,0,43.80569799244404,5.091492789132254e-06,170,1,0
152,59,20,0,0,0,4.940681457519531,"[0.0, 4.940681457519531]",4.940681457519531,2.857142857142857,4.940681457519531,6.433333333333316,0,1,0,40.42842271505651,4.940681457519531e-06,386,1,0
152,60,47,0,0,0,4.425533839634486,"[0.0, 4.425533839634486]",4.425533839634486,2.857142857142857,4.425533839634486,2.2333333333333303,0,1,0,36.20988184213638,4.425533839634486e-06,134,1,0
152,61,27,0,0,0,2.8570611136300226,"[0.0, 2.8570611136300226]",2.8570611136300226,0.0,2.8570611136300226,5.116666666666654,0,1,0,33.1542360028252,2.8570611136300227e-06,307,1,0
152,62,24,0,0,0,2.1083341326032365,"[0.0, 2.1083341326032365]",2.1083341326032365,0.0,2.1083341326032365,5.016666666666654,0,1,0,7.795492134537199,2.1083341326032365e-06,301,1,0
152,63,21,0,0,0,2.1064649309430807,"[0.0, 2.1064649309430807]",2.1064649309430807,0.0,2.1064649309430807,5.016666666666654,0,1,0,7.712564359288081,2.1064649309430807e-06,301,1,0
152,64,39,0,0,0,1.2845666067940849,"[0.0, 1.2845666067940849]",1.2845666067940849,0.0,1.2845666067940849,5.016666666666654,0,1,0,18.949042489708518,1.2845666067940849e-06,301,1,0
153,1,0,0,1,1,15.163961138044085,"[0.0, 15.163961138044085]",15.163961138044085,14.285714285714285,15.163961138044085,8.11666666666665,0,1,0,136.29476400464773,1.5163961138044086e-05,487,1,0
153,2,1,0,1,1,15.066795349121092,"[0.0, 15.066795349121092]",15.066795349121092,14.285714285714285,15.066795349121092,7.566666666666645,0,1,0,135.02477331459522,1.5066795349121091e-05,454,1,0
153,3,39,0,1,1,15.024283272879465,"[0.0, 15.024283272879465]",15.024283272879465,14.285714285714285,15.024283272879465,7.09999999999998,0,1,0,132.49165210872889,1.5024283272879465e-05,426,1,0
153,4,2,0,1,1,14.890954153878347,"[0.0, 14.890954153878347]",14.890954153878347,14.285714285714285,14.890954153878347,7.183333333333313,0,1,0,132.68868400156498,1.4890954153878347e-05,431,1,0
153,5,3,0,1,1,14.876785278320312,"[0.0, 14.876785278320312]",14.876785278320312,14.285714285714285,14.876785278320312,6.683333333333315,0,1,0,130.98957343399525,1.4876785278320312e-05,401,1,0
153,6,4,0,1,1,14.835935320172991,"[0.0, 14.835935320172991]",14.835935320172991,14.285714285714285,14.835935320172991,6.599999999999982,0,1,0,130.0773195773363,1.4835935320172991e-05,396,1,0
153,7,5,0,1,1,14.834333147321429,"[0.0, 14.834333147321429]",14.834333147321429,14.285714285714285,14.834333147321429,6.666666666666648,0,1,0,129.02267168462276,1.4834333147321428e-05,400,1,0
153,8,6,0,1,1,14.829123360770089,"[0.0, 14.829123360770089]",14.829123360770089,14.285714285714285,14.829123360770089,6.649999999999982,0,1,0,131.92688977718353,1.4829123360770089e-05,399,1,0
153,9,7,0,0,1,14.805450439453125,"[0.0, 14.805450439453125]",14.805450439453125,14.285714285714285,14.805450439453125,6.799999999999981,0,1,0,130.63595613837242,1.4805450439453125e-05,408,1,0
153,10,38,0,0,1,14.577108110700335,"[0.0, 14.577108110700335]",14.577108110700335,14.285714285714285,14.577108110700335,8.866666666666687,0,1,0,132.72610500641167,1.4577108110700335e-05,532,1,0
153,11,59,0,0,1,14.487195696149554,"[0.0, 14.487195696149554]",14.487195696149554,14.285714285714285,14.487195696149554,6.966666666666647,0,1,0,129.38899944722652,1.4487195696149554e-05,418,1,0
153,12,10,0,0,1,14.184935433523997,"[0.0, 14.184935433523997]",14.184935433523997,11.428571428571429,14.184935433523997,6.799999999999981,0,1,0,125.21878707408905,1.4184935433523996e-05,408,1,0
153,13,24,0,0,1,11.463890075683594,"[0.0, 11.463890075683594]",11.463890075683594,11.428571428571429,11.463890075683594,5.866666666666651,0,1,0,101.99874460697174,1.1463890075683593e-05,352,1,0
153,14,25,0,0,1,11.033491407121932,"[0.0, 11.033491407121932]",11.033491407121932,8.571428571428571,11.033491407121932,5.699999999999985,0,1,0,95.89710639417171,1.1033491407121933e-05,342,1,0
153,15,45,0,0,1,10.922456468854632,"[0.0, 10.922456468854632]",10.922456468854632,8.571428571428571,10.922456468854632,6.099999999999984,0,1,0,100.67536450922489,1.0922456468854633e-05,366,1,0
153,16,8,0,0,1,10.875731876918246,"[0.0, 10.875731876918246]",10.875731876918246,8.571428571428571,10.875731876918246,4.999999999999988,0,1,0,97.95414954423904,1.0875731876918246e-05,300,1,0
153,17,50,0,0,1,10.740906851632255,"[0.0, 10.740906851632255]",10.740906851632255,8.571428571428571,10.740906851632255,3.566666666666659,0,1,0,91.55541288852692,1.0740906851632255e-05,214,1,0
153,18,17,0,0,1,10.710623604910714,"[0.0, 10.710623604910714]",10.710623604910714,8.571428571428571,10.710623604910714,5.733333333333318,0,1,0,97.56331461668015,1.0710623604910714e-05,344,1,0
153,19,19,0,0,1,10.65216064453125,"[0.0, 10.65216064453125]",10.65216064453125,8.571428571428571,10.65216064453125,5.666666666666652,0,1,0,97.59052594006062,1.065216064453125e-05,340,1,0
153,20,21,0,0,1,10.514177594866071,"[0.0, 10.514177594866071]",10.514177594866071,8.571428571428571,10.514177594866071,5.583333333333319,0,1,0,94.35496291518211,1.051417759486607e-05,335,1,0
153,21,61,0,0,1,10.326587132045201,"[0.0, 10.326587132045201]",10.326587132045201,8.571428571428571,10.326587132045201,5.616666666666652,0,1,0,96.30646008253098,1.0326587132045201e-05,337,1,0
153,22,9,0,0,1,10.090882437569755,"[0.0, 10.090882437569755]",10.090882437569755,8.571428571428571,10.090882437569755,3.3333333333333264,0,1,0,88.29599449038506,1.0090882437569756e-05,200,1,0
153,23,26,0,0,1,9.84337397984096,"[0.0, 9.84337397984096]",9.84337397984096,8.571428571428571,9.84337397984096,4.166666666666657,0,1,0,87.71094450354576,9.84337397984096e-06,250,1,0
153,24,43,0,0,1,9.755276271275111,"[0.0, 9.755276271275111]",9.755276271275111,8.571428571428571,9.755276271275111,5.399999999999986,0,1,0,90.64091320335865,9.75527627127511e-06,324,1,0
153,25,14,0,0,1,9.723984854561941,"[0.0, 9.723984854561941]",9.723984854561941,8.571428571428571,9.723984854561941,3.299999999999993,0,1,0,86.30305969715118,9.72398485456194e-06,198,1,0
153,26,12,0,0,1,9.60718972342355,"[0.0, 9.60718972342355]",9.60718972342355,8.571428571428571,9.60718972342355,3.2833333333333266,0,1,0,86.19890385866165,9.60718972342355e-06,197,1,0
153,27,62,0,0,1,9.606129782540458,"[0.0, 9.606129782540458]",9.606129782540458,8.571428571428571,9.606129782540458,5.366666666666653,0,1,0,91.5592070966959,9.606129782540459e-06,322,1,0
153,28,18,0,0,1,9.444337572370257,"[0.0, 9.444337572370257]",9.444337572370257,8.571428571428571,9.444337572370257,3.299999999999993,0,1,0,85.63899770379066,9.444337572370257e-06,198,1,0
153,29,27,0,0,1,9.404850006103516,"[0.0, 9.404850006103516]",9.404850006103516,8.571428571428571,9.404850006103516,5.2166666666666535,0,1,0,90.40332373976707,9.404850006103516e-06,313,1,0
153,30,56,0,0,1,9.359408787318639,"[0.0, 9.359408787318639]",9.359408787318639,8.571428571428571,9.359408787318639,5.2166666666666535,0,1,0,86.04301857948303,9.35940878731864e-06,313,1,0
153,31,33,0,0,1,9.109843117850168,"[0.0, 9.109843117850168]",9.109843117850168,8.571428571428571,9.109843117850168,3.1999999999999935,0,1,0,82.74680484831333,9.109843117850169e-06,192,1,0
153,32,58,0,0,1,9.097603389195033,"[0.0, 9.097603389195033]",9.097603389195033,8.571428571428571,9.097603389195033,5.199999999999987,0,1,0,86.37499307096004,9.097603389195033e-06,312,1,0
153,33,47,0,0,0,9.080322810581752,"[0.0, 9.080322810581752]",9.080322810581752,8.571428571428571,9.080322810581752,3.21666666666666,0,1,0,83.4323019683361,9.080322810581752e-06,193,1,0
153,34,52,0,0,0,8.890135628836497,"[0.0, 8.890135628836497]",8.890135628836497,8.571428571428571,8.890135628836497,3.21666666666666,0,1,0,82.85722526907921,8.890135628836497e-06,193,1,0
153,35,53,0,0,0,8.85298865182059,"[0.0, 8.85298865182059]",8.85298865182059,8.571428571428571,8.85298865182059,3.1999999999999935,0,1,0,82.74676328897476,8.85298865182059e-06,192,1,0
153,36,63,0,0,0,8.649905068533762,"[0.0, 8.649905068533762]",8.649905068533762,8.571428571428571,8.649905068533762,3.183333333333327,0,1,0,82.0630901902914,8.649905068533761e-06,191,1,0
153,37,11,0,0,0,8.645616258893694,"[0.0, 8.645616258893694]",8.645616258893694,8.571428571428571,8.645616258893694,3.1999999999999935,0,1,0,82.03089888393879,8.645616258893694e-06,192,1,0
153,38,49,0,0,0,8.53292737688337,"[0.0, 8.53292737688337]",8.53292737688337,5.714285714285714,8.53292737688337,3.1666666666666603,0,1,0,81.38147918879986,8.53292737688337e-06,190,1,0
153,39,34,0,0,0,8.48604474748884,"[0.0, 8.48604474748884]",8.48604474748884,5.714285714285714,8.48604474748884,3.183333333333327,0,1,0,82.06288465857506,8.486044747488841e-06,191,1,0
153,40,20,0,0,0,8.28594480242048,"[0.0, 8.28594480242048]",8.28594480242048,5.714285714285714,8.28594480242048,4.416666666666656,0,1,0,55.501427210867405,8.28594480242048e-06,265,1,0
153,41,54,0,0,0,8.087278093610491,"[0.0, 8.087278093610491]",8.087278093610491,5.714285714285714,8.087278093610491,3.0833333333333273,0,1,0,78.0092003941536,8.087278093610491e-06,185,1,0
153,42,13,0,0,0,7.77590342930385,"[0.0, 7.77590342930385]",7.77590342930385,5.714285714285714,7.77590342930385,4.9166666666666545,0,1,0,78.837152287364,7.77590342930385e-06,295,1,0
153,43,55,0,0,0,7.142857142857142,"[0.0, 7.142857142857142]",7.142857142857142,5.714285714285714,7.142857142857142,3.1666666666666603,0,1,0,68.45607344806194,7.142857142857143e-06,190,1,0
153,44,40,0,0,0,6.308054242815291,"[0.0, 6.308054242815291]",6.308054242815291,5.714285714285714,6.308054242815291,7.316666666666646,0,1,0,57.63286431763845,6.308054242815291e-06,439,1,0
153,45,35,0,0,0,6.266980852399554,"[0.0, 6.266980852399554]",6.266980852399554,5.714285714285714,6.266980852399554,7.283333333333313,0,1,0,56.62076747413812,6.266980852399554e-06,437,1,0
153,46,31,0,0,0,6.241106305803571,"[0.0, 6.241106305803571]",6.241106305803571,5.714285714285714,6.241106305803571,7.316666666666646,0,1,0,57.54399220366031,6.2411063058035714e-06,439,1,0
153,47,16,0,0,0,6.073695591517858,"[0.0, 6.073695591517858]",6.073695591517858,5.714285714285714,6.073695591517858,3.899999999999991,0,1,0,53.58389277011156,6.073695591517858e-06,234,1,0
153,48,46,0,0,0,5.995145525251115,"[0.0, 5.995145525251115]",5.995145525251115,5.714285714285714,5.995145525251115,4.099999999999991,0,1,0,55.689488068223,5.995145525251115e-06,246,1,0
153,49,15,0,0,0,5.960333687918527,"[0.0, 5.960333687918527]",5.960333687918527,5.714285714285714,5.960333687918527,4.333333333333323,0,1,0,55.1586614176631,5.960333687918527e-06,260,1,0
153,50,42,0,0,0,5.90827396937779,"[0.0, 5.90827396937779]",5.90827396937779,5.714285714285714,5.90827396937779,3.7999999999999914,0,1,0,53.012885004282,5.90827396937779e-06,228,1,0
153,51,60,0,0,0,5.521349225725446,"[0.0, 5.521349225725446]",5.521349225725446,2.857142857142857,5.521349225725446,3.3666666666666596,0,1,0,49.02477629482746,5.521349225725447e-06,202,1,0
153,52,51,0,0,0,5.307955060686384,"[0.0, 5.307955060686384]",5.307955060686384,2.857142857142857,5.307955060686384,2.199999999999997,0,1,0,45.92024424672127,5.307955060686384e-06,132,1,0
153,53,36,0,0,0,4.933079310825892,"[0.0, 4.933079310825892]",4.933079310825892,2.857142857142857,4.933079310825892,2.666666666666662,0,1,0,41.884906977415085,4.933079310825893e-06,160,1,0
153,54,29,0,0,0,4.429708208356585,"[0.0, 4.429708208356585]",4.429708208356585,2.857142857142857,4.429708208356585,6.399999999999983,0,1,0,35.27777945919661,4.429708208356585e-06,384,1,0
153,55,41,0,0,0,3.2560784476143976,"[0.0, 3.2560784476143976]",3.2560784476143976,2.857142857142857,3.2560784476143976,5.049999999999987,0,1,0,51.57320526544936,3.2560784476143978e-06,303,1,0
153,56,37,0,0,0,2.687661307198661,"[0.0, 2.687661307198661]",2.687661307198661,0.0,2.687661307198661,5.016666666666654,0,1,0,15.136510348995216,2.687661307198661e-06,301,1,0
153,57,44,0,0,0,2.5173187255859375,"[0.0, 2.5173187255859375]",2.5173187255859375,0.0,2.5173187255859375,5.016666666666654,0,1,0,14.606837471073959,2.5173187255859377e-06,301,1,0
153,58,23,0,0,0,2.1459415980747765,"[0.0, 2.1459415980747765]",2.1459415980747765,0.0,2.1459415980747765,5.016666666666654,0,1,0,8.213958958156582,2.1459415980747765e-06,301,1,0
153,59,48,0,0,0,2.1113477434430803,"[0.0, 2.1113477434430803]",2.1113477434430803,0.0,2.1113477434430803,5.016666666666654,0,1,0,7.7058970029320335,2.1113477434430805e-06,301,1,0
153,60,22,0,0,0,1.9085257393973214,"[0.0, 1.9085257393973214]",1.9085257393973214,0.0,1.9085257393973214,5.016666666666654,0,1,0,5.566101933713071,1.9085257393973215e-06,301,1,0
153,61,32,0,0,0,1.8746021815708707,"[0.0, 1.8746021815708707]",1.8746021815708707,0.0,1.8746021815708707,5.016666666666654,0,1,0,5.093508909980301,1.8746021815708708e-06,301,1,0
153,62,28,0,0,0,1.873386928013393,"[0.0, 1.873386928013393]",1.873386928013393,0.0,1.873386928013393,5.016666666666654,0,1,0,5.175251837354153,1.873386928013393e-06,301,1,0
153,63,57,0,0,0,1.8525859287806918,"[0.0, 1.8525859287806918]",1.8525859287806918,0.0,1.8525859287806918,5.016666666666654,0,1,0,5.010252881722408,1.8525859287806919e-06,301,1,0
153,64,30,0,0,0,0.0,"[0.0, 0.0]",0.0,0.0,0.0,10.033333333333411,0,1,0,69.60752459873765,0.0,602,1,0
154,1,0,0,1,1,15.163961138044085,"[0.0, 15.163961138044085]",15.163961138044085,14.285714285714285,15.163961138044085,8.11666666666665,0,1,0,136.29476400464773,1.5163961138044086e-05,487,1,0
154,2,55,0,1,1,15.07744925362723,"[0.0, 15.07744925362723]",15.07744925362723,14.285714285714285,15.07744925362723,6.833333333333314,0,1,0,130.02422189712524,1.5077449253627231e-05,410,1,0
154,3,1,0,1,1,15.066795349121092,"[0.0, 15.066795349121092]",15.066795349121092,14.285714285714285,15.066795349121092,7.566666666666645,0,1,0,135.02477331459522,1.5066795349121091e-05,454,1,0
154,4,2,0,1,1,15.024283272879465,"[0.0, 15.024283272879465]",15.024283272879465,14.285714285714285,15.024283272879465,7.09999999999998,0,1,0,132.49165210872889,1.5024283272879465e-05,426,1,0
154,5,3,0,1,1,14.890954153878347,"[0.0, 14.890954153878347]",14.890954153878347,14.285714285714285,14.890954153878347,7.183333333333313,0,1,0,132.68868400156498,1.4890954153878347e-05,431,1,0
154,6,4,0,1,1,14.876785278320312,"[0.0, 14.876785278320312]",14.876785278320312,14.285714285714285,14.876785278320312,6.683333333333315,0,1,0,130.98957343399525,1.4876785278320312e-05,401,1,0
154,7,5,0,1,1,14.835935320172991,"[0.0, 14.835935320172991]",14.835935320172991,14.285714285714285,14.835935320172991,6.599999999999982,0,1,0,130.0773195773363,1.4835935320172991e-05,396,1,0
154,8,6,0,1,1,14.834333147321429,"[0.0, 14.834333147321429]",14.834333147321429,14.285714285714285,14.834333147321429,6.666666666666648,0,1,0,129.02267168462276,1.4834333147321428e-05,400,1,0
154,9,7,0,0,1,14.829123360770089,"[0.0, 14.829123360770089]",14.829123360770089,14.285714285714285,14.829123360770089,6.649999999999982,0,1,0,131.92688977718353,1.4829123360770089e-05,399,1,0
154,10,36,0,0,1,14.826703752790179,"[0.0, 14.826703752790179]",14.826703752790179,14.285714285714285,14.826703752790179,8.800000000000017,0,1,0,130.93617480248213,1.482670375279018e-05,528,1,0
154,11,58,0,0,1,14.722366333007814,"[0.0, 14.722366333007814]",14.722366333007814,14.285714285714285,14.722366333007814,6.6166666666666485,0,1,0,126.24610042572021,1.4722366333007813e-05,397,1,0
154,12,18,0,0,1,14.496705191476003,"[0.0, 14.496705191476003]",14.496705191476003,14.285714285714285,14.496705191476003,6.983333333333314,0,1,0,128.28946788609028,1.4496705191476004e-05,419,1,0
154,13,53,0,0,1,13.775907244001115,"[0.0, 13.775907244001115]",13.775907244001115,11.428571428571429,13.775907244001115,6.516666666666649,0,1,0,124.57473351061344,1.3775907244001114e-05,391,1,0
154,14,49,0,0,1,13.726795741489955,"[0.0, 13.726795741489955]",13.726795741489955,11.428571428571429,13.726795741489955,6.366666666666649,0,1,0,124.70086513459682,1.3726795741489955e-05,382,1,0
154,15,17,0,0,1,11.102071489606585,"[0.0, 11.102071489606585]",11.102071489606585,8.571428571428571,11.102071489606585,5.916666666666651,0,1,0,100.19369794428349,1.1102071489606586e-05,355,1,0
154,16,41,0,0,1,10.928246634347099,"[0.0, 10.928246634347099]",10.928246634347099,8.571428571428571,10.928246634347099,3.4499999999999926,0,1,0,93.26854491233826,1.0928246634347098e-05,207,1,0
154,17,23,0,0,1,10.705669948032924,"[0.0, 10.705669948032924]",10.705669948032924,8.571428571428571,10.705669948032924,4.599999999999989,0,1,0,93.08681453764439,1.0705669948032924e-05,276,1,0
154,18,62,0,0,1,10.677310398646764,"[0.0, 10.677310398646764]",10.677310398646764,8.571428571428571,10.677310398646764,5.666666666666652,0,1,0,97.59026624262333,1.0677310398646764e-05,340,1,0
154,19,37,0,0,1,10.626762935093472,"[0.0, 10.626762935093472]",10.626762935093472,8.571428571428571,10.626762935093472,5.249999999999987,0,1,0,93.71981728076935,1.0626762935093473e-05,315,1,0
154,20,48,0,0,1,10.559447152273997,"[0.0, 10.559447152273997]",10.559447152273997,8.571428571428571,10.559447152273997,5.516666666666652,0,1,0,92.09582099318504,1.0559447152273997e-05,331,1,0
154,21,46,0,0,1,10.45133318219866,"[0.0, 10.45133318219866]",10.45133318219866,8.571428571428571,10.45133318219866,4.8333333333333215,0,1,0,95.19560447335243,1.045133318219866e-05,290,1,0
154,22,30,0,0,1,10.450526646205358,"[0.0, 10.450526646205358]",10.450526646205358,8.571428571428571,10.450526646205358,5.566666666666652,0,1,0,95.59080615639687,1.0450526646205358e-05,334,1,0
154,23,20,0,0,1,10.161612374441964,"[0.0, 10.161612374441964]",10.161612374441964,8.571428571428571,10.161612374441964,5.533333333333319,0,1,0,94.34079757332802,1.0161612374441964e-05,332,1,0
154,24,14,0,0,1,10.148146493094307,"[0.0, 10.148146493094307]",10.148146493094307,8.571428571428571,10.148146493094307,5.499999999999986,0,1,0,91.20704391598701,1.0148146493094307e-05,330,1,0
154,25,43,0,0,1,10.10885511125837,"[0.0, 10.10885511125837]",10.10885511125837,8.571428571428571,10.10885511125837,5.466666666666653,0,1,0,92.74092082679272,1.010885511125837e-05,328,1,0
154,26,40,0,0,1,10.04903793334961,"[0.0, 10.04903793334961]",10.04903793334961,8.571428571428571,10.04903793334961,4.666666666666655,0,1,0,90.19053541123867,1.0049037933349609e-05,280,1,0
154,27,15,0,0,1,10.041830880301339,"[0.0, 10.041830880301339]",10.041830880301339,8.571428571428571,10.041830880301339,5.449999999999986,0,1,0,94.80775456130505,1.0041830880301338e-05,327,1,0
154,28,56,0,0,1,9.935763222830635,"[0.0, 9.935763222830635]",9.935763222830635,8.571428571428571,9.935763222830635,5.483333333333319,0,1,0,92.72028516232967,9.935763222830636e-06,329,1,0
154,29,54,0,0,1,9.606889997209823,"[0.0, 9.606889997209823]",9.606889997209823,8.571428571428571,9.606889997209823,3.299999999999993,0,1,0,86.28201740980148,9.606889997209823e-06,198,1,0
154,30,50,0,0,1,9.386405944824219,"[0.0, 9.386405944824219]",9.386405944824219,8.571428571428571,9.386405944824219,5.316666666666653,0,1,0,88.57482102513313,9.386405944824218e-06,319,1,0
154,31,21,0,0,1,9.379708426339285,"[0.0, 9.379708426339285]",9.379708426339285,8.571428571428571,9.379708426339285,4.483333333333323,0,1,0,86.38073191046715,9.379708426339285e-06,269,1,0
154,32,32,0,0,1,9.291065761021205,"[0.0, 9.291065761021205]",9.291065761021205,8.571428571428571,9.291065761021205,3.2499999999999933,0,1,0,84.811124548316,9.291065761021204e-06,195,1,0
154,33,44,0,0,0,9.143164498465401,"[0.0, 9.143164498465401]",9.143164498465401,8.571428571428571,9.143164498465401,3.2499999999999933,0,1,0,83.74052160978317,9.1431644984654e-06,195,1,0
154,34,19,0,0,0,8.954568590436661,"[0.0, 8.954568590436661]",8.954568590436661,8.571428571428571,8.954568590436661,3.1999999999999935,0,1,0,82.74647049605846,8.954568590436662e-06,192,1,0
154,35,27,0,0,0,8.909437997000557,"[0.0, 8.909437997000557]",8.909437997000557,8.571428571428571,8.909437997000557,3.21666666666666,0,1,0,83.43285547196865,8.909437997000557e-06,193,1,0
154,36,25,0,0,0,8.867432730538505,"[0.0, 8.867432730538505]",8.867432730538505,8.571428571428571,8.867432730538505,3.183333333333327,0,1,0,82.06293921172619,8.867432730538505e-06,191,1,0
154,37,24,0,0,0,8.714346204485214,"[0.0, 8.714346204485214]",8.714346204485214,8.571428571428571,8.714346204485214,5.016666666666654,0,1,0,85.25264571607113,8.714346204485214e-06,301,1,0
154,38,22,0,0,0,8.676515306745257,"[0.0, 8.676515306745257]",8.676515306745257,8.571428571428571,8.676515306745257,3.1999999999999935,0,1,0,82.74656550586224,8.676515306745257e-06,192,1,0
154,39,29,0,0,0,8.603943416050502,"[0.0, 8.603943416050502]",8.603943416050502,8.571428571428571,8.603943416050502,3.183333333333327,0,1,0,82.06302776932716,8.603943416050502e-06,191,1,0
154,40,10,0,0,0,8.561807359967913,"[0.0, 8.561807359967913]",8.561807359967913,5.714285714285714,8.561807359967913,3.183333333333327,0,1,0,81.50377103686333,8.561807359967914e-06,191,1,0
154,41,16,0,0,0,8.483142852783203,"[0.0, 8.483142852783203]",8.483142852783203,5.714285714285714,8.483142852783203,3.1666666666666603,0,1,0,81.38181373476982,8.483142852783203e-06,190,1,0
154,42,8,0,0,0,8.46186774117606,"[0.0, 8.46186774117606]",8.46186774117606,5.714285714285714,8.46186774117606,7.316666666666646,0,1,0,57.633578583438066,8.461867741176061e-06,439,1,0
154,43,45,0,0,0,8.346238817487444,"[0.0, 8.346238817487444]",8.346238817487444,5.714285714285714,8.346238817487444,3.1666666666666603,0,1,0,81.38151091337204,8.346238817487444e-06,190,1,0
154,44,63,0,0,0,8.183490208217076,"[0.0, 8.183490208217076]",8.183490208217076,5.714285714285714,8.183490208217076,3.133333333333327,0,1,0,80.02577410638332,8.183490208217076e-06,188,1,0
154,45,9,0,0,0,7.978872571672713,"[0.0, 7.978872571672713]",7.978872571672713,5.714285714285714,7.978872571672713,4.999999999999988,0,1,0,79.28555645048618,7.978872571672713e-06,300,1,0
154,46,34,0,0,0,7.913807460239955,"[0.0, 7.913807460239955]",7.913807460239955,5.714285714285714,7.913807460239955,3.099999999999994,0,1,0,78.67915269732475,7.913807460239954e-06,186,1,0
154,47,52,0,0,0,7.900109972272601,"[0.0, 7.900109972272601]",7.900109972272601,5.714285714285714,7.900109972272601,3.0833333333333273,0,1,0,78.00894959270954,7.9001099722726e-06,185,1,0
154,48,26,0,0,0,7.755767277308872,"[0.0, 7.755767277308872]",7.755767277308872,5.714285714285714,7.755767277308872,3.1166666666666605,0,1,0,77.38414359092712,7.755767277308872e-06,187,1,0
154,49,28,0,0,0,7.723456791469029,"[0.0, 7.723456791469029]",7.723456791469029,5.714285714285714,7.723456791469029,3.0833333333333273,0,1,0,78.00899194180965,7.723456791469029e-06,185,1,0
154,50,33,0,0,0,6.457208905901228,"[0.0, 6.457208905901228]",6.457208905901228,5.714285714285714,6.457208905901228,7.366666666666646,0,1,0,58.582532461136,6.457208905901228e-06,442,1,0
154,51,60,0,0,0,6.343868800571986,"[0.0, 6.343868800571986]",6.343868800571986,5.714285714285714,6.343868800571986,7.333333333333313,0,1,0,57.38864665449364,6.343868800571986e-06,440,1,0
154,52,61,0,0,0,6.3112367902483255,"[0.0, 6.3112367902483255]",6.3112367902483255,5.714285714285714,6.3112367902483255,7.316666666666646,0,1,0,57.633419067860814,6.311236790248325e-06,439,1,0
154,53,13,0,0,0,6.0836029052734375,"[0.0, 6.0836029052734375]",6.0836029052734375,5.714285714285714,6.0836029052734375,7.19999999999998,0,1,0,55.377470547682606,6.083602905273438e-06,432,1,0
154,54,12,0,0,0,5.953581673758371,"[0.0, 5.953581673758371]",5.953581673758371,5.714285714285714,5.953581673758371,3.816666666666658,0,1,0,54.64394149184227,5.953581673758371e-06,229,1,0
154,55,35,0,0,0,5.764448983328683,"[0.0, 5.764448983328683]",5.764448983328683,5.714285714285714,5.764448983328683,3.683333333333325,0,1,0,51.558990739285946,5.764448983328683e-06,221,1,0
154,56,57,0,0,0,5.709675380161831,"[0.0, 5.709675380161831]",5.709675380161831,2.857142857142857,5.709675380161831,3.683333333333325,0,1,0,51.48693614453077,5.7096753801618305e-06,221,1,0
154,57,31,0,0,0,5.312696184430803,"[0.0, 5.312696184430803]",5.312696184430803,2.857142857142857,5.312696184430803,2.199999999999997,0,1,0,45.919941172003746,5.312696184430803e-06,132,1,0
154,58,47,0,0,0,5.3017425537109375,"[0.0, 5.3017425537109375]",5.3017425537109375,2.857142857142857,5.3017425537109375,2.199999999999997,0,1,0,45.920085579156876,5.301742553710938e-06,132,1,0
154,59,38,0,0,0,4.977297101702009,"[0.0, 4.977297101702009]",4.977297101702009,2.857142857142857,4.977297101702009,2.083333333333331,0,1,0,42.20891052484512,4.977297101702008e-06,125,1,0
154,60,39,0,0,0,4.903804234095982,"[0.0, 4.903804234095982]",4.903804234095982,2.857142857142857,4.903804234095982,6.399999999999983,0,1,0,39.882794368168106,4.903804234095982e-06,384,1,0
154,61,51,0,0,0,3.030030386788505,"[0.0, 3.030030386788505]",3.030030386788505,2.857142857142857,3.030030386788505,3.683333333333325,0,1,0,22.320173197425902,3.0300303867885048e-06,221,1,0
154,62,11,0,0,0,2.839758736746652,"[0.0, 2.839758736746652]",2.839758736746652,0.0,2.839758736746652,6.5333333333333155,0,1,0,42.25664967671037,2.839758736746652e-06,392,1,0
154,63,42,0,0,0,2.110513959612165,"[0.0, 2.110513959612165]",2.110513959612165,0.0,2.110513959612165,5.016666666666654,0,1,0,7.705956702040567,2.110513959612165e-06,301,1,0
154,64,59,0,0,0,1.8758283342633928,"[0.0, 1.8758283342633928]",1.8758283342633928,0.0,1.8758283342633928,5.016666666666654,0,1,0,5.173483601072803,1.8758283342633927e-06,301,1,0
155,1,0,0,1,1,15.163961138044085,"[0.0, 15.163961138044085]",15.163961138044085,14.285714285714285,15.163961138044085,8.11666666666665,0,1,0,136.29476400464773,1.5163961138044086e-05,487,1,0
155,2,1,0,1,1,15.07744925362723,"[0.0, 15.07744925362723]",15.07744925362723,14.285714285714285,15.07744925362723,6.833333333333314,0,1,0,130.02422189712524,1.5077449253627231e-05,410,1,0
155,3,2,0,1,1,15.066795349121092,"[0.0, 15.066795349121092]",15.066795349121092,14.285714285714285,15.066795349121092,7.566666666666645,0,1,0,135.02477331459522,1.5066795349121091e-05,454,1,0
155,4,3,0,1,1,15.024283272879465,"[0.0, 15.024283272879465]",15.024283272879465,14.285714285714285,15.024283272879465,7.09999999999998,0,1,0,132.49165210872889,1.5024283272879465e-05,426,1,0
155,5,4,0,1,1,14.890954153878347,"[0.0, 14.890954153878347]",14.890954153878347,14.285714285714285,14.890954153878347,7.183333333333313,0,1,0,132.68868400156498,1.4890954153878347e-05,431,1,0
155,6,5,0,1,1,14.876785278320312,"[0.0, 14.876785278320312]",14.876785278320312,14.285714285714285,14.876785278320312,6.683333333333315,0,1,0,130.98957343399525,1.4876785278320312e-05,401,1,0
155,7,6,0,1,1,14.835935320172991,"[0.0, 14.835935320172991]",14.835935320172991,14.285714285714285,14.835935320172991,6.599999999999982,0,1,0,130.0773195773363,1.4835935320172991e-05,396,1,0
155,8,7,0,1,1,14.834333147321429,"[0.0, 14.834333147321429]",14.834333147321429,14.285714285714285,14.834333147321429,6.666666666666648,0,1,0,129.02267168462276,1.4834333147321428e-05,400,1,0
155,9,55,0,0,1,14.682960510253906,"[0.0, 14.682960510253906]",14.682960510253906,14.285714285714285,14.682960510253906,6.983333333333314,0,1,0,129.85125743597746,1.4682960510253907e-05,419,1,0
155,10,54,0,0,1,14.536519731794083,"[0.0, 14.536519731794083]",14.536519731794083,14.285714285714285,14.536519731794083,6.6999999999999815,0,1,0,130.1991028189659,1.4536519731794083e-05,402,1,0
155,11,45,0,0,1,14.517478942871092,"[0.0, 14.517478942871092]",14.517478942871092,14.285714285714285,14.517478942871092,6.549999999999982,0,1,0,128.57456973195076,1.4517478942871092e-05,393,1,0
155,12,59,0,0,1,14.397365025111608,"[0.0, 14.397365025111608]",14.397365025111608,14.285714285714285,14.397365025111608,6.633333333333315,0,1,0,134.97516947984695,1.4397365025111608e-05,398,1,0
155,13,51,0,0,1,14.385207039969309,"[0.0, 14.385207039969309]",14.385207039969309,14.285714285714285,14.385207039969309,6.5333333333333155,0,1,0,128.05805385112762,1.438520703996931e-05,392,1,0
155,14,60,0,0,1,13.569553920200894,"[0.0, 13.569553920200894]",13.569553920200894,11.428571428571429,13.569553920200894,7.016666666666647,0,1,0,126.46292976289988,1.3569553920200894e-05,421,1,0
155,15,62,0,0,1,11.136864253452845,"[0.0, 11.136864253452845]",11.136864253452845,8.571428571428571,11.136864253452845,5.649999999999985,0,1,0,98.73194426298141,1.1136864253452846e-05,339,1,0
155,16,19,0,0,1,11.115828922816686,"[0.0, 11.115828922816686]",11.115828922816686,8.571428571428571,11.115828922816686,5.633333333333319,0,1,0,95.72625504434109,1.1115828922816686e-05,338,1,0
155,17,22,0,0,1,11.048425946916852,"[0.0, 11.048425946916852]",11.048425946916852,8.571428571428571,11.048425946916852,6.916666666666647,0,1,0,98.99447051435709,1.1048425946916852e-05,415,1,0
155,18,26,0,0,1,10.654400416782924,"[0.0, 10.654400416782924]",10.654400416782924,8.571428571428571,10.654400416782924,3.399999999999993,0,1,0,91.12410494685173,1.0654400416782923e-05,204,1,0
155,19,43,0,0,1,10.318200247628347,"[0.0, 10.318200247628347]",10.318200247628347,8.571428571428571,10.318200247628347,5.549999999999986,0,1,0,94.8794437199831,1.0318200247628348e-05,333,1,0
155,20,56,0,0,1,10.280320303780693,"[0.0, 10.280320303780693]",10.280320303780693,8.571428571428571,10.280320303780693,3.483333333333326,0,1,0,88.99086041748524,1.0280320303780693e-05,209,1,0
155,21,27,0,0,1,9.96056147984096,"[0.0, 9.96056147984096]",9.96056147984096,8.571428571428571,9.96056147984096,3.2833333333333266,0,1,0,85.59297229349613,9.96056147984096e-06,197,1,0
155,22,33,0,0,1,9.92353984287807,"[0.0, 9.92353984287807]",9.92353984287807,8.571428571428571,9.92353984287807,5.349999999999986,0,1,0,91.69303072988987,9.92353984287807e-06,321,1,0
155,23,12,0,0,1,9.90126201084682,"[0.0, 9.90126201084682]",9.90126201084682,8.571428571428571,9.90126201084682,3.3166666666666598,0,1,0,87.59497407078743,9.90126201084682e-06,199,1,0
155,24,8,0,0,1,9.878392900739396,"[0.0, 9.878392900739396]",9.878392900739396,8.571428571428571,9.878392900739396,3.2833333333333266,0,1,0,86.198471352458,9.878392900739396e-06,197,1,0
155,25,11,0,0,1,9.711543491908483,"[0.0, 9.711543491908483]",9.711543491908483,8.571428571428571,9.711543491908483,4.883333333333321,0,1,0,88.64411860704422,9.711543491908483e-06,293,1,0
155,26,35,0,0,1,9.564219883510045,"[0.0, 9.564219883510045]",9.564219883510045,8.571428571428571,9.564219883510045,3.26666666666666,0,1,0,85.50399492681026,9.564219883510044e-06,196,1,0
155,27,13,0,0,1,9.421612875802177,"[0.0, 9.421612875802177]",9.421612875802177,8.571428571428571,9.421612875802177,3.26666666666666,0,1,0,84.90626698732376,9.421612875802177e-06,196,1,0
155,28,49,0,0,1,9.379817417689733,"[0.0, 9.379817417689733]",9.379817417689733,8.571428571428571,9.379817417689733,3.2333333333333267,0,1,0,84.12083277106285,9.379817417689733e-06,194,1,0
155,29,24,0,0,1,9.338397979736328,"[0.0, 9.338397979736328]",9.338397979736328,8.571428571428571,9.338397979736328,3.2499999999999933,0,1,0,84.81094381213188,9.338397979736329e-06,195,1,0
155,30,61,0,0,1,9.269796098981585,"[0.0, 9.269796098981585]",9.269796098981585,8.571428571428571,9.269796098981585,3.733333333333325,0,1,0,83.83347514271736,9.269796098981585e-06,224,1,0
155,31,23,0,0,1,9.141742161342076,"[0.0, 9.141742161342076]",9.141742161342076,8.571428571428571,9.141742161342076,3.566666666666659,0,1,0,83.6912369132042,9.141742161342076e-06,214,1,0
155,32,58,0,0,1,9.138941083635602,"[0.0, 9.138941083635602]",9.138941083635602,8.571428571428571,9.138941083635602,3.2499999999999933,0,1,0,84.2303028255701,9.138941083635602e-06,195,1,0
155,33,44,0,0,0,9.060170309884208,"[0.0, 9.060170309884208]",9.060170309884208,8.571428571428571,9.060170309884208,3.1999999999999935,0,1,0,82.74675868451595,9.060170309884208e-06,192,1,0
155,34,28,0,0,0,8.818719046456474,"[0.0, 8.818719046456474]",8.818719046456474,8.571428571428571,8.818719046456474,3.183333333333327,0,1,0,82.06319604814053,8.818719046456473e-06,191,1,0
155,35,15,0,0,0,8.704863956996373,"[0.0, 8.704863956996373]",8.704863956996373,8.571428571428571,8.704863956996373,3.183333333333327,0,1,0,82.06310154497623,8.704863956996373e-06,191,1,0
155,36,32,0,0,0,8.501930236816406,"[0.0, 8.501930236816406]",8.501930236816406,5.714285714285714,8.501930236816406,7.949999999999977,0,1,0,62.974922872148454,8.501930236816407e-06,477,1,0
155,37,38,0,0,0,8.290658678327288,"[0.0, 8.290658678327288]",8.290658678327288,5.714285714285714,8.290658678327288,7.316666666666646,0,1,0,57.63348710130958,8.290658678327288e-06,439,1,0
155,38,36,0,0,0,8.010695321219307,"[0.0, 8.010695321219307]",8.010695321219307,5.714285714285714,8.010695321219307,7.316666666666646,0,1,0,57.63302837505762,8.010695321219308e-06,439,1,0
155,39,17,0,0,0,7.387482779366629,"[0.0, 7.387482779366629]",7.387482779366629,5.714285714285714,7.387482779366629,4.716666666666655,0,1,0,73.49254143238068,7.387482779366629e-06,283,1,0
155,40,63,0,0,0,7.386869703020368,"[0.0, 7.386869703020368]",7.386869703020368,5.714285714285714,7.386869703020368,3.383333333333326,0,1,0,73.1206219792366,7.386869703020368e-06,203,1,0
155,41,9,0,0,0,6.4529636928013385,"[0.0, 6.4529636928013385]",6.4529636928013385,5.714285714285714,6.4529636928013385,7.366666666666646,0,1,0,58.68943876413687,6.452963692801339e-06,442,1,0
155,42,52,0,0,0,6.355372837611608,"[0.0, 6.355372837611608]",6.355372837611608,5.714285714285714,6.355372837611608,7.366666666666646,0,1,0,58.58176073713548,6.3553728376116076e-06,442,1,0
155,43,50,0,0,0,6.30784170968192,"[0.0, 6.30784170968192]",6.30784170968192,5.714285714285714,6.30784170968192,7.316666666666646,0,1,0,57.67227823584835,6.30784170968192e-06,439,1,0
155,44,10,0,0,0,6.307749067034041,"[0.0, 6.307749067034041]",6.307749067034041,5.714285714285714,6.307749067034041,7.316666666666646,0,1,0,57.63271538267145,6.3077490670340405e-06,439,1,0
155,45,39,0,0,0,6.212016514369419,"[0.0, 6.212016514369419]",6.212016514369419,5.714285714285714,6.212016514369419,7.316666666666646,0,1,0,57.6332255146699,6.212016514369419e-06,439,1,0
155,46,14,0,0,0,6.128976004464286,"[0.0, 6.128976004464286]",6.128976004464286,5.714285714285714,6.128976004464286,7.316666666666646,0,1,0,57.632797050478985,6.128976004464286e-06,439,1,0
155,47,41,0,0,0,5.855048043387277,"[0.0, 5.855048043387277]",5.855048043387277,5.714285714285714,5.855048043387277,3.8833333333333244,0,1,0,53.46162888407707,5.855048043387277e-06,233,1,0
155,48,48,0,0,0,5.849211556570871,"[0.0, 5.849211556570871]",5.849211556570871,5.714285714285714,5.849211556570871,2.3833333333333298,0,1,0,51.99417492747307,5.84921155657087e-06,143,1,0
155,49,18,0,0,0,5.77592032296317,"[0.0, 5.77592032296317]",5.77592032296317,5.714285714285714,5.77592032296317,3.649999999999992,0,1,0,51.934461772441864,5.77592032296317e-06,219,1,0
155,50,29,0,0,0,5.742868695940291,"[0.0, 5.742868695940291]",5.742868695940291,5.714285714285714,5.742868695940291,3.6999999999999917,0,1,0,51.63297212123871,5.742868695940291e-06,222,1,0
155,51,25,0,0,0,5.693762642996652,"[0.0, 5.693762642996652]",5.693762642996652,2.857142857142857,5.693762642996652,3.6166666666666587,0,1,0,51.00627716630697,5.693762642996652e-06,217,1,0
155,52,34,0,0,0,5.682689121791295,"[0.0, 5.682689121791295]",5.682689121791295,2.857142857142857,5.682689121791295,4.699999999999989,0,1,0,51.01917772740126,5.682689121791295e-06,282,1,0
155,53,30,0,0,0,5.607027326311384,"[0.0, 5.607027326311384]",5.607027326311384,2.857142857142857,5.607027326311384,3.483333333333326,0,1,0,49.98495568335056,5.607027326311384e-06,209,1,0
155,54,16,0,0,0,5.4405975341796875,"[0.0, 5.4405975341796875]",5.4405975341796875,2.857142857142857,5.4405975341796875,3.2499999999999933,0,1,0,48.000737592577934,5.440597534179688e-06,195,1,0
155,55,40,0,0,0,5.429011753627233,"[0.0, 5.429011753627233]",5.429011753627233,2.857142857142857,5.429011753627233,3.1999999999999935,0,1,0,47.54160635173321,5.429011753627233e-06,192,1,0
155,56,57,0,0,0,5.385317121233259,"[0.0, 5.385317121233259]",5.385317121233259,2.857142857142857,5.385317121233259,6.21666666666665,0,1,0,45.89586752477044,5.385317121233259e-06,373,1,0
155,57,46,0,0,0,5.060255868094308,"[0.0, 5.060255868094308]",5.060255868094308,2.857142857142857,5.060255868094308,2.799999999999995,0,1,0,43.43297931551933,5.060255868094308e-06,168,1,0
155,58,20,0,0,0,4.589963640485491,"[0.0, 4.589963640485491]",4.589963640485491,2.857142857142857,4.589963640485491,6.26666666666665,0,1,0,36.47898294233164,4.589963640485492e-06,376,1,0
155,59,42,0,0,0,2.143402099609375,"[0.0, 2.143402099609375]",2.143402099609375,0.0,2.143402099609375,5.016666666666654,0,1,0,8.214382898571785,2.143402099609375e-06,301,1,0
155,60,53,0,0,0,2.109053475516183,"[0.0, 2.109053475516183]",2.109053475516183,0.0,2.109053475516183,5.016666666666654,0,1,0,7.706085664409329,2.1090534755161833e-06,301,1,0
155,61,47,0,0,0,1.9056592668805803,"[0.0, 1.9056592668805803]",1.9056592668805803,0.0,1.9056592668805803,5.016666666666654,0,1,0,5.5666888285195455,1.9056592668805804e-06,301,1,0
155,62,21,0,0,0,1.8940135410853796,"[0.0, 1.8940135410853796]",1.8940135410853796,0.0,1.8940135410853796,5.016666666666654,0,1,0,5.378740694723092,1.8940135410853795e-06,301,1,0
155,63,31,0,0,0,1.87347412109375,"[0.0, 1.87347412109375]",1.87347412109375,0.0,1.87347412109375,5.016666666666654,0,1,0,5.17479209828889,1.87347412109375e-06,301,1,0
155,64,37,0,0,0,1.864640372140067,"[0.0, 1.864640372140067]",1.864640372140067,0.0,1.864640372140067,5.016666666666654,0,1,0,5.18237066113943,1.864640372140067e-06,301,1,0
156,1,60,0,1,1,15.310151236397878,"[0.0, 15.310151236397878]",15.310151236397878,14.285714285714285,15.310151236397878,6.833333333333314,0,1,0,132.4369699060917,1.5310151236397877e-05,410,1,0
156,2,0,0,1,1,15.163961138044085,"[0.0, 15.163961138044085]",15.163961138044085,14.285714285714285,15.163961138044085,8.11666666666665,0,1,0,136.29476400464773,1.5163961138044086e-05,487,1,0
156,3,1,0,1,1,15.07744925362723,"[0.0, 15.07744925362723]",15.07744925362723,14.285714285714285,15.07744925362723,6.833333333333314,0,1,0,130.02422189712524,1.5077449253627231e-05,410,1,0
156,4,2,0,1,1,15.066795349121092,"[0.0, 15.066795349121092]",15.066795349121092,14.285714285714285,15.066795349121092,7.566666666666645,0,1,0,135.02477331459522,1.5066795349121091e-05,454,1,0
156,5,3,0,1,1,15.024283272879465,"[0.0, 15.024283272879465]",15.024283272879465,14.285714285714285,15.024283272879465,7.09999999999998,0,1,0,132.49165210872889,1.5024283272879465e-05,426,1,0
156,6,4,0,1,1,14.890954153878347,"[0.0, 14.890954153878347]",14.890954153878347,14.285714285714285,14.890954153878347,7.183333333333313,0,1,0,132.68868400156498,1.4890954153878347e-05,431,1,0
156,7,5,0,1,1,14.876785278320312,"[0.0, 14.876785278320312]",14.876785278320312,14.285714285714285,14.876785278320312,6.683333333333315,0,1,0,130.98957343399525,1.4876785278320312e-05,401,1,0
156,8,53,0,1,1,14.84093802315848,"[0.0, 14.84093802315848]",14.84093802315848,14.285714285714285,14.84093802315848,5.833333333333318,0,1,0,129.2167200744152,1.4840938023158482e-05,350,1,0
156,9,44,0,0,1,14.837624686104911,"[0.0, 14.837624686104911]",14.837624686104911,14.285714285714285,14.837624686104911,7.716666666666645,0,1,0,132.38874194025993,1.4837624686104911e-05,463,1,0
156,10,6,0,0,1,14.835935320172991,"[0.0, 14.835935320172991]",14.835935320172991,14.285714285714285,14.835935320172991,6.599999999999982,0,1,0,130.0773195773363,1.4835935320172991e-05,396,1,0
156,11,7,0,0,1,14.834333147321429,"[0.0, 14.834333147321429]",14.834333147321429,14.285714285714285,14.834333147321429,6.666666666666648,0,1,0,129.02267168462276,1.4834333147321428e-05,400,1,0
156,12,36,0,0,1,14.81713431222098,"[0.0, 14.81713431222098]",14.81713431222098,14.285714285714285,14.81713431222098,6.649999999999982,0,1,0,127.8434969484806,1.4817134312220982e-05,399,1,0
156,13,42,0,0,1,14.654012407575333,"[0.0, 14.654012407575333]",14.654012407575333,14.285714285714285,14.654012407575333,6.6999999999999815,0,1,0,130.69097462296486,1.4654012407575334e-05,402,1,0
156,14,26,0,0,1,14.6399416242327,"[0.0, 14.6399416242327]",14.6399416242327,14.285714285714285,14.6399416242327,6.766666666666648,0,1,0,131.30356341600418,1.46399416242327e-05,406,1,0
156,15,33,0,0,1,14.635015215192523,"[0.0, 14.635015215192523]",14.635015215192523,14.285714285714285,14.635015215192523,6.883333333333314,0,1,0,127.0966541916132,1.4635015215192522e-05,413,1,0
156,16,47,0,0,1,14.627903529575892,"[0.0, 14.627903529575892]",14.627903529575892,14.285714285714285,14.627903529575892,6.383333333333316,0,1,0,130.85066702961922,1.4627903529575892e-05,383,1,0
156,17,25,0,0,1,13.44245365687779,"[0.0, 13.44245365687779]",13.44245365687779,11.428571428571429,13.44245365687779,6.816666666666648,0,1,0,120.61760649085045,1.344245365687779e-05,409,1,0
156,18,56,0,0,1,13.321026393345425,"[0.0, 13.321026393345425]",13.321026393345425,11.428571428571429,13.321026393345425,6.466666666666649,0,1,0,120.52698068320751,1.3321026393345425e-05,388,1,0
156,19,21,0,0,1,11.176948547363281,"[0.0, 11.176948547363281]",11.176948547363281,8.571428571428571,11.176948547363281,5.816666666666651,0,1,0,101.47282902896404,1.1176948547363281e-05,349,1,0
156,20,48,0,0,1,11.08095714024135,"[0.0, 11.08095714024135]",11.08095714024135,8.571428571428571,11.08095714024135,6.516666666666649,0,1,0,100.21165542304516,1.1080957140241351e-05,391,1,0
156,21,13,0,0,1,10.954475402832031,"[0.0, 10.954475402832031]",10.954475402832031,8.571428571428571,10.954475402832031,5.616666666666652,0,1,0,98.35659117996693,1.095447540283203e-05,337,1,0
156,22,50,0,0,1,10.376129150390625,"[0.0, 10.376129150390625]",10.376129150390625,8.571428571428571,10.376129150390625,5.466666666666653,0,1,0,92.35361528396606,1.0376129150390625e-05,328,1,0
156,23,43,0,0,1,10.0485474722726,"[0.0, 10.0485474722726]",10.0485474722726,8.571428571428571,10.0485474722726,5.399999999999986,0,1,0,93.82256969809532,1.00485474722726e-05,324,1,0
156,24,40,0,0,1,9.974373408726283,"[0.0, 9.974373408726283]",9.974373408726283,8.571428571428571,9.974373408726283,3.3166666666666598,0,1,0,87.59476606547832,9.974373408726282e-06,199,1,0
156,25,32,0,0,1,9.8166629246303,"[0.0, 9.8166629246303]",9.8166629246303,8.571428571428571,9.8166629246303,3.866666666666658,0,1,0,87.9118214994669,9.816662924630301e-06,232,1,0
156,26,19,0,0,1,9.783761160714285,"[0.0, 9.783761160714285]",9.783761160714285,8.571428571428571,9.783761160714285,5.366666666666653,0,1,0,91.3983433842659,9.783761160714284e-06,322,1,0
156,27,27,0,0,1,9.60085460117885,"[0.0, 9.60085460117885]",9.60085460117885,8.571428571428571,9.60085460117885,3.7833333333333248,0,1,0,85.80251806974411,9.60085460117885e-06,227,1,0
156,28,24,0,0,1,9.583304268973214,"[0.0, 9.583304268973214]",9.583304268973214,8.571428571428571,9.583304268973214,5.149999999999987,0,1,0,84.54417465627193,9.583304268973213e-06,309,1,0
156,29,18,0,0,1,9.555091857910156,"[0.0, 9.555091857910156]",9.555091857910156,8.571428571428571,9.555091857910156,3.2499999999999933,0,1,0,84.8110942542553,9.555091857910156e-06,195,1,0
156,30,59,0,0,1,9.508699689592634,"[0.0, 9.508699689592634]",9.508699689592634,8.571428571428571,9.508699689592634,3.26666666666666,0,1,0,85.50336301326752,9.508699689592634e-06,196,1,0
156,31,29,0,0,1,9.413272312709262,"[0.0, 9.413272312709262]",9.413272312709262,8.571428571428571,9.413272312709262,3.2499999999999933,0,1,0,84.81075243651867,9.413272312709262e-06,195,1,0
156,32,39,0,0,1,9.358136313302175,"[0.0, 9.358136313302175]",9.358136313302175,8.571428571428571,9.358136313302175,3.21666666666666,0,1,0,82.88556471467018,9.358136313302176e-06,193,1,0
156,33,31,0,0,0,9.327466147286552,"[0.0, 9.327466147286552]",9.327466147286552,8.571428571428571,9.327466147286552,3.866666666666658,0,1,0,84.54068265855312,9.327466147286551e-06,232,1,0
156,34,58,0,0,0,9.261597224644252,"[0.0, 9.261597224644252]",9.261597224644252,8.571428571428571,9.261597224644252,3.2333333333333267,0,1,0,84.12088246643543,9.261597224644252e-06,194,1,0
156,35,35,0,0,0,9.257256644112722,"[0.0, 9.257256644112722]",9.257256644112722,8.571428571428571,9.257256644112722,3.7166666666666583,0,1,0,83.85032787919044,9.257256644112722e-06,223,1,0
156,36,49,0,0,0,9.227251325334821,"[0.0, 9.227251325334821]",9.227251325334821,8.571428571428571,9.227251325334821,3.21666666666666,0,1,0,83.43224902451038,9.227251325334821e-06,193,1,0
156,37,51,0,0,0,9.081102098737444,"[0.0, 9.081102098737444]",9.081102098737444,8.571428571428571,9.081102098737444,3.2333333333333267,0,1,0,84.12079152464867,9.081102098737444e-06,194,1,0
156,38,17,0,0,0,9.011148725237165,"[0.0, 9.011148725237165]",9.011148725237165,8.571428571428571,9.011148725237165,4.766666666666655,0,1,0,84.28003269433975,9.011148725237165e-06,286,1,0
156,39,9,0,0,0,8.990206037248884,"[0.0, 8.990206037248884]",8.990206037248884,8.571428571428571,8.990206037248884,3.2333333333333267,0,1,0,83.48553389310837,8.990206037248884e-06,194,1,0
156,40,30,0,0,0,8.850936889648438,"[0.0, 8.850936889648438]",8.850936889648438,8.571428571428571,8.850936889648438,3.21666666666666,0,1,0,83.43243271112442,8.850936889648437e-06,193,1,0
156,41,52,0,0,0,8.786345890590123,"[0.0, 8.786345890590123]",8.786345890590123,8.571428571428571,8.786345890590123,5.049999999999987,0,1,0,82.10082603991032,8.786345890590123e-06,303,1,0
156,42,8,0,0,0,8.572981698172432,"[0.0, 8.572981698172432]",8.572981698172432,8.571428571428571,8.572981698172432,3.183333333333327,0,1,0,80.72833289206028,8.572981698172432e-06,191,1,0
156,43,12,0,0,0,8.324356079101562,"[0.0, 8.324356079101562]",8.324356079101562,5.714285714285714,8.324356079101562,4.583333333333322,0,1,0,56.10387450829148,8.324356079101562e-06,275,1,0
156,44,55,0,0,0,8.311974661690847,"[0.0, 8.311974661690847]",8.311974661690847,5.714285714285714,8.311974661690847,4.099999999999991,0,1,0,56.39591184258461,8.311974661690847e-06,246,1,0
156,45,41,0,0,0,7.9830796377999445,"[0.0, 7.9830796377999445]",7.9830796377999445,5.714285714285714,7.9830796377999445,4.4499999999999895,0,1,0,80.15348140895367,7.983079637799945e-06,267,1,0
156,46,20,0,0,0,7.981466565813338,"[0.0, 7.981466565813338]",7.981466565813338,5.714285714285714,7.981466565813338,3.133333333333327,0,1,0,80.02602341771126,7.981466565813338e-06,188,1,0
156,47,37,0,0,0,7.814927782331194,"[0.0, 7.814927782331194]",7.814927782331194,5.714285714285714,7.814927782331194,3.0833333333333273,0,1,0,78.0086809694767,7.814927782331193e-06,185,1,0
156,48,23,0,0,0,6.443252563476562,"[0.0, 6.443252563476562]",6.443252563476562,5.714285714285714,6.443252563476562,7.366666666666646,0,1,0,58.600473466583935,6.443252563476562e-06,442,1,0
156,49,16,0,0,0,6.406887599400111,"[0.0, 6.406887599400111]",6.406887599400111,5.714285714285714,6.406887599400111,7.316666666666646,0,1,0,57.63255914218462,6.406887599400111e-06,439,1,0
156,50,10,0,0,0,6.332593645368304,"[0.0, 6.332593645368304]",6.332593645368304,5.714285714285714,6.332593645368304,7.4666666666666455,0,1,0,58.33812427803787,6.332593645368304e-06,448,1,0
156,51,11,0,0,0,6.299787248883929,"[0.0, 6.299787248883929]",6.299787248883929,5.714285714285714,6.299787248883929,7.316666666666646,0,1,0,57.633532769730664,6.2997872488839286e-06,439,1,0
156,52,54,0,0,0,6.256103515625,"[0.0, 6.256103515625]",6.256103515625,5.714285714285714,6.256103515625,7.266666666666646,0,1,0,56.360568802243506,6.256103515625e-06,436,1,0
156,53,14,0,0,0,5.826208932059151,"[0.0, 5.826208932059151]",5.826208932059151,5.714285714285714,5.826208932059151,2.3833333333333298,0,1,0,52.0087937861681,5.826208932059151e-06,143,1,0
156,54,15,0,0,0,5.507714407784598,"[0.0, 5.507714407784598]",5.507714407784598,2.857142857142857,5.507714407784598,2.2666666666666635,0,1,0,48.09841671586037,5.507714407784598e-06,136,1,0
156,55,57,0,0,0,5.4435511997767865,"[0.0, 5.4435511997767865]",5.4435511997767865,2.857142857142857,5.4435511997767865,7.433333333333312,0,1,0,46.71696953247738,5.443551199776786e-06,446,1,0
156,56,34,0,0,0,5.389660426548549,"[0.0, 5.389660426548549]",5.389660426548549,2.857142857142857,5.389660426548549,2.2333333333333303,0,1,0,46.77540637552738,5.389660426548548e-06,134,1,0
156,57,61,0,0,0,5.316788809640067,"[0.0, 5.316788809640067]",5.316788809640067,2.857142857142857,5.316788809640067,3.099999999999994,0,1,0,46.58856877684593,5.316788809640067e-06,186,1,0
156,58,46,0,0,0,5.0585174560546875,"[0.0, 5.0585174560546875]",5.0585174560546875,2.857142857142857,5.0585174560546875,2.7833333333333283,0,1,0,43.24428115785122,5.0585174560546876e-06,167,1,0
156,59,22,0,0,0,4.838948931012835,"[0.0, 4.838948931012835]",4.838948931012835,2.857142857142857,4.838948931012835,2.583333333333329,0,1,0,40.87099143862724,4.838948931012835e-06,155,1,0
156,60,63,0,0,0,4.427353995186942,"[0.0, 4.427353995186942]",4.427353995186942,2.857142857142857,4.427353995186942,2.249999999999997,0,1,0,36.19598250091076,4.427353995186942e-06,135,1,0
156,61,28,0,0,0,1.8744822910853793,"[0.0, 1.8744822910853793]",1.8744822910853793,0.0,1.8744822910853793,5.016666666666654,0,1,0,5.175708710914478,1.8744822910853793e-06,301,1,0
156,62,62,0,0,0,1.8736866542271204,"[0.0, 1.8736866542271204]",1.8736866542271204,0.0,1.8736866542271204,5.016666666666654,0,1,0,5.175198887242004,1.8736866542271205e-06,301,1,0
156,63,45,0,0,0,1.8721934727260043,"[0.0, 1.8721934727260043]",1.8721934727260043,0.0,1.8721934727260043,5.016666666666654,0,1,0,5.1750036860466935,1.8721934727260043e-06,301,1,0
156,64,38,0,0,0,1.8686785016741072,"[0.0, 1.8686785016741072]",1.8686785016741072,0.0,1.8686785016741072,5.016666666666654,0,1,0,5.187291567926877,1.8686785016741072e-06,301,1,0
157,1,0,0,1,1,15.310151236397878,"[0.0, 15.310151236397878]",15.310151236397878,14.285714285714285,15.310151236397878,6.833333333333314,0,1,0,132.4369699060917,1.5310151236397877e-05,410,1,0
157,2,38,0,1,1,15.186260768345425,"[0.0, 15.186260768345425]",15.186260768345425,14.285714285714285,15.186260768345425,6.6999999999999815,0,1,0,131.556300714612,1.5186260768345426e-05,402,1,0
157,3,1,0,1,1,15.163961138044085,"[0.0, 15.163961138044085]",15.163961138044085,14.285714285714285,15.163961138044085,8.11666666666665,0,1,0,136.29476400464773,1.5163961138044086e-05,487,1,0
157,4,2,0,1,1,15.07744925362723,"[0.0, 15.07744925362723]",15.07744925362723,14.285714285714285,15.07744925362723,6.833333333333314,0,1,0,130.02422189712524,1.5077449253627231e-05,410,1,0
157,5,3,0,1,1,15.066795349121092,"[0.0, 15.066795349121092]",15.066795349121092,14.285714285714285,15.066795349121092,7.566666666666645,0,1,0,135.02477331459522,1.5066795349121091e-05,454,1,0
157,6,4,0,1,1,15.024283272879465,"[0.0, 15.024283272879465]",15.024283272879465,14.285714285714285,15.024283272879465,7.09999999999998,0,1,0,132.49165210872889,1.5024283272879465e-05,426,1,0
157,7,5,0,1,1,14.890954153878347,"[0.0, 14.890954153878347]",14.890954153878347,14.285714285714285,14.890954153878347,7.183333333333313,0,1,0,132.68868400156498,1.4890954153878347e-05,431,1,0
157,8,6,0,1,1,14.876785278320312,"[0.0, 14.876785278320312]",14.876785278320312,14.285714285714285,14.876785278320312,6.683333333333315,0,1,0,130.98957343399525,1.4876785278320312e-05,401,1,0
157,9,7,0,0,1,14.84093802315848,"[0.0, 14.84093802315848]",14.84093802315848,14.285714285714285,14.84093802315848,5.833333333333318,0,1,0,129.2167200744152,1.4840938023158482e-05,350,1,0
157,10,26,0,0,1,14.550427028111049,"[0.0, 14.550427028111049]",14.550427028111049,14.285714285714285,14.550427028111049,6.633333333333315,0,1,0,127.3630456328392,1.455042702811105e-05,398,1,0
157,11,23,0,0,1,14.259616306849887,"[0.0, 14.259616306849887]",14.259616306849887,11.428571428571429,14.259616306849887,8.71666666666668,0,1,0,130.76830629841425,1.4259616306849888e-05,523,1,0
157,12,40,0,0,1,14.142624991280691,"[0.0, 14.142624991280691]",14.142624991280691,11.428571428571429,14.142624991280691,6.383333333333316,0,1,0,125.26538114249706,1.4142624991280691e-05,383,1,0
157,13,61,0,0,1,12.857142857142856,"[0.0, 12.857142857142856]",12.857142857142856,11.428571428571429,12.857142857142856,9.433333333333382,0,1,0,121.85438381353742,1.2857142857142856e-05,566,1,0
157,14,41,0,0,1,11.399222782679967,"[0.0, 11.399222782679967]",11.399222782679967,8.571428571428571,11.399222782679967,5.749999999999985,0,1,0,101.02210240066051,1.1399222782679967e-05,345,1,0
157,15,8,0,0,1,11.395552498953682,"[0.0, 11.395552498953682]",11.395552498953682,8.571428571428571,11.395552498953682,5.816666666666651,0,1,0,98.07017607986927,1.1395552498953682e-05,349,1,0
157,16,57,0,0,1,11.17476054600307,"[0.0, 11.17476054600307]",11.17476054600307,8.571428571428571,11.17476054600307,5.799999999999985,0,1,0,100.32573479413986,1.117476054600307e-05,348,1,0
157,17,39,0,0,1,11.107760838099887,"[0.0, 11.107760838099887]",11.107760838099887,8.571428571428571,11.107760838099887,5.716666666666652,0,1,0,99.25480854511261,1.1107760838099887e-05,343,1,0
157,18,12,0,0,1,11.051624843052457,"[0.0, 11.051624843052457]",11.051624843052457,8.571428571428571,11.051624843052457,5.783333333333318,0,1,0,100.34390452504158,1.1051624843052457e-05,347,1,0
157,19,18,0,0,1,10.770198277064733,"[0.0, 10.770198277064733]",10.770198277064733,8.571428571428571,10.770198277064733,3.4499999999999926,0,1,0,92.34166966378689,1.0770198277064733e-05,207,1,0
157,20,58,0,0,1,10.441205160958427,"[0.0, 10.441205160958427]",10.441205160958427,8.571428571428571,10.441205160958427,5.616666666666652,0,1,0,95.86969868838787,1.0441205160958426e-05,337,1,0
157,21,42,0,0,1,10.115353720528738,"[0.0, 10.115353720528738]",10.115353720528738,8.571428571428571,10.115353720528738,3.516666666666659,0,1,0,87.92717383801937,1.0115353720528737e-05,211,1,0
157,22,13,0,0,1,10.108566284179688,"[0.0, 10.108566284179688]",10.108566284179688,8.571428571428571,10.108566284179688,3.349999999999993,0,1,0,89.00022420287132,1.0108566284179688e-05,201,1,0
157,23,27,0,0,1,10.068190438406809,"[0.0, 10.068190438406809]",10.068190438406809,8.571428571428571,10.068190438406809,3.349999999999993,0,1,0,88.99982629716396,1.0068190438406809e-05,201,1,0
157,24,31,0,0,1,9.992564065115793,"[0.0, 9.992564065115793]",9.992564065115793,8.571428571428571,9.992564065115793,5.416666666666653,0,1,0,92.36752305924892,9.992564065115793e-06,325,1,0
157,25,32,0,0,1,9.9069949558803,"[0.0, 9.9069949558803]",9.9069949558803,8.571428571428571,9.9069949558803,3.299999999999993,0,1,0,86.89571703970432,9.9069949558803e-06,198,1,0
157,26,15,0,0,1,9.849995204380582,"[0.0, 9.849995204380582]",9.849995204380582,8.571428571428571,9.849995204380582,3.3666666666666596,0,1,0,86.94147334992886,9.849995204380582e-06,202,1,0
157,27,49,0,0,1,9.664366585867745,"[0.0, 9.664366585867745]",9.664366585867745,8.571428571428571,9.664366585867745,5.349999999999986,0,1,0,91.03560815751553,9.664366585867745e-06,321,1,0
157,28,54,0,0,1,9.497923169817243,"[0.0, 9.497923169817243]",9.497923169817243,8.571428571428571,9.497923169817243,5.249999999999987,0,1,0,87.04360182583332,9.497923169817243e-06,315,1,0
157,29,19,0,0,1,9.257128579275948,"[0.0, 9.257128579275948]",9.257128579275948,8.571428571428571,9.257128579275948,3.6333333333333253,0,1,0,84.76021175086498,9.257128579275948e-06,218,1,0
157,30,53,0,0,1,9.23056193760463,"[0.0, 9.23056193760463]",9.23056193760463,8.571428571428571,9.23056193760463,3.2333333333333267,0,1,0,84.12066543102264,9.23056193760463e-06,194,1,0
157,31,33,0,0,1,9.057017735072545,"[0.0, 9.057017735072545]",9.057017735072545,8.571428571428571,9.057017735072545,3.21666666666666,0,1,0,83.43228396773338,9.057017735072545e-06,193,1,0
157,32,10,0,0,1,8.94043241228376,"[0.0, 8.94043241228376]",8.94043241228376,8.571428571428571,8.94043241228376,3.399999999999993,0,1,0,81.03864242136478,8.94043241228376e-06,204,1,0
157,33,11,0,0,0,8.93754414149693,"[0.0, 8.93754414149693]",8.93754414149693,8.571428571428571,8.93754414149693,3.21666666666666,0,1,0,83.4319146424532,8.93754414149693e-06,193,1,0
157,34,25,0,0,0,8.80983897617885,"[0.0, 8.80983897617885]",8.80983897617885,8.571428571428571,8.80983897617885,3.183333333333327,0,1,0,80.88720124959946,8.80983897617885e-06,191,1,0
157,35,46,0,0,0,8.701853070940292,"[0.0, 8.701853070940292]",8.701853070940292,8.571428571428571,8.701853070940292,3.1666666666666603,0,1,0,81.38157847523689,8.701853070940292e-06,190,1,0
157,36,36,0,0,0,8.527932848249163,"[0.0, 8.527932848249163]",8.527932848249163,5.714285714285714,8.527932848249163,3.1499999999999937,0,1,0,80.70319044589996,8.527932848249164e-06,189,1,0
157,37,35,0,0,0,8.507627759660993,"[0.0, 8.507627759660993]",8.507627759660993,5.714285714285714,8.507627759660993,3.1499999999999937,0,1,0,80.7026933580637,8.507627759660992e-06,189,1,0
157,38,43,0,0,0,8.439292907714844,"[0.0, 8.439292907714844]",8.439292907714844,5.714285714285714,8.439292907714844,4.266666666666657,0,1,0,82.8536015637219,8.439292907714844e-06,256,1,0
157,39,24,0,0,0,8.291394369942802,"[0.0, 8.291394369942802]",8.291394369942802,5.714285714285714,8.291394369942802,4.0666666666666575,0,1,0,56.17072819173336,8.291394369942802e-06,244,1,0
157,40,48,0,0,0,8.263822283063615,"[0.0, 8.263822283063615]",8.263822283063615,5.714285714285714,8.263822283063615,4.583333333333322,0,1,0,81.88292722404003,8.263822283063614e-06,275,1,0
157,41,45,0,0,0,8.190411158970425,"[0.0, 8.190411158970425]",8.190411158970425,5.714285714285714,8.190411158970425,3.1499999999999937,0,1,0,80.70274610817432,8.190411158970426e-06,189,1,0
157,42,37,0,0,0,8.131686619349889,"[0.0, 8.131686619349889]",8.131686619349889,5.714285714285714,8.131686619349889,3.099999999999994,0,1,0,78.67894062399864,8.131686619349888e-06,186,1,0
157,43,21,0,0,0,7.955404009137834,"[0.0, 7.955404009137834]",7.955404009137834,5.714285714285714,7.955404009137834,7.566666666666645,0,1,0,60.22485583362868,7.955404009137835e-06,454,1,0
157,44,63,0,0,0,6.509361267089845,"[0.0, 6.509361267089845]",6.509361267089845,5.714285714285714,6.509361267089845,7.383333333333312,0,1,0,58.1324935915909,6.509361267089845e-06,443,1,0
157,45,51,0,0,0,6.166681562151228,"[0.0, 6.166681562151228]",6.166681562151228,5.714285714285714,6.166681562151228,7.316666666666646,0,1,0,57.633149865912856,6.166681562151228e-06,439,1,0
157,46,50,0,0,0,5.954328264508928,"[0.0, 5.954328264508928]",5.954328264508928,5.714285714285714,5.954328264508928,3.9666666666666575,0,1,0,55.391061052680016,5.954328264508928e-06,238,1,0
157,47,56,0,0,0,5.838819231305804,"[0.0, 5.838819231305804]",5.838819231305804,5.714285714285714,5.838819231305804,3.9666666666666575,0,1,0,53.30919234454632,5.838819231305804e-06,238,1,0
157,48,44,0,0,0,5.729255676269531,"[0.0, 5.729255676269531]",5.729255676269531,5.714285714285714,5.729255676269531,2.6499999999999955,0,1,0,50.921121791005135,5.729255676269531e-06,159,1,0
157,49,62,0,0,0,5.659670148577009,"[0.0, 5.659670148577009]",5.659670148577009,2.857142857142857,5.659670148577009,2.3499999999999965,0,1,0,49.99829077720642,5.659670148577009e-06,141,1,0
157,50,60,0,0,0,5.639997209821428,"[0.0, 5.639997209821428]",5.639997209821428,2.857142857142857,5.639997209821428,3.4999999999999925,0,1,0,50.11751936376095,5.639997209821428e-06,210,1,0
157,51,28,0,0,0,5.617937360491072,"[0.0, 5.617937360491072]",5.617937360491072,2.857142857142857,5.617937360491072,3.4666666666666592,0,1,0,49.852382600307465,5.6179373604910725e-06,208,1,0
157,52,52,0,0,0,5.510597229003906,"[0.0, 5.510597229003906]",5.510597229003906,2.857142857142857,5.510597229003906,3.349999999999993,0,1,0,48.88191509246826,5.510597229003906e-06,201,1,0
157,53,14,0,0,0,5.365426199776786,"[0.0, 5.365426199776786]",5.365426199776786,2.857142857142857,5.365426199776786,3.1499999999999937,0,1,0,47.07057002186775,5.365426199776785e-06,189,1,0
157,54,59,0,0,0,5.310320172991071,"[0.0, 5.310320172991071]",5.310320172991071,2.857142857142857,5.310320172991071,3.0833333333333273,0,1,0,46.424434676766396,5.3103201729910714e-06,185,1,0
157,55,47,0,0,0,5.272881644112723,"[0.0, 5.272881644112723]",5.272881644112723,2.857142857142857,5.272881644112723,3.0333333333333274,0,1,0,45.92512786388397,5.272881644112723e-06,182,1,0
157,56,16,0,0,0,5.182707650320871,"[0.0, 5.182707650320871]",5.182707650320871,2.857142857142857,5.182707650320871,2.933333333333328,0,1,0,44.890625432133675,5.1827076503208704e-06,176,1,0
157,57,29,0,0,0,5.023591177804129,"[0.0, 5.023591177804129]",5.023591177804129,2.857142857142857,5.023591177804129,2.7666666666666617,0,1,0,43.054461911320686,5.023591177804129e-06,166,1,0
157,58,30,0,0,0,5.015177045549665,"[0.0, 5.015177045549665]",5.015177045549665,2.857142857142857,5.015177045549665,5.8499999999999845,0,1,0,43.75757481028268,5.015177045549665e-06,351,1,0
157,59,20,0,0,0,4.862104143415179,"[0.0, 4.862104143415179]",4.862104143415179,2.857142857142857,4.862104143415179,2.5999999999999956,0,1,0,41.076741233468056,4.862104143415179e-06,156,1,0
157,60,22,0,0,0,2.8283309936523438,"[0.0, 2.8283309936523438]",2.8283309936523438,0.0,2.8283309936523438,5.016666666666654,0,1,0,39.54576861613896,2.828330993652344e-06,301,1,0
157,61,55,0,0,0,2.152486528669085,"[0.0, 2.152486528669085]",2.152486528669085,0.0,2.152486528669085,5.016666666666654,0,1,0,8.221814096068556,2.1524865286690853e-06,301,1,0
157,62,34,0,0,0,2.132928030831473,"[0.0, 2.132928030831473]",2.132928030831473,0.0,2.132928030831473,5.016666666666654,0,1,0,8.302398445724975,2.132928030831473e-06,301,1,0
157,63,9,0,0,0,2.1113695417131697,"[0.0, 2.1113695417131697]",2.1113695417131697,0.0,2.1113695417131697,5.016666666666654,0,1,0,7.705921614004183,2.1113695417131697e-06,301,1,0
157,64,17,0,0,0,2.109429495675223,"[0.0, 2.109429495675223]",2.109429495675223,0.0,2.109429495675223,5.016666666666654,0,1,0,7.70609025851445,2.109429495675223e-06,301,1,0
158,1,0,0,1,1,15.310151236397878,"[0.0, 15.310151236397878]",15.310151236397878,14.285714285714285,15.310151236397878,6.833333333333314,0,1,0,132.4369699060917,1.5310151236397877e-05,410,1,0
158,2,59,0,1,1,15.207454136439733,"[0.0, 15.207454136439733]",15.207454136439733,14.285714285714285,15.207454136439733,7.98333333333331,0,1,0,130.28384825587273,1.5207454136439732e-05,479,1,0
158,3,1,0,1,1,15.186260768345425,"[0.0, 15.186260768345425]",15.186260768345425,14.285714285714285,15.186260768345425,6.6999999999999815,0,1,0,131.556300714612,1.5186260768345426e-05,402,1,0
158,4,2,0,1,1,15.163961138044085,"[0.0, 15.163961138044085]",15.163961138044085,14.285714285714285,15.163961138044085,8.11666666666665,0,1,0,136.29476400464773,1.5163961138044086e-05,487,1,0
158,5,3,0,1,1,15.07744925362723,"[0.0, 15.07744925362723]",15.07744925362723,14.285714285714285,15.07744925362723,6.833333333333314,0,1,0,130.02422189712524,1.5077449253627231e-05,410,1,0
158,6,4,0,1,1,15.066795349121092,"[0.0, 15.066795349121092]",15.066795349121092,14.285714285714285,15.066795349121092,7.566666666666645,0,1,0,135.02477331459522,1.5066795349121091e-05,454,1,0
158,7,5,0,1,1,15.024283272879465,"[0.0, 15.024283272879465]",15.024283272879465,14.285714285714285,15.024283272879465,7.09999999999998,0,1,0,132.49165210872889,1.5024283272879465e-05,426,1,0
158,8,31,0,1,1,14.937340872628349,"[0.0, 14.937340872628349]",14.937340872628349,14.285714285714285,14.937340872628349,6.716666666666648,0,1,0,128.7978798598051,1.493734087262835e-05,403,1,0
158,9,6,0,0,1,14.890954153878347,"[0.0, 14.890954153878347]",14.890954153878347,14.285714285714285,14.890954153878347,7.183333333333313,0,1,0,132.68868400156498,1.4890954153878347e-05,431,1,0
158,10,7,0,0,1,14.876785278320312,"[0.0, 14.876785278320312]",14.876785278320312,14.285714285714285,14.876785278320312,6.683333333333315,0,1,0,130.98957343399525,1.4876785278320312e-05,401,1,0
158,11,52,0,0,1,14.84586443219866,"[0.0, 14.84586443219866]",14.84586443219866,14.285714285714285,14.84586443219866,6.883333333333314,0,1,0,130.3429334461689,1.4845864432198659e-05,413,1,0
158,12,56,0,0,1,14.749837602887835,"[0.0, 14.749837602887835]",14.749837602887835,14.285714285714285,14.749837602887835,6.799999999999981,0,1,0,133.91944535076618,1.4749837602887835e-05,408,1,0
158,13,61,0,0,1,14.747118268694196,"[0.0, 14.747118268694196]",14.747118268694196,14.285714285714285,14.747118268694196,6.683333333333315,0,1,0,130.53449362516403,1.4747118268694196e-05,401,1,0
158,14,8,0,0,1,14.656595502580917,"[0.0, 14.656595502580917]",14.656595502580917,14.285714285714285,14.656595502580917,6.6166666666666485,0,1,0,129.36550743877888,1.4656595502580917e-05,397,1,0
158,15,63,0,0,1,14.610939025878904,"[0.0, 14.610939025878904]",14.610939025878904,14.285714285714285,14.610939025878904,6.516666666666649,0,1,0,129.34286753833294,1.4610939025878904e-05,391,1,0
158,16,43,0,0,1,14.38073294503348,"[0.0, 14.38073294503348]",14.38073294503348,14.285714285714285,14.38073294503348,5.966666666666651,0,1,0,129.91961985826492,1.438073294503348e-05,358,1,0
158,17,17,0,0,1,11.645758492606028,"[0.0, 11.645758492606028]",11.645758492606028,11.428571428571429,11.645758492606028,5.816666666666651,0,1,0,102.75411720573902,1.1645758492606029e-05,349,1,0
158,18,40,0,0,1,11.151131221226283,"[0.0, 11.151131221226283]",11.151131221226283,8.571428571428571,11.151131221226283,5.7666666666666515,0,1,0,97.50853411853313,1.1151131221226283e-05,346,1,0
158,19,42,0,0,1,11.098872593470983,"[0.0, 11.098872593470983]",11.098872593470983,8.571428571428571,11.098872593470983,5.783333333333318,0,1,0,101.5090014487505,1.1098872593470983e-05,347,1,0
158,20,11,0,0,1,10.962093898228236,"[0.0, 10.962093898228236]",10.962093898228236,8.571428571428571,10.962093898228236,5.733333333333318,0,1,0,99.24032385647297,1.0962093898228236e-05,344,1,0
158,21,16,0,0,1,10.776424407958984,"[0.0, 10.776424407958984]",10.776424407958984,8.571428571428571,10.776424407958984,5.699999999999985,0,1,0,95.89715425670147,1.0776424407958984e-05,342,1,0
158,22,13,0,0,1,10.71291514805385,"[0.0, 10.71291514805385]",10.71291514805385,8.571428571428571,10.71291514805385,5.583333333333319,0,1,0,98.75172969698906,1.071291514805385e-05,335,1,0
158,23,21,0,0,1,10.41459219796317,"[0.0, 10.41459219796317]",10.41459219796317,8.571428571428571,10.41459219796317,5.599999999999985,0,1,0,95.95731529593468,1.041459219796317e-05,336,1,0
158,24,12,0,0,1,10.349257332938059,"[0.0, 10.349257332938059]",10.349257332938059,8.571428571428571,10.349257332938059,3.383333333333326,0,1,0,89.79653787612915,1.0349257332938058e-05,203,1,0
158,25,45,0,0,1,10.29867172241211,"[0.0, 10.29867172241211]",10.29867172241211,8.571428571428571,10.29867172241211,5.433333333333319,0,1,0,91.3425038009882,1.029867172241211e-05,326,1,0
158,26,60,0,0,1,10.100923265729632,"[0.0, 10.100923265729632]",10.100923265729632,8.571428571428571,10.100923265729632,5.416666666666653,0,1,0,89.62073574960232,1.0100923265729633e-05,325,1,0
158,27,27,0,0,1,10.03324236188616,"[0.0, 10.03324236188616]",10.03324236188616,8.571428571428571,10.03324236188616,3.2833333333333266,0,1,0,86.19801093637943,1.003324236188616e-05,197,1,0
158,28,20,0,0,1,9.858812604631696,"[0.0, 9.858812604631696]",9.858812604631696,8.571428571428571,9.858812604631696,4.949999999999988,0,1,0,90.84489904344082,9.858812604631697e-06,297,1,0
158,29,55,0,0,1,9.719548906598773,"[0.0, 9.719548906598773]",9.719548906598773,8.571428571428571,9.719548906598773,3.3166666666666598,0,1,0,87.5942127853632,9.719548906598773e-06,199,1,0
158,30,19,0,0,1,9.617424011230469,"[0.0, 9.617424011230469]",9.617424011230469,8.571428571428571,9.617424011230469,5.2999999999999865,0,1,0,87.57057695090771,9.617424011230469e-06,318,1,0
158,31,9,0,0,1,9.354621342250278,"[0.0, 9.354621342250278]",9.354621342250278,8.571428571428571,9.354621342250278,3.26666666666666,0,1,0,85.5035449564457,9.354621342250277e-06,196,1,0
158,32,32,0,0,1,9.300591605050224,"[0.0, 9.300591605050224]",9.300591605050224,8.571428571428571,9.300591605050224,3.21666666666666,0,1,0,83.43234550952911,9.300591605050224e-06,193,1,0
158,33,24,0,0,0,9.181782858712333,"[0.0, 9.181782858712333]",9.181782858712333,8.571428571428571,9.181782858712333,3.2499999999999933,0,1,0,84.28677269816399,9.181782858712334e-06,195,1,0
158,34,48,0,0,0,9.070818764822823,"[0.0, 9.070818764822823]",9.070818764822823,8.571428571428571,9.070818764822823,3.2333333333333267,0,1,0,84.1203493475914,9.070818764822823e-06,194,1,0
158,35,14,0,0,0,9.055404663085938,"[0.0, 9.055404663085938]",9.055404663085938,8.571428571428571,9.055404663085938,3.2333333333333267,0,1,0,84.12074412405491,9.055404663085937e-06,194,1,0
158,36,39,0,0,0,8.845759800502233,"[0.0, 8.845759800502233]",8.845759800502233,8.571428571428571,8.845759800502233,4.7499999999999885,0,1,0,83.41399402916431,8.845759800502233e-06,285,1,0
158,37,37,0,0,0,8.727640424455915,"[0.0, 8.727640424455915]",8.727640424455915,8.571428571428571,8.727640424455915,3.1999999999999935,0,1,0,82.74631351232529,8.727640424455915e-06,192,1,0
158,38,36,0,0,0,8.275064740862165,"[0.0, 8.275064740862165]",8.275064740862165,5.714285714285714,8.275064740862165,3.1666666666666603,0,1,0,81.3814771771431,8.275064740862165e-06,190,1,0
158,39,44,0,0,0,8.153005327497208,"[0.0, 8.153005327497208]",8.153005327497208,5.714285714285714,8.153005327497208,3.3333333333333264,0,1,0,78.98455315828323,8.153005327497208e-06,200,1,0
158,40,30,0,0,0,8.099261692592076,"[0.0, 8.099261692592076]",8.099261692592076,5.714285714285714,8.099261692592076,3.133333333333327,0,1,0,80.02618290483952,8.099261692592077e-06,188,1,0
158,41,22,0,0,0,7.987542833600725,"[0.0, 7.987542833600725]",7.987542833600725,5.714285714285714,7.987542833600725,3.1166666666666605,0,1,0,78.0944582670927,7.987542833600725e-06,187,1,0
158,42,51,0,0,0,7.523394993373326,"[0.0, 7.523394993373326]",7.523394993373326,5.714285714285714,7.523394993373326,3.133333333333327,0,1,0,75.22088219225407,7.523394993373326e-06,188,1,0
158,43,35,0,0,0,6.337678091866629,"[0.0, 6.337678091866629]",6.337678091866629,5.714285714285714,6.337678091866629,7.433333333333312,0,1,0,58.815000647868146,6.33767809186663e-06,446,1,0
158,44,49,0,0,0,6.326119559151786,"[0.0, 6.326119559151786]",6.326119559151786,5.714285714285714,6.326119559151786,7.366666666666646,0,1,0,58.581729254285165,6.3261195591517855e-06,442,1,0
158,45,50,0,0,0,6.269171578543527,"[0.0, 6.269171578543527]",6.269171578543527,5.714285714285714,6.269171578543527,7.266666666666646,0,1,0,56.5588230530484,6.269171578543527e-06,436,1,0
158,46,54,0,0,0,6.117128644670759,"[0.0, 6.117128644670759]",6.117128644670759,5.714285714285714,6.117128644670759,7.266666666666646,0,1,0,56.681677916043554,6.117128644670759e-06,436,1,0
158,47,46,0,0,0,5.964835030691964,"[0.0, 5.964835030691964]",5.964835030691964,5.714285714285714,5.964835030691964,4.0666666666666575,0,1,0,55.62684541940689,5.964835030691964e-06,244,1,0
158,48,29,0,0,0,5.958099365234375,"[0.0, 5.958099365234375]",5.958099365234375,5.714285714285714,5.958099365234375,3.9666666666666575,0,1,0,55.33104544878006,5.958099365234375e-06,238,1,0
158,49,23,0,0,0,5.850879124232701,"[0.0, 5.850879124232701]",5.850879124232701,5.714285714285714,5.850879124232701,3.983333333333324,0,1,0,53.425197683274746,5.850879124232701e-06,239,1,0
158,50,47,0,0,0,5.82848140171596,"[0.0, 5.82848140171596]",5.82848140171596,5.714285714285714,5.82848140171596,2.8166666666666615,0,1,0,52.18971160054207,5.8284814017159605e-06,169,1,0
158,51,15,0,0,0,5.79880850655692,"[0.0, 5.79880850655692]",5.79880850655692,5.714285714285714,5.79880850655692,7.216666666666646,0,1,0,55.57959415647201,5.79880850655692e-06,433,1,0
158,52,41,0,0,0,5.748759678431919,"[0.0, 5.748759678431919]",5.748759678431919,5.714285714285714,5.748759678431919,3.733333333333325,0,1,0,51.882634937763214,5.7487596784319194e-06,224,1,0
158,53,34,0,0,0,5.638716561453682,"[0.0, 5.638716561453682]",5.638716561453682,2.857142857142857,5.638716561453682,2.3166666666666633,0,1,0,49.75892028212547,5.638716561453682e-06,139,1,0
158,54,53,0,0,0,5.572019304547991,"[0.0, 5.572019304547991]",5.572019304547991,2.857142857142857,5.572019304547991,3.383333333333326,0,1,0,49.5033987313509,5.572019304547991e-06,203,1,0
158,55,33,0,0,0,5.232053484235491,"[0.0, 5.232053484235491]",5.232053484235491,2.857142857142857,5.232053484235491,9.366666666666712,0,1,0,64.58587900899875,5.232053484235491e-06,562,1,0
158,56,28,0,0,0,5.116887773786273,"[0.0, 5.116887773786273]",5.116887773786273,2.857142857142857,5.116887773786273,2.1333333333333306,0,1,0,43.78370846807957,5.116887773786272e-06,128,1,0
158,57,58,0,0,0,5.113727024623326,"[0.0, 5.113727024623326]",5.113727024623326,2.857142857142857,5.113727024623326,2.1333333333333306,0,1,0,43.783799052238464,5.113727024623326e-06,128,1,0
158,58,57,0,0,0,4.30065699986049,"[0.0, 4.30065699986049]",4.30065699986049,2.857142857142857,4.30065699986049,2.1333333333333306,0,1,0,34.75582109391689,4.30065699986049e-06,128,1,0
158,59,18,0,0,0,3.3296149117606024,"[0.0, 3.3296149117606024]",3.3296149117606024,2.857142857142857,3.3296149117606024,7.4666666666666455,0,1,0,53.04918216212536,3.3296149117606024e-06,448,1,0
158,60,26,0,0,0,2.1775109427315846,"[0.0, 2.1775109427315846]",2.1775109427315846,0.0,2.1775109427315846,5.016666666666654,0,1,0,8.504003143127193,2.1775109427315845e-06,301,1,0
158,61,62,0,0,0,2.1303558349609375,"[0.0, 2.1303558349609375]",2.1303558349609375,0.0,2.1303558349609375,5.016666666666654,0,1,0,7.9586486223415704,2.1303558349609373e-06,301,1,0
158,62,25,0,0,0,2.1118273053850443,"[0.0, 2.1118273053850443]",2.1118273053850443,0.0,2.1118273053850443,5.016666666666654,0,1,0,7.70574828912504,2.1118273053850443e-06,301,1,0
158,63,38,0,0,0,2.108323233468192,"[0.0, 2.108323233468192]",2.108323233468192,0.0,2.108323233468192,5.016666666666654,0,1,0,7.706629338063067,2.1083232334681916e-06,301,1,0
158,64,10,0,0,0,1.875288827078683,"[0.0, 1.875288827078683]",1.875288827078683,0.0,1.875288827078683,5.016666666666654,0,1,0,5.1748602443840355,1.8752888270786829e-06,301,1,0
159,1,0,0,1,1,15.310151236397878,"[0.0, 15.310151236397878]",15.310151236397878,14.285714285714285,15.310151236397878,6.833333333333314,0,1,0,132.4369699060917,1.5310151236397877e-05,410,1,0
159,2,1,0,1,1,15.207454136439733,"[0.0, 15.207454136439733]",15.207454136439733,14.285714285714285,15.207454136439733,7.98333333333331,0,1,0,130.28384825587273,1.5207454136439732e-05,479,1,0
159,3,2,0,1,1,15.186260768345425,"[0.0, 15.186260768345425]",15.186260768345425,14.285714285714285,15.186260768345425,6.6999999999999815,0,1,0,131.556300714612,1.5186260768345426e-05,402,1,0
159,4,3,0,1,1,15.163961138044085,"[0.0, 15.163961138044085]",15.163961138044085,14.285714285714285,15.163961138044085,8.11666666666665,0,1,0,136.29476400464773,1.5163961138044086e-05,487,1,0
159,5,4,0,1,1,15.07744925362723,"[0.0, 15.07744925362723]",15.07744925362723,14.285714285714285,15.07744925362723,6.833333333333314,0,1,0,130.02422189712524,1.5077449253627231e-05,410,1,0
159,6,5,0,1,1,15.066795349121092,"[0.0, 15.066795349121092]",15.066795349121092,14.285714285714285,15.066795349121092,7.566666666666645,0,1,0,135.02477331459522,1.5066795349121091e-05,454,1,0
159,7,6,0,1,1,15.024283272879465,"[0.0, 15.024283272879465]",15.024283272879465,14.285714285714285,15.024283272879465,7.09999999999998,0,1,0,132.49165210872889,1.5024283272879465e-05,426,1,0
159,8,41,0,1,1,14.947738647460938,"[0.0, 14.947738647460938]",14.947738647460938,14.285714285714285,14.947738647460938,6.649999999999982,0,1,0,132.08348996937275,1.4947738647460938e-05,399,1,0
159,9,7,0,0,1,14.937340872628349,"[0.0, 14.937340872628349]",14.937340872628349,14.285714285714285,14.937340872628349,6.716666666666648,0,1,0,128.7978798598051,1.493734087262835e-05,403,1,0
159,10,62,0,0,1,14.823657444545201,"[0.0, 14.823657444545201]",14.823657444545201,14.285714285714285,14.823657444545201,6.666666666666648,0,1,0,133.55187885463238,1.48236574445452e-05,400,1,0
159,11,39,0,0,1,14.7033200945173,"[0.0, 14.7033200945173]",14.7033200945173,14.285714285714285,14.7033200945173,6.566666666666649,0,1,0,129.00628377497196,1.47033200945173e-05,394,1,0
159,12,40,0,0,1,14.475811549595424,"[0.0, 14.475811549595424]",14.475811549595424,14.285714285714285,14.475811549595424,6.6166666666666485,0,1,0,129.70985408127308,1.4475811549595423e-05,397,1,0
159,13,47,0,0,1,14.121693202427455,"[0.0, 14.121693202427455]",14.121693202427455,11.428571428571429,14.121693202427455,6.599999999999982,0,1,0,123.76431725174189,1.4121693202427456e-05,396,1,0
159,14,52,0,0,1,13.383527483258927,"[0.0, 13.383527483258927]",13.383527483258927,11.428571428571429,13.383527483258927,8.416666666666664,0,1,0,122.92878098865913,1.3383527483258928e-05,505,1,0
159,15,44,0,0,1,12.857142857142856,"[0.0, 12.857142857142856]",12.857142857142856,11.428571428571429,12.857142857142856,7.499999999999979,0,1,0,115.57208984345198,1.2857142857142856e-05,450,1,0
159,16,43,0,0,1,11.8057005746024,"[0.0, 11.8057005746024]",11.8057005746024,11.428571428571429,11.8057005746024,9.133333333333367,0,1,0,102.39397221346735,1.1805700574602399e-05,548,1,0
159,17,19,0,0,1,11.250754765101842,"[0.0, 11.250754765101842]",11.250754765101842,8.571428571428571,11.250754765101842,3.5499999999999923,0,1,0,97.2494171410799,1.1250754765101842e-05,213,1,0
159,18,9,0,0,1,11.058346884591238,"[0.0, 11.058346884591238]",11.058346884591238,8.571428571428571,11.058346884591238,5.716666666666652,0,1,0,102.55389529466629,1.1058346884591238e-05,343,1,0
159,19,18,0,0,1,10.98365238734654,"[0.0, 10.98365238734654]",10.98365238734654,8.571428571428571,10.98365238734654,5.949999999999984,0,1,0,98.16715863347054,1.098365238734654e-05,357,1,0
159,20,56,0,0,1,10.89162826538086,"[0.0, 10.89162826538086]",10.89162826538086,8.571428571428571,10.89162826538086,5.633333333333319,0,1,0,95.52740721404552,1.089162826538086e-05,338,1,0
159,21,30,0,0,1,10.59143338884626,"[0.0, 10.59143338884626]",10.59143338884626,8.571428571428571,10.59143338884626,5.633333333333319,0,1,0,95.94080005586147,1.059143338884626e-05,338,1,0
159,22,59,0,0,1,10.372153690883092,"[0.0, 10.372153690883092]",10.372153690883092,8.571428571428571,10.372153690883092,3.8333333333333246,0,1,0,90.03530737757683,1.0372153690883093e-05,230,1,0
159,23,22,0,0,1,10.261140550885882,"[0.0, 10.261140550885882]",10.261140550885882,8.571428571428571,10.261140550885882,5.483333333333319,0,1,0,94.75502508878708,1.0261140550885882e-05,329,1,0
159,24,12,0,0,1,10.19887924194336,"[0.0, 10.19887924194336]",10.19887924194336,8.571428571428571,10.19887924194336,5.916666666666651,0,1,0,94.70359925925732,1.019887924194336e-05,355,1,0
159,25,27,0,0,1,10.085195813860212,"[0.0, 10.085195813860212]",10.085195813860212,8.571428571428571,10.085195813860212,3.3333333333333264,0,1,0,88.29611100256443,1.0085195813860212e-05,200,1,0
159,26,17,0,0,1,10.02612795148577,"[0.0, 10.02612795148577]",10.02612795148577,8.571428571428571,10.02612795148577,5.449999999999986,0,1,0,93.68179596960545,1.0026127951485772e-05,327,1,0
159,27,38,0,0,1,9.997228894914901,"[0.0, 9.997228894914901]",9.997228894914901,8.571428571428571,9.997228894914901,3.3333333333333264,0,1,0,88.2965579777956,9.997228894914901e-06,200,1,0
159,28,23,0,0,1,9.989495958600724,"[0.0, 9.989495958600724]",9.989495958600724,8.571428571428571,9.989495958600724,5.266666666666653,0,1,0,91.2266982793808,9.989495958600723e-06,316,1,0
159,29,35,0,0,1,9.84330313546317,"[0.0, 9.84330313546317]",9.84330313546317,8.571428571428571,9.84330313546317,7.333333333333313,0,1,0,92.33366760611534,9.84330313546317e-06,440,1,0
159,30,46,0,0,1,9.628636496407646,"[0.0, 9.628636496407646]",9.628636496407646,8.571428571428571,9.628636496407646,5.3833333333333195,0,1,0,91.56783427298069,9.628636496407646e-06,323,1,0
159,31,29,0,0,1,9.521476200648717,"[0.0, 9.521476200648717]",9.521476200648717,8.571428571428571,9.521476200648717,3.5499999999999923,0,1,0,85.80340512096882,9.521476200648717e-06,213,1,0
159,32,28,0,0,1,9.519593375069753,"[0.0, 9.519593375069753]",9.519593375069753,8.571428571428571,9.519593375069753,3.26666666666666,0,1,0,85.50392277538776,9.519593375069754e-06,196,1,0
159,33,55,0,0,0,9.393435886928012,"[0.0, 9.393435886928012]",9.393435886928012,8.571428571428571,9.393435886928012,3.433333333333326,0,1,0,85.55816398561001,9.393435886928012e-06,206,1,0
159,34,14,0,0,0,9.28713389805385,"[0.0, 9.28713389805385]",9.28713389805385,8.571428571428571,9.28713389805385,3.26666666666666,0,1,0,84.97077332437038,9.287133898053851e-06,196,1,0
159,35,60,0,0,0,9.275760650634766,"[0.0, 9.275760650634766]",9.275760650634766,8.571428571428571,9.275760650634766,5.533333333333319,0,1,0,87.75597706437111,9.275760650634766e-06,332,1,0
159,36,50,0,0,0,9.167322431291852,"[0.0, 9.167322431291852]",9.167322431291852,8.571428571428571,9.167322431291852,3.2333333333333267,0,1,0,84.12040665745735,9.167322431291853e-06,194,1,0
159,37,8,0,0,0,8.67715290614537,"[0.0, 8.67715290614537]",8.67715290614537,8.571428571428571,8.67715290614537,7.749999999999978,0,1,0,67.54159023007378,8.67715290614537e-06,465,1,0
159,38,63,0,0,0,8.640218462262835,"[0.0, 8.640218462262835]",8.640218462262835,8.571428571428571,8.640218462262835,3.183333333333327,0,1,0,82.06286384165287,8.640218462262835e-06,191,1,0
159,39,49,0,0,0,8.60374995640346,"[0.0, 8.60374995640346]",8.60374995640346,8.571428571428571,8.60374995640346,3.383333333333326,0,1,0,81.22509406507015,8.60374995640346e-06,203,1,0
159,40,51,0,0,0,8.302971976143974,"[0.0, 8.302971976143974]",8.302971976143974,5.714285714285714,8.302971976143974,4.649999999999989,0,1,0,56.48584923893213,8.302971976143974e-06,279,1,0
159,41,26,0,0,0,8.292435237339564,"[0.0, 8.292435237339564]",8.292435237339564,5.714285714285714,8.292435237339564,4.499999999999989,0,1,0,56.00543146580458,8.292435237339565e-06,270,1,0
159,42,21,0,0,0,8.206231253487724,"[0.0, 8.206231253487724]",8.206231253487724,5.714285714285714,8.206231253487724,7.316666666666646,0,1,0,57.63316020240018,8.206231253487724e-06,439,1,0
159,43,34,0,0,0,8.11377661568778,"[0.0, 8.11377661568778]",8.11377661568778,5.714285714285714,8.11377661568778,3.9999999999999907,0,1,0,81.94915513694286,8.11377661568778e-06,240,1,0
159,44,15,0,0,0,8.015406472342356,"[0.0, 8.015406472342356]",8.015406472342356,5.714285714285714,8.015406472342356,4.933333333333321,0,1,0,79.68188643455505,8.015406472342356e-06,296,1,0
159,45,58,0,0,0,7.822826930454799,"[0.0, 7.822826930454799]",7.822826930454799,5.714285714285714,7.822826930454799,3.1166666666666605,0,1,0,78.42769572138786,7.822826930454798e-06,187,1,0
159,46,20,0,0,0,7.214472634451729,"[0.0, 7.214472634451729]",7.214472634451729,5.714285714285714,7.214472634451729,2.9833333333333276,0,1,0,73.44189965724945,7.214472634451729e-06,179,1,0
159,47,10,0,0,0,6.201918465750558,"[0.0, 6.201918465750558]",6.201918465750558,5.714285714285714,6.201918465750558,7.316666666666646,0,1,0,57.63311110329232,6.201918465750558e-06,439,1,0
159,48,48,0,0,0,5.876039777483259,"[0.0, 5.876039777483259]",5.876039777483259,5.714285714285714,5.876039777483259,3.949999999999991,0,1,0,54.1203837916255,5.8760397774832585e-06,237,1,0
159,49,16,0,0,0,5.787026541573661,"[0.0, 5.787026541573661]",5.787026541573661,5.714285714285714,5.787026541573661,3.733333333333325,0,1,0,52.17097154259682,5.787026541573661e-06,224,1,0
159,50,61,0,0,0,5.7647705078125,"[0.0, 5.7647705078125]",5.7647705078125,5.714285714285714,5.7647705078125,3.6999999999999917,0,1,0,51.72146287560463,5.7647705078125e-06,222,1,0
159,51,42,0,0,0,5.756814139229911,"[0.0, 5.756814139229911]",5.756814139229911,5.714285714285714,5.756814139229911,3.7833333333333248,0,1,0,52.271946772933006,5.75681413922991e-06,227,1,0
159,52,37,0,0,0,5.748171125139509,"[0.0, 5.748171125139509]",5.748171125139509,5.714285714285714,5.748171125139509,3.7833333333333248,0,1,0,52.17023070901632,5.7481711251395085e-06,227,1,0
159,53,13,0,0,0,5.735233851841518,"[0.0, 5.735233851841518]",5.735233851841518,5.714285714285714,5.735233851841518,2.3499999999999965,0,1,0,50.84991540014744,5.735233851841519e-06,141,1,0
159,54,32,0,0,0,5.722852434430804,"[0.0, 5.722852434430804]",5.722852434430804,5.714285714285714,5.722852434430804,3.6333333333333253,0,1,0,51.69290420413017,5.722852434430803e-06,218,1,0
159,55,54,0,0,0,5.635692051478794,"[0.0, 5.635692051478794]",5.635692051478794,2.857142857142857,5.635692051478794,2.33333333333333,0,1,0,49.71120676398277,5.635692051478794e-06,140,1,0
159,56,31,0,0,0,5.600733075823102,"[0.0, 5.600733075823102]",5.600733075823102,2.857142857142857,5.600733075823102,2.2999999999999967,0,1,0,49.20262311398983,5.600733075823103e-06,138,1,0
159,57,11,0,0,0,5.598204476492746,"[0.0, 5.598204476492746]",5.598204476492746,2.857142857142857,5.598204476492746,3.4999999999999925,0,1,0,50.11742053925991,5.598204476492746e-06,210,1,0
159,58,33,0,0,0,5.451245989118304,"[0.0, 5.451245989118304]",5.451245989118304,2.857142857142857,5.451245989118304,3.26666666666666,0,1,0,48.15077491104603,5.451245989118304e-06,196,1,0
159,59,57,0,0,0,5.390265328543527,"[0.0, 5.390265328543527]",5.390265328543527,2.857142857142857,5.390265328543527,3.183333333333327,0,1,0,47.38583838939667,5.390265328543527e-06,191,1,0
159,60,24,0,0,0,5.339649745396206,"[0.0, 5.339649745396206]",5.339649745396206,2.857142857142857,5.339649745396206,3.1166666666666605,0,1,0,46.75077800452709,5.339649745396206e-06,187,1,0
159,61,53,0,0,0,4.988822937011719,"[0.0, 4.988822937011719]",4.988822937011719,2.857142857142857,4.988822937011719,2.716666666666662,0,1,0,42.47635214030743,4.988822937011719e-06,163,1,0
159,62,45,0,0,0,1.8742207118443082,"[0.0, 1.8742207118443082]",1.8742207118443082,0.0,1.8742207118443082,5.016666666666654,0,1,0,5.175334078841843,1.874220711844308e-06,301,1,0
159,63,36,0,0,0,1.854640415736607,"[0.0, 1.854640415736607]",1.854640415736607,0.0,1.854640415736607,5.016666666666654,0,1,0,5.378832150192466,1.854640415736607e-06,301,1,0
159,64,25,0,0,0,1.0511725289481026,"[0.0, 1.0511725289481026]",1.0511725289481026,0.0,1.0511725289481026,5.016666666666654,0,1,0,16.535269773870823,1.0511725289481027e-06,301,1,0
160,1,0,0,1,1,15.310151236397878,"[0.0, 15.310151236397878]",15.310151236397878,14.285714285714285,15.310151236397878,6.833333333333314,0,1,0,132.4369699060917,1.5310151236397877e-05,410,1,0
160,2,1,0,1,1,15.207454136439733,"[0.0, 15.207454136439733]",15.207454136439733,14.285714285714285,15.207454136439733,7.98333333333331,0,1,0,130.28384825587273,1.5207454136439732e-05,479,1,0
160,3,2,0,1,1,15.186260768345425,"[0.0, 15.186260768345425]",15.186260768345425,14.285714285714285,15.186260768345425,6.6999999999999815,0,1,0,131.556300714612,1.5186260768345426e-05,402,1,0
160,4,3,0,1,1,15.163961138044085,"[0.0, 15.163961138044085]",15.163961138044085,14.285714285714285,15.163961138044085,8.11666666666665,0,1,0,136.29476400464773,1.5163961138044086e-05,487,1,0
160,5,4,0,1,1,15.07744925362723,"[0.0, 15.07744925362723]",15.07744925362723,14.285714285714285,15.07744925362723,6.833333333333314,0,1,0,130.02422189712524,1.5077449253627231e-05,410,1,0
160,6,5,0,1,1,15.066795349121092,"[0.0, 15.066795349121092]",15.066795349121092,14.285714285714285,15.066795349121092,7.566666666666645,0,1,0,135.02477331459522,1.5066795349121091e-05,454,1,0
160,7,6,0,1,1,15.024283272879465,"[0.0, 15.024283272879465]",15.024283272879465,14.285714285714285,15.024283272879465,7.09999999999998,0,1,0,132.49165210872889,1.5024283272879465e-05,426,1,0
160,8,7,0,1,1,14.947738647460938,"[0.0, 14.947738647460938]",14.947738647460938,14.285714285714285,14.947738647460938,6.649999999999982,0,1,0,132.08348996937275,1.4947738647460938e-05,399,1,0
160,9,56,0,0,1,14.841036115373885,"[0.0, 14.841036115373885]",14.841036115373885,14.285714285714285,14.841036115373885,6.649999999999982,0,1,0,130.92191690206528,1.4841036115373886e-05,399,1,0
160,10,54,0,0,1,14.731576102120536,"[0.0, 14.731576102120536]",14.731576102120536,14.285714285714285,14.731576102120536,6.549999999999982,0,1,0,130.14058542251587,1.4731576102120536e-05,393,1,0
160,11,39,0,0,1,13.698038373674665,"[0.0, 13.698038373674665]",13.698038373674665,11.428571428571429,13.698038373674665,6.599999999999982,0,1,0,122.96828612685204,1.3698038373674665e-05,396,1,0
160,12,31,0,0,1,13.440093994140625,"[0.0, 13.440093994140625]",13.440093994140625,11.428571428571429,13.440093994140625,6.433333333333316,0,1,0,124.22044272720814,1.3440093994140625e-05,386,1,0
160,13,21,0,0,1,13.41815403529576,"[0.0, 13.41815403529576]",13.41815403529576,11.428571428571429,13.41815403529576,9.766666666666731,0,1,0,134.3629606552713,1.341815403529576e-05,586,1,0
160,14,25,0,0,1,11.63688932146345,"[0.0, 11.63688932146345]",11.63688932146345,11.428571428571429,11.63688932146345,6.083333333333317,0,1,0,103.19971649348736,1.1636889321463449e-05,365,1,0
160,15,27,0,0,1,11.228716714041575,"[0.0, 11.228716714041575]",11.228716714041575,8.571428571428571,11.228716714041575,5.899999999999984,0,1,0,101.31791676580906,1.1228716714041575e-05,354,1,0
160,16,29,0,0,1,11.212215423583984,"[0.0, 11.212215423583984]",11.212215423583984,8.571428571428571,11.212215423583984,5.799999999999985,0,1,0,96.91385021805763,1.1212215423583984e-05,348,1,0
160,17,20,0,0,1,10.803841182163783,"[0.0, 10.803841182163783]",10.803841182163783,8.571428571428571,10.803841182163783,5.666666666666652,0,1,0,101.41839894652367,1.0803841182163783e-05,340,1,0
160,18,44,0,0,1,10.665664672851562,"[0.0, 10.665664672851562]",10.665664672851562,8.571428571428571,10.665664672851562,5.699999999999985,0,1,0,97.99016378819942,1.0665664672851562e-05,342,1,0
160,19,50,0,0,1,10.491085052490234,"[0.0, 10.491085052490234]",10.491085052490234,8.571428571428571,10.491085052490234,6.26666666666665,0,1,0,98.8035081550479,1.0491085052490235e-05,376,1,0
160,20,11,0,0,1,10.295192173549108,"[0.0, 10.295192173549108]",10.295192173549108,8.571428571428571,10.295192173549108,4.016666666666658,0,1,0,90.14503479003906,1.0295192173549108e-05,241,1,0
160,21,47,0,0,1,10.261260441371373,"[0.0, 10.261260441371373]",10.261260441371373,8.571428571428571,10.261260441371373,6.099999999999984,0,1,0,93.29914046823978,1.0261260441371373e-05,366,1,0
160,22,28,0,0,1,10.21439416067941,"[0.0, 10.21439416067941]",10.21439416067941,8.571428571428571,10.21439416067941,5.533333333333319,0,1,0,94.39881862699986,1.021439416067941e-05,332,1,0
160,23,16,0,0,1,10.20772933959961,"[0.0, 10.20772933959961]",10.20772933959961,8.571428571428571,10.20772933959961,3.299999999999993,0,1,0,86.89564235508442,1.020772933959961e-05,198,1,0
160,24,22,0,0,1,10.191990988595146,"[0.0, 10.191990988595146]",10.191990988595146,8.571428571428571,10.191990988595146,3.349999999999993,0,1,0,88.54654502868652,1.0191990988595146e-05,201,1,0
160,25,40,0,0,1,10.176350729806083,"[0.0, 10.176350729806083]",10.176350729806083,8.571428571428571,10.176350729806083,3.349999999999993,0,1,0,89.00001646578312,1.0176350729806084e-05,201,1,0
160,26,63,0,0,1,10.10352543422154,"[0.0, 10.10352543422154]",10.10352543422154,8.571428571428571,10.10352543422154,3.649999999999992,0,1,0,88.14253097772598,1.010352543422154e-05,219,1,0
160,27,19,0,0,1,10.047007969447545,"[0.0, 10.047007969447545]",10.047007969447545,8.571428571428571,10.047007969447545,5.433333333333319,0,1,0,91.686084151268,1.0047007969447544e-05,326,1,0
160,28,17,0,0,1,9.924806867327009,"[0.0, 9.924806867327009]",9.924806867327009,8.571428571428571,9.924806867327009,5.499999999999986,0,1,0,92.5589135736227,9.924806867327008e-06,330,1,0
160,29,58,0,0,1,9.822414943150111,"[0.0, 9.822414943150111]",9.822414943150111,8.571428571428571,9.822414943150111,3.2833333333333266,0,1,0,86.19861736893654,9.822414943150112e-06,197,1,0
160,30,36,0,0,1,9.716001238141741,"[0.0, 9.716001238141741]",9.716001238141741,8.571428571428571,9.716001238141741,5.2999999999999865,0,1,0,93.11647292971611,9.716001238141742e-06,318,1,0
160,31,23,0,0,1,9.576941898890905,"[0.0, 9.576941898890905]",9.576941898890905,8.571428571428571,9.576941898890905,5.399999999999986,0,1,0,90.04163874685764,9.576941898890905e-06,324,1,0
160,32,46,0,0,1,9.282826014927455,"[0.0, 9.282826014927455]",9.282826014927455,8.571428571428571,9.282826014927455,3.2499999999999933,0,1,0,84.8113065212965,9.282826014927454e-06,195,1,0
160,33,48,0,0,0,9.182701110839844,"[0.0, 9.182701110839844]",9.182701110839844,8.571428571428571,9.182701110839844,3.2333333333333267,0,1,0,84.12044642865658,9.182701110839844e-06,194,1,0
160,34,62,0,0,0,8.989404950823102,"[0.0, 8.989404950823102]",8.989404950823102,8.571428571428571,8.989404950823102,3.2333333333333267,0,1,0,83.82437342405319,8.989404950823103e-06,194,1,0
160,35,55,0,0,0,8.930634089878627,"[0.0, 8.930634089878627]",8.930634089878627,8.571428571428571,8.930634089878627,3.21666666666666,0,1,0,83.4325870424509,8.930634089878627e-06,193,1,0
160,36,15,0,0,0,8.45935549054827,"[0.0, 8.45935549054827]",8.45935549054827,5.714285714285714,8.45935549054827,5.099999999999987,0,1,0,83.68259835243225,8.459355490548272e-06,306,1,0
160,37,18,0,0,0,8.27456065586635,"[0.0, 8.27456065586635]",8.27456065586635,5.714285714285714,8.27456065586635,7.316666666666646,0,1,0,57.63307205414458,8.27456065586635e-06,439,1,0
160,38,35,0,0,0,8.247261047363281,"[0.0, 8.247261047363281]",8.247261047363281,5.714285714285714,8.247261047363281,11.116666666666799,0,1,0,67.24209237701143,8.247261047363282e-06,667,1,0
160,39,12,0,0,0,8.020439147949219,"[0.0, 8.020439147949219]",8.020439147949219,5.714285714285714,8.020439147949219,3.133333333333327,0,1,0,80.02529783546925,8.020439147949219e-06,188,1,0
160,40,9,0,0,0,7.701072692871095,"[0.0, 7.701072692871095]",7.701072692871095,5.714285714285714,7.701072692871095,3.0833333333333273,0,1,0,78.00911836326122,7.701072692871094e-06,185,1,0
160,41,53,0,0,0,6.495508466448102,"[0.0, 6.495508466448102]",6.495508466448102,5.714285714285714,6.495508466448102,7.366666666666646,0,1,0,58.60021342730033,6.495508466448102e-06,442,1,0
160,42,37,0,0,0,6.272659301757813,"[0.0, 6.272659301757813]",6.272659301757813,5.714285714285714,6.272659301757813,7.316666666666646,0,1,0,57.545738452274236,6.272659301757813e-06,439,1,0
160,43,45,0,0,0,6.268207005092076,"[0.0, 6.268207005092076]",6.268207005092076,5.714285714285714,6.268207005092076,7.316666666666646,0,1,0,57.63321718678344,6.268207005092076e-06,439,1,0
160,44,24,0,0,0,6.16905757359096,"[0.0, 6.16905757359096]",6.16905757359096,5.714285714285714,6.16905757359096,7.316666666666646,0,1,0,57.63318077431177,6.16905757359096e-06,439,1,0
160,45,34,0,0,0,6.149629865373884,"[0.0, 6.149629865373884]",6.149629865373884,5.714285714285714,6.149629865373884,7.316666666666646,0,1,0,57.6523731842899,6.1496298653738835e-06,439,1,0
160,46,59,0,0,0,5.805625915527344,"[0.0, 5.805625915527344]",5.805625915527344,5.714285714285714,5.805625915527344,3.816666666666658,0,1,0,52.38859613239765,5.805625915527344e-06,229,1,0
160,47,8,0,0,0,5.756160191127232,"[0.0, 5.756160191127232]",5.756160191127232,5.714285714285714,5.756160191127232,5.599999999999985,0,1,0,54.90495923123672,5.756160191127232e-06,336,1,0
160,48,43,0,0,0,5.750269208635602,"[0.0, 5.750269208635602]",5.750269208635602,5.714285714285714,5.750269208635602,3.766666666666658,0,1,0,52.13179475814104,5.7502692086356024e-06,226,1,0
160,49,26,0,0,0,5.719544546944755,"[0.0, 5.719544546944755]",5.719544546944755,5.714285714285714,5.719544546944755,6.383333333333316,0,1,0,51.40060409903526,5.719544546944756e-06,383,1,0
160,50,32,0,0,0,5.632405962262835,"[0.0, 5.632405962262835]",5.632405962262835,2.857142857142857,5.632405962262835,3.8833333333333244,0,1,0,50.41929446160793,5.632405962262835e-06,233,1,0
160,51,51,0,0,0,5.222603934151786,"[0.0, 5.222603934151786]",5.222603934151786,2.857142857142857,5.222603934151786,2.9833333333333276,0,1,0,45.414237678050995,5.222603934151786e-06,179,1,0
160,52,13,0,0,0,5.206037248883929,"[0.0, 5.206037248883929]",5.206037248883929,2.857142857142857,5.206037248883929,2.166666666666664,0,1,0,44.84657098352909,5.206037248883929e-06,130,1,0
160,53,57,0,0,0,5.066310337611607,"[0.0, 5.066310337611607]",5.066310337611607,2.857142857142857,5.066310337611607,2.28333333333333,0,1,0,43.25336900353432,5.066310337611607e-06,137,1,0
160,54,33,0,0,0,4.835374014718192,"[0.0, 4.835374014718192]",4.835374014718192,2.857142857142857,4.835374014718192,2.583333333333329,0,1,0,40.87107302248478,4.835374014718192e-06,155,1,0
160,55,42,0,0,0,4.661832536969866,"[0.0, 4.661832536969866]",4.661832536969866,2.857142857142857,4.661832536969866,2.3999999999999964,0,1,0,38.73593457043171,4.6618325369698666e-06,144,1,0
160,56,60,0,0,0,4.283894130161831,"[0.0, 4.283894130161831]",4.283894130161831,2.857142857142857,4.283894130161831,5.349999999999986,0,1,0,32.80705836205743,4.283894130161831e-06,321,1,0
160,57,61,0,0,0,3.7578909737723216,"[0.0, 3.7578909737723216]",3.7578909737723216,2.857142857142857,3.7578909737723216,5.999999999999984,0,1,0,30.137885835814814,3.7578909737723215e-06,360,1,0
160,58,52,0,0,0,3.0613381522042413,"[0.0, 3.0613381522042413]",3.0613381522042413,2.857142857142857,3.0613381522042413,3.6999999999999917,0,1,0,22.496717889567662,3.0613381522042414e-06,222,1,0
160,59,38,0,0,0,2.83409663609096,"[0.0, 2.83409663609096]",2.83409663609096,0.0,2.83409663609096,5.949999999999984,0,1,0,33.31263140856754,2.83409663609096e-06,357,1,0
160,60,30,0,0,0,2.1039962768554688,"[0.0, 2.1039962768554688]",2.1039962768554688,0.0,2.1039962768554688,5.016666666666654,0,1,0,7.705675285862526,2.1039962768554687e-06,301,1,0
160,61,10,0,0,0,2.100050789969308,"[0.0, 2.100050789969308]",2.100050789969308,0.0,2.100050789969308,5.016666666666654,0,1,0,7.705601448389643,2.100050789969308e-06,301,1,0
160,62,41,0,0,0,2.096208844866071,"[0.0, 2.096208844866071]",2.096208844866071,0.0,2.096208844866071,5.016666666666654,0,1,0,7.705331493569247,2.096208844866071e-06,301,1,0
160,63,14,0,0,0,1.8750435965401786,"[0.0, 1.8750435965401786]",1.8750435965401786,0.0,1.8750435965401786,5.016666666666654,0,1,0,5.1751659633009695,1.8750435965401785e-06,301,1,0
160,64,49,0,0,0,0.487229483468192,"[0.0, 0.487229483468192]",0.487229483468192,0.0,0.487229483468192,5.016666666666654,0,1,0,14.690382925153244,4.87229483468192e-07,301,1,0
161,1,0,0,1,1,15.310151236397878,"[0.0, 15.310151236397878]",15.310151236397878,14.285714285714285,15.310151236397878,6.833333333333314,0,1,0,132.4369699060917,1.5310151236397877e-05,410,1,0
161,2,1,0,1,1,15.207454136439733,"[0.0, 15.207454136439733]",15.207454136439733,14.285714285714285,15.207454136439733,7.98333333333331,0,1,0,130.28384825587273,1.5207454136439732e-05,479,1,0
161,3,2,0,1,1,15.186260768345425,"[0.0, 15.186260768345425]",15.186260768345425,14.285714285714285,15.186260768345425,6.6999999999999815,0,1,0,131.556300714612,1.5186260768345426e-05,402,1,0
161,4,3,0,1,1,15.163961138044085,"[0.0, 15.163961138044085]",15.163961138044085,14.285714285714285,15.163961138044085,8.11666666666665,0,1,0,136.29476400464773,1.5163961138044086e-05,487,1,0
161,5,4,0,1,1,15.07744925362723,"[0.0, 15.07744925362723]",15.07744925362723,14.285714285714285,15.07744925362723,6.833333333333314,0,1,0,130.02422189712524,1.5077449253627231e-05,410,1,0
161,6,5,0,1,1,15.066795349121092,"[0.0, 15.066795349121092]",15.066795349121092,14.285714285714285,15.066795349121092,7.566666666666645,0,1,0,135.02477331459522,1.5066795349121091e-05,454,1,0
161,7,6,0,1,1,15.024283272879465,"[0.0, 15.024283272879465]",15.024283272879465,14.285714285714285,15.024283272879465,7.09999999999998,0,1,0,132.49165210872889,1.5024283272879465e-05,426,1,0
161,8,7,0,1,1,14.947738647460938,"[0.0, 14.947738647460938]",14.947738647460938,14.285714285714285,14.947738647460938,6.649999999999982,0,1,0,132.08348996937275,1.4947738647460938e-05,399,1,0
161,9,52,0,0,1,14.781554085867747,"[0.0, 14.781554085867747]",14.781554085867747,14.285714285714285,14.781554085867747,6.599999999999982,0,1,0,128.70112325251102,1.4781554085867747e-05,396,1,0
161,10,13,0,0,1,14.55775124686105,"[0.0, 14.55775124686105]",14.55775124686105,14.285714285714285,14.55775124686105,12.016666666666843,0,1,0,120.60664669530524,1.455775124686105e-05,721,1,0
161,11,35,0,0,1,13.961857386997767,"[0.0, 13.961857386997767]",13.961857386997767,11.428571428571429,13.961857386997767,6.5333333333333155,0,1,0,124.51848778128624,1.3961857386997768e-05,392,1,0
161,12,10,0,0,1,11.47108622959682,"[0.0, 11.47108622959682]",11.47108622959682,11.428571428571429,11.47108622959682,5.833333333333318,0,1,0,101.45315194129944,1.147108622959682e-05,350,1,0
161,13,54,0,0,1,10.785860334123884,"[0.0, 10.785860334123884]",10.785860334123884,8.571428571428571,10.785860334123884,5.749999999999985,0,1,0,99.65602919459343,1.0785860334123884e-05,345,1,0
161,14,34,0,0,1,10.784225463867188,"[0.0, 10.784225463867188]",10.784225463867188,8.571428571428571,10.784225463867188,5.633333333333319,0,1,0,94.30323004722595,1.0784225463867188e-05,338,1,0
161,15,48,0,0,1,10.700950622558594,"[0.0, 10.700950622558594]",10.700950622558594,8.571428571428571,10.700950622558594,5.599999999999985,0,1,0,97.24498718976974,1.0700950622558594e-05,336,1,0
161,16,11,0,0,1,10.489872523716517,"[0.0, 10.489872523716517]",10.489872523716517,8.571428571428571,10.489872523716517,5.566666666666652,0,1,0,94.89574511349201,1.0489872523716517e-05,334,1,0
161,17,62,0,0,1,10.325388227190292,"[0.0, 10.325388227190292]",10.325388227190292,8.571428571428571,10.325388227190292,5.649999999999985,0,1,0,95.71690945327282,1.0325388227190291e-05,339,1,0
161,18,32,0,0,1,10.17592566353934,"[0.0, 10.17592566353934]",10.17592566353934,8.571428571428571,10.17592566353934,5.466666666666653,0,1,0,93.74394096434116,1.017592566353934e-05,328,1,0
161,19,24,0,0,1,10.16604014805385,"[0.0, 10.16604014805385]",10.16604014805385,8.571428571428571,10.16604014805385,5.483333333333319,0,1,0,92.21292930841446,1.0166040148053851e-05,329,1,0
161,20,22,0,0,1,10.144944872174943,"[0.0, 10.144944872174943]",10.144944872174943,8.571428571428571,10.144944872174943,3.3333333333333264,0,1,0,88.29626560211182,1.0144944872174942e-05,200,1,0
161,21,9,0,0,1,9.970190865652901,"[0.0, 9.970190865652901]",9.970190865652901,8.571428571428571,9.970190865652901,5.483333333333319,0,1,0,92.21301519870758,9.9701908656529e-06,329,1,0
161,22,21,0,0,1,9.907041277204241,"[0.0, 9.907041277204241]",9.907041277204241,8.571428571428571,9.907041277204241,3.299999999999993,0,1,0,86.89598371088505,9.907041277204242e-06,198,1,0
161,23,42,0,0,1,9.785736628941127,"[0.0, 9.785736628941127]",9.785736628941127,8.571428571428571,9.785736628941127,3.2833333333333266,0,1,0,86.19847273826599,9.785736628941127e-06,197,1,0
161,24,25,0,0,1,9.699039459228516,"[0.0, 9.699039459228516]",9.699039459228516,8.571428571428571,9.699039459228516,5.33333333333332,0,1,0,92.33886462450027,9.699039459228516e-06,320,1,0
161,25,49,0,0,1,9.448299407958984,"[0.0, 9.448299407958984]",9.448299407958984,8.571428571428571,9.448299407958984,3.2333333333333267,0,1,0,84.00372955203056,9.448299407958985e-06,194,1,0
161,26,55,0,0,1,9.443904331752233,"[0.0, 9.443904331752233]",9.443904331752233,8.571428571428571,9.443904331752233,3.2499999999999933,0,1,0,84.218655154109,9.443904331752233e-06,195,1,0
161,27,27,0,0,1,9.4378662109375,"[0.0, 9.4378662109375]",9.4378662109375,8.571428571428571,9.4378662109375,5.2166666666666535,0,1,0,89.61193916201591,9.4378662109375e-06,313,1,0
161,28,8,0,0,1,9.395196097237724,"[0.0, 9.395196097237724]",9.395196097237724,8.571428571428571,9.395196097237724,8.933333333333357,0,1,0,74.65616968652466,9.395196097237724e-06,536,1,0
161,29,50,0,0,1,9.065205710274833,"[0.0, 9.065205710274833]",9.065205710274833,8.571428571428571,9.065205710274833,3.8333333333333246,0,1,0,83.77973364293575,9.065205710274834e-06,230,1,0
161,30,12,0,0,1,8.651539938790458,"[0.0, 8.651539938790458]",8.651539938790458,8.571428571428571,8.651539938790458,3.183333333333327,0,1,0,82.06343773007393,8.651539938790458e-06,191,1,0
161,31,51,0,0,1,8.371257781982422,"[0.0, 8.371257781982422]",8.371257781982422,5.714285714285714,8.371257781982422,4.183333333333324,0,1,0,82.47480589151382,8.371257781982423e-06,251,1,0
161,32,37,0,0,1,8.36491448538644,"[0.0, 8.36491448538644]",8.36491448538644,5.714285714285714,8.36491448538644,3.1499999999999937,0,1,0,80.70280431210995,8.364914485386439e-06,189,1,0
161,33,38,0,0,0,8.360764639718193,"[0.0, 8.360764639718193]",8.360764639718193,5.714285714285714,8.360764639718193,7.316666666666646,0,1,0,57.65517540591827,8.360764639718192e-06,439,1,0
161,34,44,0,0,0,8.249481746128627,"[0.0, 8.249481746128627]",8.249481746128627,5.714285714285714,8.249481746128627,3.1499999999999937,0,1,0,80.70279878377914,8.249481746128627e-06,189,1,0
161,35,17,0,0,0,8.135403224400111,"[0.0, 8.135403224400111]",8.135403224400111,5.714285714285714,8.135403224400111,3.7999999999999914,0,1,0,80.91107814013958,8.13540322440011e-06,228,1,0
161,36,20,0,0,0,7.962818145751953,"[0.0, 7.962818145751953]",7.962818145751953,5.714285714285714,7.962818145751953,3.0833333333333273,0,1,0,78.00879763066769,7.962818145751953e-06,185,1,0
161,37,15,0,0,0,7.852161952427456,"[0.0, 7.852161952427456]",7.852161952427456,5.714285714285714,7.852161952427456,3.0666666666666607,0,1,0,77.34158223867416,7.852161952427455e-06,184,1,0
161,38,31,0,0,0,7.142857142857142,"[0.0, 7.142857142857142]",7.142857142857142,5.714285714285714,7.142857142857142,2.8499999999999948,0,1,0,68.8728837966919,7.142857142857143e-06,171,1,0
161,39,43,0,0,0,6.804488045828682,"[0.0, 6.804488045828682]",6.804488045828682,5.714285714285714,6.804488045828682,4.0666666666666575,0,1,0,61.80943390727043,6.804488045828682e-06,244,1,0
161,40,28,0,0,0,6.360261099679129,"[0.0, 6.360261099679129]",6.360261099679129,5.714285714285714,6.360261099679129,7.383333333333312,0,1,0,58.18312573941512,6.360261099679129e-06,443,1,0
161,41,40,0,0,0,6.33796146937779,"[0.0, 6.33796146937779]",6.33796146937779,5.714285714285714,6.33796146937779,7.366666666666646,0,1,0,58.72797779186658,6.33796146937779e-06,442,1,0
161,42,30,0,0,0,6.240038190569196,"[0.0, 6.240038190569196]",6.240038190569196,5.714285714285714,6.240038190569196,7.316666666666646,0,1,0,57.65223021089332,6.240038190569196e-06,439,1,0
161,43,58,0,0,0,6.216708592006139,"[0.0, 6.216708592006139]",6.216708592006139,5.714285714285714,6.216708592006139,7.316666666666646,0,1,0,57.6494611207454,6.216708592006139e-06,439,1,0
161,44,14,0,0,0,6.160496303013393,"[0.0, 6.160496303013393]",6.160496303013393,5.714285714285714,6.160496303013393,7.316666666666646,0,1,0,57.64567253786663,6.160496303013393e-06,439,1,0
161,45,26,0,0,0,6.15823473249163,"[0.0, 6.15823473249163]",6.15823473249163,5.714285714285714,6.15823473249163,7.316666666666646,0,1,0,57.63353479963553,6.158234732491631e-06,439,1,0
161,46,23,0,0,0,6.1046327863420755,"[0.0, 6.1046327863420755]",6.1046327863420755,5.714285714285714,6.1046327863420755,7.266666666666646,0,1,0,56.36556041589938,6.104632786342075e-06,436,1,0
161,47,39,0,0,0,6.008246285574777,"[0.0, 6.008246285574777]",6.008246285574777,5.714285714285714,6.008246285574777,2.4333333333333296,0,1,0,52.82040883600712,6.008246285574777e-06,146,1,0
161,48,47,0,0,0,5.983952113560268,"[0.0, 5.983952113560268]",5.983952113560268,5.714285714285714,5.983952113560268,4.699999999999989,0,1,0,55.498220302164555,5.983952113560268e-06,282,1,0
161,49,18,0,0,0,5.603452410016741,"[0.0, 5.603452410016741]",5.603452410016741,2.857142857142857,5.603452410016741,2.366666666666663,0,1,0,48.300373911857605,5.603452410016741e-06,142,1,0
161,50,36,0,0,0,5.460319519042969,"[0.0, 5.460319519042969]",5.460319519042969,2.857142857142857,5.460319519042969,3.2833333333333266,0,1,0,48.29962757229805,5.4603195190429685e-06,197,1,0
161,51,45,0,0,0,5.387823922293527,"[0.0, 5.387823922293527]",5.387823922293527,2.857142857142857,5.387823922293527,5.7666666666666515,0,1,0,47.849971952688065,5.387823922293527e-06,346,1,0
161,52,46,0,0,0,5.337508065359933,"[0.0, 5.337508065359933]",5.337508065359933,2.857142857142857,5.337508065359933,6.383333333333316,0,1,0,48.14948752062628,5.337508065359933e-06,383,1,0
161,53,41,0,0,0,5.246445792061942,"[0.0, 5.246445792061942]",5.246445792061942,2.857142857142857,5.246445792061942,2.9999999999999942,0,1,0,45.58551478385925,5.246445792061942e-06,180,1,0
161,54,56,0,0,0,5.1416506086077005,"[0.0, 5.1416506086077005]",5.1416506086077005,2.857142857142857,5.1416506086077005,6.633333333333315,0,1,0,43.74555908092589,5.1416506086077e-06,398,1,0
161,55,59,0,0,0,4.946632385253906,"[0.0, 4.946632385253906]",4.946632385253906,2.857142857142857,4.946632385253906,7.833333333333311,0,1,0,41.30773040928034,4.946632385253906e-06,470,1,0
161,56,16,0,0,0,4.8406219482421875,"[0.0, 4.8406219482421875]",4.8406219482421875,2.857142857142857,4.8406219482421875,2.5666666666666624,0,1,0,40.79680843651295,4.840621948242187e-06,154,1,0
161,57,19,0,0,0,4.406149727957589,"[0.0, 4.406149727957589]",4.406149727957589,2.857142857142857,4.406149727957589,6.983333333333314,0,1,0,35.54397325734317,4.406149727957589e-06,419,1,0
161,58,60,0,0,0,3.694174630301339,"[0.0, 3.694174630301339]",3.694174630301339,2.857142857142857,3.694174630301339,4.383333333333323,0,1,0,25.49274228442664,3.694174630301339e-06,263,1,0
161,59,33,0,0,0,3.100220816476005,"[0.0, 3.100220816476005]",3.100220816476005,2.857142857142857,3.100220816476005,5.416666666666653,0,1,0,19.385268008802086,3.1002208164760047e-06,325,1,0
161,60,29,0,0,0,2.819584437779018,"[0.0, 2.819584437779018]",2.819584437779018,0.0,2.819584437779018,5.016666666666654,0,1,0,40.502096142445225,2.8195844377790177e-06,301,1,0
161,61,57,0,0,0,2.1114403860909596,"[0.0, 2.1114403860909596]",2.1114403860909596,0.0,2.1114403860909596,5.016666666666654,0,1,0,7.706081921685836,2.1114403860909595e-06,301,1,0
161,62,63,0,0,0,2.110563005719866,"[0.0, 2.110563005719866]",2.110563005719866,0.0,2.110563005719866,5.016666666666654,0,1,0,7.710954520051018,2.110563005719866e-06,301,1,0
161,63,61,0,0,0,1.9037628173828127,"[0.0, 1.9037628173828127]",1.9037628173828127,0.0,1.9037628173828127,5.016666666666654,0,1,0,5.566529062285554,1.9037628173828127e-06,301,1,0
161,64,53,0,0,0,1.867779323032924,"[0.0, 1.867779323032924]",1.867779323032924,0.0,1.867779323032924,5.016666666666654,0,1,0,5.187772115044936,1.867779323032924e-06,301,1,0
162,1,0,0,1,1,15.310151236397878,"[0.0, 15.310151236397878]",15.310151236397878,14.285714285714285,15.310151236397878,6.833333333333314,0,1,0,132.4369699060917,1.5310151236397877e-05,410,1,0
162,2,55,0,1,1,15.303148542131698,"[0.0, 15.303148542131698]",15.303148542131698,14.285714285714285,15.303148542131698,6.833333333333314,0,1,0,132.20882841944695,1.53031485421317e-05,410,1,0
162,3,1,0,1,1,15.207454136439733,"[0.0, 15.207454136439733]",15.207454136439733,14.285714285714285,15.207454136439733,7.98333333333331,0,1,0,130.28384825587273,1.5207454136439732e-05,479,1,0
162,4,2,0,1,1,15.186260768345425,"[0.0, 15.186260768345425]",15.186260768345425,14.285714285714285,15.186260768345425,6.6999999999999815,0,1,0,131.556300714612,1.5186260768345426e-05,402,1,0
162,5,3,0,1,1,15.163961138044085,"[0.0, 15.163961138044085]",15.163961138044085,14.285714285714285,15.163961138044085,8.11666666666665,0,1,0,136.29476400464773,1.5163961138044086e-05,487,1,0
162,6,36,0,1,1,15.128756931849887,"[0.0, 15.128756931849887]",15.128756931849887,14.285714285714285,15.128756931849887,6.783333333333315,0,1,0,130.43798330426216,1.5128756931849888e-05,407,1,0
162,7,4,0,1,1,15.07744925362723,"[0.0, 15.07744925362723]",15.07744925362723,14.285714285714285,15.07744925362723,6.833333333333314,0,1,0,130.02422189712524,1.5077449253627231e-05,410,1,0
162,8,5,0,1,1,15.066795349121092,"[0.0, 15.066795349121092]",15.066795349121092,14.285714285714285,15.066795349121092,7.566666666666645,0,1,0,135.02477331459522,1.5066795349121091e-05,454,1,0
162,9,6,0,0,1,15.024283272879465,"[0.0, 15.024283272879465]",15.024283272879465,14.285714285714285,15.024283272879465,7.09999999999998,0,1,0,132.49165210872889,1.5024283272879465e-05,426,1,0
162,10,7,0,0,1,14.947738647460938,"[0.0, 14.947738647460938]",14.947738647460938,14.285714285714285,14.947738647460938,6.649999999999982,0,1,0,132.08348996937275,1.4947738647460938e-05,399,1,0
162,11,21,0,0,1,14.915575299944198,"[0.0, 14.915575299944198]",14.915575299944198,14.285714285714285,14.915575299944198,6.633333333333315,0,1,0,130.0193606466055,1.4915575299944197e-05,398,1,0
162,12,20,0,0,1,14.167191641671318,"[0.0, 14.167191641671318]",14.167191641671318,11.428571428571429,14.167191641671318,10.783333333333449,0,1,0,136.52193934237584,1.4167191641671318e-05,647,1,0
162,13,30,0,0,1,14.088587079729354,"[0.0, 14.088587079729354]",14.088587079729354,11.428571428571429,14.088587079729354,6.499999999999982,0,1,0,126.06264220178127,1.4088587079729355e-05,390,1,0
162,14,45,0,0,1,14.053164890834264,"[0.0, 14.053164890834264]",14.053164890834264,11.428571428571429,14.053164890834264,6.6166666666666485,0,1,0,128.94813378155231,1.4053164890834264e-05,397,1,0
162,15,44,0,0,1,13.928288051060267,"[0.0, 13.928288051060267]",13.928288051060267,11.428571428571429,13.928288051060267,6.566666666666649,0,1,0,124.43215662240982,1.3928288051060268e-05,394,1,0
162,16,43,0,0,1,13.205501011439733,"[0.0, 13.205501011439733]",13.205501011439733,11.428571428571429,13.205501011439733,6.416666666666649,0,1,0,118.28836815059185,1.3205501011439732e-05,385,1,0
162,17,37,0,0,1,11.423132760184151,"[0.0, 11.423132760184151]",11.423132760184151,8.571428571428571,11.423132760184151,3.5499999999999923,0,1,0,97.61453479528427,1.142313276018415e-05,213,1,0
162,18,61,0,0,1,11.418448856898717,"[0.0, 11.418448856898717]",11.418448856898717,8.571428571428571,11.418448856898717,5.349999999999986,0,1,0,99.53474913537502,1.1418448856898716e-05,321,1,0
162,19,11,0,0,1,11.369972229003906,"[0.0, 11.369972229003906]",11.369972229003906,8.571428571428571,11.369972229003906,5.749999999999985,0,1,0,100.43698132038116,1.1369972229003907e-05,345,1,0
162,20,60,0,0,1,11.179591587611608,"[0.0, 11.179591587611608]",11.179591587611608,8.571428571428571,11.179591587611608,7.24999999999998,0,1,0,100.43824791908264,1.1179591587611608e-05,435,1,0
162,21,33,0,0,1,11.060831887381417,"[0.0, 11.060831887381417]",11.060831887381417,8.571428571428571,11.060831887381417,6.283333333333316,0,1,0,101.92569541931152,1.1060831887381417e-05,377,1,0
162,22,12,0,0,1,11.02780750819615,"[0.0, 11.02780750819615]",11.02780750819615,8.571428571428571,11.02780750819615,5.749999999999985,0,1,0,98.6550674289465,1.1027807508196149e-05,345,1,0
162,23,47,0,0,1,11.009456089564733,"[0.0, 11.009456089564733]",11.009456089564733,8.571428571428571,11.009456089564733,5.533333333333319,0,1,0,96.71678504347801,1.1009456089564733e-05,332,1,0
162,24,59,0,0,1,10.897107805524552,"[0.0, 10.897107805524552]",10.897107805524552,8.571428571428571,10.897107805524552,5.7666666666666515,0,1,0,97.01946714520454,1.0897107805524552e-05,346,1,0
162,25,38,0,0,1,10.892165047781809,"[0.0, 10.892165047781809]",10.892165047781809,8.571428571428571,10.892165047781809,5.699999999999985,0,1,0,95.61107417941093,1.089216504778181e-05,342,1,0
162,26,13,0,0,1,10.667683737618583,"[0.0, 10.667683737618583]",10.667683737618583,8.571428571428571,10.667683737618583,6.199999999999983,0,1,0,97.13447823375463,1.0667683737618584e-05,372,1,0
162,27,53,0,0,1,10.664923531668528,"[0.0, 10.664923531668528]",10.664923531668528,8.571428571428571,10.664923531668528,3.399999999999993,0,1,0,90.53564603626728,1.0664923531668528e-05,204,1,0
162,28,9,0,0,1,10.659904479980469,"[0.0, 10.659904479980469]",10.659904479980469,8.571428571428571,10.659904479980469,6.466666666666649,0,1,0,93.21540954709053,1.065990447998047e-05,388,1,0
162,29,15,0,0,1,10.614983694893972,"[0.0, 10.614983694893972]",10.614983694893972,8.571428571428571,10.614983694893972,5.616666666666652,0,1,0,98.58605940639973,1.0614983694893972e-05,337,1,0
162,30,48,0,0,1,10.578430720738002,"[0.0, 10.578430720738002]",10.578430720738002,8.571428571428571,10.578430720738002,5.583333333333319,0,1,0,94.32621419429779,1.0578430720738001e-05,335,1,0
162,31,31,0,0,1,10.561626979282925,"[0.0, 10.561626979282925]",10.561626979282925,8.571428571428571,10.561626979282925,3.9666666666666575,0,1,0,92.20420382916927,1.0561626979282925e-05,238,1,0
162,32,17,0,0,1,10.521428244454519,"[0.0, 10.521428244454519]",10.521428244454519,8.571428571428571,10.521428244454519,3.433333333333326,0,1,0,91.29759182035923,1.0521428244454519e-05,206,1,0
162,33,27,0,0,0,9.958057403564453,"[0.0, 9.958057403564453]",9.958057403564453,8.571428571428571,9.958057403564453,3.483333333333326,0,1,0,86.84450459480286,9.958057403564453e-06,209,1,0
162,34,56,0,0,0,9.888959612165179,"[0.0, 9.888959612165179]",9.888959612165179,8.571428571428571,9.888959612165179,3.399999999999993,0,1,0,87.75779941678047,9.88895961216518e-06,204,1,0
162,35,32,0,0,0,9.858621869768415,"[0.0, 9.858621869768415]",9.858621869768415,8.571428571428571,9.858621869768415,5.399999999999986,0,1,0,91.15814723074436,9.858621869768414e-06,324,1,0
162,36,57,0,0,0,9.804156167166573,"[0.0, 9.804156167166573]",9.804156167166573,8.571428571428571,9.804156167166573,3.299999999999993,0,1,0,86.89552457630634,9.804156167166573e-06,198,1,0
162,37,19,0,0,0,9.758028302873884,"[0.0, 9.758028302873884]",9.758028302873884,8.571428571428571,9.758028302873884,3.26666666666666,0,1,0,85.5035429596901,9.758028302873883e-06,196,1,0
162,38,40,0,0,0,9.710535321916852,"[0.0, 9.710535321916852]",9.710535321916852,8.571428571428571,9.710535321916852,3.899999999999991,0,1,0,87.82919509708881,9.710535321916852e-06,234,1,0
162,39,34,0,0,0,9.62465831211635,"[0.0, 9.62465831211635]",9.62465831211635,8.571428571428571,9.62465831211635,3.26666666666666,0,1,0,85.50353573262691,9.62465831211635e-06,196,1,0
162,40,25,0,0,0,9.31131362915039,"[0.0, 9.31131362915039]",9.31131362915039,8.571428571428571,9.31131362915039,4.849999999999988,0,1,0,88.74134044349194,9.31131362915039e-06,291,1,0
162,41,14,0,0,0,9.21938487461635,"[0.0, 9.21938487461635]",9.21938487461635,8.571428571428571,9.21938487461635,4.633333333333322,0,1,0,88.49026365578175,9.219384874616351e-06,278,1,0
162,42,49,0,0,0,9.149693080357142,"[0.0, 9.149693080357142]",9.149693080357142,8.571428571428571,9.149693080357142,3.21666666666666,0,1,0,83.43262815475464,9.149693080357142e-06,193,1,0
162,43,42,0,0,0,8.6517333984375,"[0.0, 8.6517333984375]",8.6517333984375,8.571428571428571,8.6517333984375,3.566666666666659,0,1,0,82.17302693426609,8.6517333984375e-06,214,1,0
162,44,41,0,0,0,8.102422441755023,"[0.0, 8.102422441755023]",8.102422441755023,5.714285714285714,8.102422441755023,3.133333333333327,0,1,0,80.0254675745964,8.102422441755023e-06,188,1,0
162,45,22,0,0,0,7.482831137520926,"[0.0, 7.482831137520926]",7.482831137520926,5.714285714285714,7.482831137520926,3.049999999999994,0,1,0,75.8170587271452,7.4828311375209265e-06,183,1,0
162,46,46,0,0,0,6.520778111049107,"[0.0, 6.520778111049107]",6.520778111049107,5.714285714285714,6.520778111049107,7.433333333333312,0,1,0,59.01450442208443,6.520778111049107e-06,446,1,0
162,47,58,0,0,0,6.42132350376674,"[0.0, 6.42132350376674]",6.42132350376674,5.714285714285714,6.42132350376674,7.433333333333312,0,1,0,60.02637752536975,6.42132350376674e-06,446,1,0
162,48,50,0,0,0,6.3641847882952005,"[0.0, 6.3641847882952005]",6.3641847882952005,5.714285714285714,6.3641847882952005,7.4666666666666455,0,1,0,58.232751760529936,6.364184788295201e-06,448,1,0
162,49,51,0,0,0,6.356746128627232,"[0.0, 6.356746128627232]",6.356746128627232,5.714285714285714,6.356746128627232,7.366666666666646,0,1,0,58.59640249795484,6.356746128627231e-06,442,1,0
162,50,8,0,0,0,6.242555890764509,"[0.0, 6.242555890764509]",6.242555890764509,5.714285714285714,6.242555890764509,7.383333333333312,0,1,0,57.987750198168214,6.242555890764508e-06,443,1,0
162,51,29,0,0,0,6.235792977469308,"[0.0, 6.235792977469308]",6.235792977469308,5.714285714285714,6.235792977469308,7.766666666666644,0,1,0,58.99339305718604,6.235792977469308e-06,466,1,0
162,52,63,0,0,0,5.9700775146484375,"[0.0, 5.9700775146484375]",5.9700775146484375,5.714285714285714,5.9700775146484375,4.049999999999991,0,1,0,55.575257517397404,5.970077514648438e-06,243,1,0
162,53,23,0,0,0,5.726432800292969,"[0.0, 5.726432800292969]",5.726432800292969,5.714285714285714,5.726432800292969,2.3499999999999965,0,1,0,50.74277740716934,5.726432800292969e-06,141,1,0
162,54,16,0,0,0,5.648836408342635,"[0.0, 5.648836408342635]",5.648836408342635,2.857142857142857,5.648836408342635,6.449999999999982,0,1,0,48.434120043501025,5.648836408342635e-06,387,1,0
162,55,62,0,0,0,5.437278747558594,"[0.0, 5.437278747558594]",5.437278747558594,2.857142857142857,5.437278747558594,5.116666666666654,0,1,0,51.53629513065971,5.437278747558593e-06,307,1,0
162,56,52,0,0,0,5.4050173078264505,"[0.0, 5.4050173078264505]",5.4050173078264505,2.857142857142857,5.4050173078264505,6.21666666666665,0,1,0,45.86842356232228,5.40501730782645e-06,373,1,0
162,57,39,0,0,0,4.8131833757672995,"[0.0, 4.8131833757672995]",4.8131833757672995,2.857142857142857,4.8131833757672995,6.199999999999983,0,1,0,39.10978453740245,4.8131833757672995e-06,372,1,0
162,58,28,0,0,0,4.7042083740234375,"[0.0, 4.7042083740234375]",4.7042083740234375,2.857142857142857,4.7042083740234375,1.9666666666666646,0,1,0,38.627665758132935,4.704208374023437e-06,118,1,0
162,59,26,0,0,0,4.595015389578682,"[0.0, 4.595015389578682]",4.595015389578682,2.857142857142857,4.595015389578682,6.183333333333317,0,1,0,36.28257802040753,4.595015389578683e-06,371,1,0
162,60,18,0,0,0,4.472073146275111,"[0.0, 4.472073146275111]",4.472073146275111,2.857142857142857,4.472073146275111,1.8999999999999981,0,1,0,36.64001168310642,4.472073146275111e-06,114,1,0
162,61,10,0,0,0,4.21410151890346,"[0.0, 4.21410151890346]",4.21410151890346,2.857142857142857,4.21410151890346,4.699999999999989,0,1,0,31.57772999430017,4.21410151890346e-06,282,1,0
162,62,54,0,0,0,4.09813472202846,"[0.0, 4.09813472202846]",4.09813472202846,2.857142857142857,4.09813472202846,5.833333333333318,0,1,0,30.39519873057725,4.0981347220284605e-06,350,1,0
162,63,24,0,0,0,2.8726741245814735,"[0.0, 2.8726741245814735]",2.8726741245814735,2.857142857142857,2.8726741245814735,5.433333333333319,0,1,0,47.011627454543486,2.8726741245814735e-06,326,1,0
162,64,35,0,0,0,1.8720517839704243,"[0.0, 1.8720517839704243]",1.8720517839704243,0.0,1.8720517839704243,5.016666666666654,0,1,0,5.175279625749681,1.8720517839704242e-06,301,1,0
163,1,29,0,1,1,15.35921369280134,"[0.0, 15.35921369280134]",15.35921369280134,14.285714285714285,15.35921369280134,6.866666666666648,0,1,0,131.8931434303522,1.5359213692801342e-05,412,1,0
163,2,0,0,1,1,15.310151236397878,"[0.0, 15.310151236397878]",15.310151236397878,14.285714285714285,15.310151236397878,6.833333333333314,0,1,0,132.4369699060917,1.5310151236397877e-05,410,1,0
163,3,1,0,1,1,15.303148542131698,"[0.0, 15.303148542131698]",15.303148542131698,14.285714285714285,15.303148542131698,6.833333333333314,0,1,0,132.20882841944695,1.53031485421317e-05,410,1,0
163,4,2,0,1,1,15.207454136439733,"[0.0, 15.207454136439733]",15.207454136439733,14.285714285714285,15.207454136439733,7.98333333333331,0,1,0,130.28384825587273,1.5207454136439732e-05,479,1,0
163,5,3,0,1,1,15.186260768345425,"[0.0, 15.186260768345425]",15.186260768345425,14.285714285714285,15.186260768345425,6.6999999999999815,0,1,0,131.556300714612,1.5186260768345426e-05,402,1,0
163,6,4,0,1,1,15.163961138044085,"[0.0, 15.163961138044085]",15.163961138044085,14.285714285714285,15.163961138044085,8.11666666666665,0,1,0,136.29476400464773,1.5163961138044086e-05,487,1,0
163,7,5,0,1,1,15.128756931849887,"[0.0, 15.128756931849887]",15.128756931849887,14.285714285714285,15.128756931849887,6.783333333333315,0,1,0,130.43798330426216,1.5128756931849888e-05,407,1,0
163,8,6,0,1,1,15.07744925362723,"[0.0, 15.07744925362723]",15.07744925362723,14.285714285714285,15.07744925362723,6.833333333333314,0,1,0,130.02422189712524,1.5077449253627231e-05,410,1,0
163,9,7,0,0,1,15.066795349121092,"[0.0, 15.066795349121092]",15.066795349121092,14.285714285714285,15.066795349121092,7.566666666666645,0,1,0,135.02477331459522,1.5066795349121091e-05,454,1,0
163,10,40,0,0,1,14.441637311662948,"[0.0, 14.441637311662948]",14.441637311662948,14.285714285714285,14.441637311662948,6.599999999999982,0,1,0,129.87082079052925,1.4441637311662948e-05,396,1,0
163,11,30,0,0,1,13.554355076381139,"[0.0, 13.554355076381139]",13.554355076381139,11.428571428571429,13.554355076381139,6.633333333333315,0,1,0,123.53595054149628,1.3554355076381139e-05,398,1,0
163,12,22,0,0,1,13.451042175292969,"[0.0, 13.451042175292969]",13.451042175292969,11.428571428571429,13.451042175292969,6.849999999999981,0,1,0,122.98485916852951,1.3451042175292969e-05,411,1,0
163,13,58,0,0,1,13.075550624302457,"[0.0, 13.075550624302457]",13.075550624302457,11.428571428571429,13.075550624302457,6.566666666666649,0,1,0,118.2166635170579,1.3075550624302456e-05,394,1,0
163,14,33,0,0,1,11.164992196219307,"[0.0, 11.164992196219307]",11.164992196219307,8.571428571428571,11.164992196219307,5.749999999999985,0,1,0,98.0876139998436,1.1164992196219308e-05,345,1,0
163,15,47,0,0,1,11.103150503976005,"[0.0, 11.103150503976005]",11.103150503976005,8.571428571428571,11.103150503976005,5.649999999999985,0,1,0,98.88417947292328,1.1103150503976005e-05,339,1,0
163,16,25,0,0,1,10.921271187918528,"[0.0, 10.921271187918528]",10.921271187918528,8.571428571428571,10.921271187918528,5.783333333333318,0,1,0,94.25103910267353,1.0921271187918527e-05,347,1,0
163,17,61,0,0,1,10.88470731462751,"[0.0, 10.88470731462751]",10.88470731462751,8.571428571428571,10.88470731462751,5.616666666666652,0,1,0,96.50267289578915,1.088470731462751e-05,337,1,0
163,18,50,0,0,1,10.720133100237165,"[0.0, 10.720133100237165]",10.720133100237165,8.571428571428571,10.720133100237165,5.716666666666652,0,1,0,97.32182958722115,1.0720133100237165e-05,343,1,0
163,19,20,0,0,1,10.576863970075333,"[0.0, 10.576863970075333]",10.576863970075333,8.571428571428571,10.576863970075333,5.449999999999986,0,1,0,94.73529250919819,1.0576863970075334e-05,327,1,0
163,20,26,0,0,1,10.462801797049385,"[0.0, 10.462801797049385]",10.462801797049385,8.571428571428571,10.462801797049385,3.516666666666659,0,1,0,91.51156656444073,1.0462801797049386e-05,211,1,0
163,21,38,0,0,1,10.228783743722099,"[0.0, 10.228783743722099]",10.228783743722099,8.571428571428571,10.228783743722099,5.433333333333319,0,1,0,93.42792838811874,1.0228783743722098e-05,326,1,0
163,22,13,0,0,1,10.222661154610769,"[0.0, 10.222661154610769]",10.222661154610769,8.571428571428571,10.222661154610769,5.466666666666653,0,1,0,95.07011799514294,1.0222661154610768e-05,328,1,0
163,23,55,0,0,1,10.191012791224889,"[0.0, 10.191012791224889]",10.191012791224889,8.571428571428571,10.191012791224889,3.3666666666666596,0,1,0,89.01645688712597,1.019101279122489e-05,202,1,0
163,24,11,0,0,1,10.090827941894531,"[0.0, 10.090827941894531]",10.090827941894531,8.571428571428571,10.090827941894531,3.4999999999999925,0,1,0,87.8044962733984,1.009082794189453e-05,210,1,0
163,25,9,0,0,1,9.902223859514509,"[0.0, 9.902223859514509]",9.902223859514509,8.571428571428571,9.902223859514509,5.316666666666653,0,1,0,88.57460676133633,9.902223859514509e-06,319,1,0
163,26,31,0,0,1,9.799949101039342,"[0.0, 9.799949101039342]",9.799949101039342,8.571428571428571,9.799949101039342,3.3166666666666598,0,1,0,87.26966570317745,9.799949101039341e-06,199,1,0
163,27,43,0,0,1,9.186807359967913,"[0.0, 9.186807359967913]",9.186807359967913,8.571428571428571,9.186807359967913,3.2333333333333267,0,1,0,84.12044897675514,9.186807359967914e-06,194,1,0
163,28,28,0,0,1,8.951628548758372,"[0.0, 8.951628548758372]",8.951628548758372,8.571428571428571,8.951628548758372,5.2166666666666535,0,1,0,86.94806738197803,8.951628548758371e-06,313,1,0
163,29,17,0,0,1,8.89214379446847,"[0.0, 8.89214379446847]",8.89214379446847,8.571428571428571,8.89214379446847,3.2333333333333267,0,1,0,84.12083138525486,8.892143794468471e-06,194,1,0
163,30,52,0,0,1,8.829184940883092,"[0.0, 8.829184940883092]",8.829184940883092,8.571428571428571,8.829184940883092,3.649999999999992,0,1,0,82.20776256918907,8.829184940883091e-06,219,1,0
163,31,14,0,0,1,8.756046295166016,"[0.0, 8.756046295166016]",8.756046295166016,8.571428571428571,8.756046295166016,3.21666666666666,0,1,0,83.07745707035065,8.756046295166016e-06,193,1,0
163,32,54,0,0,1,8.62128393990653,"[0.0, 8.62128393990653]",8.62128393990653,8.571428571428571,8.62128393990653,3.183333333333327,0,1,0,82.06273603439331,8.621283939906529e-06,191,1,0
163,33,21,0,0,0,8.569101606096542,"[0.0, 8.569101606096542]",8.569101606096542,5.714285714285714,8.569101606096542,5.016666666666654,0,1,0,85.31391072273254,8.569101606096541e-06,301,1,0
163,34,53,0,0,0,8.479524339948382,"[0.0, 8.479524339948382]",8.479524339948382,5.714285714285714,8.479524339948382,3.1999999999999935,0,1,0,82.04158094525337,8.479524339948382e-06,192,1,0
163,35,45,0,0,0,8.447587149483816,"[0.0, 8.447587149483816]",8.447587149483816,5.714285714285714,8.447587149483816,6.1499999999999835,0,1,0,58.89615071292792,8.447587149483815e-06,369,1,0
163,36,8,0,0,0,8.440290178571429,"[0.0, 8.440290178571429]",8.440290178571429,5.714285714285714,8.440290178571429,7.366666666666646,0,1,0,59.223332753404975,8.440290178571429e-06,442,1,0
163,37,15,0,0,0,8.321565900530134,"[0.0, 8.321565900530134]",8.321565900530134,5.714285714285714,8.321565900530134,3.1666666666666603,0,1,0,81.38194406032562,8.321565900530133e-06,190,1,0
163,38,48,0,0,0,6.349361964634487,"[0.0, 6.349361964634487]",6.349361964634487,5.714285714285714,6.349361964634487,7.4666666666666455,0,1,0,58.22857937976369,6.349361964634487e-06,448,1,0
163,39,37,0,0,0,6.307645525251115,"[0.0, 6.307645525251115]",6.307645525251115,5.714285714285714,6.307645525251115,7.366666666666646,0,1,0,58.582229970634216,6.307645525251115e-06,442,1,0
163,40,19,0,0,0,6.265405927385603,"[0.0, 6.265405927385603]",6.265405927385603,5.714285714285714,6.265405927385603,7.383333333333312,0,1,0,57.997176686127204,6.2654059273856035e-06,443,1,0
163,41,34,0,0,0,5.993494306291853,"[0.0, 5.993494306291853]",5.993494306291853,5.714285714285714,5.993494306291853,4.049999999999991,0,1,0,55.93556335568428,5.9934943062918534e-06,243,1,0
163,42,23,0,0,0,5.917816162109375,"[0.0, 5.917816162109375]",5.917816162109375,5.714285714285714,5.917816162109375,2.416666666666663,0,1,0,53.149138912558556,5.917816162109375e-06,145,1,0
163,43,62,0,0,0,5.907701764787946,"[0.0, 5.907701764787946]",5.907701764787946,5.714285714285714,5.907701764787946,2.416666666666663,0,1,0,53.148998349905014,5.907701764787946e-06,145,1,0
163,44,27,0,0,0,5.864650181361608,"[0.0, 5.864650181361608]",5.864650181361608,5.714285714285714,5.864650181361608,2.3999999999999964,0,1,0,52.577712655067444,5.864650181361608e-06,144,1,0
163,45,10,0,0,0,5.667250497000558,"[0.0, 5.667250497000558]",5.667250497000558,2.857142857142857,5.667250497000558,3.566666666666659,0,1,0,50.63298445940018,5.6672504970005584e-06,214,1,0
163,46,18,0,0,0,5.660531180245536,"[0.0, 5.660531180245536]",5.660531180245536,2.857142857142857,5.660531180245536,3.599999999999992,0,1,0,50.926444083452225,5.660531180245536e-06,216,1,0
163,47,59,0,0,0,5.659065246582031,"[0.0, 5.659065246582031]",5.659065246582031,2.857142857142857,5.659065246582031,3.6999999999999917,0,1,0,50.94504464417696,5.659065246582031e-06,222,1,0
163,48,35,0,0,0,5.623724801199777,"[0.0, 5.623724801199777]",5.623724801199777,2.857142857142857,5.623724801199777,3.0833333333333273,0,1,0,50.0620111823082,5.623724801199777e-06,185,1,0
163,49,57,0,0,0,5.577866690499442,"[0.0, 5.577866690499442]",5.577866690499442,2.857142857142857,5.577866690499442,3.5833333333333255,0,1,0,49.93615509569645,5.577866690499442e-06,215,1,0
163,50,12,0,0,0,5.541218348911831,"[0.0, 5.541218348911831]",5.541218348911831,2.857142857142857,5.541218348911831,6.849999999999981,0,1,0,48.22478842380224,5.541218348911831e-06,411,1,0
163,51,16,0,0,0,5.520602634974888,"[0.0, 5.520602634974888]",5.520602634974888,2.857142857142857,5.520602634974888,2.28333333333333,0,1,0,48.454805850982666,5.520602634974888e-06,137,1,0
163,52,49,0,0,0,5.444390433175223,"[0.0, 5.444390433175223]",5.444390433175223,2.857142857142857,5.444390433175223,3.26666666666666,0,1,0,48.150534480810165,5.444390433175223e-06,196,1,0
163,53,46,0,0,0,5.350984845842634,"[0.0, 5.350984845842634]",5.350984845842634,2.857142857142857,5.350984845842634,6.683333333333315,0,1,0,45.31931780997547,5.3509848458426335e-06,401,1,0
163,54,63,0,0,0,5.349993024553571,"[0.0, 5.349993024553571]",5.349993024553571,2.857142857142857,5.349993024553571,3.133333333333327,0,1,0,46.91129429638386,5.349993024553571e-06,188,1,0
163,55,41,0,0,0,5.346505301339286,"[0.0, 5.346505301339286]",5.346505301339286,2.857142857142857,5.346505301339286,3.1166666666666605,0,1,0,46.75026053190231,5.346505301339286e-06,187,1,0
163,56,39,0,0,0,5.316565377371651,"[0.0, 5.316565377371651]",5.316565377371651,2.857142857142857,5.316565377371651,3.0833333333333273,0,1,0,46.424253046512604,5.316565377371651e-06,185,1,0
163,57,44,0,0,0,5.284952436174665,"[0.0, 5.284952436174665]",5.284952436174665,2.857142857142857,5.284952436174665,3.049999999999994,0,1,0,46.09291170537472,5.284952436174665e-06,183,1,0
163,58,36,0,0,0,5.122037615094866,"[0.0, 5.122037615094866]",5.122037615094866,2.857142857142857,5.122037615094866,2.1333333333333306,0,1,0,43.783692106604576,5.122037615094866e-06,128,1,0
163,59,42,0,0,0,4.22407967703683,"[0.0, 4.22407967703683]",4.22407967703683,2.857142857142857,4.22407967703683,2.083333333333331,0,1,0,34.00783284008503,4.22407967703683e-06,125,1,0
163,60,51,0,0,0,3.649951389857701,"[0.0, 3.649951389857701]",3.649951389857701,2.857142857142857,3.649951389857701,6.916666666666647,0,1,0,26.918924306170084,3.649951389857701e-06,415,1,0
163,61,24,0,0,0,3.214176722935268,"[0.0, 3.214176722935268]",3.214176722935268,2.857142857142857,3.214176722935268,5.433333333333319,0,1,0,44.36298742995132,3.2141767229352676e-06,326,1,0
163,62,32,0,0,0,2.8282002040318077,"[0.0, 2.8282002040318077]",2.8282002040318077,0.0,2.8282002040318077,5.049999999999987,0,1,0,40.63328424631618,2.8282002040318075e-06,303,1,0
163,63,60,0,0,0,2.1088027954101562,"[0.0, 2.1088027954101562]",2.1088027954101562,0.0,2.1088027954101562,5.016666666666654,0,1,0,7.7057433777081314,2.1088027954101563e-06,301,1,0
163,64,56,0,0,0,1.8747057233537947,"[0.0, 1.8747057233537947]",1.8747057233537947,0.0,1.8747057233537947,5.016666666666654,0,1,0,5.175646270916332,1.8747057233537948e-06,301,1,0
164,1,0,0,1,1,15.35921369280134,"[0.0, 15.35921369280134]",15.35921369280134,14.285714285714285,15.35921369280134,6.866666666666648,0,1,0,131.8931434303522,1.5359213692801342e-05,412,1,0
164,2,1,0,1,1,15.310151236397878,"[0.0, 15.310151236397878]",15.310151236397878,14.285714285714285,15.310151236397878,6.833333333333314,0,1,0,132.4369699060917,1.5310151236397877e-05,410,1,0
164,3,2,0,1,1,15.303148542131698,"[0.0, 15.303148542131698]",15.303148542131698,14.285714285714285,15.303148542131698,6.833333333333314,0,1,0,132.20882841944695,1.53031485421317e-05,410,1,0
164,4,3,0,1,1,15.207454136439733,"[0.0, 15.207454136439733]",15.207454136439733,14.285714285714285,15.207454136439733,7.98333333333331,0,1,0,130.28384825587273,1.5207454136439732e-05,479,1,0
164,5,4,0,1,1,15.186260768345425,"[0.0, 15.186260768345425]",15.186260768345425,14.285714285714285,15.186260768345425,6.6999999999999815,0,1,0,131.556300714612,1.5186260768345426e-05,402,1,0
164,6,5,0,1,1,15.163961138044085,"[0.0, 15.163961138044085]",15.163961138044085,14.285714285714285,15.163961138044085,8.11666666666665,0,1,0,136.29476400464773,1.5163961138044086e-05,487,1,0
164,7,6,0,1,1,15.128756931849887,"[0.0, 15.128756931849887]",15.128756931849887,14.285714285714285,15.128756931849887,6.783333333333315,0,1,0,130.43798330426216,1.5128756931849888e-05,407,1,0
164,8,7,0,1,1,15.07744925362723,"[0.0, 15.07744925362723]",15.07744925362723,14.285714285714285,15.07744925362723,6.833333333333314,0,1,0,130.02422189712524,1.5077449253627231e-05,410,1,0
164,9,15,0,0,1,15.076680864606583,"[0.0, 15.076680864606583]",15.076680864606583,14.285714285714285,15.076680864606583,7.216666666666646,0,1,0,130.61063854396343,1.5076680864606583e-05,433,1,0
164,10,9,0,0,1,15.038768223353793,"[0.0, 15.038768223353793]",15.038768223353793,14.285714285714285,15.038768223353793,6.433333333333316,0,1,0,130.36918465793133,1.5038768223353794e-05,386,1,0
164,11,42,0,0,1,14.332215445382253,"[0.0, 14.332215445382253]",14.332215445382253,14.285714285714285,14.332215445382253,6.1499999999999835,0,1,0,129.1927578151226,1.4332215445382254e-05,369,1,0
164,12,36,0,0,1,11.428555079868861,"[0.0, 11.428555079868861]",11.428555079868861,8.571428571428571,11.428555079868861,5.866666666666651,0,1,0,101.43540035188198,1.142855507986886e-05,352,1,0
164,13,55,0,0,1,11.266468593052455,"[0.0, 11.266468593052455]",11.266468593052455,8.571428571428571,11.266468593052455,5.799999999999985,0,1,0,98.61855767667294,1.1266468593052455e-05,348,1,0
164,14,49,0,0,1,11.19426999773298,"[0.0, 11.19426999773298]",11.19426999773298,8.571428571428571,11.19426999773298,4.049999999999991,0,1,0,96.38692912459373,1.1194269997732979e-05,243,1,0
164,15,53,0,0,1,11.055521283830917,"[0.0, 11.055521283830917]",11.055521283830917,8.571428571428571,11.055521283830917,5.716666666666652,0,1,0,96.99384267628193,1.1055521283830917e-05,343,1,0
164,16,10,0,0,1,10.98921639578683,"[0.0, 10.98921639578683]",10.98921639578683,8.571428571428571,10.98921639578683,5.866666666666651,0,1,0,100.31877574324608,1.098921639578683e-05,352,1,0
164,17,20,0,0,1,10.692187717982701,"[0.0, 10.692187717982701]",10.692187717982701,8.571428571428571,10.692187717982701,3.4166666666666594,0,1,0,91.83662305772305,1.06921877179827e-05,205,1,0
164,18,39,0,0,1,10.668961661202566,"[0.0, 10.668961661202566]",10.668961661202566,8.571428571428571,10.668961661202566,3.4499999999999926,0,1,0,93.26841390132904,1.0668961661202566e-05,207,1,0
164,19,57,0,0,1,10.61502184186663,"[0.0, 10.61502184186663]",10.61502184186663,8.571428571428571,10.61502184186663,5.633333333333319,0,1,0,97.05030101537704,1.061502184186663e-05,338,1,0
164,20,33,0,0,1,10.60403823852539,"[0.0, 10.60403823852539]",10.60403823852539,8.571428571428571,10.60403823852539,5.599999999999985,0,1,0,95.37968420982361,1.060403823852539e-05,336,1,0
164,21,45,0,0,1,10.572635105678014,"[0.0, 10.572635105678014]",10.572635105678014,8.571428571428571,10.572635105678014,6.749999999999981,0,1,0,99.36365520954132,1.0572635105678014e-05,405,1,0
164,22,48,0,0,1,10.452766418457031,"[0.0, 10.452766418457031]",10.452766418457031,8.571428571428571,10.452766418457031,6.26666666666665,0,1,0,98.80083665251732,1.0452766418457032e-05,376,1,0
164,23,58,0,0,1,10.311134883335658,"[0.0, 10.311134883335658]",10.311134883335658,8.571428571428571,10.311134883335658,3.3333333333333264,0,1,0,88.29585763812065,1.0311134883335658e-05,200,1,0
164,24,22,0,0,1,9.937090192522321,"[0.0, 9.937090192522321]",9.937090192522321,8.571428571428571,9.937090192522321,5.449999999999986,0,1,0,90.23094154894352,9.937090192522321e-06,327,1,0
164,25,34,0,0,1,9.930204663957868,"[0.0, 9.930204663957868]",9.930204663957868,8.571428571428571,9.930204663957868,5.366666666666653,0,1,0,91.83990539610386,9.930204663957868e-06,322,1,0
164,26,62,0,0,1,9.911790575299944,"[0.0, 9.911790575299944]",9.911790575299944,8.571428571428571,9.911790575299944,3.299999999999993,0,1,0,86.89563097059727,9.911790575299944e-06,198,1,0
164,27,30,0,0,1,9.850594656808036,"[0.0, 9.850594656808036]",9.850594656808036,8.571428571428571,9.850594656808036,3.299999999999993,0,1,0,86.89540965855122,9.850594656808037e-06,198,1,0
164,28,46,0,0,1,9.793755667550224,"[0.0, 9.793755667550224]",9.793755667550224,8.571428571428571,9.793755667550224,3.299999999999993,0,1,0,86.89542770385742,9.793755667550225e-06,198,1,0
164,29,13,0,0,1,9.74579129900251,"[0.0, 9.74579129900251]",9.74579129900251,8.571428571428571,9.74579129900251,3.299999999999993,0,1,0,86.89581598341465,9.74579129900251e-06,198,1,0
164,30,41,0,0,1,9.66987064906529,"[0.0, 9.66987064906529]",9.66987064906529,8.571428571428571,9.66987064906529,5.366666666666653,0,1,0,89.10054603219032,9.66987064906529e-06,322,1,0
164,31,61,0,0,1,9.462541852678571,"[0.0, 9.462541852678571]",9.462541852678571,8.571428571428571,9.462541852678571,5.316666666666653,0,1,0,89.99775248765945,9.462541852678571e-06,319,1,0
164,32,18,0,0,1,9.44192613874163,"[0.0, 9.44192613874163]",9.44192613874163,8.571428571428571,9.44192613874163,3.3166666666666598,0,1,0,86.01121614873409,9.44192613874163e-06,199,1,0
164,33,44,0,0,0,8.973887307303292,"[0.0, 8.973887307303292]",8.973887307303292,8.571428571428571,8.973887307303292,3.21666666666666,0,1,0,83.4326985180378,8.973887307303292e-06,193,1,0
164,34,11,0,0,0,8.951857430594307,"[0.0, 8.951857430594307]",8.951857430594307,8.571428571428571,8.951857430594307,3.26666666666666,0,1,0,82.35692332684994,8.951857430594307e-06,196,1,0
164,35,37,0,0,0,8.928982870919363,"[0.0, 8.928982870919363]",8.928982870919363,8.571428571428571,8.928982870919363,5.199999999999987,0,1,0,85.54669298231602,8.928982870919362e-06,312,1,0
164,36,38,0,0,0,8.899255480085099,"[0.0, 8.899255480085099]",8.899255480085099,8.571428571428571,8.899255480085099,3.383333333333326,0,1,0,84.15979346632957,8.8992554800851e-06,203,1,0
164,37,24,0,0,0,8.744152614048549,"[0.0, 8.744152614048549]",8.744152614048549,8.571428571428571,8.744152614048549,3.1999999999999935,0,1,0,82.74653221666813,8.744152614048548e-06,192,1,0
164,38,59,0,0,0,8.557823726109095,"[0.0, 8.557823726109095]",8.557823726109095,5.714285714285714,8.557823726109095,4.966666666666654,0,1,0,84.23176127672195,8.557823726109095e-06,298,1,0
164,39,29,0,0,0,8.452249254499163,"[0.0, 8.452249254499163]",8.452249254499163,5.714285714285714,8.452249254499163,6.6166666666666485,0,1,0,60.53367480020097,8.452249254499163e-06,397,1,0
164,40,35,0,0,0,8.365669250488281,"[0.0, 8.365669250488281]",8.365669250488281,5.714285714285714,8.365669250488281,3.1666666666666603,0,1,0,81.38154926896095,8.365669250488282e-06,190,1,0
164,41,28,0,0,0,8.064637865339007,"[0.0, 8.064637865339007]",8.064637865339007,5.714285714285714,8.064637865339007,3.133333333333327,0,1,0,80.02615210413933,8.064637865339007e-06,188,1,0
164,42,40,0,0,0,7.607244764055525,"[0.0, 7.607244764055525]",7.607244764055525,5.714285714285714,7.607244764055525,3.049999999999994,0,1,0,76.675775334239,7.6072447640555255e-06,183,1,0
164,43,60,0,0,0,7.381531851632254,"[0.0, 7.381531851632254]",7.381531851632254,5.714285714285714,7.381531851632254,2.9999999999999942,0,1,0,74.69320824742317,7.381531851632254e-06,180,1,0
164,44,32,0,0,0,6.359792436872209,"[0.0, 6.359792436872209]",6.359792436872209,5.714285714285714,6.359792436872209,7.4666666666666455,0,1,0,58.60427019830968,6.359792436872209e-06,448,1,0
164,45,56,0,0,0,6.295945303780693,"[0.0, 6.295945303780693]",6.295945303780693,5.714285714285714,6.295945303780693,7.283333333333313,0,1,0,56.662083494076796,6.295945303780692e-06,437,1,0
164,46,16,0,0,0,6.271454947335379,"[0.0, 6.271454947335379]",6.271454947335379,5.714285714285714,6.271454947335379,7.383333333333312,0,1,0,58.040317749997484,6.2714549473353795e-06,443,1,0
164,47,63,0,0,0,6.2067140851702005,"[0.0, 6.2067140851702005]",6.2067140851702005,5.714285714285714,6.2067140851702005,7.383333333333312,0,1,0,58.037645888718544,6.206714085170201e-06,443,1,0
164,48,52,0,0,0,6.181329999651227,"[0.0, 6.181329999651227]",6.181329999651227,5.714285714285714,6.181329999651227,7.316666666666646,0,1,0,57.5550341958151,6.181329999651227e-06,439,1,0
164,49,43,0,0,0,6.086316789899553,"[0.0, 6.086316789899553]",6.086316789899553,5.714285714285714,6.086316789899553,2.4333333333333296,0,1,0,53.611644864082336,6.086316789899553e-06,146,1,0
164,50,26,0,0,0,6.070333208356585,"[0.0, 6.070333208356585]",6.070333208356585,5.714285714285714,6.070333208356585,7.266666666666646,0,1,0,56.57259872218128,6.070333208356585e-06,436,1,0
164,51,14,0,0,0,5.979723249162946,"[0.0, 5.979723249162946]",5.979723249162946,5.714285714285714,5.979723249162946,4.483333333333323,0,1,0,55.873318649828434,5.979723249162946e-06,269,1,0
164,52,51,0,0,0,5.963505336216518,"[0.0, 5.963505336216518]",5.963505336216518,5.714285714285714,5.963505336216518,3.7499999999999916,0,1,0,55.2746015638113,5.963505336216518e-06,225,1,0
164,53,12,0,0,0,5.908742632184709,"[0.0, 5.908742632184709]",5.908742632184709,5.714285714285714,5.908742632184709,3.9666666666666575,0,1,0,54.4120037406683,5.9087426321847094e-06,238,1,0
164,54,23,0,0,0,5.8321108136858255,"[0.0, 5.8321108136858255]",5.8321108136858255,5.714285714285714,5.8321108136858255,2.3833333333333298,0,1,0,52.00892896950245,5.832110813685825e-06,143,1,0
164,55,21,0,0,0,5.742923191615514,"[0.0, 5.742923191615514]",5.742923191615514,5.714285714285714,5.742923191615514,3.7833333333333248,0,1,0,52.170349821448326,5.742923191615514e-06,227,1,0
164,56,8,0,0,0,5.689501081194196,"[0.0, 5.689501081194196]",5.689501081194196,2.857142857142857,5.689501081194196,3.566666666666659,0,1,0,50.63302379846573,5.689501081194196e-06,214,1,0
164,57,54,0,0,0,5.633354187011719,"[0.0, 5.633354187011719]",5.633354187011719,2.857142857142857,5.633354187011719,3.5499999999999923,0,1,0,50.5059659332037,5.633354187011719e-06,213,1,0
164,58,27,0,0,0,5.5525970458984375,"[0.0, 5.5525970458984375]",5.5525970458984375,2.857142857142857,5.5525970458984375,3.433333333333326,0,1,0,49.581212386488914,5.552597045898438e-06,206,1,0
164,59,47,0,0,0,5.536390032087054,"[0.0, 5.536390032087054]",5.536390032087054,2.857142857142857,5.536390032087054,3.349999999999993,0,1,0,48.882518634200096,5.536390032087054e-06,201,1,0
164,60,50,0,0,0,5.491670880998885,"[0.0, 5.491670880998885]",5.491670880998885,2.857142857142857,5.491670880998885,3.3166666666666598,0,1,0,48.59290634095669,5.4916708809988845e-06,199,1,0
164,61,25,0,0,0,5.239323207310268,"[0.0, 5.239323207310268]",5.239323207310268,2.857142857142857,5.239323207310268,2.9999999999999942,0,1,0,45.58581580221653,5.239323207310268e-06,180,1,0
164,62,19,0,0,0,4.779554094587054,"[0.0, 4.779554094587054]",4.779554094587054,2.857142857142857,4.779554094587054,2.5166666666666626,0,1,0,40.0332907140255,4.779554094587054e-06,151,1,0
164,63,17,0,0,0,3.1202915736607144,"[0.0, 3.1202915736607144]",3.1202915736607144,2.857142857142857,3.1202915736607144,4.899999999999988,0,1,0,19.24720148405322,3.1202915736607143e-06,294,1,0
164,64,31,0,0,0,2.1116202218191966,"[0.0, 2.1116202218191966]",2.1116202218191966,0.0,2.1116202218191966,5.016666666666654,0,1,0,7.705927991584758,2.1116202218191967e-06,301,1,0
165,1,0,0,1,1,15.35921369280134,"[0.0, 15.35921369280134]",15.35921369280134,14.285714285714285,15.35921369280134,6.866666666666648,0,1,0,131.8931434303522,1.5359213692801342e-05,412,1,0
165,2,1,0,1,1,15.310151236397878,"[0.0, 15.310151236397878]",15.310151236397878,14.285714285714285,15.310151236397878,6.833333333333314,0,1,0,132.4369699060917,1.5310151236397877e-05,410,1,0
165,3,2,0,1,1,15.303148542131698,"[0.0, 15.303148542131698]",15.303148542131698,14.285714285714285,15.303148542131698,6.833333333333314,0,1,0,132.20882841944695,1.53031485421317e-05,410,1,0
165,4,3,0,1,1,15.207454136439733,"[0.0, 15.207454136439733]",15.207454136439733,14.285714285714285,15.207454136439733,7.98333333333331,0,1,0,130.28384825587273,1.5207454136439732e-05,479,1,0
165,5,4,0,1,1,15.186260768345425,"[0.0, 15.186260768345425]",15.186260768345425,14.285714285714285,15.186260768345425,6.6999999999999815,0,1,0,131.556300714612,1.5186260768345426e-05,402,1,0
165,6,5,0,1,1,15.163961138044085,"[0.0, 15.163961138044085]",15.163961138044085,14.285714285714285,15.163961138044085,8.11666666666665,0,1,0,136.29476400464773,1.5163961138044086e-05,487,1,0
165,7,26,0,1,1,15.147356305803573,"[0.0, 15.147356305803573]",15.147356305803573,14.285714285714285,15.147356305803573,7.533333333333312,0,1,0,134.3545653000474,1.5147356305803573e-05,452,1,0
165,8,6,0,1,1,15.128756931849887,"[0.0, 15.128756931849887]",15.128756931849887,14.285714285714285,15.128756931849887,6.783333333333315,0,1,0,130.43798330426216,1.5128756931849888e-05,407,1,0
165,9,7,0,0,1,15.07744925362723,"[0.0, 15.07744925362723]",15.07744925362723,14.285714285714285,15.07744925362723,6.833333333333314,0,1,0,130.02422189712524,1.5077449253627231e-05,410,1,0
165,10,20,0,0,1,14.947744097028458,"[0.0, 14.947744097028458]",14.947744097028458,14.285714285714285,14.947744097028458,7.283333333333313,0,1,0,135.26054118573666,1.4947744097028459e-05,437,1,0
165,11,49,0,0,1,14.82363019670759,"[0.0, 14.82363019670759]",14.82363019670759,14.285714285714285,14.82363019670759,7.349999999999979,0,1,0,131.5562545210123,1.482363019670759e-05,441,1,0
165,12,25,0,0,1,14.679309300013951,"[0.0, 14.679309300013951]",14.679309300013951,14.285714285714285,14.679309300013951,6.883333333333314,0,1,0,129.88433854281902,1.4679309300013952e-05,413,1,0
165,13,53,0,0,1,14.180684770856585,"[0.0, 14.180684770856585]",14.180684770856585,11.428571428571429,14.180684770856585,6.5333333333333155,0,1,0,128.91276052594185,1.4180684770856585e-05,392,1,0
165,14,28,0,0,1,11.112049647739955,"[0.0, 11.112049647739955]",11.112049647739955,8.571428571428571,11.112049647739955,3.483333333333326,0,1,0,94.70849634706974,1.1112049647739954e-05,209,1,0
165,15,33,0,0,1,11.082605634416854,"[0.0, 11.082605634416854]",11.082605634416854,8.571428571428571,11.082605634416854,5.833333333333318,0,1,0,96.39181128889322,1.1082605634416854e-05,350,1,0
165,16,48,0,0,1,10.967864990234375,"[0.0, 10.967864990234375]",10.967864990234375,8.571428571428571,10.967864990234375,5.6833333333333185,0,1,0,103.96796660125256,1.0967864990234376e-05,341,1,0
165,17,36,0,0,1,10.685127803257535,"[0.0, 10.685127803257535]",10.685127803257535,8.571428571428571,10.685127803257535,5.8499999999999845,0,1,0,98.57877688109875,1.0685127803257535e-05,351,1,0
165,18,12,0,0,1,10.674923488071988,"[0.0, 10.674923488071988]",10.674923488071988,8.571428571428571,10.674923488071988,3.399999999999993,0,1,0,91.12426014244556,1.0674923488071988e-05,204,1,0
165,19,61,0,0,1,10.499131338936941,"[0.0, 10.499131338936941]",10.499131338936941,8.571428571428571,10.499131338936941,3.9333333333333242,0,1,0,91.06838981807232,1.0499131338936941e-05,236,1,0
165,20,58,0,0,1,10.346063886369977,"[0.0, 10.346063886369977]",10.346063886369977,8.571428571428571,10.346063886369977,3.383333333333326,0,1,0,90.413777500391,1.0346063886369977e-05,203,1,0
165,21,54,0,0,1,10.291955130440849,"[0.0, 10.291955130440849]",10.291955130440849,8.571428571428571,10.291955130440849,3.3666666666666596,0,1,0,89.70588828623295,1.0291955130440849e-05,202,1,0
165,22,29,0,0,1,10.278562818254745,"[0.0, 10.278562818254745]",10.278562818254745,8.571428571428571,10.278562818254745,3.3333333333333264,0,1,0,88.29631917178631,1.0278562818254745e-05,200,1,0
165,23,42,0,0,1,10.26873997279576,"[0.0, 10.26873997279576]",10.26873997279576,8.571428571428571,10.26873997279576,3.349999999999993,0,1,0,89.00003981590271,1.026873997279576e-05,201,1,0
165,24,51,0,0,1,10.228868212018693,"[0.0, 10.228868212018693]",10.228868212018693,8.571428571428571,10.228868212018693,6.383333333333316,0,1,0,94.25039322674274,1.0228868212018693e-05,383,1,0
165,25,50,0,0,1,10.147980281284877,"[0.0, 10.147980281284877]",10.147980281284877,8.571428571428571,10.147980281284877,5.466666666666653,0,1,0,92.2128429710865,1.0147980281284877e-05,328,1,0
165,26,59,0,0,1,10.069724491664342,"[0.0, 10.069724491664342]",10.069724491664342,8.571428571428571,10.069724491664342,3.3333333333333264,0,1,0,88.29637807607651,1.0069724491664342e-05,200,1,0
165,27,31,0,0,1,9.9405642918178,"[0.0, 9.9405642918178]",9.9405642918178,8.571428571428571,9.9405642918178,3.3333333333333264,0,1,0,87.70834574103355,9.9405642918178e-06,200,1,0
165,28,41,0,0,1,9.857215881347656,"[0.0, 9.857215881347656]",9.857215881347656,8.571428571428571,9.857215881347656,3.3166666666666598,0,1,0,87.5947720259428,9.857215881347657e-06,199,1,0
165,29,16,0,0,1,9.574996403285436,"[0.0, 9.574996403285436]",9.574996403285436,8.571428571428571,9.574996403285436,5.7666666666666515,0,1,0,89.95351320505142,9.574996403285435e-06,346,1,0
165,30,11,0,0,1,9.556890215192523,"[0.0, 9.556890215192523]",9.556890215192523,8.571428571428571,9.556890215192523,3.26666666666666,0,1,0,85.50381921231747,9.556890215192523e-06,196,1,0
165,31,57,0,0,1,9.106930324009486,"[0.0, 9.106930324009486]",9.106930324009486,8.571428571428571,9.106930324009486,5.2999999999999865,0,1,0,88.98372606933117,9.106930324009485e-06,318,1,0
165,32,38,0,0,1,8.980682918003627,"[0.0, 8.980682918003627]",8.980682918003627,8.571428571428571,8.980682918003627,3.1999999999999935,0,1,0,82.74688459932804,8.980682918003626e-06,192,1,0
165,33,37,0,0,0,8.96949223109654,"[0.0, 8.96949223109654]",8.96949223109654,8.571428571428571,8.96949223109654,4.0666666666666575,0,1,0,85.01292888820171,8.96949223109654e-06,244,1,0
165,34,44,0,0,0,8.798236846923828,"[0.0, 8.798236846923828]",8.798236846923828,8.571428571428571,8.798236846923828,3.7166666666666583,0,1,0,82.46593034267426,8.798236846923827e-06,223,1,0
165,35,14,0,0,0,8.774068014962333,"[0.0, 8.774068014962333]",8.774068014962333,8.571428571428571,8.774068014962333,3.183333333333327,0,1,0,82.06281654536724,8.774068014962333e-06,191,1,0
165,36,60,0,0,0,8.770896366664342,"[0.0, 8.770896366664342]",8.770896366664342,8.571428571428571,8.770896366664342,3.21666666666666,0,1,0,82.71333529055119,8.770896366664342e-06,193,1,0
165,37,43,0,0,0,8.641706194196429,"[0.0, 8.641706194196429]",8.641706194196429,8.571428571428571,8.641706194196429,3.1999999999999935,0,1,0,82.74640519917011,8.641706194196429e-06,192,1,0
165,38,62,0,0,0,8.4482547215053,"[0.0, 8.4482547215053]",8.4482547215053,5.714285714285714,8.4482547215053,4.466666666666656,0,1,0,81.29236708581448,8.4482547215053e-06,268,1,0
165,39,39,0,0,0,8.39803695678711,"[0.0, 8.39803695678711]",8.39803695678711,5.714285714285714,8.39803695678711,7.583333333333312,0,1,0,59.99781985892332,8.39803695678711e-06,455,1,0
165,40,21,0,0,0,8.31040791102818,"[0.0, 8.31040791102818]",8.31040791102818,5.714285714285714,8.31040791102818,5.066666666666654,0,1,0,57.05792158097029,8.31040791102818e-06,304,1,0
165,41,23,0,0,0,8.294884817940847,"[0.0, 8.294884817940847]",8.294884817940847,5.714285714285714,8.294884817940847,4.099999999999991,0,1,0,56.251131273806095,8.294884817940847e-06,246,1,0
165,42,52,0,0,0,8.279999324253627,"[0.0, 8.279999324253627]",8.279999324253627,5.714285714285714,8.279999324253627,7.383333333333312,0,1,0,58.02496595852426,8.279999324253627e-06,443,1,0
165,43,10,0,0,0,8.240672520228795,"[0.0, 8.240672520228795]",8.240672520228795,5.714285714285714,8.240672520228795,3.1499999999999937,0,1,0,80.70287655293941,8.240672520228795e-06,189,1,0
165,44,45,0,0,0,7.4661036900111615,"[0.0, 7.4661036900111615]",7.4661036900111615,5.714285714285714,7.4661036900111615,3.016666666666661,0,1,0,75.1578301936388,7.466103690011161e-06,181,1,0
165,45,32,0,0,0,7.423741476876396,"[0.0, 7.423741476876396]",7.423741476876396,5.714285714285714,7.423741476876396,2.9999999999999942,0,1,0,74.69361561536789,7.423741476876396e-06,180,1,0
165,46,35,0,0,0,7.1903147016252795,"[0.0, 7.1903147016252795]",7.1903147016252795,5.714285714285714,7.1903147016252795,4.0666666666666575,0,1,0,70.79816076159477,7.190314701625279e-06,244,1,0
165,47,13,0,0,0,6.271062578473773,"[0.0, 6.271062578473773]",6.271062578473773,5.714285714285714,6.271062578473773,7.316666666666646,0,1,0,57.53658185913082,6.271062578473772e-06,439,1,0
165,48,56,0,0,0,5.987701416015625,"[0.0, 5.987701416015625]",5.987701416015625,5.714285714285714,5.987701416015625,4.049999999999991,0,1,0,55.70671936869621,5.987701416015625e-06,243,1,0
165,49,24,0,0,0,5.91773441859654,"[0.0, 5.91773441859654]",5.91773441859654,5.714285714285714,5.91773441859654,4.166666666666657,0,1,0,55.06048610806465,5.91773441859654e-06,250,1,0
165,50,17,0,0,0,5.561092921665737,"[0.0, 5.561092921665737]",5.561092921665737,2.857142857142857,5.561092921665737,3.399999999999993,0,1,0,49.30545933544636,5.561092921665737e-06,204,1,0
165,51,47,0,0,0,5.543937683105469,"[0.0, 5.543937683105469]",5.543937683105469,2.857142857142857,5.543937683105469,3.383333333333326,0,1,0,49.165547758340836,5.543937683105469e-06,203,1,0
165,52,40,0,0,0,5.513098580496652,"[0.0, 5.513098580496652]",5.513098580496652,2.857142857142857,5.513098580496652,3.349999999999993,0,1,0,48.88713747262955,5.513098580496652e-06,201,1,0
165,53,19,0,0,0,5.450750078473773,"[0.0, 5.450750078473773]",5.450750078473773,2.857142857142857,5.450750078473773,2.249999999999997,0,1,0,47.550021797418594,5.4507500784737726e-06,135,1,0
165,54,34,0,0,0,5.407055446079799,"[0.0, 5.407055446079799]",5.407055446079799,2.857142857142857,5.407055446079799,3.21666666666666,0,1,0,47.69569355249405,5.407055446079799e-06,193,1,0
165,55,30,0,0,0,5.322407313755581,"[0.0, 5.322407313755581]",5.322407313755581,2.857142857142857,5.322407313755581,3.099999999999994,0,1,0,46.587889313697815,5.322407313755581e-06,186,1,0
165,56,9,0,0,0,4.919618879045759,"[0.0, 4.919618879045759]",4.919618879045759,2.857142857142857,4.919618879045759,2.6499999999999955,0,1,0,41.68501517176628,4.919618879045758e-06,159,1,0
165,57,27,0,0,0,4.741058349609375,"[0.0, 4.741058349609375]",4.741058349609375,2.857142857142857,4.741058349609375,1.9999999999999978,0,1,0,39.63769243657589,4.741058349609375e-06,120,1,0
165,58,18,0,0,0,3.8431440080915182,"[0.0, 3.8431440080915182]",3.8431440080915182,2.857142857142857,3.8431440080915182,5.716666666666652,0,1,0,27.420852953902795,3.843144008091519e-06,343,1,0
165,59,55,0,0,0,2.831911359514509,"[0.0, 2.831911359514509]",2.831911359514509,0.0,2.831911359514509,5.116666666666654,0,1,0,41.14367428897822,2.831911359514509e-06,307,1,0
165,60,63,0,0,0,2.1797343662806923,"[0.0, 2.1797343662806923]",2.1797343662806923,0.0,2.1797343662806923,5.016666666666654,0,1,0,8.569100257926038,2.1797343662806923e-06,301,1,0
165,61,8,0,0,0,2.0986175537109375,"[0.0, 2.0986175537109375]",2.0986175537109375,0.0,2.0986175537109375,5.016666666666654,0,1,0,7.578629027935676,2.0986175537109374e-06,301,1,0
165,62,46,0,0,0,1.871741158621652,"[0.0, 1.871741158621652]",1.871741158621652,0.0,1.871741158621652,5.016666666666654,0,1,0,5.17576164577622,1.871741158621652e-06,301,1,0
165,63,22,0,0,0,1.3386917114257812,"[0.0, 1.3386917114257812]",1.3386917114257812,0.0,1.3386917114257812,4.39999999999999,0,1,0,32.754884977359325,1.3386917114257813e-06,264,1,0
165,64,15,0,0,0,0.0,"[0.0, 0.0]",0.0,0.0,0.0,15.03333333333366,0,1,0,122.2928975574614,0.0,902,1,0
166,1,0,0,1,1,15.35921369280134,"[0.0, 15.35921369280134]",15.35921369280134,14.285714285714285,15.35921369280134,6.866666666666648,0,1,0,131.8931434303522,1.5359213692801342e-05,412,1,0
166,2,1,0,1,1,15.310151236397878,"[0.0, 15.310151236397878]",15.310151236397878,14.285714285714285,15.310151236397878,6.833333333333314,0,1,0,132.4369699060917,1.5310151236397877e-05,410,1,0
166,3,2,0,1,1,15.303148542131698,"[0.0, 15.303148542131698]",15.303148542131698,14.285714285714285,15.303148542131698,6.833333333333314,0,1,0,132.20882841944695,1.53031485421317e-05,410,1,0
166,4,3,0,1,1,15.207454136439733,"[0.0, 15.207454136439733]",15.207454136439733,14.285714285714285,15.207454136439733,7.98333333333331,0,1,0,130.28384825587273,1.5207454136439732e-05,479,1,0
166,5,4,0,1,1,15.186260768345425,"[0.0, 15.186260768345425]",15.186260768345425,14.285714285714285,15.186260768345425,6.6999999999999815,0,1,0,131.556300714612,1.5186260768345426e-05,402,1,0
166,6,5,0,1,1,15.163961138044085,"[0.0, 15.163961138044085]",15.163961138044085,14.285714285714285,15.163961138044085,8.11666666666665,0,1,0,136.29476400464773,1.5163961138044086e-05,487,1,0
166,7,6,0,1,1,15.147356305803573,"[0.0, 15.147356305803573]",15.147356305803573,14.285714285714285,15.147356305803573,7.533333333333312,0,1,0,134.3545653000474,1.5147356305803573e-05,452,1,0
166,8,7,0,1,1,15.128756931849887,"[0.0, 15.128756931849887]",15.128756931849887,14.285714285714285,15.128756931849887,6.783333333333315,0,1,0,130.43798330426216,1.5128756931849888e-05,407,1,0
166,9,62,0,0,1,13.140536717006137,"[0.0, 13.140536717006137]",13.140536717006137,11.428571428571429,13.140536717006137,8.18333333333332,0,1,0,128.2251943424344,1.3140536717006137e-05,491,1,0
166,10,41,0,0,1,11.596510750906807,"[0.0, 11.596510750906807]",11.596510750906807,11.428571428571429,11.596510750906807,5.916666666666651,0,1,0,101.92862704396248,1.1596510750906807e-05,355,1,0
166,11,49,0,0,1,11.584625244140625,"[0.0, 11.584625244140625]",11.584625244140625,11.428571428571429,11.584625244140625,6.983333333333314,0,1,0,106.08490253426135,1.1584625244140626e-05,419,1,0
166,12,18,0,0,1,11.352882385253906,"[0.0, 11.352882385253906]",11.352882385253906,8.571428571428571,11.352882385253906,5.799999999999985,0,1,0,100.45853245258331,1.1352882385253907e-05,348,1,0
166,13,22,0,0,1,11.33279800415039,"[0.0, 11.33279800415039]",11.33279800415039,8.571428571428571,11.33279800415039,5.28333333333332,0,1,0,98.80874468386173,1.133279800415039e-05,317,1,0
166,14,28,0,0,1,11.131185804094587,"[0.0, 11.131185804094587]",11.131185804094587,8.571428571428571,11.131185804094587,3.4999999999999925,0,1,0,95.43154253065586,1.1131185804094587e-05,210,1,0
166,15,30,0,0,1,10.482570103236608,"[0.0, 10.482570103236608]",10.482570103236608,8.571428571428571,10.482570103236608,5.583333333333319,0,1,0,97.13854764401913,1.0482570103236608e-05,335,1,0
166,16,32,0,0,1,10.447194235665458,"[0.0, 10.447194235665458]",10.447194235665458,8.571428571428571,10.447194235665458,5.549999999999986,0,1,0,94.87954050302505,1.0447194235665458e-05,333,1,0
166,17,16,0,0,1,10.362935747419085,"[0.0, 10.362935747419085]",10.362935747419085,8.571428571428571,10.362935747419085,3.383333333333326,0,1,0,89.95526491105556,1.0362935747419085e-05,203,1,0
166,18,60,0,0,1,10.302094050816127,"[0.0, 10.302094050816127]",10.302094050816127,8.571428571428571,10.302094050816127,5.516666666666652,0,1,0,96.38420842587948,1.0302094050816127e-05,331,1,0
166,19,23,0,0,1,10.282543727329799,"[0.0, 10.282543727329799]",10.282543727329799,8.571428571428571,10.282543727329799,3.3666666666666596,0,1,0,89.70607507228851,1.0282543727329798e-05,202,1,0
166,20,29,0,0,1,10.192715781075613,"[0.0, 10.192715781075613]",10.192715781075613,8.571428571428571,10.192715781075613,3.349999999999993,0,1,0,88.56044654548168,1.0192715781075612e-05,201,1,0
166,21,38,0,0,1,10.120350973946708,"[0.0, 10.120350973946708]",10.120350973946708,8.571428571428571,10.120350973946708,5.433333333333319,0,1,0,91.37309464812279,1.0120350973946708e-05,326,1,0
166,22,26,0,0,1,10.06406239100865,"[0.0, 10.06406239100865]",10.06406239100865,8.571428571428571,10.06406239100865,3.3166666666666598,0,1,0,87.59495942294598,1.0064062391008649e-05,199,1,0
166,23,55,0,0,1,9.864670889718193,"[0.0, 9.864670889718193]",9.864670889718193,8.571428571428571,9.864670889718193,3.6166666666666587,0,1,0,88.60350240767002,9.864670889718192e-06,217,1,0
166,24,33,0,0,1,9.822354997907366,"[0.0, 9.822354997907366]",9.822354997907366,8.571428571428571,9.822354997907366,3.2833333333333266,0,1,0,86.19894364476204,9.822354997907366e-06,197,1,0
166,25,11,0,0,1,9.81675284249442,"[0.0, 9.81675284249442]",9.81675284249442,8.571428571428571,9.81675284249442,3.299999999999993,0,1,0,86.8960252404213,9.81675284249442e-06,198,1,0
166,26,12,0,0,1,9.795706612723214,"[0.0, 9.795706612723214]",9.795706612723214,8.571428571428571,9.795706612723214,3.299999999999993,0,1,0,86.89559482038021,9.795706612723214e-06,198,1,0
166,27,20,0,0,1,9.785518646240234,"[0.0, 9.785518646240234]",9.785518646240234,8.571428571428571,9.785518646240234,5.3833333333333195,0,1,0,93.36740517616272,9.785518646240234e-06,323,1,0
166,28,8,0,0,1,9.717017582484653,"[0.0, 9.717017582484653]",9.717017582484653,8.571428571428571,9.717017582484653,3.299999999999993,0,1,0,86.89525197446346,9.717017582484653e-06,198,1,0
166,29,43,0,0,1,9.61966105869838,"[0.0, 9.61966105869838]",9.61966105869838,8.571428571428571,9.61966105869838,5.316666666666653,0,1,0,90.27989216148853,9.61966105869838e-06,319,1,0
166,30,34,0,0,1,9.399294172014509,"[0.0, 9.399294172014509]",9.399294172014509,8.571428571428571,9.399294172014509,3.21666666666666,0,1,0,83.43266996741295,9.39929417201451e-06,193,1,0
166,31,56,0,0,1,9.390577588762556,"[0.0, 9.390577588762556]",9.390577588762556,8.571428571428571,9.390577588762556,3.2333333333333267,0,1,0,84.12048947811127,9.390577588762556e-06,194,1,0
166,32,61,0,0,1,9.36748777117048,"[0.0, 9.36748777117048]",9.36748777117048,8.571428571428571,9.36748777117048,3.4499999999999926,0,1,0,85.69472482800484,9.367487771170478e-06,207,1,0
166,33,37,0,0,0,9.3435914175851,"[0.0, 9.3435914175851]",9.3435914175851,8.571428571428571,9.3435914175851,3.2499999999999933,0,1,0,84.81099377572536,9.3435914175851e-06,195,1,0
166,34,40,0,0,0,8.892337254115514,"[0.0, 8.892337254115514]",8.892337254115514,8.571428571428571,8.892337254115514,3.649999999999992,0,1,0,81.43680280447006,8.892337254115514e-06,219,1,0
166,35,44,0,0,0,8.852803366524832,"[0.0, 8.852803366524832]",8.852803366524832,8.571428571428571,8.852803366524832,3.5499999999999923,0,1,0,83.5166636556387,8.852803366524832e-06,213,1,0
166,36,14,0,0,0,8.818182264055524,"[0.0, 8.818182264055524]",8.818182264055524,8.571428571428571,8.818182264055524,5.13333333333332,0,1,0,83.66218739748001,8.818182264055524e-06,308,1,0
166,37,52,0,0,0,8.801261356898717,"[0.0, 8.801261356898717]",8.801261356898717,8.571428571428571,8.801261356898717,3.4999999999999925,0,1,0,84.44243729114532,8.801261356898716e-06,210,1,0
166,38,21,0,0,0,8.600319453648158,"[0.0, 8.600319453648158]",8.600319453648158,8.571428571428571,8.600319453648158,7.4666666666666455,0,1,0,63.059048003167845,8.600319453648158e-06,448,1,0
166,39,47,0,0,0,8.54301997593471,"[0.0, 8.54301997593471]",8.54301997593471,5.714285714285714,8.54301997593471,8.349999999999994,0,1,0,63.759643824159866,8.54301997593471e-06,501,1,0
166,40,45,0,0,0,8.481126512799944,"[0.0, 8.481126512799944]",8.481126512799944,5.714285714285714,8.481126512799944,7.4666666666666455,0,1,0,62.93756898814172,8.481126512799945e-06,448,1,0
166,41,19,0,0,0,8.48008564540318,"[0.0, 8.48008564540318]",8.48008564540318,5.714285714285714,8.48008564540318,3.183333333333327,0,1,0,80.685806915164,8.48008564540318e-06,191,1,0
166,42,17,0,0,0,8.377936226981026,"[0.0, 8.377936226981026]",8.377936226981026,5.714285714285714,8.377936226981026,3.1666666666666603,0,1,0,81.38188190758228,8.377936226981027e-06,190,1,0
166,43,36,0,0,0,8.306293487548828,"[0.0, 8.306293487548828]",8.306293487548828,5.714285714285714,8.306293487548828,3.1499999999999937,0,1,0,80.70281013846397,8.306293487548828e-06,189,1,0
166,44,46,0,0,0,8.306086403982981,"[0.0, 8.306086403982981]",8.306086403982981,5.714285714285714,8.306086403982981,7.316666666666646,0,1,0,57.64352323462663,8.30608640398298e-06,439,1,0
166,45,53,0,0,0,8.292380741664342,"[0.0, 8.292380741664342]",8.292380741664342,5.714285714285714,8.292380741664342,3.1499999999999937,0,1,0,80.70272412896156,8.292380741664341e-06,189,1,0
166,46,39,0,0,0,7.981638227190291,"[0.0, 7.981638227190291]",7.981638227190291,5.714285714285714,7.981638227190291,4.133333333333324,0,1,0,80.53131142258644,7.98163822719029e-06,248,1,0
166,47,59,0,0,0,7.800941467285156,"[0.0, 7.800941467285156]",7.800941467285156,5.714285714285714,7.800941467285156,3.0666666666666607,0,1,0,76.53375765681267,7.800941467285157e-06,184,1,0
166,48,13,0,0,0,7.142857142857142,"[0.0, 7.142857142857142]",7.142857142857142,5.714285714285714,7.142857142857142,2.8999999999999946,0,1,0,70.79167671501637,7.142857142857143e-06,174,1,0
166,49,27,0,0,0,6.455655779157365,"[0.0, 6.455655779157365]",6.455655779157365,5.714285714285714,6.455655779157365,7.433333333333312,0,1,0,58.87418925995007,6.455655779157366e-06,446,1,0
166,50,15,0,0,0,6.1954225812639505,"[0.0, 6.1954225812639505]",6.1954225812639505,5.714285714285714,6.1954225812639505,7.316666666666646,0,1,0,57.63321388557961,6.19542258126395e-06,439,1,0
166,51,57,0,0,0,5.85723876953125,"[0.0, 5.85723876953125]",5.85723876953125,5.714285714285714,5.85723876953125,3.9333333333333242,0,1,0,53.84551350772381,5.85723876953125e-06,236,1,0
166,52,51,0,0,0,5.7620729718889505,"[0.0, 5.7620729718889505]",5.7620729718889505,5.714285714285714,5.7620729718889505,4.683333333333322,0,1,0,53.738813403993845,5.762072971888951e-06,281,1,0
166,53,31,0,0,0,5.737811497279576,"[0.0, 5.737811497279576]",5.737811497279576,5.714285714285714,5.737811497279576,3.733333333333325,0,1,0,51.863171599805355,5.737811497279577e-06,224,1,0
166,54,63,0,0,0,5.573855808803013,"[0.0, 5.573855808803013]",5.573855808803013,2.857142857142857,5.573855808803013,3.433333333333326,0,1,0,49.58132949471474,5.573855808803013e-06,206,1,0
166,55,54,0,0,0,5.568967546735491,"[0.0, 5.568967546735491]",5.568967546735491,2.857142857142857,5.568967546735491,2.7666666666666617,0,1,0,49.27750051021576,5.568967546735492e-06,166,1,0
166,56,24,0,0,0,5.461136954171317,"[0.0, 5.461136954171317]",5.461136954171317,2.857142857142857,5.461136954171317,6.249999999999983,0,1,0,46.7507481262146,5.461136954171317e-06,375,1,0
166,57,58,0,0,0,5.1314817156110495,"[0.0, 5.1314817156110495]",5.1314817156110495,2.857142857142857,5.1314817156110495,2.1499999999999972,0,1,0,43.93125778436661,5.131481715611049e-06,129,1,0
166,58,10,0,0,0,4.957596915108817,"[0.0, 4.957596915108817]",4.957596915108817,2.857142857142857,4.957596915108817,2.083333333333331,0,1,0,41.94150169193745,4.957596915108817e-06,125,1,0
166,59,35,0,0,0,4.941929408482143,"[0.0, 4.941929408482143]",4.941929408482143,2.857142857142857,4.941929408482143,2.6833333333333287,0,1,0,42.083938613533974,4.941929408482143e-06,161,1,0
166,60,42,0,0,0,4.336912972586496,"[0.0, 4.336912972586496]",4.336912972586496,2.857142857142857,4.336912972586496,1.8499999999999983,0,1,0,35.17813774943352,4.336912972586496e-06,111,1,0
166,61,48,0,0,0,4.308983939034598,"[0.0, 4.308983939034598]",4.308983939034598,2.857142857142857,4.308983939034598,5.999999999999984,0,1,0,32.81302141657943,4.308983939034598e-06,360,1,0
166,62,25,0,0,0,4.10440172467913,"[0.0, 4.10440172467913]",4.10440172467913,2.857142857142857,4.10440172467913,1.9666666666666646,0,1,0,32.444950610399246,4.104401724679131e-06,118,1,0
166,63,50,0,0,0,3.8554872785295755,"[0.0, 3.8554872785295755]",3.8554872785295755,2.857142857142857,3.8554872785295755,5.616666666666652,0,1,0,27.546783803772996,3.8554872785295756e-06,337,1,0
166,64,9,0,0,0,1.4887292044503349,"[0.0, 1.4887292044503349]",1.4887292044503349,0.0,1.4887292044503349,5.933333333333318,0,1,0,23.309014256868977,1.488729204450335e-06,356,1,0
167,1,0,0,1,1,15.35921369280134,"[0.0, 15.35921369280134]",15.35921369280134,14.285714285714285,15.35921369280134,6.866666666666648,0,1,0,131.8931434303522,1.5359213692801342e-05,412,1,0
167,2,1,0,1,1,15.310151236397878,"[0.0, 15.310151236397878]",15.310151236397878,14.285714285714285,15.310151236397878,6.833333333333314,0,1,0,132.4369699060917,1.5310151236397877e-05,410,1,0
167,3,2,0,1,1,15.303148542131698,"[0.0, 15.303148542131698]",15.303148542131698,14.285714285714285,15.303148542131698,6.833333333333314,0,1,0,132.20882841944695,1.53031485421317e-05,410,1,0
167,4,21,0,1,1,15.294859749930245,"[0.0, 15.294859749930245]",15.294859749930245,14.285714285714285,15.294859749930245,7.6333333333333115,0,1,0,132.13661579042673,1.5294859749930245e-05,458,1,0
167,5,3,0,1,1,15.207454136439733,"[0.0, 15.207454136439733]",15.207454136439733,14.285714285714285,15.207454136439733,7.98333333333331,0,1,0,130.28384825587273,1.5207454136439732e-05,479,1,0
167,6,4,0,1,1,15.186260768345425,"[0.0, 15.186260768345425]",15.186260768345425,14.285714285714285,15.186260768345425,6.6999999999999815,0,1,0,131.556300714612,1.5186260768345426e-05,402,1,0
167,7,5,0,1,1,15.163961138044085,"[0.0, 15.163961138044085]",15.163961138044085,14.285714285714285,15.163961138044085,8.11666666666665,0,1,0,136.29476400464773,1.5163961138044086e-05,487,1,0
167,8,6,0,1,1,15.147356305803573,"[0.0, 15.147356305803573]",15.147356305803573,14.285714285714285,15.147356305803573,7.533333333333312,0,1,0,134.3545653000474,1.5147356305803573e-05,452,1,0
167,9,7,0,0,1,15.128756931849887,"[0.0, 15.128756931849887]",15.128756931849887,14.285714285714285,15.128756931849887,6.783333333333315,0,1,0,130.43798330426216,1.5128756931849888e-05,407,1,0
167,10,62,0,0,1,15.06157466343471,"[0.0, 15.06157466343471]",15.06157466343471,14.285714285714285,15.06157466343471,6.749999999999981,0,1,0,130.25169160962105,1.5061574663434711e-05,405,1,0
167,11,13,0,0,1,14.994773864746094,"[0.0, 14.994773864746094]",14.994773864746094,14.285714285714285,14.994773864746094,9.216666666666704,0,1,0,137.76717233391537,1.4994773864746094e-05,553,1,0
167,12,56,0,0,1,14.601500374930247,"[0.0, 14.601500374930247]",14.601500374930247,14.285714285714285,14.601500374930247,7.133333333333313,0,1,0,128.74038191884756,1.4601500374930246e-05,428,1,0
167,13,60,0,0,1,14.571004595075335,"[0.0, 14.571004595075335]",14.571004595075335,14.285714285714285,14.571004595075335,6.483333333333316,0,1,0,130.55278399586678,1.4571004595075336e-05,389,1,0
167,14,22,0,0,1,14.01299612862723,"[0.0, 14.01299612862723]",14.01299612862723,11.428571428571429,14.01299612862723,6.21666666666665,0,1,0,124.31053701043129,1.401299612862723e-05,373,1,0
167,15,9,0,0,1,14.004832676478795,"[0.0, 14.004832676478795]",14.004832676478795,11.428571428571429,14.004832676478795,5.7666666666666515,0,1,0,128.52498120069504,1.4004832676478795e-05,346,1,0
167,16,54,0,0,1,13.500055585588727,"[0.0, 13.500055585588727]",13.500055585588727,11.428571428571429,13.500055585588727,7.283333333333313,0,1,0,121.32770310342312,1.3500055585588727e-05,437,1,0
167,17,51,0,0,1,10.938497270856583,"[0.0, 10.938497270856583]",10.938497270856583,8.571428571428571,10.938497270856583,5.633333333333319,0,1,0,97.97112245857716,1.0938497270856583e-05,338,1,0
167,18,45,0,0,1,10.937579018729075,"[0.0, 10.937579018729075]",10.937579018729075,8.571428571428571,10.937579018729075,5.699999999999985,0,1,0,101.97990401089191,1.0937579018729075e-05,342,1,0
167,19,44,0,0,1,10.453572954450335,"[0.0, 10.453572954450335]",10.453572954450335,8.571428571428571,10.453572954450335,5.533333333333319,0,1,0,93.26666632294655,1.0453572954450334e-05,332,1,0
167,20,36,0,0,1,10.281818934849332,"[0.0, 10.281818934849332]",10.281818934849332,8.571428571428571,10.281818934849332,3.483333333333326,0,1,0,90.54693873226643,1.0281818934849332e-05,209,1,0
167,21,48,0,0,1,9.902676173618861,"[0.0, 9.902676173618861]",9.902676173618861,8.571428571428571,9.902676173618861,3.599999999999992,0,1,0,87.60737113654613,9.90267617361886e-06,216,1,0
167,22,24,0,0,1,9.872856140136719,"[0.0, 9.872856140136719]",9.872856140136719,8.571428571428571,9.872856140136719,4.499999999999989,0,1,0,88.31924843788147,9.872856140136718e-06,270,1,0
167,23,58,0,0,1,9.849066053118024,"[0.0, 9.849066053118024]",9.849066053118024,8.571428571428571,9.849066053118024,3.3166666666666598,0,1,0,87.59514829516411,9.849066053118025e-06,199,1,0
167,24,14,0,0,1,9.670053209577288,"[0.0, 9.670053209577288]",9.670053209577288,8.571428571428571,9.670053209577288,3.3666666666666596,0,1,0,86.6424381583929,9.670053209577288e-06,202,1,0
167,25,49,0,0,1,9.558440617152623,"[0.0, 9.558440617152623]",9.558440617152623,8.571428571428571,9.558440617152623,3.2833333333333266,0,1,0,86.19863338768482,9.558440617152623e-06,197,1,0
167,26,50,0,0,1,9.445645468575615,"[0.0, 9.445645468575615]",9.445645468575615,8.571428571428571,9.445645468575615,3.2333333333333267,0,1,0,84.12068761885166,9.445645468575614e-06,194,1,0
167,27,19,0,0,1,9.401133401053292,"[0.0, 9.401133401053292]",9.401133401053292,8.571428571428571,9.401133401053292,3.2499999999999933,0,1,0,84.81129771471024,9.401133401053291e-06,195,1,0
167,28,26,0,0,1,9.156785692487444,"[0.0, 9.156785692487444]",9.156785692487444,8.571428571428571,9.156785692487444,3.599999999999992,0,1,0,84.62264014780521,9.156785692487445e-06,216,1,0
167,29,32,0,0,1,9.10881587437221,"[0.0, 9.10881587437221]",9.10881587437221,8.571428571428571,9.10881587437221,3.5499999999999923,0,1,0,84.34691713750362,9.10881587437221e-06,213,1,0
167,30,41,0,0,1,8.95974840436663,"[0.0, 8.95974840436663]",8.95974840436663,8.571428571428571,8.95974840436663,3.21666666666666,0,1,0,83.43254321813583,8.95974840436663e-06,193,1,0
167,31,16,0,0,1,8.584196908133372,"[0.0, 8.584196908133372]",8.584196908133372,8.571428571428571,8.584196908133372,3.1666666666666603,0,1,0,81.38185930252075,8.584196908133371e-06,190,1,0
167,32,61,0,0,1,8.562346867152623,"[0.0, 8.562346867152623]",8.562346867152623,5.714285714285714,8.562346867152623,3.183333333333327,0,1,0,82.06296454370022,8.562346867152623e-06,191,1,0
167,33,23,0,0,0,8.322358812604632,"[0.0, 8.322358812604632]",8.322358812604632,5.714285714285714,8.322358812604632,7.316666666666646,0,1,0,57.63285232767521,8.322358812604633e-06,439,1,0
167,34,38,0,0,0,8.206441061837333,"[0.0, 8.206441061837333]",8.206441061837333,5.714285714285714,8.206441061837333,3.6166666666666587,0,1,0,80.92563340067863,8.206441061837334e-06,217,1,0
167,35,27,0,0,0,8.143048967633929,"[0.0, 8.143048967633929]",8.143048967633929,5.714285714285714,8.143048967633929,7.449999999999979,0,1,0,58.382971522500156,8.143048967633928e-06,447,1,0
167,36,10,0,0,0,7.804388318743024,"[0.0, 7.804388318743024]",7.804388318743024,5.714285714285714,7.804388318743024,4.466666666666656,0,1,0,79.59736256301403,7.804388318743024e-06,268,1,0
167,37,34,0,0,0,7.621465410505023,"[0.0, 7.621465410505023]",7.621465410505023,5.714285714285714,7.621465410505023,3.0333333333333274,0,1,0,76.01307229697704,7.6214654105050225e-06,182,1,0
167,38,11,0,0,0,7.401215689522879,"[0.0, 7.401215689522879]",7.401215689522879,5.714285714285714,7.401215689522879,3.016666666666661,0,1,0,75.3519699126482,7.401215689522879e-06,181,1,0
167,39,55,0,0,0,7.362986973353795,"[0.0, 7.362986973353795]",7.362986973353795,5.714285714285714,7.362986973353795,2.9999999999999942,0,1,0,74.69360141456127,7.362986973353795e-06,180,1,0
167,40,39,0,0,0,6.406026567731585,"[0.0, 6.406026567731585]",6.406026567731585,5.714285714285714,6.406026567731585,9.383333333333379,0,1,0,60.22343974442629,6.406026567731585e-06,563,1,0
167,41,42,0,0,0,5.992540631975447,"[0.0, 5.992540631975447]",5.992540631975447,5.714285714285714,5.992540631975447,7.19999999999998,0,1,0,56.256339895538986,5.992540631975447e-06,432,1,0
167,42,57,0,0,0,5.986567905970982,"[0.0, 5.986567905970982]",5.986567905970982,5.714285714285714,5.986567905970982,4.583333333333322,0,1,0,56.10357008501887,5.986567905970982e-06,275,1,0
167,43,15,0,0,0,5.905788966587611,"[0.0, 5.905788966587611]",5.905788966587611,5.714285714285714,5.905788966587611,4.166666666666657,0,1,0,54.45895567536354,5.905788966587611e-06,250,1,0
167,44,12,0,0,0,5.895603724888393,"[0.0, 5.895603724888393]",5.895603724888393,5.714285714285714,5.895603724888393,4.166666666666657,0,1,0,54.47281934320927,5.895603724888393e-06,250,1,0
167,45,20,0,0,0,5.893543788364956,"[0.0, 5.893543788364956]",5.893543788364956,5.714285714285714,5.893543788364956,4.216666666666657,0,1,0,54.63078261911869,5.893543788364956e-06,253,1,0
167,46,35,0,0,0,5.850993565150669,"[0.0, 5.850993565150669]",5.850993565150669,5.714285714285714,5.850993565150669,7.416666666666646,0,1,0,51.208491046323616,5.850993565150669e-06,445,1,0
167,47,25,0,0,0,5.839832850864955,"[0.0, 5.839832850864955]",5.839832850864955,5.714285714285714,5.839832850864955,4.166666666666657,0,1,0,53.709889858961105,5.839832850864955e-06,250,1,0
167,48,52,0,0,0,5.733004978724889,"[0.0, 5.733004978724889]",5.733004978724889,5.714285714285714,5.733004978724889,3.733333333333325,0,1,0,51.84884266555309,5.733004978724889e-06,224,1,0
167,49,37,0,0,0,5.681065150669643,"[0.0, 5.681065150669643]",5.681065150669643,2.857142857142857,5.681065150669643,2.33333333333333,0,1,0,50.16783422231674,5.681065150669644e-06,140,1,0
167,50,8,0,0,0,5.39215087890625,"[0.0, 5.39215087890625]",5.39215087890625,2.857142857142857,5.39215087890625,3.183333333333327,0,1,0,47.386104464530945,5.39215087890625e-06,191,1,0
167,51,30,0,0,0,5.385447910853794,"[0.0, 5.385447910853794]",5.385447910853794,2.857142857142857,5.385447910853794,3.1499999999999937,0,1,0,47.07071988284588,5.3854479108537945e-06,189,1,0
167,52,63,0,0,0,5.374559674944197,"[0.0, 5.374559674944197]",5.374559674944197,2.857142857142857,5.374559674944197,6.21666666666665,0,1,0,45.89707618644752,5.374559674944197e-06,373,1,0
167,53,29,0,0,0,5.3568267822265625,"[0.0, 5.3568267822265625]",5.3568267822265625,2.857142857142857,5.3568267822265625,3.1499999999999937,0,1,0,47.07059493660927,5.356826782226563e-06,189,1,0
167,54,33,0,0,0,4.9896730695452005,"[0.0, 4.9896730695452005]",4.9896730695452005,2.857142857142857,4.9896730695452005,2.1833333333333305,0,1,0,42.407712891697884,4.989673069545201e-06,131,1,0
167,55,31,0,0,0,4.933003016880581,"[0.0, 4.933003016880581]",4.933003016880581,2.857142857142857,4.933003016880581,2.066666666666664,0,1,0,41.68923255801201,4.9330030168805805e-06,124,1,0
167,56,28,0,0,0,4.911215645926339,"[0.0, 4.911215645926339]",4.911215645926339,2.857142857142857,4.911215645926339,2.6499999999999955,0,1,0,41.685244873166084,4.911215645926339e-06,159,1,0
167,57,18,0,0,0,4.777766636439732,"[0.0, 4.777766636439732]",4.777766636439732,2.857142857142857,4.777766636439732,2.0166666666666644,0,1,0,39.99674588441849,4.777766636439732e-06,121,1,0
167,58,17,0,0,0,4.447637285505023,"[0.0, 4.447637285505023]",4.447637285505023,2.857142857142857,4.447637285505023,6.399999999999983,0,1,0,35.2776522156928,4.447637285505022e-06,384,1,0
167,59,40,0,0,0,2.8373554774693077,"[0.0, 2.8373554774693077]",2.8373554774693077,0.0,2.8373554774693077,5.066666666666654,0,1,0,41.12163243093528,2.837355477469308e-06,304,1,0
167,60,43,0,0,0,2.7660860334123885,"[0.0, 2.7660860334123885]",2.7660860334123885,0.0,2.7660860334123885,5.016666666666654,0,1,0,15.718736027920386,2.7660860334123883e-06,301,1,0
167,61,53,0,0,0,2.1575600760323663,"[0.0, 2.1575600760323663]",2.1575600760323663,0.0,2.1575600760323663,5.016666666666654,0,1,0,8.214709462074097,2.1575600760323663e-06,301,1,0
167,62,59,0,0,0,2.118328639439174,"[0.0, 2.118328639439174]",2.118328639439174,0.0,2.118328639439174,5.016666666666654,0,1,0,7.785442395703285,2.1183286394391742e-06,301,1,0
167,63,47,0,0,0,2.1100888933454245,"[0.0, 2.1100888933454245]",2.1100888933454245,0.0,2.1100888933454245,5.016666666666654,0,1,0,7.705979860162188,2.1100888933454245e-06,301,1,0
167,64,46,0,0,0,2.108001708984375,"[0.0, 2.108001708984375]",2.108001708984375,0.0,2.108001708984375,5.016666666666654,0,1,0,7.706324939637852,2.108001708984375e-06,301,1,0
168,1,0,0,1,1,15.35921369280134,"[0.0, 15.35921369280134]",15.35921369280134,14.285714285714285,15.35921369280134,6.866666666666648,0,1,0,131.8931434303522,1.5359213692801342e-05,412,1,0
168,2,1,0,1,1,15.310151236397878,"[0.0, 15.310151236397878]",15.310151236397878,14.285714285714285,15.310151236397878,6.833333333333314,0,1,0,132.4369699060917,1.5310151236397877e-05,410,1,0
168,3,2,0,1,1,15.303148542131698,"[0.0, 15.303148542131698]",15.303148542131698,14.285714285714285,15.303148542131698,6.833333333333314,0,1,0,132.20882841944695,1.53031485421317e-05,410,1,0
168,4,3,0,1,1,15.294859749930245,"[0.0, 15.294859749930245]",15.294859749930245,14.285714285714285,15.294859749930245,7.6333333333333115,0,1,0,132.13661579042673,1.5294859749930245e-05,458,1,0
168,5,4,0,1,1,15.207454136439733,"[0.0, 15.207454136439733]",15.207454136439733,14.285714285714285,15.207454136439733,7.98333333333331,0,1,0,130.28384825587273,1.5207454136439732e-05,479,1,0
168,6,5,0,1,1,15.186260768345425,"[0.0, 15.186260768345425]",15.186260768345425,14.285714285714285,15.186260768345425,6.6999999999999815,0,1,0,131.556300714612,1.5186260768345426e-05,402,1,0
168,7,6,0,1,1,15.163961138044085,"[0.0, 15.163961138044085]",15.163961138044085,14.285714285714285,15.163961138044085,8.11666666666665,0,1,0,136.29476400464773,1.5163961138044086e-05,487,1,0
168,8,7,0,1,1,15.147356305803573,"[0.0, 15.147356305803573]",15.147356305803573,14.285714285714285,15.147356305803573,7.533333333333312,0,1,0,134.3545653000474,1.5147356305803573e-05,452,1,0
168,9,53,0,0,1,14.737815856933596,"[0.0, 14.737815856933596]",14.737815856933596,14.285714285714285,14.737815856933596,6.683333333333315,0,1,0,127.48357397317886,1.4737815856933596e-05,401,1,0
168,10,29,0,0,1,14.645521981375559,"[0.0, 14.645521981375559]",14.645521981375559,14.285714285714285,14.645521981375559,8.65000000000001,0,1,0,133.61086073890328,1.4645521981375559e-05,519,1,0
168,11,54,0,0,1,14.421261378696986,"[0.0, 14.421261378696986]",14.421261378696986,14.285714285714285,14.421261378696986,6.566666666666649,0,1,0,131.01409861445427,1.4421261378696986e-05,394,1,0
168,12,60,0,0,1,14.043818882533483,"[0.0, 14.043818882533483]",14.043818882533483,11.428571428571429,14.043818882533483,7.449999999999979,0,1,0,126.35299618542194,1.4043818882533482e-05,447,1,0
168,13,17,0,0,1,13.841618129185267,"[0.0, 13.841618129185267]",13.841618129185267,11.428571428571429,13.841618129185267,6.5333333333333155,0,1,0,126.6671679019928,1.3841618129185268e-05,392,1,0
168,14,13,0,0,1,13.297783987862724,"[0.0, 13.297783987862724]",13.297783987862724,11.428571428571429,13.297783987862724,8.566666666666672,0,1,0,121.45629594475031,1.3297783987862724e-05,514,1,0
168,15,59,0,0,1,11.339985983712332,"[0.0, 11.339985983712332]",11.339985983712332,8.571428571428571,11.339985983712332,6.383333333333316,0,1,0,100.79125268757343,1.1339985983712332e-05,383,1,0
168,16,10,0,0,1,11.06358391898019,"[0.0, 11.06358391898019]",11.06358391898019,8.571428571428571,11.06358391898019,5.716666666666652,0,1,0,99.96341040730476,1.1063583918980189e-05,343,1,0
168,17,31,0,0,1,11.015654972621373,"[0.0, 11.015654972621373]",11.015654972621373,8.571428571428571,11.015654972621373,5.699999999999985,0,1,0,96.45112679898739,1.1015654972621373e-05,342,1,0
168,18,44,0,0,1,10.943208421979632,"[0.0, 10.943208421979632]",10.943208421979632,8.571428571428571,10.943208421979632,5.749999999999985,0,1,0,99.22557477653027,1.0943208421979631e-05,345,1,0
168,19,33,0,0,1,10.899936131068639,"[0.0, 10.899936131068639]",10.899936131068639,8.571428571428571,10.899936131068639,5.666666666666652,0,1,0,100.2671686410904,1.0899936131068639e-05,340,1,0
168,20,61,0,0,1,10.795443398611885,"[0.0, 10.795443398611885]",10.795443398611885,8.571428571428571,10.795443398611885,6.833333333333314,0,1,0,101.85385202616453,1.0795443398611885e-05,410,1,0
168,21,9,0,0,1,10.757833208356585,"[0.0, 10.757833208356585]",10.757833208356585,8.571428571428571,10.757833208356585,5.616666666666652,0,1,0,94.85422675311565,1.0757833208356586e-05,337,1,0
168,22,57,0,0,1,10.747762407575333,"[0.0, 10.747762407575333]",10.747762407575333,8.571428571428571,10.747762407575333,5.599999999999985,0,1,0,97.26022207736969,1.0747762407575334e-05,336,1,0
168,23,50,0,0,1,10.746263776506696,"[0.0, 10.746263776506696]",10.746263776506696,8.571428571428571,10.746263776506696,3.433333333333326,0,1,0,92.55161908268929,1.0746263776506697e-05,206,1,0
168,24,42,0,0,1,10.468019757952009,"[0.0, 10.468019757952009]",10.468019757952009,8.571428571428571,10.468019757952009,5.499999999999986,0,1,0,91.80905516445637,1.0468019757952009e-05,330,1,0
168,25,32,0,0,1,10.305957794189453,"[0.0, 10.305957794189453]",10.305957794189453,8.571428571428571,10.305957794189453,5.516666666666652,0,1,0,93.98558060824871,1.0305957794189453e-05,331,1,0
168,26,20,0,0,1,10.181732177734375,"[0.0, 10.181732177734375]",10.181732177734375,8.571428571428571,10.181732177734375,3.949999999999991,0,1,0,88.25692823529243,1.0181732177734375e-05,237,1,0
168,27,58,0,0,1,10.157980237688337,"[0.0, 10.157980237688337]",10.157980237688337,8.571428571428571,10.157980237688337,5.549999999999986,0,1,0,93.89980076253414,1.0157980237688336e-05,333,1,0
168,28,46,0,0,1,10.125819614955358,"[0.0, 10.125819614955358]",10.125819614955358,8.571428571428571,10.125819614955358,3.3666666666666596,0,1,0,87.91691505908966,1.0125819614955358e-05,202,1,0
168,29,8,0,0,1,10.059217725481307,"[0.0, 10.059217725481307]",10.059217725481307,8.571428571428571,10.059217725481307,3.3166666666666598,0,1,0,87.59483912587166,1.0059217725481307e-05,199,1,0
168,30,40,0,0,1,9.979425157819476,"[0.0, 9.979425157819476]",9.979425157819476,8.571428571428571,9.979425157819476,5.533333333333319,0,1,0,95.8377977013588,9.979425157819475e-06,332,1,0
168,31,52,0,0,1,9.873621804373604,"[0.0, 9.873621804373604]",9.873621804373604,8.571428571428571,9.873621804373604,3.299999999999993,0,1,0,86.84161633253098,9.873621804373604e-06,198,1,0
168,32,19,0,0,1,9.814913613455637,"[0.0, 9.814913613455637]",9.814913613455637,8.571428571428571,9.814913613455637,5.366666666666653,0,1,0,88.09890384972095,9.814913613455637e-06,322,1,0
168,33,48,0,0,0,9.677818843296595,"[0.0, 9.677818843296595]",9.677818843296595,8.571428571428571,9.677818843296595,8.883333333333354,0,1,0,79.0483339317143,9.677818843296595e-06,533,1,0
168,34,18,0,0,0,9.67780249459403,"[0.0, 9.67780249459403]",9.67780249459403,8.571428571428571,9.67780249459403,3.5333333333333257,0,1,0,86.67596744000912,9.67780249459403e-06,212,1,0
168,35,14,0,0,0,9.664598192487444,"[0.0, 9.664598192487444]",9.664598192487444,8.571428571428571,9.664598192487444,5.349999999999986,0,1,0,91.54928196966648,9.664598192487445e-06,321,1,0
168,36,55,0,0,0,9.577835627964564,"[0.0, 9.577835627964564]",9.577835627964564,8.571428571428571,9.577835627964564,3.26666666666666,0,1,0,85.50339908897877,9.577835627964564e-06,196,1,0
168,37,27,0,0,0,9.34352057320731,"[0.0, 9.34352057320731]",9.34352057320731,8.571428571428571,9.34352057320731,3.2333333333333267,0,1,0,84.12055610120296,9.34352057320731e-06,194,1,0
168,38,36,0,0,0,9.161251613071988,"[0.0, 9.161251613071988]",9.161251613071988,8.571428571428571,9.161251613071988,3.2333333333333267,0,1,0,84.12063379585743,9.161251613071987e-06,194,1,0
168,39,16,0,0,0,8.918906620570592,"[0.0, 8.918906620570592]",8.918906620570592,8.571428571428571,8.918906620570592,3.21666666666666,0,1,0,83.29733747243881,8.918906620570591e-06,193,1,0
168,40,63,0,0,0,8.78927230834961,"[0.0, 8.78927230834961]",8.78927230834961,8.571428571428571,8.78927230834961,3.1999999999999935,0,1,0,82.74648892879486,8.78927230834961e-06,192,1,0
168,41,43,0,0,0,8.655782427106583,"[0.0, 8.655782427106583]",8.655782427106583,8.571428571428571,8.655782427106583,3.133333333333327,0,1,0,80.02588279545307,8.655782427106584e-06,188,1,0
168,42,62,0,0,0,8.629485539027623,"[0.0, 8.629485539027623]",8.629485539027623,8.571428571428571,8.629485539027623,3.1666666666666603,0,1,0,81.3816909790039,8.629485539027624e-06,190,1,0
168,43,23,0,0,0,8.388254983084542,"[0.0, 8.388254983084542]",8.388254983084542,5.714285714285714,8.388254983084542,3.1666666666666603,0,1,0,81.38151007890701,8.388254983084541e-06,190,1,0
168,44,49,0,0,0,8.28925813947405,"[0.0, 8.28925813947405]",8.28925813947405,5.714285714285714,8.28925813947405,3.433333333333326,0,1,0,81.02318055927753,8.28925813947405e-06,206,1,0
168,45,38,0,0,0,8.089970179966517,"[0.0, 8.089970179966517]",8.089970179966517,5.714285714285714,8.089970179966517,3.1499999999999937,0,1,0,80.12701238691807,8.089970179966517e-06,189,1,0
168,46,11,0,0,0,8.076204572405134,"[0.0, 8.076204572405134]",8.076204572405134,5.714285714285714,8.076204572405134,3.133333333333327,0,1,0,80.02575401961803,8.076204572405133e-06,188,1,0
168,47,41,0,0,0,8.054305485316686,"[0.0, 8.054305485316686]",8.054305485316686,5.714285714285714,8.054305485316686,3.133333333333327,0,1,0,80.0261335670948,8.054305485316686e-06,188,1,0
168,48,28,0,0,0,7.310913630894252,"[0.0, 7.310913630894252]",7.310913630894252,5.714285714285714,7.310913630894252,6.866666666666648,0,1,0,75.43355216830969,7.310913630894252e-06,412,1,0
168,49,12,0,0,0,6.105984279087612,"[0.0, 6.105984279087612]",6.105984279087612,5.714285714285714,6.105984279087612,7.316666666666646,0,1,0,57.633326514289365,6.105984279087612e-06,439,1,0
168,50,26,0,0,0,6.004480634416852,"[0.0, 6.004480634416852]",6.004480634416852,5.714285714285714,6.004480634416852,6.016666666666651,0,1,0,56.57172746617289,6.0044806344168526e-06,361,1,0
168,51,39,0,0,0,5.919015066964286,"[0.0, 5.919015066964286]",5.919015066964286,5.714285714285714,5.919015066964286,2.416666666666663,0,1,0,53.14926615357399,5.919015066964286e-06,145,1,0
168,52,30,0,0,0,5.865445818219865,"[0.0, 5.865445818219865]",5.865445818219865,5.714285714285714,5.865445818219865,4.0666666666666575,0,1,0,54.028086334466934,5.865445818219866e-06,244,1,0
168,53,21,0,0,0,5.7319150652204245,"[0.0, 5.7319150652204245]",5.7319150652204245,5.714285714285714,5.7319150652204245,2.3499999999999965,0,1,0,50.75177329778671,5.731915065220424e-06,141,1,0
168,54,45,0,0,0,5.629953656877791,"[0.0, 5.629953656877791]",5.629953656877791,2.857142857142857,5.629953656877791,2.3166666666666633,0,1,0,49.60051031410694,5.629953656877791e-06,139,1,0
168,55,51,0,0,0,5.445551191057477,"[0.0, 5.445551191057477]",5.445551191057477,2.857142857142857,5.445551191057477,2.249999999999997,0,1,0,47.549624279141426,5.445551191057478e-06,135,1,0
168,56,25,0,0,0,5.21202632359096,"[0.0, 5.21202632359096]",5.21202632359096,2.857142857142857,5.21202632359096,2.166666666666664,0,1,0,44.84669288992882,5.21202632359096e-06,130,1,0
168,57,47,0,0,0,5.088789803641183,"[0.0, 5.088789803641183]",5.088789803641183,2.857142857142857,5.088789803641183,2.833333333333328,0,1,0,43.805376783013344,5.0887898036411835e-06,170,1,0
168,58,24,0,0,0,4.980436052594865,"[0.0, 4.980436052594865]",4.980436052594865,2.857142857142857,4.980436052594865,2.083333333333331,0,1,0,42.208960354328156,4.980436052594866e-06,125,1,0
168,59,35,0,0,0,4.882801600864956,"[0.0, 4.882801600864956]",4.882801600864956,2.857142857142857,4.882801600864956,2.0499999999999976,0,1,0,41.172724828124046,4.882801600864956e-06,123,1,0
168,60,15,0,0,0,4.821968078613281,"[0.0, 4.821968078613281]",4.821968078613281,2.857142857142857,4.821968078613281,2.5666666666666624,0,1,0,40.663978204131126,4.821968078613281e-06,154,1,0
168,61,34,0,0,0,4.281218392508371,"[0.0, 4.281218392508371]",4.281218392508371,2.857142857142857,4.281218392508371,2.0999999999999974,0,1,0,34.659837514162064,4.281218392508371e-06,126,1,0
168,62,22,0,0,0,4.018505641392299,"[0.0, 4.018505641392299]",4.018505641392299,2.857142857142857,4.018505641392299,4.516666666666656,0,1,0,31.952107310993597,4.018505641392298e-06,271,1,0
168,63,56,0,0,0,2.1218490600585938,"[0.0, 2.1218490600585938]",2.1218490600585938,0.0,2.1218490600585938,5.016666666666654,0,1,0,7.836664628353901,2.1218490600585938e-06,301,1,0
168,64,37,0,0,0,2.1118763514927457,"[0.0, 2.1118763514927457]",2.1118763514927457,0.0,2.1118763514927457,5.016666666666654,0,1,0,7.705643601133488,2.1118763514927457e-06,301,1,0
169,1,0,0,1,1,15.35921369280134,"[0.0, 15.35921369280134]",15.35921369280134,14.285714285714285,15.35921369280134,6.866666666666648,0,1,0,131.8931434303522,1.5359213692801342e-05,412,1,0
169,2,1,0,1,1,15.310151236397878,"[0.0, 15.310151236397878]",15.310151236397878,14.285714285714285,15.310151236397878,6.833333333333314,0,1,0,132.4369699060917,1.5310151236397877e-05,410,1,0
169,3,2,0,1,1,15.303148542131698,"[0.0, 15.303148542131698]",15.303148542131698,14.285714285714285,15.303148542131698,6.833333333333314,0,1,0,132.20882841944695,1.53031485421317e-05,410,1,0
169,4,3,0,1,1,15.294859749930245,"[0.0, 15.294859749930245]",15.294859749930245,14.285714285714285,15.294859749930245,7.6333333333333115,0,1,0,132.13661579042673,1.5294859749930245e-05,458,1,0
169,5,44,0,1,1,15.222484043666295,"[0.0, 15.222484043666295]",15.222484043666295,14.285714285714285,15.222484043666295,6.766666666666648,0,1,0,132.11374954879284,1.5222484043666295e-05,406,1,0
169,6,4,0,1,1,15.207454136439733,"[0.0, 15.207454136439733]",15.207454136439733,14.285714285714285,15.207454136439733,7.98333333333331,0,1,0,130.28384825587273,1.5207454136439732e-05,479,1,0
169,7,5,0,1,1,15.186260768345425,"[0.0, 15.186260768345425]",15.186260768345425,14.285714285714285,15.186260768345425,6.6999999999999815,0,1,0,131.556300714612,1.5186260768345426e-05,402,1,0
169,8,6,0,1,1,15.163961138044085,"[0.0, 15.163961138044085]",15.163961138044085,14.285714285714285,15.163961138044085,8.11666666666665,0,1,0,136.29476400464773,1.5163961138044086e-05,487,1,0
169,9,7,0,0,1,15.147356305803573,"[0.0, 15.147356305803573]",15.147356305803573,14.285714285714285,15.147356305803573,7.533333333333312,0,1,0,134.3545653000474,1.5147356305803573e-05,452,1,0
169,10,41,0,0,1,14.831532069614955,"[0.0, 14.831532069614955]",14.831532069614955,14.285714285714285,14.831532069614955,8.65000000000001,0,1,0,132.80342284590006,1.4831532069614956e-05,519,1,0
169,11,59,0,0,1,14.776589529854911,"[0.0, 14.776589529854911]",14.776589529854911,14.285714285714285,14.776589529854911,6.466666666666649,0,1,0,128.01741941273212,1.4776589529854911e-05,388,1,0
169,12,12,0,0,1,14.64942387172154,"[0.0, 14.64942387172154]",14.64942387172154,14.285714285714285,14.64942387172154,6.666666666666648,0,1,0,134.3049855530262,1.464942387172154e-05,400,1,0
169,13,19,0,0,1,14.043377467564175,"[0.0, 14.043377467564175]",14.043377467564175,11.428571428571429,14.043377467564175,7.24999999999998,0,1,0,125.06067244708538,1.4043377467564175e-05,435,1,0
169,14,14,0,0,1,12.857142857142856,"[0.0, 12.857142857142856]",12.857142857142856,11.428571428571429,12.857142857142856,8.78333333333335,0,1,0,116.23738757344836,1.2857142857142856e-05,527,1,0
169,15,42,0,0,1,12.335600171770368,"[0.0, 12.335600171770368]",12.335600171770368,11.428571428571429,12.335600171770368,11.416666666666814,0,1,0,130.35356296003738,1.2335600171770368e-05,685,1,0
169,16,51,0,0,1,11.250547681535995,"[0.0, 11.250547681535995]",11.250547681535995,8.571428571428571,11.250547681535995,5.833333333333318,0,1,0,97.43553754687309,1.1250547681535995e-05,350,1,0
169,17,45,0,0,1,11.162602560860769,"[0.0, 11.162602560860769]",11.162602560860769,8.571428571428571,11.162602560860769,5.3833333333333195,0,1,0,99.93507295846939,1.116260256086077e-05,323,1,0
169,18,17,0,0,1,10.953944069998604,"[0.0, 10.953944069998604]",10.953944069998604,8.571428571428571,10.953944069998604,5.733333333333318,0,1,0,99.81432990729809,1.0953944069998604e-05,344,1,0
169,19,9,0,0,1,10.842843736921036,"[0.0, 10.842843736921036]",10.842843736921036,8.571428571428571,10.842843736921036,5.716666666666652,0,1,0,96.43737699091434,1.0842843736921036e-05,343,1,0
169,20,16,0,0,1,10.807484218052457,"[0.0, 10.807484218052457]",10.807484218052457,8.571428571428571,10.807484218052457,6.716666666666648,0,1,0,97.69641271233559,1.0807484218052456e-05,403,1,0
169,21,56,0,0,1,10.553711482456754,"[0.0, 10.553711482456754]",10.553711482456754,8.571428571428571,10.553711482456754,5.566666666666652,0,1,0,95.78092147409916,1.0553711482456753e-05,334,1,0
169,22,35,0,0,1,10.531409127371653,"[0.0, 10.531409127371653]",10.531409127371653,8.571428571428571,10.531409127371653,5.716666666666652,0,1,0,94.28483891487122,1.0531409127371653e-05,343,1,0
169,23,28,0,0,1,10.36557606288365,"[0.0, 10.36557606288365]",10.36557606288365,8.571428571428571,10.36557606288365,5.599999999999985,0,1,0,98.03064008057117,1.0365576062883649e-05,336,1,0
169,24,24,0,0,1,10.097383771623884,"[0.0, 10.097383771623884]",10.097383771623884,8.571428571428571,10.097383771623884,5.466666666666653,0,1,0,92.39533321559429,1.0097383771623884e-05,328,1,0
169,25,21,0,0,1,9.983749389648438,"[0.0, 9.983749389648438]",9.983749389648438,8.571428571428571,9.983749389648438,5.449999999999986,0,1,0,91.68781651556492,9.983749389648437e-06,327,1,0
169,26,32,0,0,1,9.90055901663644,"[0.0, 9.90055901663644]",9.90055901663644,8.571428571428571,9.90055901663644,3.299999999999993,0,1,0,86.8954921066761,9.90055901663644e-06,198,1,0
169,27,40,0,0,1,9.755453382219587,"[0.0, 9.755453382219587]",9.755453382219587,8.571428571428571,9.755453382219587,5.316666666666653,0,1,0,92.28733742237091,9.755453382219587e-06,319,1,0
169,28,11,0,0,1,9.702777862548828,"[0.0, 9.702777862548828]",9.702777862548828,8.571428571428571,9.702777862548828,5.3833333333333195,0,1,0,92.08474031090736,9.702777862548827e-06,323,1,0
169,29,48,0,0,1,9.69299588884626,"[0.0, 9.69299588884626]",9.69299588884626,8.571428571428571,9.69299588884626,3.2833333333333266,0,1,0,86.19836689531803,9.692995888846261e-06,197,1,0
169,30,29,0,0,1,9.679551805768693,"[0.0, 9.679551805768693]",9.679551805768693,8.571428571428571,9.679551805768693,3.2833333333333266,0,1,0,86.19884450733662,9.679551805768693e-06,197,1,0
169,31,18,0,0,1,9.045442853655134,"[0.0, 9.045442853655134]",9.045442853655134,8.571428571428571,9.045442853655134,3.1999999999999935,0,1,0,82.74670524895191,9.045442853655134e-06,192,1,0
169,32,22,0,0,1,8.786389487130302,"[0.0, 8.786389487130302]",8.786389487130302,8.571428571428571,8.786389487130302,7.416666666666646,0,1,0,66.48127353505697,8.786389487130302e-06,445,1,0
169,33,25,0,0,0,8.75166756766183,"[0.0, 8.75166756766183]",8.75166756766183,8.571428571428571,8.75166756766183,3.21666666666666,0,1,0,83.43279577791691,8.75166756766183e-06,193,1,0
169,34,58,0,0,0,8.321317945207868,"[0.0, 8.321317945207868]",8.321317945207868,5.714285714285714,8.321317945207868,7.383333333333312,0,1,0,57.98732088980614,8.321317945207868e-06,443,1,0
169,35,27,0,0,0,8.288625989641464,"[0.0, 8.288625989641464]",8.288625989641464,5.714285714285714,8.288625989641464,7.316666666666646,0,1,0,57.68806416436564,8.288625989641463e-06,439,1,0
169,36,50,0,0,0,8.148054395403182,"[0.0, 8.148054395403182]",8.148054395403182,5.714285714285714,8.148054395403182,7.449999999999979,0,1,0,58.682648927671835,8.148054395403182e-06,447,1,0
169,37,53,0,0,0,7.988741738455636,"[0.0, 7.988741738455636]",7.988741738455636,5.714285714285714,7.988741738455636,3.4166666666666594,0,1,0,79.96675159037113,7.988741738455637e-06,205,1,0
169,38,23,0,0,0,7.571179526192802,"[0.0, 7.571179526192802]",7.571179526192802,5.714285714285714,7.571179526192802,3.049999999999994,0,1,0,76.6757737249136,7.571179526192802e-06,183,1,0
169,39,37,0,0,0,6.515230451311384,"[0.0, 6.515230451311384]",6.515230451311384,5.714285714285714,6.515230451311384,7.433333333333312,0,1,0,58.79279406779824,6.515230451311384e-06,446,1,0
169,40,63,0,0,0,6.367274693080358,"[0.0, 6.367274693080358]",6.367274693080358,5.714285714285714,6.367274693080358,7.366666666666646,0,1,0,58.58184643727873,6.367274693080358e-06,442,1,0
169,41,61,0,0,0,6.3372802734375,"[0.0, 6.3372802734375]",6.3372802734375,5.714285714285714,6.3372802734375,7.366666666666646,0,1,0,58.581523384964385,6.3372802734375e-06,442,1,0
169,42,57,0,0,0,6.184479849679129,"[0.0, 6.184479849679129]",6.184479849679129,5.714285714285714,6.184479849679129,7.316666666666646,0,1,0,57.63306561151694,6.18447984967913e-06,439,1,0
169,43,31,0,0,0,6.1637115478515625,"[0.0, 6.1637115478515625]",6.1637115478515625,5.714285714285714,6.1637115478515625,7.383333333333312,0,1,0,58.08855467828107,6.1637115478515625e-06,443,1,0
169,44,26,0,0,0,6.126387459891183,"[0.0, 6.126387459891183]",6.126387459891183,5.714285714285714,6.126387459891183,7.316666666666646,0,1,0,57.632705840238486,6.1263874598911835e-06,439,1,0
169,45,8,0,0,0,6.038524082728794,"[0.0, 6.038524082728794]",6.038524082728794,5.714285714285714,6.038524082728794,7.283333333333313,0,1,0,56.63342986354837,6.0385240827287945e-06,437,1,0
169,46,30,0,0,0,5.9937013898577005,"[0.0, 5.9937013898577005]",5.9937013898577005,5.714285714285714,5.9937013898577005,4.566666666666656,0,1,0,56.04785296693444,5.9937013898577e-06,274,1,0
169,47,36,0,0,0,5.974796840122768,"[0.0, 5.974796840122768]",5.974796840122768,5.714285714285714,5.974796840122768,4.049999999999991,0,1,0,55.575180754065514,5.9747968401227685e-06,243,1,0
169,48,39,0,0,0,5.957200186593193,"[0.0, 5.957200186593193]",5.957200186593193,5.714285714285714,5.957200186593193,4.149999999999991,0,1,0,54.4411406815052,5.957200186593192e-06,249,1,0
169,49,52,0,0,0,5.849276951381138,"[0.0, 5.849276951381138]",5.849276951381138,5.714285714285714,5.849276951381138,4.0666666666666575,0,1,0,53.9317871183157,5.849276951381138e-06,244,1,0
169,50,49,0,0,0,5.799228123256139,"[0.0, 5.799228123256139]",5.799228123256139,5.714285714285714,5.799228123256139,3.9166666666666576,0,1,0,53.01329729706049,5.799228123256139e-06,235,1,0
169,51,55,0,0,0,5.791380746023996,"[0.0, 5.791380746023996]",5.791380746023996,5.714285714285714,5.791380746023996,2.8666666666666614,0,1,0,52.02666433155537,5.791380746023996e-06,172,1,0
169,52,33,0,0,0,5.775882175990513,"[0.0, 5.775882175990513]",5.775882175990513,5.714285714285714,5.775882175990513,2.366666666666663,0,1,0,51.34311360120773,5.775882175990513e-06,142,1,0
169,53,13,0,0,0,5.744073050362723,"[0.0, 5.744073050362723]",5.744073050362723,5.714285714285714,5.744073050362723,3.8833333333333244,0,1,0,52.106114871799946,5.744073050362723e-06,233,1,0
169,54,10,0,0,0,5.739778791155134,"[0.0, 5.739778791155134]",5.739778791155134,5.714285714285714,5.739778791155134,3.733333333333325,0,1,0,51.86316293478012,5.7397787911551336e-06,224,1,0
169,55,62,0,0,0,5.731936863490513,"[0.0, 5.731936863490513]",5.731936863490513,5.714285714285714,5.731936863490513,2.3499999999999965,0,1,0,50.8787901699543,5.731936863490513e-06,141,1,0
169,56,60,0,0,0,5.545479910714286,"[0.0, 5.545479910714286]",5.545479910714286,2.857142857142857,5.545479910714286,3.4166666666666594,0,1,0,49.4440902620554,5.545479910714286e-06,205,1,0
169,57,54,0,0,0,5.538749694824219,"[0.0, 5.538749694824219]",5.538749694824219,2.857142857142857,5.538749694824219,3.399999999999993,0,1,0,49.305591225624084,5.538749694824219e-06,204,1,0
169,58,15,0,0,0,5.463987077985491,"[0.0, 5.463987077985491]",5.463987077985491,2.857142857142857,5.463987077985491,3.299999999999993,0,1,0,48.44707117974758,5.463987077985492e-06,198,1,0
169,59,20,0,0,0,5.415802001953125,"[0.0, 5.415802001953125]",5.415802001953125,2.857142857142857,5.415802001953125,3.2333333333333267,0,1,0,47.84888514876366,5.415802001953125e-06,194,1,0
169,60,34,0,0,0,5.07317134312221,"[0.0, 5.07317134312221]",5.07317134312221,2.857142857142857,5.07317134312221,2.2999999999999967,0,1,0,43.28232841193676,5.07317134312221e-06,138,1,0
169,61,46,0,0,0,4.2289951869419635,"[0.0, 4.2289951869419635]",4.2289951869419635,2.857142857142857,4.2289951869419635,2.0999999999999974,0,1,0,34.056743904948235,4.228995186941964e-06,126,1,0
169,62,47,0,0,0,2.8486033848353793,"[0.0, 2.8486033848353793]",2.8486033848353793,0.0,2.8486033848353793,5.349999999999986,0,1,0,35.298757951008156,2.848603384835379e-06,321,1,0
169,63,38,0,0,0,2.818925040108817,"[0.0, 2.818925040108817]",2.818925040108817,0.0,2.818925040108817,6.349999999999983,0,1,0,40.654363194902544,2.8189250401088166e-06,381,1,0
169,64,43,0,0,0,1.9194139753069197,"[0.0, 1.9194139753069197]",1.9194139753069197,0.0,1.9194139753069197,5.016666666666654,0,1,0,5.578269072299008,1.9194139753069196e-06,301,1,0
170,1,0,0,1,1,15.35921369280134,"[0.0, 15.35921369280134]",15.35921369280134,14.285714285714285,15.35921369280134,6.866666666666648,0,1,0,131.8931434303522,1.5359213692801342e-05,412,1,0
170,2,1,0,1,1,15.310151236397878,"[0.0, 15.310151236397878]",15.310151236397878,14.285714285714285,15.310151236397878,6.833333333333314,0,1,0,132.4369699060917,1.5310151236397877e-05,410,1,0
170,3,2,0,1,1,15.303148542131698,"[0.0, 15.303148542131698]",15.303148542131698,14.285714285714285,15.303148542131698,6.833333333333314,0,1,0,132.20882841944695,1.53031485421317e-05,410,1,0
170,4,3,0,1,1,15.294859749930245,"[0.0, 15.294859749930245]",15.294859749930245,14.285714285714285,15.294859749930245,7.6333333333333115,0,1,0,132.13661579042673,1.5294859749930245e-05,458,1,0
170,5,54,0,1,1,15.288293021065849,"[0.0, 15.288293021065849]",15.288293021065849,14.285714285714285,15.288293021065849,6.783333333333315,0,1,0,133.89991910755634,1.528829302106585e-05,407,1,0
170,6,4,0,1,1,15.222484043666295,"[0.0, 15.222484043666295]",15.222484043666295,14.285714285714285,15.222484043666295,6.766666666666648,0,1,0,132.11374954879284,1.5222484043666295e-05,406,1,0
170,7,5,0,1,1,15.207454136439733,"[0.0, 15.207454136439733]",15.207454136439733,14.285714285714285,15.207454136439733,7.98333333333331,0,1,0,130.28384825587273,1.5207454136439732e-05,479,1,0
170,8,6,0,1,1,15.186260768345425,"[0.0, 15.186260768345425]",15.186260768345425,14.285714285714285,15.186260768345425,6.6999999999999815,0,1,0,131.556300714612,1.5186260768345426e-05,402,1,0
170,9,38,0,0,1,15.181050981794083,"[0.0, 15.181050981794083]",15.181050981794083,14.285714285714285,15.181050981794083,6.883333333333314,0,1,0,130.68308383226395,1.5181050981794083e-05,413,1,0
170,10,7,0,0,1,15.163961138044085,"[0.0, 15.163961138044085]",15.163961138044085,14.285714285714285,15.163961138044085,8.11666666666665,0,1,0,136.29476400464773,1.5163961138044086e-05,487,1,0
170,11,40,0,0,1,14.735870361328123,"[0.0, 14.735870361328123]",14.735870361328123,14.285714285714285,14.735870361328123,6.9999999999999805,0,1,0,129.6779079437256,1.4735870361328123e-05,420,1,0
170,12,16,0,0,1,14.515391758510043,"[0.0, 14.515391758510043]",14.515391758510043,14.285714285714285,14.515391758510043,6.549999999999982,0,1,0,132.66916961967945,1.4515391758510044e-05,393,1,0
170,13,20,0,0,1,13.747651236397878,"[0.0, 13.747651236397878]",13.747651236397878,11.428571428571429,13.747651236397878,9.533333333333387,0,1,0,127.77032675594091,1.3747651236397878e-05,572,1,0
170,14,57,0,0,1,13.289239065987724,"[0.0, 13.289239065987724]",13.289239065987724,11.428571428571429,13.289239065987724,7.683333333333311,0,1,0,120.99902901053429,1.3289239065987724e-05,461,1,0
170,15,30,0,0,1,11.544995989118304,"[0.0, 11.544995989118304]",11.544995989118304,11.428571428571429,11.544995989118304,5.916666666666651,0,1,0,101.92882259190083,1.1544995989118304e-05,355,1,0
170,16,36,0,0,1,11.30776814052037,"[0.0, 11.30776814052037]",11.30776814052037,8.571428571428571,11.30776814052037,7.216666666666646,0,1,0,109.27613106369972,1.130776814052037e-05,433,1,0
170,17,29,0,0,1,10.871707371303014,"[0.0, 10.871707371303014]",10.871707371303014,8.571428571428571,10.871707371303014,5.749999999999985,0,1,0,100.95759823918343,1.0871707371303014e-05,345,1,0
170,18,62,0,0,1,10.86566652570452,"[0.0, 10.86566652570452]",10.86566652570452,8.571428571428571,10.86566652570452,5.649999999999985,0,1,0,98.36616697907448,1.0865666525704521e-05,339,1,0
170,19,41,0,0,1,10.708724430629186,"[0.0, 10.708724430629186]",10.708724430629186,8.571428571428571,10.708724430629186,5.649999999999985,0,1,0,95.94180841743946,1.0708724430629186e-05,339,1,0
170,20,32,0,0,1,10.668351309640068,"[0.0, 10.668351309640068]",10.668351309640068,8.571428571428571,10.668351309640068,5.599999999999985,0,1,0,96.1737350076437,1.0668351309640067e-05,336,1,0
170,21,31,0,0,1,10.579030173165457,"[0.0, 10.579030173165457]",10.579030173165457,8.571428571428571,10.579030173165457,5.6833333333333185,0,1,0,96.11227655410767,1.0579030173165456e-05,341,1,0
170,22,27,0,0,1,10.577032906668526,"[0.0, 10.577032906668526]",10.577032906668526,8.571428571428571,10.577032906668526,5.583333333333319,0,1,0,96.15259735286236,1.0577032906668525e-05,335,1,0
170,23,58,0,0,1,10.38489477975028,"[0.0, 10.38489477975028]",10.38489477975028,8.571428571428571,10.38489477975028,3.599999999999992,0,1,0,88.81412748992443,1.0384894779750279e-05,216,1,0
170,24,34,0,0,1,10.180590493338448,"[0.0, 10.180590493338448]",10.180590493338448,8.571428571428571,10.180590493338448,5.583333333333319,0,1,0,95.32704704999924,1.0180590493338448e-05,335,1,0
170,25,51,0,0,1,10.17765862601144,"[0.0, 10.17765862601144]",10.17765862601144,8.571428571428571,10.17765862601144,5.499999999999986,0,1,0,93.81205563247204,1.0177658626011439e-05,330,1,0
170,26,17,0,0,1,9.977060045514788,"[0.0, 9.977060045514788]",9.977060045514788,8.571428571428571,9.977060045514788,5.416666666666653,0,1,0,90.64478889107704,9.977060045514789e-06,325,1,0
170,27,8,0,0,1,9.894046783447266,"[0.0, 9.894046783447266]",9.894046783447266,8.571428571428571,9.894046783447266,5.399999999999986,0,1,0,92.6133660376072,9.894046783447266e-06,324,1,0
170,28,37,0,0,1,9.761464255196707,"[0.0, 9.761464255196707]",9.761464255196707,8.571428571428571,9.761464255196707,5.3833333333333195,0,1,0,92.65546157956123,9.761464255196707e-06,323,1,0
170,29,56,0,0,1,9.625159672328405,"[0.0, 9.625159672328405]",9.625159672328405,8.571428571428571,9.625159672328405,3.2833333333333266,0,1,0,86.19821582734585,9.625159672328404e-06,197,1,0
170,30,21,0,0,1,9.57052503313337,"[0.0, 9.57052503313337]",9.57052503313337,8.571428571428571,9.57052503313337,5.366666666666653,0,1,0,91.55915956199169,9.57052503313337e-06,322,1,0
170,31,23,0,0,1,8.947203499930245,"[0.0, 8.947203499930245]",8.947203499930245,8.571428571428571,8.947203499930245,3.299999999999993,0,1,0,81.87672299146652,8.947203499930244e-06,198,1,0
170,32,46,0,0,1,8.9279420035226,"[0.0, 8.9279420035226]",8.9279420035226,8.571428571428571,8.9279420035226,3.1999999999999935,0,1,0,82.7469889074564,8.927942003522601e-06,192,1,0
170,33,13,0,0,0,8.841263907296316,"[0.0, 8.841263907296316]",8.841263907296316,8.571428571428571,8.841263907296316,3.21666666666666,0,1,0,83.43257240951061,8.841263907296316e-06,193,1,0
170,34,42,0,0,0,8.760100773402621,"[0.0, 8.760100773402621]",8.760100773402621,8.571428571428571,8.760100773402621,5.199999999999987,0,1,0,86.44898787140846,8.760100773402622e-06,312,1,0
170,35,43,0,0,0,8.728626796177455,"[0.0, 8.728626796177455]",8.728626796177455,8.571428571428571,8.728626796177455,5.049999999999987,0,1,0,85.35455021262169,8.728626796177454e-06,303,1,0
170,36,60,0,0,0,8.495232718331474,"[0.0, 8.495232718331474]",8.495232718331474,5.714285714285714,8.495232718331474,7.966666666666644,0,1,0,60.530095423193416,8.495232718331474e-06,478,1,0
170,37,28,0,0,0,8.447925022670201,"[0.0, 8.447925022670201]",8.447925022670201,5.714285714285714,8.447925022670201,6.26666666666665,0,1,0,62.098060593008995,8.4479250226702e-06,376,1,0
170,38,22,0,0,0,8.389481135777064,"[0.0, 8.389481135777064]",8.389481135777064,5.714285714285714,8.389481135777064,3.1666666666666603,0,1,0,81.38166083395481,8.389481135777064e-06,190,1,0
170,39,55,0,0,0,8.38632583618164,"[0.0, 8.38632583618164]",8.38632583618164,5.714285714285714,8.38632583618164,3.349999999999993,0,1,0,81.36341112852097,8.38632583618164e-06,201,1,0
170,40,18,0,0,0,8.30026081630162,"[0.0, 8.30026081630162]",8.30026081630162,5.714285714285714,8.30026081630162,4.533333333333323,0,1,0,56.620399691164494,8.30026081630162e-06,272,1,0
170,41,14,0,0,0,8.267121996198382,"[0.0, 8.267121996198382]",8.267121996198382,5.714285714285714,8.267121996198382,3.299999999999993,0,1,0,80.4471435546875,8.267121996198382e-06,198,1,0
170,42,26,0,0,0,8.264062064034599,"[0.0, 8.264062064034599]",8.264062064034599,5.714285714285714,8.264062064034599,3.1499999999999937,0,1,0,80.70272223651409,8.264062064034599e-06,189,1,0
170,43,47,0,0,0,7.9912212916782925,"[0.0, 7.9912212916782925]",7.9912212916782925,5.714285714285714,7.9912212916782925,3.133333333333327,0,1,0,79.3869970291853,7.991221291678292e-06,188,1,0
170,44,11,0,0,0,6.363895961216517,"[0.0, 6.363895961216517]",6.363895961216517,5.714285714285714,6.363895961216517,7.433333333333312,0,1,0,59.013098608804285,6.363895961216517e-06,446,1,0
170,45,45,0,0,0,6.219258989606584,"[0.0, 6.219258989606584]",6.219258989606584,5.714285714285714,6.219258989606584,7.1666666666666465,0,1,0,56.791482198023004,6.219258989606584e-06,430,1,0
170,46,35,0,0,0,6.152665274483817,"[0.0, 6.152665274483817]",6.152665274483817,5.714285714285714,6.152665274483817,7.283333333333313,0,1,0,56.74343254973064,6.152665274483817e-06,437,1,0
170,47,15,0,0,0,5.957162039620536,"[0.0, 5.957162039620536]",5.957162039620536,5.714285714285714,5.957162039620536,4.3666666666666565,0,1,0,55.2987195327878,5.957162039620536e-06,262,1,0
170,48,48,0,0,0,5.938295636858259,"[0.0, 5.938295636858259]",5.938295636858259,5.714285714285714,5.938295636858259,4.29999999999999,0,1,0,55.01352387666702,5.938295636858259e-06,258,1,0
170,49,52,0,0,0,5.89606693812779,"[0.0, 5.89606693812779]",5.89606693812779,5.714285714285714,5.89606693812779,4.083333333333324,0,1,0,54.53423402458429,5.89606693812779e-06,245,1,0
170,50,53,0,0,0,5.694890703473773,"[0.0, 5.694890703473773]",5.694890703473773,2.857142857142857,5.694890703473773,3.683333333333325,0,1,0,51.486898235976696,5.694890703473773e-06,221,1,0
170,51,9,0,0,0,5.4469789777483255,"[0.0, 5.4469789777483255]",5.4469789777483255,2.857142857142857,5.4469789777483255,2.249999999999997,0,1,0,47.54986955225468,5.446978977748326e-06,135,1,0
170,52,44,0,0,0,5.348249162946429,"[0.0, 5.348249162946429]",5.348249162946429,2.857142857142857,5.348249162946429,2.2166666666666637,0,1,0,46.460687682032585,5.348249162946429e-06,133,1,0
170,53,25,0,0,0,5.310418265206474,"[0.0, 5.310418265206474]",5.310418265206474,2.857142857142857,5.310418265206474,3.049999999999994,0,1,0,46.45034243166447,5.310418265206474e-06,183,1,0
170,54,12,0,0,0,5.2948488507952005,"[0.0, 5.2948488507952005]",5.2948488507952005,2.857142857142857,5.2948488507952005,3.0666666666666607,0,1,0,46.25937317311764,5.2948488507952e-06,184,1,0
170,55,59,0,0,0,5.2337864467075885,"[0.0, 5.2337864467075885]",5.2337864467075885,2.857142857142857,5.2337864467075885,2.9999999999999942,0,1,0,45.58548007905483,5.233786446707588e-06,180,1,0
170,56,10,0,0,0,4.966332571847099,"[0.0, 4.966332571847099]",4.966332571847099,2.857142857142857,4.966332571847099,2.083333333333331,0,1,0,42.07414558529854,4.966332571847099e-06,125,1,0
170,57,63,0,0,0,4.896109444754464,"[0.0, 4.896109444754464]",4.896109444754464,2.857142857142857,4.896109444754464,2.249999999999997,0,1,0,41.30921129882336,4.8961094447544645e-06,135,1,0
170,58,61,0,0,0,4.253262111118861,"[0.0, 4.253262111118861]",4.253262111118861,2.857142857142857,4.253262111118861,6.333333333333316,0,1,0,32.32767337443511,4.2532621111188615e-06,380,1,0
170,59,49,0,0,0,4.054091317313057,"[0.0, 4.054091317313057]",4.054091317313057,2.857142857142857,4.054091317313057,5.783333333333318,0,1,0,29.774523239801056,4.054091317313057e-06,347,1,0
170,60,33,0,0,0,3.624986921037946,"[0.0, 3.624986921037946]",3.624986921037946,2.857142857142857,3.624986921037946,4.383333333333323,0,1,0,25.835056119263754,3.624986921037946e-06,263,1,0
170,61,39,0,0,0,2.1122360229492188,"[0.0, 2.1122360229492188]",2.1122360229492188,0.0,2.1122360229492188,5.016666666666654,0,1,0,7.71378680691123,2.112236022949219e-06,301,1,0
170,62,24,0,0,0,2.111860002790179,"[0.0, 2.111860002790179]",2.111860002790179,0.0,2.111860002790179,5.016666666666654,0,1,0,7.7058032639324665,2.111860002790179e-06,301,1,0
170,63,19,0,0,0,2.1102687290736606,"[0.0, 2.1102687290736606]",2.1102687290736606,0.0,2.1102687290736606,5.016666666666654,0,1,0,7.705959980994521,2.1102687290736604e-06,301,1,0
170,64,50,0,0,0,1.8756866455078125,"[0.0, 1.8756866455078125]",1.8756866455078125,0.0,1.8756866455078125,5.016666666666654,0,1,0,5.175160341023002,1.8756866455078126e-06,301,1,0
171,1,0,0,1,1,15.35921369280134,"[0.0, 15.35921369280134]",15.35921369280134,14.285714285714285,15.35921369280134,6.866666666666648,0,1,0,131.8931434303522,1.5359213692801342e-05,412,1,0
171,2,1,0,1,1,15.310151236397878,"[0.0, 15.310151236397878]",15.310151236397878,14.285714285714285,15.310151236397878,6.833333333333314,0,1,0,132.4369699060917,1.5310151236397877e-05,410,1,0
171,3,2,0,1,1,15.303148542131698,"[0.0, 15.303148542131698]",15.303148542131698,14.285714285714285,15.303148542131698,6.833333333333314,0,1,0,132.20882841944695,1.53031485421317e-05,410,1,0
171,4,3,0,1,1,15.294859749930245,"[0.0, 15.294859749930245]",15.294859749930245,14.285714285714285,15.294859749930245,7.6333333333333115,0,1,0,132.13661579042673,1.5294859749930245e-05,458,1,0
171,5,4,0,1,1,15.288293021065849,"[0.0, 15.288293021065849]",15.288293021065849,14.285714285714285,15.288293021065849,6.783333333333315,0,1,0,133.89991910755634,1.528829302106585e-05,407,1,0
171,6,5,0,1,1,15.222484043666295,"[0.0, 15.222484043666295]",15.222484043666295,14.285714285714285,15.222484043666295,6.766666666666648,0,1,0,132.11374954879284,1.5222484043666295e-05,406,1,0
171,7,6,0,1,1,15.207454136439733,"[0.0, 15.207454136439733]",15.207454136439733,14.285714285714285,15.207454136439733,7.98333333333331,0,1,0,130.28384825587273,1.5207454136439732e-05,479,1,0
171,8,7,0,1,1,15.186260768345425,"[0.0, 15.186260768345425]",15.186260768345425,14.285714285714285,15.186260768345425,6.6999999999999815,0,1,0,131.556300714612,1.5186260768345426e-05,402,1,0
171,9,25,0,0,1,15.077923366001675,"[0.0, 15.077923366001675]",15.077923366001675,14.285714285714285,15.077923366001675,6.6999999999999815,0,1,0,132.0400624424219,1.5077923366001676e-05,402,1,0
171,10,61,0,0,1,14.90457262311663,"[0.0, 14.90457262311663]",14.90457262311663,14.285714285714285,14.90457262311663,6.733333333333315,0,1,0,130.54417698085308,1.490457262311663e-05,404,1,0
171,11,10,0,0,1,14.696072169712613,"[0.0, 14.696072169712613]",14.696072169712613,14.285714285714285,14.696072169712613,6.933333333333314,0,1,0,128.303374260664,1.4696072169712612e-05,416,1,0
171,12,33,0,0,1,13.307315281459264,"[0.0, 13.307315281459264]",13.307315281459264,11.428571428571429,13.307315281459264,6.449999999999982,0,1,0,120.57987014949322,1.3307315281459263e-05,387,1,0
171,13,49,0,0,1,12.816271100725446,"[0.0, 12.816271100725446]",12.816271100725446,11.428571428571429,12.816271100725446,9.650000000000059,0,1,0,113.02313259852235,1.2816271100725447e-05,579,1,0
171,14,34,0,0,1,11.20520727975028,"[0.0, 11.20520727975028]",11.20520727975028,8.571428571428571,11.20520727975028,5.8499999999999845,0,1,0,100.51494605839252,1.120520727975028e-05,351,1,0
171,15,12,0,0,1,10.804647718157087,"[0.0, 10.804647718157087]",10.804647718157087,8.571428571428571,10.804647718157087,5.7666666666666515,0,1,0,99.64752604067326,1.0804647718157086e-05,346,1,0
171,16,30,0,0,1,10.693048749651227,"[0.0, 10.693048749651227]",10.693048749651227,8.571428571428571,10.693048749651227,3.4166666666666594,0,1,0,91.83694465458393,1.0693048749651228e-05,205,1,0
171,17,57,0,0,1,10.669819968087332,"[0.0, 10.669819968087332]",10.669819968087332,8.571428571428571,10.669819968087332,6.416666666666649,0,1,0,98.99021956324577,1.0669819968087331e-05,385,1,0
171,18,54,0,0,1,10.623724801199778,"[0.0, 10.623724801199778]",10.623724801199778,8.571428571428571,10.623724801199778,5.566666666666652,0,1,0,96.16758567094803,1.0623724801199778e-05,334,1,0
171,19,52,0,0,1,10.619773864746094,"[0.0, 10.619773864746094]",10.619773864746094,8.571428571428571,10.619773864746094,5.666666666666652,0,1,0,97.03024657070637,1.0619773864746094e-05,340,1,0
171,20,15,0,0,1,10.586629595075335,"[0.0, 10.586629595075335]",10.586629595075335,8.571428571428571,10.586629595075335,3.4166666666666594,0,1,0,91.8369584530592,1.0586629595075335e-05,205,1,0
171,21,37,0,0,1,10.484777178083148,"[0.0, 10.484777178083148]",10.484777178083148,8.571428571428571,10.484777178083148,5.599999999999985,0,1,0,92.71451184153557,1.0484777178083148e-05,336,1,0
171,22,59,0,0,1,10.42875017438616,"[0.0, 10.42875017438616]",10.42875017438616,8.571428571428571,10.42875017438616,3.383333333333326,0,1,0,89.90749715268612,1.042875017438616e-05,203,1,0
171,23,43,0,0,1,10.346537998744418,"[0.0, 10.346537998744418]",10.346537998744418,8.571428571428571,10.346537998744418,4.883333333333321,0,1,0,92.73783265054226,1.0346537998744418e-05,293,1,0
171,24,21,0,0,1,10.297933306012835,"[0.0, 10.297933306012835]",10.297933306012835,8.571428571428571,10.297933306012835,5.449999999999986,0,1,0,95.99846535921097,1.0297933306012835e-05,327,1,0
171,25,48,0,0,1,10.066258566720144,"[0.0, 10.066258566720144]",10.066258566720144,8.571428571428571,10.066258566720144,3.299999999999993,0,1,0,86.89566858112812,1.0066258566720144e-05,198,1,0
171,26,16,0,0,1,10.002999986921038,"[0.0, 10.002999986921038]",10.002999986921038,8.571428571428571,10.002999986921038,5.166666666666654,0,1,0,91.96068677306175,1.0002999986921038e-05,310,1,0
171,27,31,0,0,1,10.00061307634626,"[0.0, 10.00061307634626]",10.00061307634626,8.571428571428571,10.00061307634626,3.3333333333333264,0,1,0,88.29631155729294,1.000061307634626e-05,200,1,0
171,28,50,0,0,1,9.980506896972656,"[0.0, 9.980506896972656]",9.980506896972656,8.571428571428571,9.980506896972656,5.399999999999986,0,1,0,90.64101892709732,9.980506896972656e-06,324,1,0
171,29,58,0,0,1,9.921744210379464,"[0.0, 9.921744210379464]",9.921744210379464,8.571428571428571,9.921744210379464,5.433333333333319,0,1,0,91.16484349966049,9.921744210379464e-06,326,1,0
171,30,46,0,0,1,9.762755802699498,"[0.0, 9.762755802699498]",9.762755802699498,8.571428571428571,9.762755802699498,5.433333333333319,0,1,0,93.67787985503674,9.762755802699498e-06,326,1,0
171,31,24,0,0,1,9.674423762730191,"[0.0, 9.674423762730191]",9.674423762730191,8.571428571428571,9.674423762730191,5.416666666666653,0,1,0,92.61956422030926,9.67442376273019e-06,325,1,0
171,32,45,0,0,1,9.510784149169922,"[0.0, 9.510784149169922]",9.510784149169922,8.571428571428571,9.510784149169922,5.199999999999987,0,1,0,91.5714250355959,9.510784149169922e-06,312,1,0
171,33,22,0,0,0,9.19043404715402,"[0.0, 9.19043404715402]",9.19043404715402,8.571428571428571,9.19043404715402,3.483333333333326,0,1,0,85.10617417097092,9.19043404715402e-06,209,1,0
171,34,56,0,0,0,9.155376979282924,"[0.0, 9.155376979282924]",9.155376979282924,8.571428571428571,9.155376979282924,3.2499999999999933,0,1,0,84.81069101393223,9.155376979282923e-06,195,1,0
171,35,53,0,0,0,9.114717755998884,"[0.0, 9.114717755998884]",9.114717755998884,8.571428571428571,9.114717755998884,3.2333333333333267,0,1,0,83.59244947135448,9.114717755998883e-06,194,1,0
171,36,9,0,0,0,9.011399405343191,"[0.0, 9.011399405343191]",9.011399405343191,8.571428571428571,9.011399405343191,3.299999999999993,0,1,0,83.20964097976685,9.01139940534319e-06,198,1,0
171,37,39,0,0,0,8.999734606061663,"[0.0, 8.999734606061663]",8.999734606061663,8.571428571428571,8.999734606061663,3.2333333333333267,0,1,0,84.12022280693054,8.999734606061663e-06,194,1,0
171,38,63,0,0,0,8.957320622035434,"[0.0, 8.957320622035434]",8.957320622035434,8.571428571428571,8.957320622035434,5.099999999999987,0,1,0,87.30064913630486,8.957320622035434e-06,306,1,0
171,39,42,0,0,0,8.620455605643135,"[0.0, 8.620455605643135]",8.620455605643135,8.571428571428571,8.620455605643135,3.21666666666666,0,1,0,82.11364854872227,8.620455605643135e-06,193,1,0
171,40,38,0,0,0,8.598254067557198,"[0.0, 8.598254067557198]",8.598254067557198,8.571428571428571,8.598254067557198,3.1666666666666603,0,1,0,81.38200664520264,8.598254067557198e-06,190,1,0
171,41,8,0,0,0,8.322715759277344,"[0.0, 8.322715759277344]",8.322715759277344,5.714285714285714,8.322715759277344,4.149999999999991,0,1,0,56.957194589078426,8.322715759277344e-06,249,1,0
171,42,29,0,0,0,8.30916268484933,"[0.0, 8.30916268484933]",8.30916268484933,5.714285714285714,8.30916268484933,3.3333333333333264,0,1,0,82.1268472224474,8.30916268484933e-06,200,1,0
171,43,14,0,0,0,8.282318115234375,"[0.0, 8.282318115234375]",8.282318115234375,5.714285714285714,8.282318115234375,3.133333333333327,0,1,0,80.02576112747192,8.282318115234375e-06,188,1,0
171,44,11,0,0,0,8.265151977539062,"[0.0, 8.265151977539062]",8.265151977539062,5.714285714285714,8.265151977539062,3.133333333333327,0,1,0,80.02535474300385,8.265151977539062e-06,188,1,0
171,45,18,0,0,0,8.132850102015905,"[0.0, 8.132850102015905]",8.132850102015905,5.714285714285714,8.132850102015905,3.099999999999994,0,1,0,78.6793063133955,8.132850102015904e-06,186,1,0
171,46,28,0,0,0,7.9307419913155695,"[0.0, 7.9307419913155695]",7.9307419913155695,5.714285714285714,7.9307419913155695,3.099999999999994,0,1,0,78.67883192002773,7.93074199131557e-06,186,1,0
171,47,17,0,0,0,7.372940608433315,"[0.0, 7.372940608433315]",7.372940608433315,5.714285714285714,7.372940608433315,2.9999999999999942,0,1,0,74.69354645907879,7.372940608433315e-06,180,1,0
171,48,47,0,0,0,7.142857142857142,"[0.0, 7.142857142857142]",7.142857142857142,5.714285714285714,7.142857142857142,2.8999999999999946,0,1,0,70.79192164540291,7.142857142857143e-06,174,1,0
171,49,55,0,0,0,7.142857142857142,"[0.0, 7.142857142857142]",7.142857142857142,5.714285714285714,7.142857142857142,4.466666666666656,0,1,0,68.5374586135149,7.142857142857143e-06,268,1,0
171,50,27,0,0,0,6.388146536690849,"[0.0, 6.388146536690849]",6.388146536690849,5.714285714285714,6.388146536690849,7.366666666666646,0,1,0,58.582058334002795,6.388146536690849e-06,442,1,0
171,51,13,0,0,0,6.331144060407366,"[0.0, 6.331144060407366]",6.331144060407366,5.714285714285714,6.331144060407366,9.150000000000034,0,1,0,61.975522630571504,6.3311440604073665e-06,549,1,0
171,52,20,0,0,0,5.889745439801898,"[0.0, 5.889745439801898]",5.889745439801898,5.714285714285714,5.889745439801898,4.083333333333324,0,1,0,53.95907796919346,5.889745439801898e-06,245,1,0
171,53,23,0,0,0,5.713402884347098,"[0.0, 5.713402884347098]",5.713402884347098,2.857142857142857,5.713402884347098,3.7166666666666583,0,1,0,51.71943257749081,5.713402884347098e-06,223,1,0
171,54,26,0,0,0,5.654596601213727,"[0.0, 5.654596601213727]",5.654596601213727,2.857142857142857,5.654596601213727,3.599999999999992,0,1,0,50.88355526328087,5.6545966012137275e-06,216,1,0
171,55,40,0,0,0,5.628847394670759,"[0.0, 5.628847394670759]",5.628847394670759,2.857142857142857,5.628847394670759,3.5499999999999923,0,1,0,50.506003588438034,5.628847394670759e-06,213,1,0
171,56,62,0,0,0,5.478967939104352,"[0.0, 5.478967939104352]",5.478967939104352,2.857142857142857,5.478967939104352,2.2666666666666635,0,1,0,47.86581142246723,5.478967939104352e-06,136,1,0
171,57,51,0,0,0,5.45698983328683,"[0.0, 5.45698983328683]",5.45698983328683,2.857142857142857,5.45698983328683,3.2833333333333266,0,1,0,48.29969558119774,5.45698983328683e-06,197,1,0
171,58,36,0,0,0,5.30198233468192,"[0.0, 5.30198233468192]",5.30198233468192,2.857142857142857,5.30198233468192,3.0833333333333273,0,1,0,46.424039512872696,5.30198233468192e-06,185,1,0
171,59,19,0,0,0,4.991438729422433,"[0.0, 4.991438729422433]",4.991438729422433,2.857142857142857,4.991438729422433,2.6999999999999953,0,1,0,42.65815731883049,4.9914387294224335e-06,162,1,0
171,60,41,0,0,0,4.687565394810267,"[0.0, 4.687565394810267]",4.687565394810267,2.857142857142857,4.687565394810267,2.583333333333329,0,1,0,39.10747829079628,4.687565394810268e-06,155,1,0
171,61,32,0,0,0,2.800750732421875,"[0.0, 2.800750732421875]",2.800750732421875,0.0,2.800750732421875,7.616666666666645,0,1,0,48.29436942536995,2.800750732421875e-06,457,1,0
171,62,35,0,0,0,2.111642020089286,"[0.0, 2.111642020089286]",2.111642020089286,0.0,2.111642020089286,5.016666666666654,0,1,0,7.705857249500696,2.111642020089286e-06,301,1,0
171,63,60,0,0,0,2.1116147722516745,"[0.0, 2.1116147722516745]",2.1116147722516745,0.0,2.1116147722516745,5.016666666666654,0,1,0,7.70612198652816,2.1116147722516743e-06,301,1,0
171,64,44,0,0,0,1.8721008300781252,"[0.0, 1.8721008300781252]",1.8721008300781252,0.0,1.8721008300781252,5.016666666666654,0,1,0,5.1752031744108535,1.8721008300781253e-06,301,1,0
172,1,0,0,1,1,15.35921369280134,"[0.0, 15.35921369280134]",15.35921369280134,14.285714285714285,15.35921369280134,6.866666666666648,0,1,0,131.8931434303522,1.5359213692801342e-05,412,1,0
172,2,1,0,1,1,15.310151236397878,"[0.0, 15.310151236397878]",15.310151236397878,14.285714285714285,15.310151236397878,6.833333333333314,0,1,0,132.4369699060917,1.5310151236397877e-05,410,1,0
172,3,2,0,1,1,15.303148542131698,"[0.0, 15.303148542131698]",15.303148542131698,14.285714285714285,15.303148542131698,6.833333333333314,0,1,0,132.20882841944695,1.53031485421317e-05,410,1,0
172,4,3,0,1,1,15.294859749930245,"[0.0, 15.294859749930245]",15.294859749930245,14.285714285714285,15.294859749930245,7.6333333333333115,0,1,0,132.13661579042673,1.5294859749930245e-05,458,1,0
172,5,4,0,1,1,15.288293021065849,"[0.0, 15.288293021065849]",15.288293021065849,14.285714285714285,15.288293021065849,6.783333333333315,0,1,0,133.89991910755634,1.528829302106585e-05,407,1,0
172,6,11,0,1,1,15.274674551827566,"[0.0, 15.274674551827566]",15.274674551827566,14.285714285714285,15.274674551827566,6.933333333333314,0,1,0,130.93337234854698,1.5274674551827566e-05,416,1,0
172,7,5,0,1,1,15.222484043666295,"[0.0, 15.222484043666295]",15.222484043666295,14.285714285714285,15.222484043666295,6.766666666666648,0,1,0,132.11374954879284,1.5222484043666295e-05,406,1,0
172,8,6,0,1,1,15.207454136439733,"[0.0, 15.207454136439733]",15.207454136439733,14.285714285714285,15.207454136439733,7.98333333333331,0,1,0,130.28384825587273,1.5207454136439732e-05,479,1,0
172,9,7,0,0,1,15.186260768345425,"[0.0, 15.186260768345425]",15.186260768345425,14.285714285714285,15.186260768345425,6.6999999999999815,0,1,0,131.556300714612,1.5186260768345426e-05,402,1,0
172,10,34,0,0,1,14.38708714076451,"[0.0, 14.38708714076451]",14.38708714076451,14.285714285714285,14.38708714076451,6.816666666666648,0,1,0,126.18661710619926,1.438708714076451e-05,409,1,0
172,11,23,0,0,1,11.167019435337613,"[0.0, 11.167019435337613]",11.167019435337613,8.571428571428571,11.167019435337613,5.783333333333318,0,1,0,100.92521592974663,1.1167019435337613e-05,347,1,0
172,12,58,0,0,1,11.147308349609375,"[0.0, 11.147308349609375]",11.147308349609375,8.571428571428571,11.147308349609375,5.6833333333333185,0,1,0,97.57947225868702,1.1147308349609375e-05,341,1,0
172,13,39,0,0,1,11.135589054652623,"[0.0, 11.135589054652623]",11.135589054652623,8.571428571428571,11.135589054652623,7.683333333333311,0,1,0,91.36183309555054,1.1135589054652623e-05,461,1,0
172,14,30,0,0,1,10.817933763776507,"[0.0, 10.817933763776507]",10.817933763776507,8.571428571428571,10.817933763776507,5.633333333333319,0,1,0,92.69810828566551,1.0817933763776507e-05,338,1,0
172,15,33,0,0,1,10.809462411063057,"[0.0, 10.809462411063057]",10.809462411063057,8.571428571428571,10.809462411063057,7.833333333333311,0,1,0,106.39040499180555,1.0809462411063058e-05,470,1,0
172,16,24,0,0,1,10.567073822021484,"[0.0, 10.567073822021484]",10.567073822021484,8.571428571428571,10.567073822021484,5.949999999999984,0,1,0,95.3372328877449,1.0567073822021484e-05,357,1,0
172,17,32,0,0,1,10.525659833635604,"[0.0, 10.525659833635604]",10.525659833635604,8.571428571428571,10.525659833635604,5.616666666666652,0,1,0,95.40008190274239,1.0525659833635604e-05,337,1,0
172,18,52,0,0,1,10.524024963378906,"[0.0, 10.524024963378906]",10.524024963378906,8.571428571428571,10.524024963378906,5.516666666666652,0,1,0,97.08437602221966,1.0524024963378906e-05,331,1,0
172,19,13,0,0,1,10.4818480355399,"[0.0, 10.4818480355399]",10.4818480355399,8.571428571428571,10.4818480355399,5.566666666666652,0,1,0,95.08188752830029,1.04818480355399e-05,334,1,0
172,20,61,0,0,1,10.427957262311663,"[0.0, 10.427957262311663]",10.427957262311663,8.571428571428571,10.427957262311663,5.599999999999985,0,1,0,95.20489206910133,1.0427957262311663e-05,336,1,0
172,21,43,0,0,1,10.361502511160714,"[0.0, 10.361502511160714]",10.361502511160714,8.571428571428571,10.361502511160714,3.383333333333326,0,1,0,90.41368268430233,1.0361502511160714e-05,203,1,0
172,22,37,0,0,1,10.277521950857981,"[0.0, 10.277521950857981]",10.277521950857981,8.571428571428571,10.277521950857981,5.733333333333318,0,1,0,91.35822680592537,1.027752195085798e-05,344,1,0
172,23,9,0,0,1,9.971882956368583,"[0.0, 9.971882956368583]",9.971882956368583,8.571428571428571,9.971882956368583,5.516666666666652,0,1,0,92.59786480665207,9.971882956368583e-06,331,1,0
172,24,40,0,0,1,9.854888916015625,"[0.0, 9.854888916015625]",9.854888916015625,8.571428571428571,9.854888916015625,3.3166666666666598,0,1,0,87.59460335969925,9.854888916015626e-06,199,1,0
172,25,31,0,0,1,9.854305812290736,"[0.0, 9.854305812290736]",9.854305812290736,8.571428571428571,9.854305812290736,3.3166666666666598,0,1,0,87.28178837895393,9.854305812290736e-06,199,1,0
172,26,59,0,0,1,9.805545806884766,"[0.0, 9.805545806884766]",9.805545806884766,8.571428571428571,9.805545806884766,5.349999999999986,0,1,0,92.83181490004063,9.805545806884766e-06,321,1,0
172,27,47,0,0,1,9.755268096923828,"[0.0, 9.755268096923828]",9.755268096923828,8.571428571428571,9.755268096923828,5.433333333333319,0,1,0,93.14911951124668,9.755268096923827e-06,326,1,0
172,28,62,0,0,1,9.742905752999443,"[0.0, 9.742905752999443]",9.742905752999443,8.571428571428571,9.742905752999443,3.2833333333333266,0,1,0,86.12661318480968,9.742905752999442e-06,197,1,0
172,29,45,0,0,1,9.72499029976981,"[0.0, 9.72499029976981]",9.72499029976981,8.571428571428571,9.72499029976981,5.8499999999999845,0,1,0,91.13548347353935,9.72499029976981e-06,351,1,0
172,30,41,0,0,1,9.686088562011719,"[0.0, 9.686088562011719]",9.686088562011719,8.571428571428571,9.686088562011719,3.2833333333333266,0,1,0,86.19869980216026,9.686088562011718e-06,197,1,0
172,31,27,0,0,1,9.647720881870816,"[0.0, 9.647720881870816]",9.647720881870816,8.571428571428571,9.647720881870816,3.299999999999993,0,1,0,86.89546000957489,9.647720881870817e-06,198,1,0
172,32,51,0,0,1,9.481457301548549,"[0.0, 9.481457301548549]",9.481457301548549,8.571428571428571,9.481457301548549,4.566666666666656,0,1,0,86.73216217756271,9.481457301548548e-06,274,1,0
172,33,20,0,0,0,9.404514857700892,"[0.0, 9.404514857700892]",9.404514857700892,8.571428571428571,9.404514857700892,3.2833333333333266,0,1,0,85.03975115716457,9.404514857700893e-06,197,1,0
172,34,48,0,0,0,9.24206052507673,"[0.0, 9.24206052507673]",9.24206052507673,8.571428571428571,9.24206052507673,5.2999999999999865,0,1,0,88.48869615793228,9.242060525076728e-06,318,1,0
172,35,29,0,0,0,9.10123552594866,"[0.0, 9.10123552594866]",9.10123552594866,8.571428571428571,9.10123552594866,3.2333333333333267,0,1,0,84.12075862288475,9.10123552594866e-06,194,1,0
172,36,42,0,0,0,9.06731196812221,"[0.0, 9.06731196812221]",9.06731196812221,8.571428571428571,9.06731196812221,3.2499999999999933,0,1,0,84.16927936673164,9.06731196812221e-06,195,1,0
172,37,17,0,0,0,8.933282579694476,"[0.0, 8.933282579694476]",8.933282579694476,8.571428571428571,8.933282579694476,3.2333333333333267,0,1,0,84.12063483893871,8.933282579694476e-06,194,1,0
172,38,22,0,0,0,8.886778695242747,"[0.0, 8.886778695242747]",8.886778695242747,8.571428571428571,8.886778695242747,7.683333333333311,0,1,0,67.12089994753478,8.886778695242747e-06,461,1,0
172,39,63,0,0,0,8.826795305524554,"[0.0, 8.826795305524554]",8.826795305524554,8.571428571428571,8.826795305524554,3.1999999999999935,0,1,0,82.74677823483944,8.826795305524553e-06,192,1,0
172,40,28,0,0,0,8.787029811314175,"[0.0, 8.787029811314175]",8.787029811314175,8.571428571428571,8.787029811314175,3.21666666666666,0,1,0,83.43238170444965,8.787029811314176e-06,193,1,0
172,41,36,0,0,0,8.59684807913644,"[0.0, 8.59684807913644]",8.59684807913644,8.571428571428571,8.59684807913644,3.1999999999999935,0,1,0,82.13127459585667,8.596848079136438e-06,192,1,0
172,42,60,0,0,0,8.473685128348214,"[0.0, 8.473685128348214]",8.473685128348214,5.714285714285714,8.473685128348214,5.483333333333319,0,1,0,58.95813668798655,8.473685128348213e-06,329,1,0
172,43,35,0,0,0,7.289654867989677,"[0.0, 7.289654867989677]",7.289654867989677,5.714285714285714,7.289654867989677,3.866666666666658,0,1,0,74.52021579444408,7.289654867989677e-06,232,1,0
172,44,14,0,0,0,7.142857142857142,"[0.0, 7.142857142857142]",7.142857142857142,5.714285714285714,7.142857142857142,2.8666666666666614,0,1,0,68.69985930621624,7.142857142857143e-06,172,1,0
172,45,49,0,0,0,6.347067696707589,"[0.0, 6.347067696707589]",6.347067696707589,5.714285714285714,6.347067696707589,7.366666666666646,0,1,0,58.581970200095384,6.34706769670759e-06,442,1,0
172,46,56,0,0,0,6.331242152622768,"[0.0, 6.331242152622768]",6.331242152622768,5.714285714285714,6.331242152622768,7.316666666666646,0,1,0,57.5442818027077,6.331242152622768e-06,439,1,0
172,47,55,0,0,0,6.280675615583148,"[0.0, 6.280675615583148]",6.280675615583148,5.714285714285714,6.280675615583148,7.449999999999979,0,1,0,58.66185151039099,6.2806756155831475e-06,447,1,0
172,48,46,0,0,0,6.108006068638392,"[0.0, 6.108006068638392]",6.108006068638392,5.714285714285714,6.108006068638392,7.316666666666646,0,1,0,57.632932226712,6.108006068638392e-06,439,1,0
172,49,44,0,0,0,5.965516226632254,"[0.0, 5.965516226632254]",5.965516226632254,5.714285714285714,5.965516226632254,4.033333333333324,0,1,0,55.35672139376402,5.965516226632254e-06,242,1,0
172,50,54,0,0,0,5.897587367466517,"[0.0, 5.897587367466517]",5.897587367466517,5.714285714285714,5.897587367466517,3.949999999999991,0,1,0,54.21496231108904,5.8975873674665175e-06,237,1,0
172,51,10,0,0,0,5.7761928013392865,"[0.0, 5.7761928013392865]",5.7761928013392865,5.714285714285714,5.7761928013392865,2.366666666666663,0,1,0,51.389891028404236,5.776192801339286e-06,142,1,0
172,52,16,0,0,0,5.763544355119977,"[0.0, 5.763544355119977]",5.763544355119977,5.714285714285714,5.763544355119977,3.816666666666658,0,1,0,52.38838315010071,5.763544355119977e-06,229,1,0
172,53,18,0,0,0,5.749162946428572,"[0.0, 5.749162946428572]",5.749162946428572,5.714285714285714,5.749162946428572,2.3499999999999965,0,1,0,50.87874285876751,5.749162946428572e-06,141,1,0
172,54,15,0,0,0,5.734569004603795,"[0.0, 5.734569004603795]",5.734569004603795,5.714285714285714,5.734569004603795,3.8333333333333246,0,1,0,51.76152890920639,5.7345690046037955e-06,230,1,0
172,55,38,0,0,0,5.708983285086496,"[0.0, 5.708983285086496]",5.708983285086496,2.857142857142857,5.708983285086496,3.816666666666658,0,1,0,51.69695573300123,5.708983285086496e-06,229,1,0
172,56,19,0,0,0,5.66174098423549,"[0.0, 5.66174098423549]",5.66174098423549,2.857142857142857,5.66174098423549,3.6166666666666587,0,1,0,51.006763346493244,5.66174098423549e-06,217,1,0
172,57,25,0,0,0,5.566438947405135,"[0.0, 5.566438947405135]",5.566438947405135,2.857142857142857,5.566438947405135,3.4499999999999926,0,1,0,49.71706195175648,5.566438947405135e-06,207,1,0
172,58,26,0,0,0,5.559065682547433,"[0.0, 5.559065682547433]",5.559065682547433,2.857142857142857,5.559065682547433,3.433333333333326,0,1,0,49.581686824560165,5.559065682547433e-06,206,1,0
172,59,53,0,0,0,5.347943987165179,"[0.0, 5.347943987165179]",5.347943987165179,2.857142857142857,5.347943987165179,6.399999999999983,0,1,0,48.00241897528758,5.347943987165179e-06,384,1,0
172,60,8,0,0,0,2.8231375558035716,"[0.0, 2.8231375558035716]",2.8231375558035716,0.0,2.8231375558035716,5.033333333333321,0,1,0,40.52988475692109,2.8231375558035718e-06,302,1,0
172,61,12,0,0,0,2.1124976021902904,"[0.0, 2.1124976021902904]",2.1124976021902904,0.0,2.1124976021902904,5.016666666666654,0,1,0,7.716096894670045,2.1124976021902903e-06,301,1,0
172,62,50,0,0,0,2.0546722412109375,"[0.0, 2.0546722412109375]",2.0546722412109375,0.0,2.0546722412109375,5.016666666666654,0,1,0,7.807395610107051,2.0546722412109375e-06,301,1,0
172,63,57,0,0,0,1.871425083705357,"[0.0, 1.871425083705357]",1.871425083705357,0.0,1.871425083705357,5.016666666666654,0,1,0,5.1753484744695015,1.871425083705357e-06,301,1,0
172,64,21,0,0,0,1.8709618704659599,"[0.0, 1.8709618704659599]",1.8709618704659599,0.0,1.8709618704659599,5.016666666666654,0,1,0,5.1753653472987935,1.87096187046596e-06,301,1,0
173,1,0,0,1,1,15.35921369280134,"[0.0, 15.35921369280134]",15.35921369280134,14.285714285714285,15.35921369280134,6.866666666666648,0,1,0,131.8931434303522,1.5359213692801342e-05,412,1,0
173,2,60,0,1,1,15.353813171386719,"[0.0, 15.353813171386719]",15.353813171386719,14.285714285714285,15.353813171386719,6.799999999999981,0,1,0,131.66765888035297,1.535381317138672e-05,408,1,0
173,3,1,0,1,1,15.310151236397878,"[0.0, 15.310151236397878]",15.310151236397878,14.285714285714285,15.310151236397878,6.833333333333314,0,1,0,132.4369699060917,1.5310151236397877e-05,410,1,0
173,4,2,0,1,1,15.303148542131698,"[0.0, 15.303148542131698]",15.303148542131698,14.285714285714285,15.303148542131698,6.833333333333314,0,1,0,132.20882841944695,1.53031485421317e-05,410,1,0
173,5,3,0,1,1,15.294859749930245,"[0.0, 15.294859749930245]",15.294859749930245,14.285714285714285,15.294859749930245,7.6333333333333115,0,1,0,132.13661579042673,1.5294859749930245e-05,458,1,0
173,6,4,0,1,1,15.288293021065849,"[0.0, 15.288293021065849]",15.288293021065849,14.285714285714285,15.288293021065849,6.783333333333315,0,1,0,133.89991910755634,1.528829302106585e-05,407,1,0
173,7,5,0,1,1,15.274674551827566,"[0.0, 15.274674551827566]",15.274674551827566,14.285714285714285,15.274674551827566,6.933333333333314,0,1,0,130.93337234854698,1.5274674551827566e-05,416,1,0
173,8,6,0,1,1,15.222484043666295,"[0.0, 15.222484043666295]",15.222484043666295,14.285714285714285,15.222484043666295,6.766666666666648,0,1,0,132.11374954879284,1.5222484043666295e-05,406,1,0
173,9,7,0,0,1,15.207454136439733,"[0.0, 15.207454136439733]",15.207454136439733,14.285714285714285,15.207454136439733,7.98333333333331,0,1,0,130.28384825587273,1.5207454136439732e-05,479,1,0
173,10,62,0,0,1,15.182969229561941,"[0.0, 15.182969229561941]",15.182969229561941,14.285714285714285,15.182969229561941,6.783333333333315,0,1,0,132.14267280697823,1.5182969229561941e-05,407,1,0
173,11,15,0,0,1,11.006862095424106,"[0.0, 11.006862095424106]",11.006862095424106,8.571428571428571,11.006862095424106,5.749999999999985,0,1,0,97.52436611056328,1.1006862095424107e-05,345,1,0
173,12,53,0,0,1,10.691819872174944,"[0.0, 10.691819872174944]",10.691819872174944,8.571428571428571,10.691819872174944,5.616666666666652,0,1,0,96.0273954719305,1.0691819872174945e-05,337,1,0
173,13,44,0,0,1,10.484068734305245,"[0.0, 10.484068734305245]",10.484068734305245,8.571428571428571,10.484068734305245,5.799999999999985,0,1,0,96.68587744235992,1.0484068734305245e-05,348,1,0
173,14,52,0,0,1,10.422782897949219,"[0.0, 10.422782897949219]",10.422782897949219,8.571428571428571,10.422782897949219,6.6999999999999815,0,1,0,100.75760161876678,1.042278289794922e-05,402,1,0
173,15,47,0,0,1,10.415458679199219,"[0.0, 10.415458679199219]",10.415458679199219,8.571428571428571,10.415458679199219,3.349999999999993,0,1,0,88.99992142617702,1.0415458679199219e-05,201,1,0
173,16,26,0,0,1,10.41116714477539,"[0.0, 10.41116714477539]",10.41116714477539,8.571428571428571,10.41116714477539,3.383333333333326,0,1,0,89.91477546095848,1.041116714477539e-05,203,1,0
173,17,48,0,0,1,10.328998565673828,"[0.0, 10.328998565673828]",10.328998565673828,8.571428571428571,10.328998565673828,5.566666666666652,0,1,0,93.7178285419941,1.0328998565673829e-05,334,1,0
173,18,24,0,0,1,10.315388270786832,"[0.0, 10.315388270786832]",10.315388270786832,8.571428571428571,10.315388270786832,5.566666666666652,0,1,0,96.92957362532616,1.0315388270786831e-05,334,1,0
173,19,51,0,0,1,10.216890062604632,"[0.0, 10.216890062604632]",10.216890062604632,8.571428571428571,10.216890062604632,5.833333333333318,0,1,0,95.67036347091198,1.0216890062604632e-05,350,1,0
173,20,61,0,0,1,10.153988429478236,"[0.0, 10.153988429478236]",10.153988429478236,8.571428571428571,10.153988429478236,5.466666666666653,0,1,0,94.21688856184483,1.0153988429478236e-05,328,1,0
173,21,22,0,0,1,10.134716033935547,"[0.0, 10.134716033935547]",10.134716033935547,8.571428571428571,10.134716033935547,5.466666666666653,0,1,0,94.21713270246983,1.0134716033935547e-05,328,1,0
173,22,33,0,0,1,10.089364733014788,"[0.0, 10.089364733014788]",10.089364733014788,8.571428571428571,10.089364733014788,5.549999999999986,0,1,0,95.83666668832302,1.0089364733014788e-05,333,1,0
173,23,21,0,0,1,10.077664511544365,"[0.0, 10.077664511544365]",10.077664511544365,8.571428571428571,10.077664511544365,5.399999999999986,0,1,0,93.2717017531395,1.0077664511544364e-05,324,1,0
173,24,59,0,0,1,10.048550197056363,"[0.0, 10.048550197056363]",10.048550197056363,8.571428571428571,10.048550197056363,5.449999999999986,0,1,0,94.21356715261936,1.0048550197056363e-05,327,1,0
173,25,35,0,0,1,10.016076224190847,"[0.0, 10.016076224190847]",10.016076224190847,8.571428571428571,10.016076224190847,3.2833333333333266,0,1,0,85.82956916093826,1.0016076224190847e-05,197,1,0
173,26,63,0,0,1,9.966934749058314,"[0.0, 9.966934749058314]",9.966934749058314,8.571428571428571,9.966934749058314,3.3333333333333264,0,1,0,88.29595547914505,9.966934749058314e-06,200,1,0
173,27,58,0,0,1,9.946049281529017,"[0.0, 9.946049281529017]",9.946049281529017,8.571428571428571,9.946049281529017,3.299999999999993,0,1,0,86.89542277157307,9.946049281529017e-06,198,1,0
173,28,12,0,0,1,9.917613438197545,"[0.0, 9.917613438197545]",9.917613438197545,8.571428571428571,9.917613438197545,3.2833333333333266,0,1,0,86.19836668670177,9.917613438197545e-06,197,1,0
173,29,46,0,0,1,9.899940490722656,"[0.0, 9.899940490722656]",9.899940490722656,8.571428571428571,9.899940490722656,3.3166666666666598,0,1,0,87.59455861151218,9.899940490722655e-06,199,1,0
173,30,31,0,0,1,9.64402335030692,"[0.0, 9.64402335030692]",9.64402335030692,8.571428571428571,9.64402335030692,5.349999999999986,0,1,0,89.09338045120239,9.64402335030692e-06,321,1,0
173,31,11,0,0,1,9.60099356515067,"[0.0, 9.60099356515067]",9.60099356515067,8.571428571428571,9.60099356515067,5.366666666666653,0,1,0,89.8036685436964,9.60099356515067e-06,322,1,0
173,32,29,0,0,1,9.375313350132533,"[0.0, 9.375313350132533]",9.375313350132533,8.571428571428571,9.375313350132533,3.2499999999999933,0,1,0,84.81104697287083,9.375313350132533e-06,195,1,0
173,33,41,0,0,0,9.032061440604073,"[0.0, 9.032061440604073]",9.032061440604073,8.571428571428571,9.032061440604073,3.1999999999999935,0,1,0,82.74696427583694,9.032061440604074e-06,192,1,0
173,34,13,0,0,0,8.923912048339844,"[0.0, 8.923912048339844]",8.923912048339844,8.571428571428571,8.923912048339844,3.21666666666666,0,1,0,83.43252021074295,8.923912048339844e-06,193,1,0
173,35,32,0,0,0,8.748141697474889,"[0.0, 8.748141697474889]",8.748141697474889,8.571428571428571,8.748141697474889,6.866666666666648,0,1,0,63.073736472579185,8.748141697474888e-06,412,1,0
173,36,39,0,0,0,8.670757838657924,"[0.0, 8.670757838657924]",8.670757838657924,8.571428571428571,8.670757838657924,3.6166666666666587,0,1,0,84.33959056437016,8.670757838657923e-06,217,1,0
173,37,28,0,0,0,8.641853332519531,"[0.0, 8.641853332519531]",8.641853332519531,8.571428571428571,8.641853332519531,3.1999999999999935,0,1,0,82.7471449226141,8.641853332519532e-06,192,1,0
173,38,10,0,0,0,8.103901999337333,"[0.0, 8.103901999337333]",8.103901999337333,5.714285714285714,8.103901999337333,4.666666666666655,0,1,0,81.16141484677792,8.103901999337333e-06,280,1,0
173,39,57,0,0,0,7.708734784807477,"[0.0, 7.708734784807477]",7.708734784807477,5.714285714285714,7.708734784807477,5.016666666666654,0,1,0,79.05187873542309,7.708734784807477e-06,301,1,0
173,40,38,0,0,0,7.473272596086774,"[0.0, 7.473272596086774]",7.473272596086774,5.714285714285714,7.473272596086774,4.9166666666666545,0,1,0,76.49554671347141,7.4732725960867745e-06,295,1,0
173,41,36,0,0,0,7.374856131417411,"[0.0, 7.374856131417411]",7.374856131417411,5.714285714285714,7.374856131417411,2.9999999999999942,0,1,0,74.69346635043621,7.374856131417411e-06,180,1,0
173,42,23,0,0,0,6.496952601841517,"[0.0, 6.496952601841517]",6.496952601841517,5.714285714285714,6.496952601841517,7.366666666666646,0,1,0,58.72079403938551,6.496952601841517e-06,442,1,0
173,43,18,0,0,0,6.214735848563057,"[0.0, 6.214735848563057]",6.214735848563057,5.714285714285714,6.214735848563057,7.24999999999998,0,1,0,56.79537885620084,6.214735848563057e-06,435,1,0
173,44,55,0,0,0,6.177678789411272,"[0.0, 6.177678789411272]",6.177678789411272,5.714285714285714,6.177678789411272,7.316666666666646,0,1,0,57.63257321341371,6.177678789411272e-06,439,1,0
173,45,27,0,0,0,5.739419119698661,"[0.0, 5.739419119698661]",5.739419119698661,5.714285714285714,5.739419119698661,3.766666666666658,0,1,0,52.08821200579405,5.739419119698661e-06,226,1,0
173,46,54,0,0,0,5.736776079450335,"[0.0, 5.736776079450335]",5.736776079450335,5.714285714285714,5.736776079450335,3.766666666666658,0,1,0,52.061754174530506,5.736776079450335e-06,226,1,0
173,47,16,0,0,0,5.654912676130023,"[0.0, 5.654912676130023]",5.654912676130023,2.857142857142857,5.654912676130023,3.566666666666659,0,1,0,50.89757710695267,5.654912676130023e-06,214,1,0
173,48,9,0,0,0,5.630771092006139,"[0.0, 5.630771092006139]",5.630771092006139,2.857142857142857,5.630771092006139,3.5499999999999923,0,1,0,50.50598245859146,5.6307710920061386e-06,213,1,0
173,49,8,0,0,0,5.612613133021763,"[0.0, 5.612613133021763]",5.612613133021763,2.857142857142857,5.612613133021763,3.516666666666659,0,1,0,50.24833695590496,5.612613133021763e-06,211,1,0
173,50,56,0,0,0,5.544918605259486,"[0.0, 5.544918605259486]",5.544918605259486,2.857142857142857,5.544918605259486,3.3333333333333264,0,1,0,49.294664323329926,5.544918605259486e-06,200,1,0
173,51,40,0,0,0,5.487333025251116,"[0.0, 5.487333025251116]",5.487333025251116,2.857142857142857,5.487333025251116,3.3166666666666598,0,1,0,48.59339599311352,5.487333025251116e-06,199,1,0
173,52,17,0,0,0,5.276652744838169,"[0.0, 5.276652744838169]",5.276652744838169,2.857142857142857,5.276652744838169,3.049999999999994,0,1,0,46.0930645018816,5.276652744838169e-06,183,1,0
173,53,49,0,0,0,5.221268790108817,"[0.0, 5.221268790108817]",5.221268790108817,2.857142857142857,5.221268790108817,2.9833333333333276,0,1,0,45.41383507847786,5.221268790108817e-06,179,1,0
173,54,42,0,0,0,5.171170915876115,"[0.0, 5.171170915876115]",5.171170915876115,2.857142857142857,5.171170915876115,2.883333333333328,0,1,0,44.62829028069973,5.171170915876115e-06,173,1,0
173,55,30,0,0,0,5.08338383265904,"[0.0, 5.08338383265904]",5.08338383265904,2.857142857142857,5.08338383265904,2.8166666666666615,0,1,0,43.61934041976929,5.08338383265904e-06,169,1,0
173,56,37,0,0,0,4.726753234863281,"[0.0, 4.726753234863281]",4.726753234863281,2.857142857142857,4.726753234863281,2.466666666666663,0,1,0,38.839612647891045,4.726753234863281e-06,148,1,0
173,57,14,0,0,0,3.6863218035016745,"[0.0, 3.6863218035016745]",3.6863218035016745,2.857142857142857,3.6863218035016745,5.516666666666652,0,1,0,26.072565532500448,3.6863218035016745e-06,331,1,0
173,58,25,0,0,0,2.8197097778320312,"[0.0, 2.8197097778320312]",2.8197097778320312,0.0,2.8197097778320312,5.049999999999987,0,1,0,40.895541264268104,2.8197097778320312e-06,303,1,0
173,59,43,0,0,0,2.132535661969866,"[0.0, 2.132535661969866]",2.132535661969866,0.0,2.132535661969866,5.016666666666654,0,1,0,7.99538431721885,2.132535661969866e-06,301,1,0
173,60,34,0,0,0,2.11158207484654,"[0.0, 2.11158207484654]",2.11158207484654,0.0,2.11158207484654,5.016666666666654,0,1,0,7.706094116932945,2.1115820748465398e-06,301,1,0
173,61,19,0,0,0,2.1058382306780135,"[0.0, 2.1058382306780135]",2.1058382306780135,0.0,2.1058382306780135,5.016666666666654,0,1,0,7.724343827700068,2.1058382306780137e-06,301,1,0
173,62,50,0,0,0,2.1032660348074774,"[0.0, 2.1032660348074774]",2.1032660348074774,0.0,2.1032660348074774,5.016666666666654,0,1,0,7.721785483197891,2.1032660348074774e-06,301,1,0
173,63,20,0,0,0,1.8935176304408483,"[0.0, 1.8935176304408483]",1.8935176304408483,0.0,1.8935176304408483,5.016666666666654,0,1,0,5.33587074407842,1.8935176304408482e-06,301,1,0
173,64,45,0,0,0,1.8757683890206471,"[0.0, 1.8757683890206471]",1.8757683890206471,0.0,1.8757683890206471,5.016666666666654,0,1,0,5.17400839633774,1.8757683890206472e-06,301,1,0
174,1,0,0,1,1,15.35921369280134,"[0.0, 15.35921369280134]",15.35921369280134,14.285714285714285,15.35921369280134,6.866666666666648,0,1,0,131.8931434303522,1.5359213692801342e-05,412,1,0
174,2,1,0,1,1,15.353813171386719,"[0.0, 15.353813171386719]",15.353813171386719,14.285714285714285,15.353813171386719,6.799999999999981,0,1,0,131.66765888035297,1.535381317138672e-05,408,1,0
174,3,2,0,1,1,15.310151236397878,"[0.0, 15.310151236397878]",15.310151236397878,14.285714285714285,15.310151236397878,6.833333333333314,0,1,0,132.4369699060917,1.5310151236397877e-05,410,1,0
174,4,3,0,1,1,15.303148542131698,"[0.0, 15.303148542131698]",15.303148542131698,14.285714285714285,15.303148542131698,6.833333333333314,0,1,0,132.20882841944695,1.53031485421317e-05,410,1,0
174,5,4,0,1,1,15.294859749930245,"[0.0, 15.294859749930245]",15.294859749930245,14.285714285714285,15.294859749930245,7.6333333333333115,0,1,0,132.13661579042673,1.5294859749930245e-05,458,1,0
174,6,5,0,1,1,15.288293021065849,"[0.0, 15.288293021065849]",15.288293021065849,14.285714285714285,15.288293021065849,6.783333333333315,0,1,0,133.89991910755634,1.528829302106585e-05,407,1,0
174,7,6,0,1,1,15.274674551827566,"[0.0, 15.274674551827566]",15.274674551827566,14.285714285714285,15.274674551827566,6.933333333333314,0,1,0,130.93337234854698,1.5274674551827566e-05,416,1,0
174,8,7,0,1,1,15.222484043666295,"[0.0, 15.222484043666295]",15.222484043666295,14.285714285714285,15.222484043666295,6.766666666666648,0,1,0,132.11374954879284,1.5222484043666295e-05,406,1,0
174,9,61,0,0,1,15.075580051967075,"[0.0, 15.075580051967075]",15.075580051967075,14.285714285714285,15.075580051967075,6.749999999999981,0,1,0,131.3266026675701,1.5075580051967074e-05,405,1,0
174,10,36,0,0,1,14.668001447405135,"[0.0, 14.668001447405135]",14.668001447405135,14.285714285714285,14.668001447405135,6.666666666666648,0,1,0,129.41373401880264,1.4668001447405136e-05,400,1,0
174,11,47,0,0,1,14.595696585518972,"[0.0, 14.595696585518972]",14.595696585518972,14.285714285714285,14.595696585518972,9.183333333333369,0,1,0,136.5623055229953,1.4595696585518973e-05,551,1,0
174,12,10,0,0,1,14.536890302385602,"[0.0, 14.536890302385602]",14.536890302385602,14.285714285714285,14.536890302385602,9.283333333333374,0,1,0,136.96587811496283,1.4536890302385603e-05,557,1,0
174,13,8,0,0,1,14.220085144042969,"[0.0, 14.220085144042969]",14.220085144042969,11.428571428571429,14.220085144042969,6.599999999999982,0,1,0,124.99883663654327,1.4220085144042969e-05,396,1,0
174,14,63,0,0,1,13.81671905517578,"[0.0, 13.81671905517578]",13.81671905517578,11.428571428571429,13.81671905517578,6.5333333333333155,0,1,0,123.80900713801384,1.381671905517578e-05,392,1,0
174,15,26,0,0,1,13.610006059919085,"[0.0, 13.610006059919085]",13.610006059919085,11.428571428571429,13.610006059919085,6.5333333333333155,0,1,0,122.39912556111813,1.3610006059919085e-05,392,1,0
174,16,23,0,0,1,11.651763916015625,"[0.0, 11.651763916015625]",11.651763916015625,11.428571428571429,11.651763916015625,6.11666666666665,0,1,0,102.22776956111193,1.1651763916015625e-05,367,1,0
174,17,12,0,0,1,11.04635783604213,"[0.0, 11.04635783604213]",11.04635783604213,8.571428571428571,11.04635783604213,5.733333333333318,0,1,0,97.49852232635021,1.104635783604213e-05,344,1,0
174,18,24,0,0,1,10.90878895350865,"[0.0, 10.90878895350865]",10.90878895350865,8.571428571428571,10.90878895350865,5.699999999999985,0,1,0,99.45987902581692,1.090878895350865e-05,342,1,0
174,19,38,0,0,1,10.765549795968193,"[0.0, 10.765549795968193]",10.765549795968193,8.571428571428571,10.765549795968193,5.716666666666652,0,1,0,97.34930789470673,1.0765549795968193e-05,343,1,0
174,20,22,0,0,1,10.618950980050224,"[0.0, 10.618950980050224]",10.618950980050224,8.571428571428571,10.618950980050224,5.583333333333319,0,1,0,96.72309938073158,1.0618950980050225e-05,335,1,0
174,21,49,0,0,1,10.46053205217634,"[0.0, 10.46053205217634]",10.46053205217634,8.571428571428571,10.46053205217634,5.533333333333319,0,1,0,93.11046887934208,1.046053205217634e-05,332,1,0
174,22,11,0,0,1,10.330753326416016,"[0.0, 10.330753326416016]",10.330753326416016,8.571428571428571,10.330753326416016,3.4166666666666594,0,1,0,88.74369353055954,1.0330753326416016e-05,205,1,0
174,23,20,0,0,1,10.283996037074498,"[0.0, 10.283996037074498]",10.283996037074498,8.571428571428571,10.283996037074498,3.3666666666666596,0,1,0,89.70577850937843,1.0283996037074497e-05,202,1,0
174,24,14,0,0,1,10.282464708600724,"[0.0, 10.282464708600724]",10.282464708600724,8.571428571428571,10.282464708600724,3.683333333333325,0,1,0,89.05908115208149,1.0282464708600723e-05,221,1,0
174,25,37,0,0,1,10.280129568917411,"[0.0, 10.280129568917411]",10.280129568917411,8.571428571428571,10.280129568917411,3.349999999999993,0,1,0,89.00000949203968,1.0280129568917412e-05,201,1,0
174,26,18,0,0,1,10.261898040771484,"[0.0, 10.261898040771484]",10.261898040771484,8.571428571428571,10.261898040771484,3.3666666666666596,0,1,0,89.70571748912334,1.0261898040771484e-05,202,1,0
174,27,51,0,0,1,10.257857186453682,"[0.0, 10.257857186453682]",10.257857186453682,8.571428571428571,10.257857186453682,5.483333333333319,0,1,0,93.45128355920315,1.0257857186453683e-05,329,1,0
174,28,54,0,0,1,10.247884477887835,"[0.0, 10.247884477887835]",10.247884477887835,8.571428571428571,10.247884477887835,5.599999999999985,0,1,0,96.09916369616985,1.0247884477887835e-05,336,1,0
174,29,27,0,0,1,10.21824700491769,"[0.0, 10.21824700491769]",10.21824700491769,8.571428571428571,10.21824700491769,5.483333333333319,0,1,0,94.66537758708,1.0218247004917689e-05,329,1,0
174,30,57,0,0,1,9.71888678414481,"[0.0, 9.71888678414481]",9.71888678414481,8.571428571428571,9.71888678414481,3.26666666666666,0,1,0,85.50353755056858,9.718886784144811e-06,196,1,0
174,31,19,0,0,1,9.565399714878627,"[0.0, 9.565399714878627]",9.565399714878627,8.571428571428571,9.565399714878627,6.916666666666647,0,1,0,87.1891879811883,9.565399714878627e-06,415,1,0
174,32,55,0,0,1,9.53254154750279,"[0.0, 9.53254154750279]",9.53254154750279,8.571428571428571,9.53254154750279,3.299999999999993,0,1,0,85.99459759891033,9.53254154750279e-06,198,1,0
174,33,45,0,0,0,9.076628003801618,"[0.0, 9.076628003801618]",9.076628003801618,8.571428571428571,9.076628003801618,3.21666666666666,0,1,0,83.43279026448727,9.076628003801618e-06,193,1,0
174,34,31,0,0,0,9.06386239188058,"[0.0, 9.06386239188058]",9.06386239188058,8.571428571428571,9.06386239188058,3.2333333333333267,0,1,0,84.1208119392395,9.06386239188058e-06,194,1,0
174,35,35,0,0,0,8.810007912772043,"[0.0, 8.810007912772043]",8.810007912772043,8.571428571428571,8.810007912772043,3.6333333333333253,0,1,0,84.4803016781807,8.810007912772043e-06,218,1,0
174,36,42,0,0,0,8.775032588413783,"[0.0, 8.775032588413783]",8.775032588413783,8.571428571428571,8.775032588413783,3.21666666666666,0,1,0,83.43257716298103,8.775032588413782e-06,193,1,0
174,37,40,0,0,0,8.68025643484933,"[0.0, 8.68025643484933]",8.68025643484933,8.571428571428571,8.68025643484933,7.133333333333313,0,1,0,64.56333673009067,8.680256434849329e-06,428,1,0
174,38,16,0,0,0,8.34531239100865,"[0.0, 8.34531239100865]",8.34531239100865,5.714285714285714,8.34531239100865,7.316666666666646,0,1,0,57.633733210808714,8.34531239100865e-06,439,1,0
174,39,32,0,0,0,8.342293330601283,"[0.0, 8.342293330601283]",8.342293330601283,5.714285714285714,8.342293330601283,5.049999999999987,0,1,0,57.3195939399302,8.342293330601283e-06,303,1,0
174,40,62,0,0,0,8.165294102260043,"[0.0, 8.165294102260043]",8.165294102260043,5.714285714285714,8.165294102260043,7.383333333333312,0,1,0,58.27475722786039,8.165294102260043e-06,443,1,0
174,41,28,0,0,0,8.093177250453405,"[0.0, 8.093177250453405]",8.093177250453405,5.714285714285714,8.093177250453405,3.133333333333327,0,1,0,80.02504390478134,8.093177250453405e-06,188,1,0
174,42,46,0,0,0,7.831873212541852,"[0.0, 7.831873212541852]",7.831873212541852,5.714285714285714,7.831873212541852,3.099999999999994,0,1,0,78.67916485667229,7.831873212541852e-06,186,1,0
174,43,50,0,0,0,6.724461146763392,"[0.0, 6.724461146763392]",6.724461146763392,5.714285714285714,6.724461146763392,2.633333333333329,0,1,0,60.80401648581028,6.724461146763393e-06,158,1,0
174,44,53,0,0,0,6.363514491489955,"[0.0, 6.363514491489955]",6.363514491489955,5.714285714285714,6.363514491489955,7.366666666666646,0,1,0,58.58176875430945,6.363514491489955e-06,442,1,0
174,45,48,0,0,0,6.354206630161831,"[0.0, 6.354206630161831]",6.354206630161831,5.714285714285714,6.354206630161831,7.499999999999979,0,1,0,59.47590446524555,6.3542066301618305e-06,450,1,0
174,46,9,0,0,0,6.330021449497767,"[0.0, 6.330021449497767]",6.330021449497767,5.714285714285714,6.330021449497767,7.316666666666646,0,1,0,57.63265960426361,6.330021449497767e-06,439,1,0
174,47,33,0,0,0,6.310359409877233,"[0.0, 6.310359409877233]",6.310359409877233,5.714285714285714,6.310359409877233,7.316666666666646,0,1,0,57.63365077457274,6.3103594098772324e-06,439,1,0
174,48,52,0,0,0,6.20190211704799,"[0.0, 6.20190211704799]",6.20190211704799,5.714285714285714,6.20190211704799,7.316666666666646,0,1,0,57.41888245410519,6.20190211704799e-06,439,1,0
174,49,29,0,0,0,6.130948747907365,"[0.0, 6.130948747907365]",6.130948747907365,5.714285714285714,6.130948747907365,7.316666666666646,0,1,0,57.63279009751568,6.130948747907365e-06,439,1,0
174,50,58,0,0,0,5.987799508231027,"[0.0, 5.987799508231027]",5.987799508231027,5.714285714285714,5.987799508231027,4.533333333333323,0,1,0,55.93444526940584,5.9877995082310265e-06,272,1,0
174,51,34,0,0,0,5.947156633649554,"[0.0, 5.947156633649554]",5.947156633649554,5.714285714285714,5.947156633649554,2.4333333333333296,0,1,0,53.722871109843254,5.947156633649554e-06,146,1,0
174,52,59,0,0,0,5.802149091448102,"[0.0, 5.802149091448102]",5.802149091448102,5.714285714285714,5.802149091448102,6.099999999999984,0,1,0,50.34324273742095,5.802149091448103e-06,366,1,0
174,53,44,0,0,0,5.778775896344866,"[0.0, 5.778775896344866]",5.778775896344866,5.714285714285714,5.778775896344866,3.7999999999999914,0,1,0,52.45355738699436,5.778775896344866e-06,228,1,0
174,54,39,0,0,0,5.775184631347656,"[0.0, 5.775184631347656]",5.775184631347656,5.714285714285714,5.775184631347656,3.816666666666658,0,1,0,52.56194652616978,5.775184631347656e-06,229,1,0
174,55,17,0,0,0,5.559850420270648,"[0.0, 5.559850420270648]",5.559850420270648,2.857142857142857,5.559850420270648,3.433333333333326,0,1,0,49.581022933125496,5.559850420270647e-06,206,1,0
174,56,43,0,0,0,5.419763837541853,"[0.0, 5.419763837541853]",5.419763837541853,2.857142857142857,5.419763837541853,3.2333333333333267,0,1,0,47.84895968437195,5.419763837541853e-06,194,1,0
174,57,30,0,0,0,5.296925136021206,"[0.0, 5.296925136021206]",5.296925136021206,2.857142857142857,5.296925136021206,3.0666666666666607,0,1,0,46.33083117008209,5.296925136021206e-06,184,1,0
174,58,15,0,0,0,5.245475769042969,"[0.0, 5.245475769042969]",5.245475769042969,2.857142857142857,5.245475769042969,3.016666666666661,0,1,0,45.75597761571407,5.245475769042969e-06,181,1,0
174,59,41,0,0,0,5.195345197405134,"[0.0, 5.195345197405134]",5.195345197405134,2.857142857142857,5.195345197405134,2.9499999999999944,0,1,0,45.066756933927536,5.195345197405134e-06,177,1,0
174,60,13,0,0,0,5.072228567940848,"[0.0, 5.072228567940848]",5.072228567940848,2.857142857142857,5.072228567940848,2.116666666666664,0,1,0,43.25598315894604,5.072228567940848e-06,127,1,0
174,61,60,0,0,0,4.374024527413504,"[0.0, 4.374024527413504]",4.374024527413504,2.857142857142857,4.374024527413504,6.933333333333314,0,1,0,33.762471333342546,4.374024527413504e-06,416,1,0
174,62,25,0,0,0,2.82538822719029,"[0.0, 2.82538822719029]",2.82538822719029,0.0,2.82538822719029,5.13333333333332,0,1,0,40.8366492082132,2.82538822719029e-06,308,1,0
174,63,56,0,0,0,2.1930040631975447,"[0.0, 2.1930040631975447]",2.1930040631975447,0.0,2.1930040631975447,5.016666666666654,0,1,0,8.644119649899949,2.1930040631975446e-06,301,1,0
174,64,21,0,0,0,1.869997297014509,"[0.0, 1.869997297014509]",1.869997297014509,0.0,1.869997297014509,5.016666666666654,0,1,0,5.182291314587928,1.869997297014509e-06,301,1,0
175,1,0,0,1,1,15.35921369280134,"[0.0, 15.35921369280134]",15.35921369280134,14.285714285714285,15.35921369280134,6.866666666666648,0,1,0,131.8931434303522,1.5359213692801342e-05,412,1,0
175,2,1,0,1,1,15.353813171386719,"[0.0, 15.353813171386719]",15.353813171386719,14.285714285714285,15.353813171386719,6.799999999999981,0,1,0,131.66765888035297,1.535381317138672e-05,408,1,0
175,3,63,0,1,1,15.31998770577567,"[0.0, 15.31998770577567]",15.31998770577567,14.285714285714285,15.31998770577567,6.866666666666648,0,1,0,133.35605366528034,1.5319987705775672e-05,412,1,0
175,4,2,0,1,1,15.310151236397878,"[0.0, 15.310151236397878]",15.310151236397878,14.285714285714285,15.310151236397878,6.833333333333314,0,1,0,132.4369699060917,1.5310151236397877e-05,410,1,0
175,5,3,0,1,1,15.303148542131698,"[0.0, 15.303148542131698]",15.303148542131698,14.285714285714285,15.303148542131698,6.833333333333314,0,1,0,132.20882841944695,1.53031485421317e-05,410,1,0
175,6,4,0,1,1,15.294859749930245,"[0.0, 15.294859749930245]",15.294859749930245,14.285714285714285,15.294859749930245,7.6333333333333115,0,1,0,132.13661579042673,1.5294859749930245e-05,458,1,0
175,7,5,0,1,1,15.288293021065849,"[0.0, 15.288293021065849]",15.288293021065849,14.285714285714285,15.288293021065849,6.783333333333315,0,1,0,133.89991910755634,1.528829302106585e-05,407,1,0
175,8,6,0,1,1,15.274674551827566,"[0.0, 15.274674551827566]",15.274674551827566,14.285714285714285,15.274674551827566,6.933333333333314,0,1,0,130.93337234854698,1.5274674551827566e-05,416,1,0
175,9,7,0,0,1,15.222484043666295,"[0.0, 15.222484043666295]",15.222484043666295,14.285714285714285,15.222484043666295,6.766666666666648,0,1,0,132.11374954879284,1.5222484043666295e-05,406,1,0
175,10,10,0,0,1,15.021563938685825,"[0.0, 15.021563938685825]",15.021563938685825,14.285714285714285,15.021563938685825,6.9999999999999805,0,1,0,130.14718874543905,1.5021563938685825e-05,420,1,0
175,11,39,0,0,1,14.99765123639788,"[0.0, 14.99765123639788]",14.99765123639788,14.285714285714285,14.99765123639788,6.716666666666648,0,1,0,129.57080037891865,1.499765123639788e-05,403,1,0
175,12,48,0,0,1,11.573889596121651,"[0.0, 11.573889596121651]",11.573889596121651,11.428571428571429,11.573889596121651,6.21666666666665,0,1,0,104.83898816257715,1.157388959612165e-05,373,1,0
175,13,32,0,0,1,11.40653337751116,"[0.0, 11.40653337751116]",11.40653337751116,8.571428571428571,11.40653337751116,5.833333333333318,0,1,0,99.37815634906292,1.140653337751116e-05,350,1,0
175,14,37,0,0,1,11.329950605119977,"[0.0, 11.329950605119977]",11.329950605119977,8.571428571428571,11.329950605119977,5.783333333333318,0,1,0,100.92435358464718,1.1329950605119978e-05,347,1,0
175,15,42,0,0,1,11.316056932721818,"[0.0, 11.316056932721818]",11.316056932721818,8.571428571428571,11.316056932721818,5.999999999999984,0,1,0,101.8757768496871,1.1316056932721817e-05,360,1,0
175,16,58,0,0,1,11.100125994001116,"[0.0, 11.100125994001116]",11.100125994001116,8.571428571428571,11.100125994001116,5.833333333333318,0,1,0,100.09089271724224,1.1100125994001116e-05,350,1,0
175,17,44,0,0,1,10.96479960850307,"[0.0, 10.96479960850307]",10.96479960850307,8.571428571428571,10.96479960850307,5.733333333333318,0,1,0,98.1030186265707,1.096479960850307e-05,344,1,0
175,18,33,0,0,1,10.68174089704241,"[0.0, 10.68174089704241]",10.68174089704241,8.571428571428571,10.68174089704241,4.3666666666666565,0,1,0,92.94281142950058,1.068174089704241e-05,262,1,0
175,19,35,0,0,1,10.534485408238002,"[0.0, 10.534485408238002]",10.534485408238002,8.571428571428571,10.534485408238002,5.633333333333319,0,1,0,95.94098818302155,1.0534485408238001e-05,338,1,0
175,20,40,0,0,1,10.473910740443639,"[0.0, 10.473910740443639]",10.473910740443639,8.571428571428571,10.473910740443639,5.483333333333319,0,1,0,93.68799437582493,1.047391074044364e-05,329,1,0
175,21,45,0,0,1,10.451226915631976,"[0.0, 10.451226915631976]",10.451226915631976,8.571428571428571,10.451226915631976,5.566666666666652,0,1,0,95.42048692703247,1.0451226915631976e-05,334,1,0
175,22,13,0,0,1,10.35607474190848,"[0.0, 10.35607474190848]",10.35607474190848,8.571428571428571,10.35607474190848,3.383333333333326,0,1,0,89.97044663131237,1.035607474190848e-05,203,1,0
175,23,34,0,0,1,10.293641771589007,"[0.0, 10.293641771589007]",10.293641771589007,8.571428571428571,10.293641771589007,3.383333333333326,0,1,0,90.41376854479313,1.0293641771589006e-05,203,1,0
175,24,17,0,0,1,10.229034423828125,"[0.0, 10.229034423828125]",10.229034423828125,8.571428571428571,10.229034423828125,3.3333333333333264,0,1,0,88.29611192643642,1.0229034423828125e-05,200,1,0
175,25,18,0,0,1,9.76259776524135,"[0.0, 9.76259776524135]",9.76259776524135,8.571428571428571,9.76259776524135,4.566666666666656,0,1,0,89.12605783343315,9.76259776524135e-06,274,1,0
175,26,9,0,0,1,9.676061357770648,"[0.0, 9.676061357770648]",9.676061357770648,8.571428571428571,9.676061357770648,3.26666666666666,0,1,0,85.50320941209793,9.676061357770647e-06,196,1,0
175,27,25,0,0,1,9.507261003766741,"[0.0, 9.507261003766741]",9.507261003766741,8.571428571428571,9.507261003766741,3.2833333333333266,0,1,0,85.58971799910069,9.507261003766742e-06,197,1,0
175,28,23,0,0,1,9.480748857770648,"[0.0, 9.480748857770648]",9.480748857770648,8.571428571428571,9.480748857770648,3.349999999999993,0,1,0,84.64870649576187,9.480748857770647e-06,201,1,0
175,29,49,0,0,1,9.368907383510045,"[0.0, 9.368907383510045]",9.368907383510045,8.571428571428571,9.368907383510045,3.3333333333333264,0,1,0,85.40628996491432,9.368907383510046e-06,200,1,0
175,30,16,0,0,1,9.3609619140625,"[0.0, 9.3609619140625]",9.3609619140625,8.571428571428571,9.3609619140625,3.26666666666666,0,1,0,85.50337000191212,9.3609619140625e-06,196,1,0
175,31,12,0,0,1,9.332831246512278,"[0.0, 9.332831246512278]",9.332831246512278,8.571428571428571,9.332831246512278,3.299999999999993,0,1,0,85.47582958638668,9.332831246512278e-06,198,1,0
175,32,50,0,0,1,9.266657148088727,"[0.0, 9.266657148088727]",9.266657148088727,8.571428571428571,9.266657148088727,3.26666666666666,0,1,0,85.03414629399776,9.266657148088728e-06,196,1,0
175,33,60,0,0,0,9.15374483380999,"[0.0, 9.15374483380999]",9.15374483380999,8.571428571428571,9.15374483380999,3.2499999999999933,0,1,0,84.81085248291492,9.15374483380999e-06,195,1,0
175,34,59,0,0,0,9.118949345179967,"[0.0, 9.118949345179967]",9.118949345179967,8.571428571428571,9.118949345179967,3.866666666666658,0,1,0,86.72448018193245,9.118949345179967e-06,232,1,0
175,35,20,0,0,0,9.054167611258372,"[0.0, 9.054167611258372]",9.054167611258372,8.571428571428571,9.054167611258372,3.21666666666666,0,1,0,83.4327929019928,9.054167611258372e-06,193,1,0
175,36,14,0,0,0,8.956647600446429,"[0.0, 8.956647600446429]",8.956647600446429,8.571428571428571,8.956647600446429,3.21666666666666,0,1,0,83.43234518170357,8.956647600446429e-06,193,1,0
175,37,11,0,0,0,8.787337711879186,"[0.0, 8.787337711879186]",8.787337711879186,8.571428571428571,8.787337711879186,3.21666666666666,0,1,0,83.43224057555199,8.787337711879185e-06,193,1,0
175,38,52,0,0,0,8.759732927594865,"[0.0, 8.759732927594865]",8.759732927594865,8.571428571428571,8.759732927594865,3.1999999999999935,0,1,0,82.74642081558704,8.759732927594865e-06,192,1,0
175,39,41,0,0,0,8.650330134800502,"[0.0, 8.650330134800502]",8.650330134800502,8.571428571428571,8.650330134800502,3.1999999999999935,0,1,0,82.74677969515324,8.650330134800502e-06,192,1,0
175,40,55,0,0,0,8.142986297607422,"[0.0, 8.142986297607422]",8.142986297607422,5.714285714285714,8.142986297607422,3.1499999999999937,0,1,0,80.70250277221203,8.142986297607421e-06,189,1,0
175,41,31,0,0,0,6.544075012207032,"[0.0, 6.544075012207032]",6.544075012207032,5.714285714285714,6.544075012207032,7.666666666666645,0,1,0,61.519842326204525,6.544075012207032e-06,460,1,0
175,42,61,0,0,0,6.495715550013951,"[0.0, 6.495715550013951]",6.495715550013951,5.714285714285714,6.495715550013951,7.416666666666646,0,1,0,59.34312518000661,6.495715550013952e-06,445,1,0
175,43,56,0,0,0,6.331269400460379,"[0.0, 6.331269400460379]",6.331269400460379,5.714285714285714,6.331269400460379,7.499999999999979,0,1,0,59.448299810756,6.331269400460379e-06,450,1,0
175,44,54,0,0,0,6.183030264718193,"[0.0, 6.183030264718193]",6.183030264718193,5.714285714285714,6.183030264718193,7.283333333333313,0,1,0,56.6510540467425,6.183030264718193e-06,437,1,0
175,45,27,0,0,0,5.839865548270089,"[0.0, 5.839865548270089]",5.839865548270089,5.714285714285714,5.839865548270089,4.533333333333323,0,1,0,54.138329561799765,5.83986554827009e-06,272,1,0
175,46,62,0,0,0,5.8208738054547995,"[0.0, 5.8208738054547995]",5.8208738054547995,5.714285714285714,5.8208738054547995,2.3833333333333298,0,1,0,52.00858882069588,5.820873805454799e-06,143,1,0
175,47,38,0,0,0,5.787315368652344,"[0.0, 5.787315368652344]",5.787315368652344,5.714285714285714,5.787315368652344,3.849999999999991,0,1,0,52.86614640802145,5.787315368652344e-06,231,1,0
175,48,57,0,0,0,5.773484366280692,"[0.0, 5.773484366280692]",5.773484366280692,5.714285714285714,5.773484366280692,3.816666666666658,0,1,0,52.56168896704912,5.773484366280692e-06,229,1,0
175,49,30,0,0,0,5.758519853864398,"[0.0, 5.758519853864398]",5.758519853864398,5.714285714285714,5.758519853864398,3.9333333333333242,0,1,0,52.39694697409868,5.758519853864398e-06,236,1,0
175,50,47,0,0,0,5.750519888741629,"[0.0, 5.750519888741629]",5.750519888741629,5.714285714285714,5.750519888741629,3.7999999999999914,0,1,0,52.279780626297,5.750519888741629e-06,228,1,0
175,51,29,0,0,0,5.725871494838169,"[0.0, 5.725871494838169]",5.725871494838169,5.714285714285714,5.725871494838169,3.733333333333325,0,1,0,51.838758043944836,5.725871494838169e-06,224,1,0
175,52,19,0,0,0,5.697931562151227,"[0.0, 5.697931562151227]",5.697931562151227,2.857142857142857,5.697931562151227,3.0333333333333274,0,1,0,51.110535725951195,5.697931562151228e-06,182,1,0
175,53,28,0,0,0,5.5413055419921875,"[0.0, 5.5413055419921875]",5.5413055419921875,2.857142857142857,5.5413055419921875,3.1499999999999937,0,1,0,47.587734028697014,5.541305541992188e-06,189,1,0
175,54,43,0,0,0,5.453534807477679,"[0.0, 5.453534807477679]",5.453534807477679,2.857142857142857,5.453534807477679,3.099999999999994,0,1,0,48.25692370533943,5.4535348074776784e-06,186,1,0
175,55,51,0,0,0,5.428804670061384,"[0.0, 5.428804670061384]",5.428804670061384,2.857142857142857,5.428804670061384,3.2499999999999933,0,1,0,48.00061385333538,5.4288046700613834e-06,195,1,0
175,56,24,0,0,0,5.3608213152204245,"[0.0, 5.3608213152204245]",5.3608213152204245,2.857142857142857,5.3608213152204245,2.2166666666666637,0,1,0,46.46070773899555,5.360821315220424e-06,133,1,0
175,57,15,0,0,0,5.115514482770648,"[0.0, 5.115514482770648]",5.115514482770648,2.857142857142857,5.115514482770648,6.633333333333315,0,1,0,64.46367386652855,5.115514482770648e-06,398,1,0
175,58,22,0,0,0,5.0934055873325885,"[0.0, 5.0934055873325885]",5.0934055873325885,2.857142857142857,5.0934055873325885,2.833333333333328,0,1,0,43.805745616555214,5.093405587332589e-06,170,1,0
175,59,53,0,0,0,5.037040710449219,"[0.0, 5.037040710449219]",5.037040710449219,2.857142857142857,5.037040710449219,2.7833333333333283,0,1,0,43.244458720088005,5.037040710449219e-06,167,1,0
175,60,46,0,0,0,4.929989406040736,"[0.0, 4.929989406040736]",4.929989406040736,2.857142857142857,4.929989406040736,2.1499999999999972,0,1,0,41.66078433394432,4.9299894060407365e-06,129,1,0
175,61,21,0,0,0,4.8019627162388385,"[0.0, 4.8019627162388385]",4.8019627162388385,2.857142857142857,4.8019627162388385,2.549999999999996,0,1,0,40.45547106862068,4.8019627162388385e-06,153,1,0
175,62,26,0,0,0,4.656671796526227,"[0.0, 4.656671796526227]",4.656671796526227,2.857142857142857,4.656671796526227,6.2333333333333165,0,1,0,37.18388320728263,4.656671796526227e-06,374,1,0
175,63,36,0,0,0,2.1116856166294644,"[0.0, 2.1116856166294644]",2.1116856166294644,0.0,2.1116856166294644,5.016666666666654,0,1,0,7.705891633071587,2.1116856166294644e-06,301,1,0
175,64,8,0,0,0,2.110388619559152,"[0.0, 2.110388619559152]",2.110388619559152,0.0,2.110388619559152,5.016666666666654,0,1,0,7.706416011067631,2.110388619559152e-06,301,1,0
176,1,0,0,1,1,15.35921369280134,"[0.0, 15.35921369280134]",15.35921369280134,14.285714285714285,15.35921369280134,6.866666666666648,0,1,0,131.8931434303522,1.5359213692801342e-05,412,1,0
176,2,1,0,1,1,15.353813171386719,"[0.0, 15.353813171386719]",15.353813171386719,14.285714285714285,15.353813171386719,6.799999999999981,0,1,0,131.66765888035297,1.535381317138672e-05,408,1,0
176,3,2,0,1,1,15.31998770577567,"[0.0, 15.31998770577567]",15.31998770577567,14.285714285714285,15.31998770577567,6.866666666666648,0,1,0,133.35605366528034,1.5319987705775672e-05,412,1,0
176,4,3,0,1,1,15.310151236397878,"[0.0, 15.310151236397878]",15.310151236397878,14.285714285714285,15.310151236397878,6.833333333333314,0,1,0,132.4369699060917,1.5310151236397877e-05,410,1,0
176,5,4,0,1,1,15.303148542131698,"[0.0, 15.303148542131698]",15.303148542131698,14.285714285714285,15.303148542131698,6.833333333333314,0,1,0,132.20882841944695,1.53031485421317e-05,410,1,0
176,6,5,0,1,1,15.294859749930245,"[0.0, 15.294859749930245]",15.294859749930245,14.285714285714285,15.294859749930245,7.6333333333333115,0,1,0,132.13661579042673,1.5294859749930245e-05,458,1,0
176,7,6,0,1,1,15.288293021065849,"[0.0, 15.288293021065849]",15.288293021065849,14.285714285714285,15.288293021065849,6.783333333333315,0,1,0,133.89991910755634,1.528829302106585e-05,407,1,0
176,8,7,0,1,1,15.274674551827566,"[0.0, 15.274674551827566]",15.274674551827566,14.285714285714285,15.274674551827566,6.933333333333314,0,1,0,130.93337234854698,1.5274674551827566e-05,416,1,0
176,9,40,0,0,1,15.109247480119977,"[0.0, 15.109247480119977]",15.109247480119977,14.285714285714285,15.109247480119977,6.783333333333315,0,1,0,132.9796316474676,1.5109247480119977e-05,407,1,0
176,10,58,0,0,1,14.932943071637835,"[0.0, 14.932943071637835]",14.932943071637835,14.285714285714285,14.932943071637835,6.649999999999982,0,1,0,130.1643833220005,1.4932943071637835e-05,399,1,0
176,11,54,0,0,1,14.686475481305802,"[0.0, 14.686475481305802]",14.686475481305802,14.285714285714285,14.686475481305802,6.666666666666648,0,1,0,131.98353108763695,1.4686475481305802e-05,400,1,0
176,12,12,0,0,1,14.25628662109375,"[0.0, 14.25628662109375]",14.25628662109375,11.428571428571429,14.25628662109375,7.616666666666645,0,1,0,125.28005938231945,1.425628662109375e-05,457,1,0
176,13,35,0,0,1,11.587058476039342,"[0.0, 11.587058476039342]",11.587058476039342,11.428571428571429,11.587058476039342,5.933333333333318,0,1,0,104.89418576657772,1.1587058476039341e-05,356,1,0
176,14,18,0,0,1,11.148365565708705,"[0.0, 11.148365565708705]",11.148365565708705,8.571428571428571,11.148365565708705,5.799999999999985,0,1,0,100.90704807639122,1.1148365565708705e-05,348,1,0
176,15,10,0,0,1,10.91726303100586,"[0.0, 10.91726303100586]",10.91726303100586,8.571428571428571,10.91726303100586,5.666666666666652,0,1,0,95.9209636747837,1.091726303100586e-05,340,1,0
176,16,15,0,0,1,10.655362265450615,"[0.0, 10.655362265450615]",10.655362265450615,8.571428571428571,10.655362265450615,5.599999999999985,0,1,0,98.03161197900772,1.0655362265450614e-05,336,1,0
176,17,32,0,0,1,10.616964612688337,"[0.0, 10.616964612688337]",10.616964612688337,8.571428571428571,10.616964612688337,3.866666666666658,0,1,0,91.70744252204895,1.0616964612688336e-05,232,1,0
176,18,59,0,0,1,10.484469277518137,"[0.0, 10.484469277518137]",10.484469277518137,8.571428571428571,10.484469277518137,3.399999999999993,0,1,0,91.12418216466904,1.0484469277518137e-05,204,1,0
176,19,29,0,0,1,10.367172786167691,"[0.0, 10.367172786167691]",10.367172786167691,8.571428571428571,10.367172786167691,5.733333333333318,0,1,0,94.38396970927715,1.036717278616769e-05,344,1,0
176,20,9,0,0,1,10.323058537074498,"[0.0, 10.323058537074498]",10.323058537074498,8.571428571428571,10.323058537074498,3.6333333333333253,0,1,0,88.56196767091751,1.0323058537074498e-05,218,1,0
176,21,55,0,0,1,10.259301321847099,"[0.0, 10.259301321847099]",10.259301321847099,8.571428571428571,10.259301321847099,3.3666666666666596,0,1,0,89.70568466186523,1.0259301321847098e-05,202,1,0
176,22,42,0,0,1,10.229039873395648,"[0.0, 10.229039873395648]",10.229039873395648,8.571428571428571,10.229039873395648,3.3333333333333264,0,1,0,88.29588709771633,1.0229039873395648e-05,200,1,0
176,23,51,0,0,1,10.186048235212052,"[0.0, 10.186048235212052]",10.186048235212052,8.571428571428571,10.186048235212052,3.3166666666666598,0,1,0,87.04885445535183,1.0186048235212052e-05,199,1,0
176,24,14,0,0,1,10.045661926269531,"[0.0, 10.045661926269531]",10.045661926269531,8.571428571428571,10.045661926269531,3.299999999999993,0,1,0,86.8957068324089,1.0045661926269531e-05,198,1,0
176,25,24,0,0,1,10.023653847830637,"[0.0, 10.023653847830637]",10.023653847830637,8.571428571428571,10.023653847830637,5.616666666666652,0,1,0,91.4072384685278,1.0023653847830637e-05,337,1,0
176,26,20,0,0,1,9.904537200927734,"[0.0, 9.904537200927734]",9.904537200927734,8.571428571428571,9.904537200927734,5.483333333333319,0,1,0,94.21978287398815,9.904537200927734e-06,329,1,0
176,27,8,0,0,1,9.79705538068499,"[0.0, 9.79705538068499]",9.79705538068499,8.571428571428571,9.79705538068499,4.033333333333324,0,1,0,88.80612897872925,9.797055380684989e-06,242,1,0
176,28,31,0,0,1,9.766853877476283,"[0.0, 9.766853877476283]",9.766853877476283,8.571428571428571,9.766853877476283,5.449999999999986,0,1,0,93.68176403641701,9.766853877476283e-06,327,1,0
176,29,36,0,0,1,9.742873055594307,"[0.0, 9.742873055594307]",9.742873055594307,8.571428571428571,9.742873055594307,3.299999999999993,0,1,0,86.89521108567715,9.742873055594307e-06,198,1,0
176,30,33,0,0,1,9.664055960518974,"[0.0, 9.664055960518974]",9.664055960518974,8.571428571428571,9.664055960518974,3.599999999999992,0,1,0,87.64263577759266,9.664055960518974e-06,216,1,0
176,31,63,0,0,1,9.463868822370257,"[0.0, 9.463868822370257]",9.463868822370257,8.571428571428571,9.463868822370257,3.26666666666666,0,1,0,85.50381964445114,9.463868822370257e-06,196,1,0
176,32,37,0,0,1,9.418076106480191,"[0.0, 9.418076106480191]",9.418076106480191,8.571428571428571,9.418076106480191,3.2833333333333266,0,1,0,85.65626619756222,9.418076106480191e-06,197,1,0
176,33,60,0,0,0,9.17868205479213,"[0.0, 9.17868205479213]",9.17868205479213,8.571428571428571,9.17868205479213,3.2499999999999933,0,1,0,84.81107097864151,9.17868205479213e-06,195,1,0
176,34,22,0,0,0,8.970236097063337,"[0.0, 8.970236097063337]",8.970236097063337,8.571428571428571,8.970236097063337,3.2833333333333266,0,1,0,83.29674759507179,8.970236097063336e-06,197,1,0
176,35,23,0,0,0,8.964554922921316,"[0.0, 8.964554922921316]",8.964554922921316,8.571428571428571,8.964554922921316,3.2333333333333267,0,1,0,83.06521287560463,8.964554922921315e-06,194,1,0
176,36,19,0,0,0,8.291636875697545,"[0.0, 8.291636875697545]",8.291636875697545,5.714285714285714,8.291636875697545,7.316666666666646,0,1,0,57.632946479076054,8.291636875697546e-06,439,1,0
176,37,44,0,0,0,8.2864134652274,"[0.0, 8.2864134652274]",8.2864134652274,5.714285714285714,8.2864134652274,7.399999999999979,0,1,0,58.060411463084165,8.2864134652274e-06,444,1,0
176,38,26,0,0,0,8.14300264630999,"[0.0, 8.14300264630999]",8.14300264630999,5.714285714285714,8.14300264630999,3.183333333333327,0,1,0,80.96834242343903,8.14300264630999e-06,191,1,0
176,39,34,0,0,0,7.848178318568638,"[0.0, 7.848178318568638]",7.848178318568638,5.714285714285714,7.848178318568638,3.0833333333333273,0,1,0,78.0090353935957,7.848178318568638e-06,185,1,0
176,40,16,0,0,0,7.81170163835798,"[0.0, 7.81170163835798]",7.81170163835798,5.714285714285714,7.81170163835798,3.099999999999994,0,1,0,78.67916470766068,7.81170163835798e-06,186,1,0
176,41,45,0,0,0,6.414549691336495,"[0.0, 6.414549691336495]",6.414549691336495,5.714285714285714,6.414549691336495,7.433333333333312,0,1,0,59.10847120035032,6.414549691336495e-06,446,1,0
176,42,49,0,0,0,5.966213771275112,"[0.0, 5.966213771275112]",5.966213771275112,5.714285714285714,5.966213771275112,4.016666666666658,0,1,0,55.263522773981094,5.966213771275112e-06,241,1,0
176,43,39,0,0,0,5.935701642717635,"[0.0, 5.935701642717635]",5.935701642717635,5.714285714285714,5.935701642717635,4.016666666666658,0,1,0,55.023458153009415,5.935701642717635e-06,241,1,0
176,44,52,0,0,0,5.915031433105469,"[0.0, 5.915031433105469]",5.915031433105469,5.714285714285714,5.915031433105469,3.9333333333333242,0,1,0,54.21570631861687,5.915031433105468e-06,236,1,0
176,45,13,0,0,0,5.895685468401227,"[0.0, 5.895685468401227]",5.895685468401227,5.714285714285714,5.895685468401227,3.2333333333333267,0,1,0,53.879737466573715,5.895685468401227e-06,194,1,0
176,46,25,0,0,0,5.849870954241072,"[0.0, 5.849870954241072]",5.849870954241072,5.714285714285714,5.849870954241072,4.24999999999999,0,1,0,53.99516486376524,5.849870954241072e-06,255,1,0
176,47,48,0,0,0,5.759609767368862,"[0.0, 5.759609767368862]",5.759609767368862,5.714285714285714,5.759609767368862,3.766666666666658,0,1,0,52.372539795935154,5.759609767368862e-06,226,1,0
176,48,62,0,0,0,5.727528163364956,"[0.0, 5.727528163364956]",5.727528163364956,5.714285714285714,5.727528163364956,2.416666666666663,0,1,0,50.821065351367,5.7275281633649556e-06,145,1,0
176,49,47,0,0,0,5.700765337262835,"[0.0, 5.700765337262835]",5.700765337262835,2.857142857142857,5.700765337262835,3.6333333333333253,0,1,0,51.128323405981064,5.700765337262835e-06,218,1,0
176,50,28,0,0,0,5.5949892316545755,"[0.0, 5.5949892316545755]",5.5949892316545755,2.857142857142857,5.5949892316545755,3.4999999999999925,0,1,0,50.117622166872025,5.5949892316545754e-06,210,1,0
176,51,30,0,0,0,5.4935727800641745,"[0.0, 5.4935727800641745]",5.4935727800641745,2.857142857142857,5.4935727800641745,2.2666666666666635,0,1,0,48.098121270537376,5.493572780064175e-06,136,1,0
176,52,21,0,0,0,5.422766549246652,"[0.0, 5.422766549246652]",5.422766549246652,2.857142857142857,5.422766549246652,3.2333333333333267,0,1,0,47.848847299814224,5.422766549246652e-06,194,1,0
176,53,27,0,0,0,5.258265904017858,"[0.0, 5.258265904017858]",5.258265904017858,2.857142857142857,5.258265904017858,2.1833333333333305,0,1,0,45.38219594955444,5.258265904017857e-06,131,1,0
176,54,43,0,0,0,5.161481584821429,"[0.0, 5.161481584821429]",5.161481584821429,2.857142857142857,5.161481584821429,2.916666666666661,0,1,0,44.713134303689,5.1614815848214286e-06,175,1,0
176,55,57,0,0,0,4.797379629952567,"[0.0, 4.797379629952567]",4.797379629952567,2.857142857142857,4.797379629952567,2.0166666666666644,0,1,0,40.14633560180664,4.797379629952567e-06,121,1,0
176,56,53,0,0,0,4.522814069475446,"[0.0, 4.522814069475446]",4.522814069475446,2.857142857142857,4.522814069475446,6.133333333333317,0,1,0,35.45578081438725,4.522814069475446e-06,368,1,0
176,57,41,0,0,0,2.1118436540876115,"[0.0, 2.1118436540876115]",2.1118436540876115,0.0,2.1118436540876115,5.016666666666654,0,1,0,7.7056416717823595,2.1118436540876116e-06,301,1,0
176,58,38,0,0,0,2.1094567435128346,"[0.0, 2.1094567435128346]",2.1094567435128346,0.0,2.1094567435128346,5.016666666666654,0,1,0,7.7062620625511045,2.1094567435128346e-06,301,1,0
176,59,11,0,0,0,2.1084213256835938,"[0.0, 2.1084213256835938]",2.1084213256835938,0.0,2.1084213256835938,5.016666666666654,0,1,0,7.705723419247079,2.108421325683594e-06,301,1,0
176,60,17,0,0,0,2.108236040387835,"[0.0, 2.108236040387835]",2.108236040387835,0.0,2.108236040387835,5.016666666666654,0,1,0,7.705877487962425,2.108236040387835e-06,301,1,0
176,61,56,0,0,0,2.107233319963728,"[0.0, 2.107233319963728]",2.107233319963728,0.0,2.107233319963728,5.016666666666654,0,1,0,7.705519223716692,2.107233319963728e-06,301,1,0
176,62,61,0,0,0,2.1006665910993303,"[0.0, 2.1006665910993303]",2.1006665910993303,0.0,2.1006665910993303,5.016666666666654,0,1,0,7.7054142776396475,2.1006665910993304e-06,301,1,0
176,63,46,0,0,0,2.0871189662388394,"[0.0, 2.0871189662388394]",2.0871189662388394,0.0,2.0871189662388394,5.016666666666654,0,1,0,7.59532424169447,2.0871189662388394e-06,301,1,0
176,64,50,0,0,0,1.8943405151367185,"[0.0, 1.8943405151367185]",1.8943405151367185,0.0,1.8943405151367185,5.016666666666654,0,1,0,5.387783987185685,1.8943405151367184e-06,301,1,0
177,1,0,0,1,1,15.35921369280134,"[0.0, 15.35921369280134]",15.35921369280134,14.285714285714285,15.35921369280134,6.866666666666648,0,1,0,131.8931434303522,1.5359213692801342e-05,412,1,0
177,2,1,0,1,1,15.353813171386719,"[0.0, 15.353813171386719]",15.353813171386719,14.285714285714285,15.353813171386719,6.799999999999981,0,1,0,131.66765888035297,1.535381317138672e-05,408,1,0
177,3,2,0,1,1,15.31998770577567,"[0.0, 15.31998770577567]",15.31998770577567,14.285714285714285,15.31998770577567,6.866666666666648,0,1,0,133.35605366528034,1.5319987705775672e-05,412,1,0
177,4,3,0,1,1,15.310151236397878,"[0.0, 15.310151236397878]",15.310151236397878,14.285714285714285,15.310151236397878,6.833333333333314,0,1,0,132.4369699060917,1.5310151236397877e-05,410,1,0
177,5,4,0,1,1,15.303148542131698,"[0.0, 15.303148542131698]",15.303148542131698,14.285714285714285,15.303148542131698,6.833333333333314,0,1,0,132.20882841944695,1.53031485421317e-05,410,1,0
177,6,32,0,1,1,15.302331107003347,"[0.0, 15.302331107003347]",15.302331107003347,14.285714285714285,15.302331107003347,8.58333333333334,0,1,0,140.1659875884652,1.5302331107003347e-05,515,1,0
177,7,5,0,1,1,15.294859749930245,"[0.0, 15.294859749930245]",15.294859749930245,14.285714285714285,15.294859749930245,7.6333333333333115,0,1,0,132.13661579042673,1.5294859749930245e-05,458,1,0
177,8,6,0,1,1,15.288293021065849,"[0.0, 15.288293021065849]",15.288293021065849,14.285714285714285,15.288293021065849,6.783333333333315,0,1,0,133.89991910755634,1.528829302106585e-05,407,1,0
177,9,7,0,0,1,15.274674551827566,"[0.0, 15.274674551827566]",15.274674551827566,14.285714285714285,15.274674551827566,6.933333333333314,0,1,0,130.93337234854698,1.5274674551827566e-05,416,1,0
177,10,20,0,0,1,15.148517063685826,"[0.0, 15.148517063685826]",15.148517063685826,14.285714285714285,15.148517063685826,6.683333333333315,0,1,0,133.2241309583187,1.5148517063685826e-05,401,1,0
177,11,45,0,0,1,14.890490940638951,"[0.0, 14.890490940638951]",14.890490940638951,14.285714285714285,14.890490940638951,6.6999999999999815,0,1,0,134.28237698972225,1.4890490940638951e-05,402,1,0
177,12,9,0,0,1,14.664333888462611,"[0.0, 14.664333888462611]",14.664333888462611,14.285714285714285,14.664333888462611,6.599999999999982,0,1,0,130.55137966573238,1.4664333888462611e-05,396,1,0
177,13,18,0,0,1,14.540290832519531,"[0.0, 14.540290832519531]",14.540290832519531,14.285714285714285,14.540290832519531,6.633333333333315,0,1,0,127.58747917413712,1.4540290832519532e-05,398,1,0
177,14,16,0,0,1,11.372716086251396,"[0.0, 11.372716086251396]",11.372716086251396,8.571428571428571,11.372716086251396,6.6999999999999815,0,1,0,102.19495939463377,1.1372716086251396e-05,402,1,0
177,15,10,0,0,1,11.36969702584403,"[0.0, 11.36969702584403]",11.36969702584403,8.571428571428571,11.36969702584403,5.883333333333318,0,1,0,102.00786289572716,1.136969702584403e-05,353,1,0
177,16,17,0,0,1,11.233692169189453,"[0.0, 11.233692169189453]",11.233692169189453,8.571428571428571,11.233692169189453,5.799999999999985,0,1,0,100.9071529507637,1.1233692169189453e-05,348,1,0
177,17,8,0,0,1,10.84509985787528,"[0.0, 10.84509985787528]",10.84509985787528,8.571428571428571,10.84509985787528,5.716666666666652,0,1,0,99.25479005277157,1.084509985787528e-05,343,1,0
177,18,38,0,0,1,10.803369794573104,"[0.0, 10.803369794573104]",10.803369794573104,8.571428571428571,10.803369794573104,5.699999999999985,0,1,0,98.13028918206692,1.0803369794573104e-05,342,1,0
177,19,29,0,0,1,10.753667013985769,"[0.0, 10.753667013985769]",10.753667013985769,8.571428571428571,10.753667013985769,3.433333333333326,0,1,0,91.6372157484293,1.0753667013985769e-05,206,1,0
177,20,59,0,0,1,10.752192905970983,"[0.0, 10.752192905970983]",10.752192905970983,8.571428571428571,10.752192905970983,5.633333333333319,0,1,0,95.94087179005146,1.0752192905970982e-05,338,1,0
177,21,33,0,0,1,10.638351440429688,"[0.0, 10.638351440429688]",10.638351440429688,8.571428571428571,10.638351440429688,3.4499999999999926,0,1,0,92.53063477575779,1.0638351440429688e-05,207,1,0
177,22,57,0,0,1,10.621523175920759,"[0.0, 10.621523175920759]",10.621523175920759,8.571428571428571,10.621523175920759,5.566666666666652,0,1,0,97.49003107845783,1.0621523175920758e-05,334,1,0
177,23,49,0,0,1,10.535131181989398,"[0.0, 10.535131181989398]",10.535131181989398,8.571428571428571,10.535131181989398,3.383333333333326,0,1,0,90.41417708992958,1.0535131181989398e-05,203,1,0
177,24,50,0,0,1,10.315922328404017,"[0.0, 10.315922328404017]",10.315922328404017,8.571428571428571,10.315922328404017,5.499999999999986,0,1,0,94.7564208805561,1.0315922328404017e-05,330,1,0
177,25,36,0,0,1,10.216075352260043,"[0.0, 10.216075352260043]",10.216075352260043,8.571428571428571,10.216075352260043,5.099999999999987,0,1,0,94.32478286325932,1.0216075352260044e-05,306,1,0
177,26,56,0,0,1,10.211941855294365,"[0.0, 10.211941855294365]",10.211941855294365,8.571428571428571,10.211941855294365,5.666666666666652,0,1,0,95.76532517373562,1.0211941855294365e-05,340,1,0
177,27,52,0,0,1,10.18958227975028,"[0.0, 10.18958227975028]",10.18958227975028,8.571428571428571,10.18958227975028,3.349999999999993,0,1,0,87.06149788200855,1.018958227975028e-05,201,1,0
177,28,28,0,0,1,10.111141204833984,"[0.0, 10.111141204833984]",10.111141204833984,8.571428571428571,10.111141204833984,5.483333333333319,0,1,0,96.93077747523785,1.0111141204833984e-05,329,1,0
177,29,63,0,0,1,9.875659942626953,"[0.0, 9.875659942626953]",9.875659942626953,8.571428571428571,9.875659942626953,3.299999999999993,0,1,0,86.89553658664227,9.875659942626953e-06,198,1,0
177,30,19,0,0,1,9.709505353655135,"[0.0, 9.709505353655135]",9.709505353655135,8.571428571428571,9.709505353655135,3.26666666666666,0,1,0,85.50355859100819,9.709505353655135e-06,196,1,0
177,31,35,0,0,1,9.616712842668807,"[0.0, 9.616712842668807]",9.616712842668807,8.571428571428571,9.616712842668807,5.3833333333333195,0,1,0,93.34117224812508,9.616712842668807e-06,323,1,0
177,32,14,0,0,1,9.58665302821568,"[0.0, 9.58665302821568]",9.58665302821568,8.571428571428571,9.58665302821568,3.4499999999999926,0,1,0,86.40308727324009,9.586653028215681e-06,207,1,0
177,33,61,0,0,0,9.190338679722379,"[0.0, 9.190338679722379]",9.190338679722379,8.571428571428571,9.190338679722379,3.21666666666666,0,1,0,83.43187719583511,9.190338679722378e-06,193,1,0
177,34,12,0,0,0,9.07846178327288,"[0.0, 9.07846178327288]",9.07846178327288,8.571428571428571,9.07846178327288,3.2499999999999933,0,1,0,84.81078480184078,9.07846178327288e-06,195,1,0
177,35,31,0,0,0,9.006622859409877,"[0.0, 9.006622859409877]",9.006622859409877,8.571428571428571,9.006622859409877,3.2333333333333267,0,1,0,84.12086181342602,9.006622859409877e-06,194,1,0
177,36,54,0,0,0,8.637095860072545,"[0.0, 8.637095860072545]",8.637095860072545,8.571428571428571,8.637095860072545,3.1999999999999935,0,1,0,82.74661040306091,8.637095860072545e-06,192,1,0
177,37,26,0,0,0,8.63213402884347,"[0.0, 8.63213402884347]",8.63213402884347,8.571428571428571,8.63213402884347,3.183333333333327,0,1,0,82.06319482624531,8.63213402884347e-06,191,1,0
177,38,30,0,0,0,8.509502410888672,"[0.0, 8.509502410888672]",8.509502410888672,5.714285714285714,8.509502410888672,3.3166666666666598,0,1,0,81.63715763390064,8.509502410888672e-06,199,1,0
177,39,42,0,0,0,8.28852789742606,"[0.0, 8.28852789742606]",8.28852789742606,5.714285714285714,8.28852789742606,3.1666666666666603,0,1,0,81.38158240914345,8.28852789742606e-06,190,1,0
177,40,51,0,0,0,8.236034938267299,"[0.0, 8.236034938267299]",8.236034938267299,5.714285714285714,8.236034938267299,7.316666666666646,0,1,0,57.632889673128375,8.236034938267298e-06,439,1,0
177,41,22,0,0,0,7.285109928676061,"[0.0, 7.285109928676061]",7.285109928676061,5.714285714285714,7.285109928676061,2.9499999999999944,0,1,0,72.73223766684532,7.2851099286760606e-06,177,1,0
177,42,43,0,0,0,7.255088261195591,"[0.0, 7.255088261195591]",7.255088261195591,5.714285714285714,7.255088261195591,2.966666666666661,0,1,0,72.82077394425869,7.255088261195591e-06,178,1,0
177,43,37,0,0,0,6.372168404715402,"[0.0, 6.372168404715402]",6.372168404715402,5.714285714285714,6.372168404715402,7.366666666666646,0,1,0,58.581310712157574,6.372168404715402e-06,442,1,0
177,44,15,0,0,0,6.255994524274554,"[0.0, 6.255994524274554]",6.255994524274554,5.714285714285714,6.255994524274554,7.366666666666646,0,1,0,58.581648578707245,6.255994524274554e-06,442,1,0
177,45,13,0,0,0,6.168354579380581,"[0.0, 6.168354579380581]",6.168354579380581,5.714285714285714,6.168354579380581,7.316666666666646,0,1,0,57.55569525476312,6.168354579380581e-06,439,1,0
177,46,27,0,0,0,5.9592710222516745,"[0.0, 5.9592710222516745]",5.9592710222516745,5.714285714285714,5.9592710222516745,4.0666666666666575,0,1,0,55.665377356112,5.959271022251675e-06,244,1,0
177,47,34,0,0,0,5.9459958757672995,"[0.0, 5.9459958757672995]",5.9459958757672995,5.714285714285714,5.9459958757672995,4.34999999999999,0,1,0,55.22887846082449,5.945995875767299e-06,261,1,0
177,48,40,0,0,0,5.94374520438058,"[0.0, 5.94374520438058]",5.94374520438058,5.714285714285714,5.94374520438058,7.1666666666666465,0,1,0,54.47592984102084,5.94374520438058e-06,430,1,0
177,49,25,0,0,0,5.9134674072265625,"[0.0, 5.9134674072265625]",5.9134674072265625,5.714285714285714,5.9134674072265625,4.016666666666658,0,1,0,54.91043844819069,5.913467407226562e-06,241,1,0
177,50,21,0,0,0,5.89454105922154,"[0.0, 5.89454105922154]",5.89454105922154,5.714285714285714,5.89454105922154,4.099999999999991,0,1,0,54.550887905061245,5.89454105922154e-06,246,1,0
177,51,47,0,0,0,5.737348284040179,"[0.0, 5.737348284040179]",5.737348284040179,5.714285714285714,5.737348284040179,3.766666666666658,0,1,0,52.059409372508526,5.7373482840401785e-06,226,1,0
177,52,39,0,0,0,5.5406679425920755,"[0.0, 5.5406679425920755]",5.5406679425920755,2.857142857142857,5.5406679425920755,2.28333333333333,0,1,0,48.64903964102268,5.540667942592075e-06,137,1,0
177,53,60,0,0,0,5.535997663225446,"[0.0, 5.535997663225446]",5.535997663225446,2.857142857142857,5.535997663225446,3.399999999999993,0,1,0,49.305428981781006,5.535997663225446e-06,204,1,0
177,54,44,0,0,0,5.504477364676339,"[0.0, 5.504477364676339]",5.504477364676339,2.857142857142857,5.504477364676339,3.3166666666666598,0,1,0,48.93479776382446,5.50447736467634e-06,199,1,0
177,55,55,0,0,0,5.462837219238281,"[0.0, 5.462837219238281]",5.462837219238281,2.857142857142857,5.462837219238281,3.299999999999993,0,1,0,48.44718500971794,5.462837219238281e-06,198,1,0
177,56,53,0,0,0,5.418036324637276,"[0.0, 5.418036324637276]",5.418036324637276,2.857142857142857,5.418036324637276,2.549999999999996,0,1,0,47.38927347958088,5.418036324637276e-06,153,1,0
177,57,41,0,0,0,5.401148114885602,"[0.0, 5.401148114885602]",5.401148114885602,2.857142857142857,5.401148114885602,3.21666666666666,0,1,0,47.69569915533066,5.401148114885602e-06,193,1,0
177,58,46,0,0,0,5.292854309082031,"[0.0, 5.292854309082031]",5.292854309082031,2.857142857142857,5.292854309082031,3.0666666666666607,0,1,0,46.25954854488373,5.292854309082031e-06,184,1,0
177,59,23,0,0,0,5.053013392857142,"[0.0, 5.053013392857142]",5.053013392857142,2.857142857142857,5.053013392857142,2.799999999999995,0,1,0,43.43251207470894,5.053013392857142e-06,168,1,0
177,60,58,0,0,0,4.97887202671596,"[0.0, 4.97887202671596]",4.97887202671596,2.857142857142857,4.97887202671596,2.716666666666662,0,1,0,42.47608718276024,4.97887202671596e-06,163,1,0
177,61,48,0,0,0,4.8853302001953125,"[0.0, 4.8853302001953125]",4.8853302001953125,2.857142857142857,4.8853302001953125,2.0499999999999976,0,1,0,41.172587394714355,4.885330200195312e-06,123,1,0
177,62,24,0,0,0,4.875493730817523,"[0.0, 4.875493730817523]",4.875493730817523,2.857142857142857,4.875493730817523,2.6166666666666623,0,1,0,41.28093871474266,4.875493730817522e-06,157,1,0
177,63,62,0,0,0,4.4323240007672995,"[0.0, 4.4323240007672995]",4.4323240007672995,2.857142857142857,4.4323240007672995,1.8833333333333315,0,1,0,36.15012840926647,4.4323240007673e-06,113,1,0
177,64,11,0,0,0,2.6617649623325894,"[0.0, 2.6617649623325894]",2.6617649623325894,0.0,2.6617649623325894,5.499999999999986,0,1,0,16.207122799940407,2.6617649623325894e-06,330,1,0
178,1,0,0,1,1,15.35921369280134,"[0.0, 15.35921369280134]",15.35921369280134,14.285714285714285,15.35921369280134,6.866666666666648,0,1,0,131.8931434303522,1.5359213692801342e-05,412,1,0
178,2,1,0,1,1,15.353813171386719,"[0.0, 15.353813171386719]",15.353813171386719,14.285714285714285,15.353813171386719,6.799999999999981,0,1,0,131.66765888035297,1.535381317138672e-05,408,1,0
178,3,2,0,1,1,15.31998770577567,"[0.0, 15.31998770577567]",15.31998770577567,14.285714285714285,15.31998770577567,6.866666666666648,0,1,0,133.35605366528034,1.5319987705775672e-05,412,1,0
178,4,3,0,1,1,15.310151236397878,"[0.0, 15.310151236397878]",15.310151236397878,14.285714285714285,15.310151236397878,6.833333333333314,0,1,0,132.4369699060917,1.5310151236397877e-05,410,1,0
178,5,4,0,1,1,15.303148542131698,"[0.0, 15.303148542131698]",15.303148542131698,14.285714285714285,15.303148542131698,6.833333333333314,0,1,0,132.20882841944695,1.53031485421317e-05,410,1,0
178,6,5,0,1,1,15.302331107003347,"[0.0, 15.302331107003347]",15.302331107003347,14.285714285714285,15.302331107003347,8.58333333333334,0,1,0,140.1659875884652,1.5302331107003347e-05,515,1,0
178,7,6,0,1,1,15.294859749930245,"[0.0, 15.294859749930245]",15.294859749930245,14.285714285714285,15.294859749930245,7.6333333333333115,0,1,0,132.13661579042673,1.5294859749930245e-05,458,1,0
178,8,7,0,1,1,15.288293021065849,"[0.0, 15.288293021065849]",15.288293021065849,14.285714285714285,15.288293021065849,6.783333333333315,0,1,0,133.89991910755634,1.528829302106585e-05,407,1,0
178,9,47,0,0,1,15.212680271693637,"[0.0, 15.212680271693637]",15.212680271693637,14.285714285714285,15.212680271693637,8.45,0,1,0,140.43743308633566,1.5212680271693637e-05,507,1,0
178,10,18,0,0,1,14.849123273577009,"[0.0, 14.849123273577009]",14.849123273577009,14.285714285714285,14.849123273577009,6.6166666666666485,0,1,0,135.29214471578598,1.4849123273577008e-05,397,1,0
178,11,30,0,0,1,13.78713880266462,"[0.0, 13.78713880266462]",13.78713880266462,11.428571428571429,13.78713880266462,6.5333333333333155,0,1,0,123.80910502374172,1.3787138802664619e-05,392,1,0
178,12,42,0,0,1,13.672136579241071,"[0.0, 13.672136579241071]",13.672136579241071,11.428571428571429,13.672136579241071,6.21666666666665,0,1,0,122.3903826624155,1.3672136579241071e-05,373,1,0
178,13,23,0,0,1,11.2985965183803,"[0.0, 11.2985965183803]",11.2985965183803,8.571428571428571,11.2985965183803,5.983333333333317,0,1,0,101.06877395510674,1.12985965183803e-05,359,1,0
178,14,41,0,0,1,11.004981994628906,"[0.0, 11.004981994628906]",11.004981994628906,8.571428571428571,11.004981994628906,5.7666666666666515,0,1,0,96.94868244230747,1.1004981994628906e-05,346,1,0
178,15,43,0,0,1,10.897936139787946,"[0.0, 10.897936139787946]",10.897936139787946,8.571428571428571,10.897936139787946,3.4499999999999926,0,1,0,92.95528793334961,1.0897936139787946e-05,207,1,0
178,16,39,0,0,1,10.883167811802455,"[0.0, 10.883167811802455]",10.883167811802455,8.571428571428571,10.883167811802455,5.699999999999985,0,1,0,98.03223390877247,1.0883167811802454e-05,342,1,0
178,17,31,0,0,1,10.88118416922433,"[0.0, 10.88118416922433]",10.88118416922433,8.571428571428571,10.88118416922433,5.733333333333318,0,1,0,94.84083101153374,1.088118416922433e-05,344,1,0
178,18,20,0,0,1,10.850274222237722,"[0.0, 10.850274222237722]",10.850274222237722,8.571428571428571,10.850274222237722,6.9999999999999805,0,1,0,102.37163285911083,1.0850274222237722e-05,420,1,0
178,19,37,0,0,1,10.788615090506418,"[0.0, 10.788615090506418]",10.788615090506418,8.571428571428571,10.788615090506418,5.699999999999985,0,1,0,96.38087338209152,1.0788615090506419e-05,342,1,0
178,20,38,0,0,1,10.765680585588727,"[0.0, 10.765680585588727]",10.765680585588727,8.571428571428571,10.765680585588727,5.8499999999999845,0,1,0,99.568807259202,1.0765680585588728e-05,351,1,0
178,21,59,0,0,1,10.72786603655134,"[0.0, 10.72786603655134]",10.72786603655134,8.571428571428571,10.72786603655134,5.699999999999985,0,1,0,97.00676828622818,1.072786603655134e-05,342,1,0
178,22,60,0,0,1,10.668923514229911,"[0.0, 10.668923514229911]",10.668923514229911,8.571428571428571,10.668923514229911,5.666666666666652,0,1,0,97.08249223232269,1.0668923514229911e-05,340,1,0
178,23,46,0,0,1,10.586621420724052,"[0.0, 10.586621420724052]",10.586621420724052,8.571428571428571,10.586621420724052,4.999999999999988,0,1,0,94.415103495121,1.0586621420724052e-05,300,1,0
178,24,28,0,0,1,10.562231881277901,"[0.0, 10.562231881277901]",10.562231881277901,8.571428571428571,10.562231881277901,5.583333333333319,0,1,0,97.47947800159454,1.0562231881277902e-05,335,1,0
178,25,22,0,0,1,10.515485491071429,"[0.0, 10.515485491071429]",10.515485491071429,8.571428571428571,10.515485491071429,5.083333333333321,0,1,0,91.81400951743126,1.0515485491071429e-05,305,1,0
178,26,21,0,0,1,10.2193968636649,"[0.0, 10.2193968636649]",10.2193968636649,8.571428571428571,10.2193968636649,5.566666666666652,0,1,0,96.92989420890808,1.02193968636649e-05,334,1,0
178,27,33,0,0,1,10.149871281215123,"[0.0, 10.149871281215123]",10.149871281215123,8.571428571428571,10.149871281215123,5.449999999999986,0,1,0,94.22768394649029,1.0149871281215123e-05,327,1,0
178,28,34,0,0,1,9.96924809047154,"[0.0, 9.96924809047154]",9.96924809047154,8.571428571428571,9.96924809047154,3.3166666666666598,0,1,0,87.59435959160328,9.96924809047154e-06,199,1,0
178,29,53,0,0,1,9.939438956124443,"[0.0, 9.939438956124443]",9.939438956124443,8.571428571428571,9.939438956124443,3.2833333333333266,0,1,0,86.19825029373169,9.939438956124442e-06,197,1,0
178,30,61,0,0,1,9.925812312534879,"[0.0, 9.925812312534879]",9.925812312534879,8.571428571428571,9.925812312534879,5.516666666666652,0,1,0,94.59681813418865,9.925812312534878e-06,331,1,0
178,31,27,0,0,1,9.88928931100028,"[0.0, 9.88928931100028]",9.88928931100028,8.571428571428571,9.88928931100028,5.399999999999986,0,1,0,94.49041570723057,9.88928931100028e-06,324,1,0
178,32,63,0,0,1,9.831079755510602,"[0.0, 9.831079755510602]",9.831079755510602,8.571428571428571,9.831079755510602,3.299999999999993,0,1,0,86.89546011388302,9.831079755510603e-06,198,1,0
178,33,51,0,0,0,9.514852251325333,"[0.0, 9.514852251325333]",9.514852251325333,8.571428571428571,9.514852251325333,3.2333333333333267,0,1,0,84.12038725614548,9.514852251325333e-06,194,1,0
178,34,12,0,0,0,9.485356467110769,"[0.0, 9.485356467110769]",9.485356467110769,8.571428571428571,9.485356467110769,3.26666666666666,0,1,0,85.41746816039085,9.48535646711077e-06,196,1,0
178,35,58,0,0,0,9.396138872419085,"[0.0, 9.396138872419085]",9.396138872419085,8.571428571428571,9.396138872419085,3.2499999999999933,0,1,0,84.81107594072819,9.396138872419086e-06,195,1,0
178,36,11,0,0,0,9.313430786132812,"[0.0, 9.313430786132812]",9.313430786132812,8.571428571428571,9.313430786132812,8.149999999999984,0,1,0,79.60661016897939,9.313430786132813e-06,489,1,0
178,37,44,0,0,0,9.14433343069894,"[0.0, 9.14433343069894]",9.14433343069894,8.571428571428571,9.14433343069894,3.2333333333333267,0,1,0,84.12045101821423,9.144333430698939e-06,194,1,0
178,38,49,0,0,0,9.11379405430385,"[0.0, 9.11379405430385]",9.11379405430385,8.571428571428571,9.11379405430385,5.316666666666653,0,1,0,89.49553295969963,9.11379405430385e-06,319,1,0
178,39,52,0,0,0,9.03405053274972,"[0.0, 9.03405053274972]",9.03405053274972,8.571428571428571,9.03405053274972,5.399999999999986,0,1,0,88.84673026204109,9.034050532749721e-06,324,1,0
178,40,14,0,0,0,8.476298195975167,"[0.0, 8.476298195975167]",8.476298195975167,5.714285714285714,8.476298195975167,6.816666666666648,0,1,0,62.00503460165055,8.476298195975167e-06,409,1,0
178,41,25,0,0,0,8.432671683175224,"[0.0, 8.432671683175224]",8.432671683175224,5.714285714285714,8.432671683175224,7.449999999999979,0,1,0,61.206741133661126,8.432671683175224e-06,447,1,0
178,42,62,0,0,0,7.142857142857142,"[0.0, 7.142857142857142]",7.142857142857142,5.714285714285714,7.142857142857142,2.933333333333328,0,1,0,71.81416250765324,7.142857142857143e-06,176,1,0
178,43,50,0,0,0,6.346849714006697,"[0.0, 6.346849714006697]",6.346849714006697,5.714285714285714,6.346849714006697,7.499999999999979,0,1,0,59.367983049189206,6.346849714006697e-06,450,1,0
178,44,16,0,0,0,6.179346357073102,"[0.0, 6.179346357073102]",6.179346357073102,5.714285714285714,6.179346357073102,7.383333333333312,0,1,0,58.04616798898496,6.179346357073102e-06,443,1,0
178,45,32,0,0,0,6.13356454031808,"[0.0, 6.13356454031808]",6.13356454031808,5.714285714285714,6.13356454031808,7.316666666666646,0,1,0,57.63328068658302,6.13356454031808e-06,439,1,0
178,46,35,0,0,0,5.990317208426339,"[0.0, 5.990317208426339]",5.990317208426339,5.714285714285714,5.990317208426339,5.316666666666653,0,1,0,56.52022719755769,5.9903172084263394e-06,319,1,0
178,47,15,0,0,0,5.958246503557477,"[0.0, 5.958246503557477]",5.958246503557477,5.714285714285714,5.958246503557477,4.099999999999991,0,1,0,55.231786750257015,5.958246503557477e-06,246,1,0
178,48,13,0,0,0,5.749778747558594,"[0.0, 5.749778747558594]",5.749778747558594,5.714285714285714,5.749778747558594,3.7499999999999916,0,1,0,51.94785963743925,5.749778747558594e-06,225,1,0
178,49,17,0,0,0,5.744394574846541,"[0.0, 5.744394574846541]",5.744394574846541,5.714285714285714,5.744394574846541,2.3833333333333298,0,1,0,51.04093670845032,5.74439457484654e-06,143,1,0
178,50,40,0,0,0,5.740857805524554,"[0.0, 5.740857805524554]",5.740857805524554,5.714285714285714,5.740857805524554,2.3499999999999965,0,1,0,50.75179900228977,5.740857805524554e-06,141,1,0
178,51,9,0,0,0,5.689244951520648,"[0.0, 5.689244951520648]",5.689244951520648,2.857142857142857,5.689244951520648,3.6666666666666585,0,1,0,51.36814325302839,5.689244951520647e-06,220,1,0
178,52,55,0,0,0,5.559332711356027,"[0.0, 5.559332711356027]",5.559332711356027,2.857142857142857,5.559332711356027,4.266666666666657,0,1,0,50.30850042775273,5.559332711356027e-06,256,1,0
178,53,19,0,0,0,5.418793814522879,"[0.0, 5.418793814522879]",5.418793814522879,2.857142857142857,5.418793814522879,3.183333333333327,0,1,0,47.56852674484253,5.41879381452288e-06,191,1,0
178,54,29,0,0,0,5.380897521972656,"[0.0, 5.380897521972656]",5.380897521972656,2.857142857142857,5.380897521972656,3.1666666666666603,0,1,0,47.22927860915661,5.380897521972657e-06,190,1,0
178,55,54,0,0,0,5.352794102260044,"[0.0, 5.352794102260044]",5.352794102260044,2.857142857142857,5.352794102260044,2.2166666666666637,0,1,0,46.46080695092678,5.352794102260044e-06,133,1,0
178,56,56,0,0,0,5.2989959716796875,"[0.0, 5.2989959716796875]",5.2989959716796875,2.857142857142857,5.2989959716796875,3.0666666666666607,0,1,0,46.25946581363678,5.2989959716796875e-06,184,1,0
178,57,57,0,0,0,5.276402064732142,"[0.0, 5.276402064732142]",5.276402064732142,2.857142857142857,5.276402064732142,3.049999999999994,0,1,0,46.093164175748825,5.276402064732142e-06,183,1,0
178,58,48,0,0,0,5.11603764125279,"[0.0, 5.11603764125279]",5.11603764125279,2.857142857142857,5.11603764125279,2.1333333333333306,0,1,0,43.783611223101616,5.11603764125279e-06,128,1,0
178,59,8,0,0,0,5.085454668317523,"[0.0, 5.085454668317523]",5.085454668317523,2.857142857142857,5.085454668317523,2.833333333333328,0,1,0,43.80541588366032,5.085454668317522e-06,170,1,0
178,60,36,0,0,0,4.919237409319196,"[0.0, 4.919237409319196]",4.919237409319196,2.857142857142857,4.919237409319196,2.6499999999999955,0,1,0,41.822706773877144,4.919237409319196e-06,159,1,0
178,61,10,0,0,0,4.788109915597098,"[0.0, 4.788109915597098]",4.788109915597098,2.857142857142857,4.788109915597098,2.449999999999996,0,1,0,40.276004925370216,4.788109915597098e-06,147,1,0
178,62,24,0,0,0,3.155512128557478,"[0.0, 3.155512128557478]",3.155512128557478,2.857142857142857,3.155512128557478,5.6833333333333185,0,1,0,23.204827126377495,3.1555121285574778e-06,341,1,0
178,63,45,0,0,0,2.1350206647600447,"[0.0, 2.1350206647600447]",2.1350206647600447,0.0,2.1350206647600447,5.016666666666654,0,1,0,7.980428954491799,2.1350206647600447e-06,301,1,0
178,64,26,0,0,0,1.9963128226143971,"[0.0, 1.9963128226143971]",1.9963128226143971,0.0,1.9963128226143971,5.016666666666654,0,1,0,6.603457844117656,1.996312822614397e-06,301,1,0
179,1,0,0,1,1,15.35921369280134,"[0.0, 15.35921369280134]",15.35921369280134,14.285714285714285,15.35921369280134,6.866666666666648,0,1,0,131.8931434303522,1.5359213692801342e-05,412,1,0
179,2,1,0,1,1,15.353813171386719,"[0.0, 15.353813171386719]",15.353813171386719,14.285714285714285,15.353813171386719,6.799999999999981,0,1,0,131.66765888035297,1.535381317138672e-05,408,1,0
179,3,50,0,1,1,15.337497166224889,"[0.0, 15.337497166224889]",15.337497166224889,14.285714285714285,15.337497166224889,6.883333333333314,0,1,0,132.58711296319962,1.5337497166224888e-05,413,1,0
179,4,2,0,1,1,15.31998770577567,"[0.0, 15.31998770577567]",15.31998770577567,14.285714285714285,15.31998770577567,6.866666666666648,0,1,0,133.35605366528034,1.5319987705775672e-05,412,1,0
179,5,3,0,1,1,15.310151236397878,"[0.0, 15.310151236397878]",15.310151236397878,14.285714285714285,15.310151236397878,6.833333333333314,0,1,0,132.4369699060917,1.5310151236397877e-05,410,1,0
179,6,4,0,1,1,15.303148542131698,"[0.0, 15.303148542131698]",15.303148542131698,14.285714285714285,15.303148542131698,6.833333333333314,0,1,0,132.20882841944695,1.53031485421317e-05,410,1,0
179,7,5,0,1,1,15.302331107003347,"[0.0, 15.302331107003347]",15.302331107003347,14.285714285714285,15.302331107003347,8.58333333333334,0,1,0,140.1659875884652,1.5302331107003347e-05,515,1,0
179,8,6,0,1,1,15.294859749930245,"[0.0, 15.294859749930245]",15.294859749930245,14.285714285714285,15.294859749930245,7.6333333333333115,0,1,0,132.13661579042673,1.5294859749930245e-05,458,1,0
179,9,7,0,0,1,15.288293021065849,"[0.0, 15.288293021065849]",15.288293021065849,14.285714285714285,15.288293021065849,6.783333333333315,0,1,0,133.89991910755634,1.528829302106585e-05,407,1,0
179,10,58,0,0,1,14.942120143345425,"[0.0, 14.942120143345425]",14.942120143345425,14.285714285714285,14.942120143345425,6.16666666666665,0,1,0,128.4948325008154,1.4942120143345426e-05,370,1,0
179,11,43,0,0,1,14.923455374581474,"[0.0, 14.923455374581474]",14.923455374581474,14.285714285714285,14.923455374581474,6.633333333333315,0,1,0,129.16502372920513,1.4923455374581473e-05,398,1,0
179,12,10,0,0,1,14.616383143833705,"[0.0, 14.616383143833705]",14.616383143833705,14.285714285714285,14.616383143833705,6.583333333333315,0,1,0,134.45694123208523,1.4616383143833706e-05,395,1,0
179,13,44,0,0,1,11.085526602608816,"[0.0, 11.085526602608816]",11.085526602608816,8.571428571428571,11.085526602608816,5.783333333333318,0,1,0,99.1925408244133,1.1085526602608816e-05,347,1,0
179,14,49,0,0,1,10.886810847691127,"[0.0, 10.886810847691127]",10.886810847691127,8.571428571428571,10.886810847691127,5.649999999999985,0,1,0,98.43405738472939,1.0886810847691127e-05,339,1,0
179,15,37,0,0,1,10.537302834647043,"[0.0, 10.537302834647043]",10.537302834647043,8.571428571428571,10.537302834647043,3.383333333333326,0,1,0,90.41404029726982,1.0537302834647044e-05,203,1,0
179,16,13,0,0,1,10.430213383265905,"[0.0, 10.430213383265905]",10.430213383265905,8.571428571428571,10.430213383265905,3.3666666666666596,0,1,0,89.70582789182663,1.0430213383265904e-05,202,1,0
179,17,39,0,0,1,10.379725864955356,"[0.0, 10.379725864955356]",10.379725864955356,8.571428571428571,10.379725864955356,5.533333333333319,0,1,0,96.93287812173367,1.0379725864955356e-05,332,1,0
179,18,24,0,0,1,10.344388144356865,"[0.0, 10.344388144356865]",10.344388144356865,8.571428571428571,10.344388144356865,5.616666666666652,0,1,0,94.76932495832443,1.0344388144356865e-05,337,1,0
179,19,20,0,0,1,10.165734972272599,"[0.0, 10.165734972272599]",10.165734972272599,8.571428571428571,10.165734972272599,5.466666666666653,0,1,0,94.87863564491272,1.0165734972272599e-05,328,1,0
179,20,45,0,0,1,10.154830387660436,"[0.0, 10.154830387660436]",10.154830387660436,8.571428571428571,10.154830387660436,3.949999999999991,0,1,0,88.99246516823769,1.0154830387660436e-05,237,1,0
179,21,11,0,0,1,10.104288373674665,"[0.0, 10.104288373674665]",10.104288373674665,8.571428571428571,10.104288373674665,3.299999999999993,0,1,0,86.89553564786911,1.0104288373674664e-05,198,1,0
179,22,62,0,0,1,10.09387697492327,"[0.0, 10.09387697492327]",10.09387697492327,8.571428571428571,10.09387697492327,5.583333333333319,0,1,0,95.7236530482769,1.0093876974923272e-05,335,1,0
179,23,55,0,0,1,9.97056143624442,"[0.0, 9.97056143624442]",9.97056143624442,8.571428571428571,9.97056143624442,3.299999999999993,0,1,0,86.89564101397991,9.97056143624442e-06,198,1,0
179,24,17,0,0,1,9.941106523786273,"[0.0, 9.941106523786273]",9.941106523786273,8.571428571428571,9.941106523786273,3.3166666666666598,0,1,0,87.59490412473679,9.941106523786272e-06,199,1,0
179,25,19,0,0,1,9.91591044834682,"[0.0, 9.91591044834682]",9.91591044834682,8.571428571428571,9.91591044834682,3.299999999999993,0,1,0,86.89551889896393,9.91591044834682e-06,198,1,0
179,26,46,0,0,1,9.75027084350586,"[0.0, 9.75027084350586]",9.75027084350586,8.571428571428571,9.75027084350586,5.433333333333319,0,1,0,92.586386308074,9.75027084350586e-06,326,1,0
179,27,47,0,0,1,9.606786455426896,"[0.0, 9.606786455426896]",9.606786455426896,8.571428571428571,9.606786455426896,5.416666666666653,0,1,0,92.09859976172447,9.606786455426896e-06,325,1,0
179,28,31,0,0,1,9.5480101449149,"[0.0, 9.5480101449149]",9.5480101449149,8.571428571428571,9.5480101449149,3.949999999999991,0,1,0,88.28164955973625,9.5480101449149e-06,237,1,0
179,29,59,0,0,1,9.457593645368304,"[0.0, 9.457593645368304]",9.457593645368304,8.571428571428571,9.457593645368304,3.2833333333333266,0,1,0,86.19815675914288,9.457593645368304e-06,197,1,0
179,30,14,0,0,1,9.424078805106028,"[0.0, 9.424078805106028]",9.424078805106028,8.571428571428571,9.424078805106028,5.2166666666666535,0,1,0,90.95146442949772,9.424078805106028e-06,313,1,0
179,31,8,0,0,1,9.145938328334264,"[0.0, 9.145938328334264]",9.145938328334264,8.571428571428571,9.145938328334264,3.21666666666666,0,1,0,83.43270970880985,9.145938328334264e-06,193,1,0
179,32,15,0,0,1,9.028511047363281,"[0.0, 9.028511047363281]",9.028511047363281,8.571428571428571,9.028511047363281,3.21666666666666,0,1,0,83.43254078924656,9.02851104736328e-06,193,1,0
179,33,32,0,0,0,8.841029575892858,"[0.0, 8.841029575892858]",8.841029575892858,8.571428571428571,8.841029575892858,3.21666666666666,0,1,0,83.43277487158775,8.841029575892857e-06,193,1,0
179,34,16,0,0,0,8.789710998535156,"[0.0, 8.789710998535156]",8.789710998535156,8.571428571428571,8.789710998535156,3.21666666666666,0,1,0,83.4325180798769,8.789710998535156e-06,193,1,0
179,35,54,0,0,0,8.78859383719308,"[0.0, 8.78859383719308]",8.78859383719308,8.571428571428571,8.78859383719308,3.2333333333333267,0,1,0,83.79945999383926,8.788593837193079e-06,194,1,0
179,36,56,0,0,0,8.750318799700056,"[0.0, 8.750318799700056]",8.750318799700056,8.571428571428571,8.750318799700056,3.21666666666666,0,1,0,83.43252624571323,8.750318799700056e-06,193,1,0
179,37,18,0,0,0,8.565870012555804,"[0.0, 8.565870012555804]",8.565870012555804,5.714285714285714,8.565870012555804,7.849999999999977,0,1,0,66.0182521322713,8.565870012555803e-06,471,1,0
179,38,26,0,0,0,8.533611297607422,"[0.0, 8.533611297607422]",8.533611297607422,5.714285714285714,8.533611297607422,7.5499999999999785,0,1,0,65.1316668111831,8.533611297607422e-06,453,1,0
179,39,29,0,0,0,8.420069558279856,"[0.0, 8.420069558279856]",8.420069558279856,5.714285714285714,8.420069558279856,6.449999999999982,0,1,0,63.26651755347848,8.420069558279855e-06,387,1,0
179,40,60,0,0,0,8.39827401297433,"[0.0, 8.39827401297433]",8.39827401297433,5.714285714285714,8.39827401297433,3.6999999999999917,0,1,0,83.42020134627819,8.39827401297433e-06,222,1,0
179,41,57,0,0,0,8.291473388671875,"[0.0, 8.291473388671875]",8.291473388671875,5.714285714285714,8.291473388671875,3.1666666666666603,0,1,0,81.38170079886913,8.291473388671876e-06,190,1,0
179,42,51,0,0,0,8.206988743373326,"[0.0, 8.206988743373326]",8.206988743373326,5.714285714285714,8.206988743373326,7.316666666666646,0,1,0,57.63300836183771,8.206988743373326e-06,439,1,0
179,43,34,0,0,0,8.16786902291434,"[0.0, 8.16786902291434]",8.16786902291434,5.714285714285714,8.16786902291434,3.1499999999999937,0,1,0,80.70261137187481,8.16786902291434e-06,189,1,0
179,44,21,0,0,0,8.127653939383372,"[0.0, 8.127653939383372]",8.127653939383372,5.714285714285714,8.127653939383372,3.133333333333327,0,1,0,80.02545708417892,8.127653939383372e-06,188,1,0
179,45,12,0,0,0,6.182921273367746,"[0.0, 6.182921273367746]",6.182921273367746,5.714285714285714,6.182921273367746,7.316666666666646,0,1,0,57.633045038804994,6.182921273367745e-06,439,1,0
179,46,27,0,0,0,6.122910635811942,"[0.0, 6.122910635811942]",6.122910635811942,5.714285714285714,6.122910635811942,7.316666666666646,0,1,0,57.63318757266097,6.122910635811942e-06,439,1,0
179,47,28,0,0,0,5.991794041224888,"[0.0, 5.991794041224888]",5.991794041224888,5.714285714285714,5.991794041224888,4.083333333333324,0,1,0,56.022096894681454,5.991794041224888e-06,245,1,0
179,48,30,0,0,0,5.904639107840402,"[0.0, 5.904639107840402]",5.904639107840402,5.714285714285714,5.904639107840402,2.416666666666663,0,1,0,53.14896710216999,5.904639107840402e-06,145,1,0
179,49,38,0,0,0,5.848775591169085,"[0.0, 5.848775591169085]",5.848775591169085,5.714285714285714,5.848775591169085,3.9166666666666576,0,1,0,53.6649429500103,5.8487755911690854e-06,235,1,0
179,50,48,0,0,0,5.7308469499860495,"[0.0, 5.7308469499860495]",5.7308469499860495,5.714285714285714,5.7308469499860495,2.33333333333333,0,1,0,49.8131882250309,5.73084694998605e-06,140,1,0
179,51,41,0,0,0,5.71709224155971,"[0.0, 5.71709224155971]",5.71709224155971,5.714285714285714,5.71709224155971,7.14999999999998,0,1,0,54.40637940725719,5.71709224155971e-06,429,1,0
179,52,52,0,0,0,5.502417428152902,"[0.0, 5.502417428152902]",5.502417428152902,2.857142857142857,5.502417428152902,3.349999999999993,0,1,0,48.88256087899208,5.502417428152902e-06,201,1,0
179,53,25,0,0,0,5.498946053641183,"[0.0, 5.498946053641183]",5.498946053641183,2.857142857142857,5.498946053641183,2.4333333333333296,0,1,0,48.22635182738304,5.498946053641183e-06,146,1,0
179,54,22,0,0,0,5.401753016880581,"[0.0, 5.401753016880581]",5.401753016880581,2.857142857142857,5.401753016880581,3.21666666666666,0,1,0,47.6950963139534,5.401753016880581e-06,193,1,0
179,55,53,0,0,0,5.291148594447544,"[0.0, 5.291148594447544]",5.291148594447544,2.857142857142857,5.291148594447544,6.466666666666649,0,1,0,52.50695123071637,5.291148594447544e-06,388,1,0
179,56,36,0,0,0,5.2013124738420755,"[0.0, 5.2013124738420755]",5.2013124738420755,2.857142857142857,5.2013124738420755,2.916666666666661,0,1,0,45.16028667986393,5.201312473842076e-06,175,1,0
179,57,35,0,0,0,4.989618573869977,"[0.0, 4.989618573869977]",4.989618573869977,2.857142857142857,4.989618573869977,2.7333333333333285,0,1,0,42.67021505534649,4.989618573869977e-06,164,1,0
179,58,61,0,0,0,4.976479666573661,"[0.0, 4.976479666573661]",4.976479666573661,2.857142857142857,4.976479666573661,2.083333333333331,0,1,0,42.20879277586937,4.976479666573661e-06,125,1,0
179,59,9,0,0,0,4.889390127999442,"[0.0, 4.889390127999442]",4.889390127999442,2.857142857142857,4.889390127999442,2.633333333333329,0,1,0,41.48368236422539,4.889390127999442e-06,158,1,0
179,60,40,0,0,0,4.809412275041853,"[0.0, 4.809412275041853]",4.809412275041853,2.857142857142857,4.809412275041853,2.549999999999996,0,1,0,40.45563322305679,4.809412275041853e-06,153,1,0
179,61,63,0,0,0,2.818450927734375,"[0.0, 2.818450927734375]",2.818450927734375,0.0,2.818450927734375,5.016666666666654,0,1,0,40.291447354800766,2.818450927734375e-06,301,1,0
179,62,33,0,0,0,2.4589157104492188,"[0.0, 2.4589157104492188]",2.4589157104492188,0.0,2.4589157104492188,5.016666666666654,0,1,0,14.055701415025396,2.4589157104492187e-06,301,1,0
179,63,23,0,0,0,1.927931649344308,"[0.0, 1.927931649344308]",1.927931649344308,0.0,1.927931649344308,5.016666666666654,0,1,0,5.7789279105491005,1.927931649344308e-06,301,1,0
179,64,42,0,0,0,1.8729891095842635,"[0.0, 1.8729891095842635]",1.8729891095842635,0.0,1.8729891095842635,5.016666666666654,0,1,0,5.175366150564514,1.8729891095842635e-06,301,1,0
180,1,48,0,1,1,15.883047921316965,"[0.0, 15.883047921316965]",15.883047921316965,14.285714285714285,15.883047921316965,9.100000000000032,0,1,0,140.93718819320202,1.5883047921316966e-05,546,1,0
180,2,0,0,1,1,15.35921369280134,"[0.0, 15.35921369280134]",15.35921369280134,14.285714285714285,15.35921369280134,6.866666666666648,0,1,0,131.8931434303522,1.5359213692801342e-05,412,1,0
180,3,1,0,1,1,15.353813171386719,"[0.0, 15.353813171386719]",15.353813171386719,14.285714285714285,15.353813171386719,6.799999999999981,0,1,0,131.66765888035297,1.535381317138672e-05,408,1,0
180,4,2,0,1,1,15.337497166224889,"[0.0, 15.337497166224889]",15.337497166224889,14.285714285714285,15.337497166224889,6.883333333333314,0,1,0,132.58711296319962,1.5337497166224888e-05,413,1,0
180,5,3,0,1,1,15.31998770577567,"[0.0, 15.31998770577567]",15.31998770577567,14.285714285714285,15.31998770577567,6.866666666666648,0,1,0,133.35605366528034,1.5319987705775672e-05,412,1,0
180,6,4,0,1,1,15.310151236397878,"[0.0, 15.310151236397878]",15.310151236397878,14.285714285714285,15.310151236397878,6.833333333333314,0,1,0,132.4369699060917,1.5310151236397877e-05,410,1,0
180,7,5,0,1,1,15.303148542131698,"[0.0, 15.303148542131698]",15.303148542131698,14.285714285714285,15.303148542131698,6.833333333333314,0,1,0,132.20882841944695,1.53031485421317e-05,410,1,0
180,8,6,0,1,1,15.302331107003347,"[0.0, 15.302331107003347]",15.302331107003347,14.285714285714285,15.302331107003347,8.58333333333334,0,1,0,140.1659875884652,1.5302331107003347e-05,515,1,0
180,9,7,0,0,1,15.294859749930245,"[0.0, 15.294859749930245]",15.294859749930245,14.285714285714285,15.294859749930245,7.6333333333333115,0,1,0,132.13661579042673,1.5294859749930245e-05,458,1,0
180,10,49,0,0,1,15.192396981375559,"[0.0, 15.192396981375559]",15.192396981375559,14.285714285714285,15.192396981375559,6.766666666666648,0,1,0,131.56300996243954,1.5192396981375559e-05,406,1,0
180,11,32,0,0,1,14.988577706473214,"[0.0, 14.988577706473214]",14.988577706473214,14.285714285714285,14.988577706473214,6.683333333333315,0,1,0,133.49545998871326,1.4988577706473213e-05,401,1,0
180,12,14,0,0,1,11.251844678606306,"[0.0, 11.251844678606306]",11.251844678606306,8.571428571428571,11.251844678606306,5.916666666666651,0,1,0,98.17406662553549,1.1251844678606305e-05,355,1,0
180,13,37,0,0,1,11.251397814069474,"[0.0, 11.251397814069474]",11.251397814069474,8.571428571428571,11.251397814069474,5.816666666666651,0,1,0,98.58496402204037,1.1251397814069473e-05,349,1,0
180,14,45,0,0,1,11.161043984549385,"[0.0, 11.161043984549385]",11.161043984549385,8.571428571428571,11.161043984549385,5.949999999999984,0,1,0,98.49664379656315,1.1161043984549385e-05,357,1,0
180,15,24,0,0,1,11.107905251639231,"[0.0, 11.107905251639231]",11.107905251639231,8.571428571428571,11.107905251639231,5.933333333333318,0,1,0,99.76012020558119,1.1107905251639231e-05,356,1,0
180,16,36,0,0,1,11.038954598563059,"[0.0, 11.038954598563059]",11.038954598563059,8.571428571428571,11.038954598563059,5.733333333333318,0,1,0,99.37693046033382,1.1038954598563059e-05,344,1,0
180,17,18,0,0,1,11.026932852608818,"[0.0, 11.026932852608818]",11.026932852608818,8.571428571428571,11.026932852608818,3.4666666666666592,0,1,0,93.98714007437229,1.1026932852608818e-05,208,1,0
180,18,28,0,0,1,11.015717642647878,"[0.0, 11.015717642647878]",11.015717642647878,8.571428571428571,11.015717642647878,5.799999999999985,0,1,0,100.32587964832783,1.1015717642647878e-05,348,1,0
180,19,31,0,0,1,10.786470685686384,"[0.0, 10.786470685686384]",10.786470685686384,8.571428571428571,10.786470685686384,5.799999999999985,0,1,0,97.5974465161562,1.0786470685686383e-05,348,1,0
180,20,10,0,0,1,10.755677904401505,"[0.0, 10.755677904401505]",10.755677904401505,8.571428571428571,10.755677904401505,3.4499999999999926,0,1,0,93.26830060780048,1.0755677904401506e-05,207,1,0
180,21,58,0,0,1,10.730522700718472,"[0.0, 10.730522700718472]",10.730522700718472,8.571428571428571,10.730522700718472,5.633333333333319,0,1,0,99.14384895563126,1.0730522700718472e-05,338,1,0
180,22,55,0,0,1,10.514978681291854,"[0.0, 10.514978681291854]",10.514978681291854,8.571428571428571,10.514978681291854,3.4166666666666594,0,1,0,91.83679763972759,1.0514978681291854e-05,205,1,0
180,23,39,0,0,1,10.408665793282646,"[0.0, 10.408665793282646]",10.408665793282646,8.571428571428571,10.408665793282646,5.599999999999985,0,1,0,95.97325186431408,1.0408665793282645e-05,336,1,0
180,24,54,0,0,1,10.323126656668528,"[0.0, 10.323126656668528]",10.323126656668528,8.571428571428571,10.323126656668528,3.383333333333326,0,1,0,89.43124903738499,1.0323126656668527e-05,203,1,0
180,25,23,0,0,1,10.14425550188337,"[0.0, 10.14425550188337]",10.14425550188337,8.571428571428571,10.14425550188337,3.349999999999993,0,1,0,89.00023126602173,1.014425550188337e-05,201,1,0
180,26,9,0,0,1,10.132064819335938,"[0.0, 10.132064819335938]",10.132064819335938,8.571428571428571,10.132064819335938,3.3333333333333264,0,1,0,88.29605770111084,1.0132064819335938e-05,200,1,0
180,27,44,0,0,1,10.06448745727539,"[0.0, 10.06448745727539]",10.06448745727539,8.571428571428571,10.06448745727539,5.533333333333319,0,1,0,95.06371536850929,1.0064487457275391e-05,332,1,0
180,28,59,0,0,1,10.018354143415179,"[0.0, 10.018354143415179]",10.018354143415179,8.571428571428571,10.018354143415179,5.416666666666653,0,1,0,94.38087493181229,1.0018354143415178e-05,325,1,0
180,29,25,0,0,1,9.95246614728655,"[0.0, 9.95246614728655]",9.95246614728655,8.571428571428571,9.95246614728655,3.3333333333333264,0,1,0,88.29652285575867,9.95246614728655e-06,200,1,0
180,30,27,0,0,1,9.889717102050781,"[0.0, 9.889717102050781]",9.889717102050781,8.571428571428571,9.889717102050781,5.466666666666653,0,1,0,93.68535715341568,9.889717102050781e-06,328,1,0
180,31,40,0,0,1,9.88433837890625,"[0.0, 9.88433837890625]",9.88433837890625,8.571428571428571,9.88433837890625,3.2833333333333266,0,1,0,86.19872032105923,9.88433837890625e-06,197,1,0
180,32,11,0,0,1,9.847619192940849,"[0.0, 9.847619192940849]",9.847619192940849,8.571428571428571,9.847619192940849,5.316666666666653,0,1,0,94.28747844696045,9.847619192940848e-06,319,1,0
180,33,19,0,0,0,9.636107853480748,"[0.0, 9.636107853480748]",9.636107853480748,8.571428571428571,9.636107853480748,5.3833333333333195,0,1,0,91.56729747354984,9.636107853480748e-06,323,1,0
180,34,34,0,0,0,9.609394073486328,"[0.0, 9.609394073486328]",9.609394073486328,8.571428571428571,9.609394073486328,4.499999999999989,0,1,0,88.54406154155731,9.609394073486329e-06,270,1,0
180,35,15,0,0,0,9.603606632777623,"[0.0, 9.603606632777623]",9.603606632777623,8.571428571428571,9.603606632777623,3.2833333333333266,0,1,0,86.19813880324364,9.603606632777624e-06,197,1,0
180,36,50,0,0,0,9.58771024431501,"[0.0, 9.58771024431501]",9.58771024431501,8.571428571428571,9.58771024431501,3.299999999999993,0,1,0,86.25708927214146,9.58771024431501e-06,198,1,0
180,37,20,0,0,0,9.573091779436384,"[0.0, 9.573091779436384]",9.573091779436384,8.571428571428571,9.573091779436384,3.26666666666666,0,1,0,85.5033390969038,9.573091779436384e-06,196,1,0
180,38,52,0,0,0,9.53864506312779,"[0.0, 9.53864506312779]",9.53864506312779,8.571428571428571,9.53864506312779,3.2833333333333266,0,1,0,86.19838684797287,9.53864506312779e-06,197,1,0
180,39,57,0,0,0,9.495043073381696,"[0.0, 9.495043073381696]",9.495043073381696,8.571428571428571,9.495043073381696,3.26666666666666,0,1,0,85.50320053100586,9.495043073381696e-06,196,1,0
180,40,41,0,0,0,9.41047123500279,"[0.0, 9.41047123500279]",9.41047123500279,8.571428571428571,9.41047123500279,4.049999999999991,0,1,0,87.4686698615551,9.41047123500279e-06,243,1,0
180,41,62,0,0,0,9.303874969482422,"[0.0, 9.303874969482422]",9.303874969482422,8.571428571428571,9.303874969482422,3.2499999999999933,0,1,0,84.81114374101162,9.303874969482422e-06,195,1,0
180,42,60,0,0,0,9.18989726475307,"[0.0, 9.18989726475307]",9.18989726475307,8.571428571428571,9.18989726475307,3.2333333333333267,0,1,0,84.12076438963413,9.18989726475307e-06,194,1,0
180,43,17,0,0,0,9.070519038609095,"[0.0, 9.070519038609095]",9.070519038609095,8.571428571428571,9.070519038609095,3.26666666666666,0,1,0,84.58004231750965,9.070519038609096e-06,196,1,0
180,44,33,0,0,0,8.982691083635602,"[0.0, 8.982691083635602]",8.982691083635602,8.571428571428571,8.982691083635602,3.2333333333333267,0,1,0,84.12051743268967,8.982691083635603e-06,194,1,0
180,45,56,0,0,0,8.930914742606026,"[0.0, 8.930914742606026]",8.930914742606026,8.571428571428571,8.930914742606026,5.366666666666653,0,1,0,87.94080270826817,8.930914742606026e-06,322,1,0
180,46,29,0,0,0,8.887805938720703,"[0.0, 8.887805938720703]",8.887805938720703,8.571428571428571,8.887805938720703,3.1999999999999935,0,1,0,82.74709026515484,8.887805938720703e-06,192,1,0
180,47,42,0,0,0,8.645210266113281,"[0.0, 8.645210266113281]",8.645210266113281,8.571428571428571,8.645210266113281,3.399999999999993,0,1,0,83.57220900058746,8.645210266113282e-06,204,1,0
180,48,30,0,0,0,8.470679691859655,"[0.0, 8.470679691859655]",8.470679691859655,5.714285714285714,8.470679691859655,3.183333333333327,0,1,0,82.06321409344673,8.470679691859655e-06,191,1,0
180,49,35,0,0,0,8.292789459228516,"[0.0, 8.292789459228516]",8.292789459228516,5.714285714285714,8.292789459228516,4.099999999999991,0,1,0,56.25154339522123,8.292789459228516e-06,246,1,0
180,50,53,0,0,0,7.701748439243862,"[0.0, 7.701748439243862]",7.701748439243862,5.714285714285714,7.701748439243862,3.0833333333333273,0,1,0,78.00912769138813,7.701748439243862e-06,185,1,0
180,51,16,0,0,0,7.695718492780412,"[0.0, 7.695718492780412]",7.695718492780412,5.714285714285714,7.695718492780412,3.0833333333333273,0,1,0,78.00865371525288,7.695718492780412e-06,185,1,0
180,52,46,0,0,0,6.305787222726004,"[0.0, 6.305787222726004]",6.305787222726004,5.714285714285714,6.305787222726004,7.366666666666646,0,1,0,58.58203077552025,6.305787222726004e-06,442,1,0
180,53,51,0,0,0,6.151493617466517,"[0.0, 6.151493617466517]",6.151493617466517,5.714285714285714,6.151493617466517,7.266666666666646,0,1,0,56.242556041514035,6.151493617466517e-06,436,1,0
180,54,12,0,0,0,6.000148228236607,"[0.0, 6.000148228236607]",6.000148228236607,5.714285714285714,6.000148228236607,3.9999999999999907,0,1,0,55.96360805630684,6.000148228236606e-06,240,1,0
180,55,22,0,0,0,5.930224827357701,"[0.0, 5.930224827357701]",5.930224827357701,5.714285714285714,5.930224827357701,4.216666666666657,0,1,0,54.980852730572224,5.930224827357701e-06,253,1,0
180,56,61,0,0,0,5.885712759835379,"[0.0, 5.885712759835379]",5.885712759835379,5.714285714285714,5.885712759835379,3.983333333333324,0,1,0,54.40836623311043,5.885712759835379e-06,239,1,0
180,57,63,0,0,0,5.829309735979352,"[0.0, 5.829309735979352]",5.829309735979352,5.714285714285714,5.829309735979352,3.949999999999991,0,1,0,53.52935031056404,5.829309735979353e-06,237,1,0
180,58,38,0,0,0,5.742225646972656,"[0.0, 5.742225646972656]",5.742225646972656,5.714285714285714,5.742225646972656,3.766666666666658,0,1,0,52.107369005680084,5.742225646972656e-06,226,1,0
180,59,47,0,0,0,5.676634652273996,"[0.0, 5.676634652273996]",5.676634652273996,2.857142857142857,5.676634652273996,2.9499999999999944,0,1,0,50.62121479213238,5.676634652273996e-06,177,1,0
180,60,8,0,0,0,5.662351335797991,"[0.0, 5.662351335797991]",5.662351335797991,2.857142857142857,5.662351335797991,3.6333333333333253,0,1,0,51.1284756436944,5.662351335797991e-06,218,1,0
180,61,43,0,0,0,5.574787684849331,"[0.0, 5.574787684849331]",5.574787684849331,2.857142857142857,5.574787684849331,3.4499999999999926,0,1,0,49.71718190610409,5.574787684849331e-06,207,1,0
180,62,26,0,0,0,5.351126534598214,"[0.0, 5.351126534598214]",5.351126534598214,2.857142857142857,5.351126534598214,2.2166666666666637,0,1,0,46.46078534424305,5.351126534598215e-06,133,1,0
180,63,13,0,0,0,2.9813221522739957,"[0.0, 2.9813221522739957]",2.9813221522739957,2.857142857142857,2.9813221522739957,3.8333333333333246,0,1,0,21.59719242877327,2.9813221522739957e-06,230,1,0
180,64,21,0,0,0,2.1061924525669644,"[0.0, 2.1061924525669644]",2.1061924525669644,0.0,2.1061924525669644,5.016666666666654,0,1,0,7.705215057882015,2.1061924525669645e-06,301,1,0
181,1,0,0,1,1,15.883047921316965,"[0.0, 15.883047921316965]",15.883047921316965,14.285714285714285,15.883047921316965,9.100000000000032,0,1,0,140.93718819320202,1.5883047921316966e-05,546,1,0
181,2,1,0,1,1,15.35921369280134,"[0.0, 15.35921369280134]",15.35921369280134,14.285714285714285,15.35921369280134,6.866666666666648,0,1,0,131.8931434303522,1.5359213692801342e-05,412,1,0
181,3,2,0,1,1,15.353813171386719,"[0.0, 15.353813171386719]",15.353813171386719,14.285714285714285,15.353813171386719,6.799999999999981,0,1,0,131.66765888035297,1.535381317138672e-05,408,1,0
181,4,3,0,1,1,15.337497166224889,"[0.0, 15.337497166224889]",15.337497166224889,14.285714285714285,15.337497166224889,6.883333333333314,0,1,0,132.58711296319962,1.5337497166224888e-05,413,1,0
181,5,4,0,1,1,15.31998770577567,"[0.0, 15.31998770577567]",15.31998770577567,14.285714285714285,15.31998770577567,6.866666666666648,0,1,0,133.35605366528034,1.5319987705775672e-05,412,1,0
181,6,5,0,1,1,15.310151236397878,"[0.0, 15.310151236397878]",15.310151236397878,14.285714285714285,15.310151236397878,6.833333333333314,0,1,0,132.4369699060917,1.5310151236397877e-05,410,1,0
181,7,6,0,1,1,15.303148542131698,"[0.0, 15.303148542131698]",15.303148542131698,14.285714285714285,15.303148542131698,6.833333333333314,0,1,0,132.20882841944695,1.53031485421317e-05,410,1,0
181,8,7,0,1,1,15.302331107003347,"[0.0, 15.302331107003347]",15.302331107003347,14.285714285714285,15.302331107003347,8.58333333333334,0,1,0,140.1659875884652,1.5302331107003347e-05,515,1,0
181,9,42,0,0,1,15.243208748953682,"[0.0, 15.243208748953682]",15.243208748953682,14.285714285714285,15.243208748953682,6.783333333333315,0,1,0,131.86946946382523,1.5243208748953683e-05,407,1,0
181,10,28,0,0,1,15.039193289620536,"[0.0, 15.039193289620536]",15.039193289620536,14.285714285714285,15.039193289620536,6.816666666666648,0,1,0,130.56469962000847,1.5039193289620537e-05,409,1,0
181,11,38,0,0,1,15.03197261265346,"[0.0, 15.03197261265346]",15.03197261265346,14.285714285714285,15.03197261265346,6.633333333333315,0,1,0,132.4375435113907,1.503197261265346e-05,398,1,0
181,12,37,0,0,1,14.941008431570872,"[0.0, 14.941008431570872]",14.941008431570872,14.285714285714285,14.941008431570872,6.5333333333333155,0,1,0,132.9334471821785,1.4941008431570871e-05,392,1,0
181,13,18,0,0,1,14.928359985351564,"[0.0, 14.928359985351564]",14.928359985351564,14.285714285714285,14.928359985351564,6.733333333333315,0,1,0,132.81027808785439,1.4928359985351565e-05,404,1,0
181,14,59,0,0,1,14.861466544015068,"[0.0, 14.861466544015068]",14.861466544015068,14.285714285714285,14.861466544015068,6.733333333333315,0,1,0,134.11777119338512,1.4861466544015068e-05,404,1,0
181,15,10,0,0,1,14.722273690359932,"[0.0, 14.722273690359932]",14.722273690359932,14.285714285714285,14.722273690359932,6.666666666666648,0,1,0,135.65002624690533,1.4722273690359932e-05,400,1,0
181,16,11,0,0,1,12.857142857142856,"[0.0, 12.857142857142856]",12.857142857142856,11.428571428571429,12.857142857142856,6.649999999999982,0,1,0,118.65687590837479,1.2857142857142856e-05,399,1,0
181,17,61,0,0,1,11.238842010498047,"[0.0, 11.238842010498047]",11.238842010498047,8.571428571428571,11.238842010498047,5.699999999999985,0,1,0,101.44813722372055,1.1238842010498046e-05,342,1,0
181,18,9,0,0,1,11.040257045200892,"[0.0, 11.040257045200892]",11.040257045200892,8.571428571428571,11.040257045200892,5.799999999999985,0,1,0,96.35766966640949,1.1040257045200892e-05,348,1,0
181,19,47,0,0,1,10.795560564313616,"[0.0, 10.795560564313616]",10.795560564313616,8.571428571428571,10.795560564313616,5.733333333333318,0,1,0,95.39687766134739,1.0795560564313617e-05,344,1,0
181,20,48,0,0,1,10.650959014892578,"[0.0, 10.650959014892578]",10.650959014892578,8.571428571428571,10.650959014892578,5.533333333333319,0,1,0,95.42902591824532,1.0650959014892579e-05,332,1,0
181,21,44,0,0,1,10.476976122174944,"[0.0, 10.476976122174944]",10.476976122174944,8.571428571428571,10.476976122174944,3.383333333333326,0,1,0,90.41389094293118,1.0476976122174944e-05,203,1,0
181,22,19,0,0,1,10.422494070870536,"[0.0, 10.422494070870536]",10.422494070870536,8.571428571428571,10.422494070870536,5.016666666666654,0,1,0,92.90281862020493,1.0422494070870536e-05,301,1,0
181,23,51,0,0,1,10.32294682094029,"[0.0, 10.32294682094029]",10.32294682094029,8.571428571428571,10.32294682094029,5.533333333333319,0,1,0,95.83780623972416,1.032294682094029e-05,332,1,0
181,24,13,0,0,1,10.119860512869698,"[0.0, 10.119860512869698]",10.119860512869698,8.571428571428571,10.119860512869698,3.3166666666666598,0,1,0,87.59437358379364,1.0119860512869698e-05,199,1,0
181,25,20,0,0,1,10.03713607788086,"[0.0, 10.03713607788086]",10.03713607788086,8.571428571428571,10.03713607788086,3.3333333333333264,0,1,0,88.29575923085213,1.0037136077880859e-05,200,1,0
181,26,45,0,0,1,9.91316659109933,"[0.0, 9.91316659109933]",9.91316659109933,8.571428571428571,9.91316659109933,3.299999999999993,0,1,0,86.25344011187553,9.91316659109933e-06,198,1,0
181,27,16,0,0,1,9.904003143310547,"[0.0, 9.904003143310547]",9.904003143310547,8.571428571428571,9.904003143310547,3.299999999999993,0,1,0,86.8954941034317,9.904003143310546e-06,198,1,0
181,28,55,0,0,1,9.776649475097656,"[0.0, 9.776649475097656]",9.776649475097656,8.571428571428571,9.776649475097656,3.2833333333333266,0,1,0,86.19811004400253,9.776649475097656e-06,197,1,0
181,29,30,0,0,1,9.617770058768137,"[0.0, 9.617770058768137]",9.617770058768137,8.571428571428571,9.617770058768137,3.2833333333333266,0,1,0,86.19840602576733,9.617770058768138e-06,197,1,0
181,30,49,0,0,1,9.610189710344587,"[0.0, 9.610189710344587]",9.610189710344587,8.571428571428571,9.610189710344587,3.299999999999993,0,1,0,86.28651534020901,9.610189710344587e-06,198,1,0
181,31,32,0,0,1,9.55620356968471,"[0.0, 9.55620356968471]",9.55620356968471,8.571428571428571,9.55620356968471,3.26666666666666,0,1,0,85.50318190455437,9.55620356968471e-06,196,1,0
181,32,22,0,0,1,9.460509163992747,"[0.0, 9.460509163992747]",9.460509163992747,8.571428571428571,9.460509163992747,3.3166666666666598,0,1,0,86.03126852214336,9.460509163992746e-06,199,1,0
181,33,40,0,0,0,9.276559012276786,"[0.0, 9.276559012276786]",9.276559012276786,8.571428571428571,9.276559012276786,3.2333333333333267,0,1,0,84.12078440189362,9.276559012276787e-06,194,1,0
181,34,36,0,0,0,9.242030552455358,"[0.0, 9.242030552455358]",9.242030552455358,8.571428571428571,9.242030552455358,3.2333333333333267,0,1,0,84.12071013450623,9.242030552455357e-06,194,1,0
181,35,17,0,0,0,9.087006705147878,"[0.0, 9.087006705147878]",9.087006705147878,8.571428571428571,9.087006705147878,3.2499999999999933,0,1,0,83.98420135676861,9.087006705147879e-06,195,1,0
181,36,33,0,0,0,8.952999114990234,"[0.0, 8.952999114990234]",8.952999114990234,8.571428571428571,8.952999114990234,3.2333333333333267,0,1,0,84.12020033597946,8.952999114990235e-06,194,1,0
181,37,52,0,0,0,8.686280931745257,"[0.0, 8.686280931745257]",8.686280931745257,8.571428571428571,8.686280931745257,3.1999999999999935,0,1,0,82.74663549661636,8.686280931745257e-06,192,1,0
181,38,43,0,0,0,8.522968292236328,"[0.0, 8.522968292236328]",8.522968292236328,5.714285714285714,8.522968292236328,7.699999999999978,0,1,0,66.23278720059898,8.522968292236328e-06,462,1,0
181,39,46,0,0,0,8.282132829938615,"[0.0, 8.282132829938615]",8.282132829938615,5.714285714285714,8.282132829938615,4.099999999999991,0,1,0,56.25108138471842,8.282132829938615e-06,246,1,0
181,40,50,0,0,0,8.270819527762278,"[0.0, 8.270819527762278]",8.270819527762278,5.714285714285714,8.270819527762278,3.1499999999999937,0,1,0,80.70262314379215,8.270819527762278e-06,189,1,0
181,41,35,0,0,0,8.087689535958427,"[0.0, 8.087689535958427]",8.087689535958427,5.714285714285714,8.087689535958427,3.1499999999999937,0,1,0,80.70259238779545,8.087689535958427e-06,189,1,0
181,42,41,0,0,0,6.933937072753907,"[0.0, 6.933937072753907]",6.933937072753907,5.714285714285714,6.933937072753907,2.6999999999999953,0,1,0,63.24327591061592,6.933937072753907e-06,162,1,0
181,43,23,0,0,0,6.29624502999442,"[0.0, 6.29624502999442]",6.29624502999442,5.714285714285714,6.29624502999442,7.366666666666646,0,1,0,58.58150452902919,6.29624502999442e-06,442,1,0
181,44,15,0,0,0,6.202501569475446,"[0.0, 6.202501569475446]",6.202501569475446,5.714285714285714,6.202501569475446,7.316666666666646,0,1,0,57.6332067399635,6.202501569475446e-06,439,1,0
181,45,8,0,0,0,5.959946768624442,"[0.0, 5.959946768624442]",5.959946768624442,5.714285714285714,5.959946768624442,3.9666666666666575,0,1,0,55.391017854213715,5.959946768624442e-06,238,1,0
181,46,60,0,0,0,5.731206621442523,"[0.0, 5.731206621442523]",5.731206621442523,5.714285714285714,5.731206621442523,3.7499999999999916,0,1,0,51.96244928985834,5.731206621442523e-06,225,1,0
181,47,26,0,0,0,5.661664690290179,"[0.0, 5.661664690290179]",5.661664690290179,2.857142857142857,5.661664690290179,3.599999999999992,0,1,0,50.88313751667738,5.661664690290179e-06,216,1,0
181,48,58,0,0,0,5.626237051827567,"[0.0, 5.626237051827567]",5.626237051827567,2.857142857142857,5.626237051827567,3.566666666666659,0,1,0,50.63330329954624,5.626237051827567e-06,214,1,0
181,49,57,0,0,0,5.529060363769531,"[0.0, 5.529060363769531]",5.529060363769531,2.857142857142857,5.529060363769531,3.399999999999993,0,1,0,49.30559542775154,5.529060363769532e-06,204,1,0
181,50,24,0,0,0,5.399142674037388,"[0.0, 5.399142674037388]",5.399142674037388,2.857142857142857,5.399142674037388,2.2333333333333303,0,1,0,47.00412319600582,5.399142674037388e-06,134,1,0
181,51,53,0,0,0,5.326483590262276,"[0.0, 5.326483590262276]",5.326483590262276,2.857142857142857,5.326483590262276,3.1166666666666605,0,1,0,46.750402599573135,5.326483590262276e-06,187,1,0
181,52,25,0,0,0,5.296930585588728,"[0.0, 5.296930585588728]",5.296930585588728,2.857142857142857,5.296930585588728,3.016666666666661,0,1,0,46.373185098171234,5.296930585588728e-06,181,1,0
181,53,39,0,0,0,5.191328866141183,"[0.0, 5.191328866141183]",5.191328866141183,2.857142857142857,5.191328866141183,2.9499999999999944,0,1,0,45.0666840672493,5.1913288661411835e-06,177,1,0
181,54,63,0,0,0,5.17803737095424,"[0.0, 5.17803737095424]",5.17803737095424,2.857142857142857,5.17803737095424,2.933333333333328,0,1,0,44.89045684039593,5.17803737095424e-06,176,1,0
181,55,27,0,0,0,5.137160164969308,"[0.0, 5.137160164969308]",5.137160164969308,2.857142857142857,5.137160164969308,2.883333333333328,0,1,0,44.354542940855026,5.1371601649693085e-06,173,1,0
181,56,56,0,0,0,5.118239266531808,"[0.0, 5.118239266531808]",5.118239266531808,2.857142857142857,5.118239266531808,2.1333333333333306,0,1,0,43.783959582448006,5.118239266531808e-06,128,1,0
181,57,12,0,0,0,4.730088370186942,"[0.0, 4.730088370186942]",4.730088370186942,2.857142857142857,4.730088370186942,2.4833333333333294,0,1,0,39.606305688619614,4.730088370186942e-06,149,1,0
181,58,31,0,0,0,4.469135829380581,"[0.0, 4.469135829380581]",4.469135829380581,2.857142857142857,4.469135829380581,1.8999999999999981,0,1,0,36.6401519626379,4.469135829380581e-06,114,1,0
181,59,54,0,0,0,2.188361031668527,"[0.0, 2.188361031668527]",2.188361031668527,0.0,2.188361031668527,5.016666666666654,0,1,0,8.589239710541733,2.188361031668527e-06,301,1,0
181,60,29,0,0,0,2.1538162231445312,"[0.0, 2.1538162231445312]",2.1538162231445312,0.0,2.1538162231445312,5.016666666666654,0,1,0,8.214263013585878,2.153816223144531e-06,301,1,0
181,61,21,0,0,0,2.1072605678013394,"[0.0, 2.1072605678013394]",2.1072605678013394,0.0,2.1072605678013394,5.016666666666654,0,1,0,7.7059004404291045,2.1072605678013393e-06,301,1,0
181,62,14,0,0,0,2.0112228393554688,"[0.0, 2.0112228393554688]",2.0112228393554688,0.0,2.0112228393554688,5.016666666666654,0,1,0,6.755268357694149,2.0112228393554687e-06,301,1,0
181,63,34,0,0,0,1.9281714303152901,"[0.0, 1.9281714303152901]",1.9281714303152901,0.0,1.9281714303152901,5.016666666666654,0,1,0,5.803600218147039,1.92817143031529e-06,301,1,0
181,64,62,0,0,0,1.872198922293527,"[0.0, 1.872198922293527]",1.872198922293527,0.0,1.872198922293527,5.016666666666654,0,1,0,5.175209644832648,1.872198922293527e-06,301,1,0
182,1,0,0,1,1,15.883047921316965,"[0.0, 15.883047921316965]",15.883047921316965,14.285714285714285,15.883047921316965,9.100000000000032,0,1,0,140.93718819320202,1.5883047921316966e-05,546,1,0
182,2,1,0,1,1,15.35921369280134,"[0.0, 15.35921369280134]",15.35921369280134,14.285714285714285,15.35921369280134,6.866666666666648,0,1,0,131.8931434303522,1.5359213692801342e-05,412,1,0
182,3,2,0,1,1,15.353813171386719,"[0.0, 15.353813171386719]",15.353813171386719,14.285714285714285,15.353813171386719,6.799999999999981,0,1,0,131.66765888035297,1.535381317138672e-05,408,1,0
182,4,3,0,1,1,15.337497166224889,"[0.0, 15.337497166224889]",15.337497166224889,14.285714285714285,15.337497166224889,6.883333333333314,0,1,0,132.58711296319962,1.5337497166224888e-05,413,1,0
182,5,4,0,1,1,15.31998770577567,"[0.0, 15.31998770577567]",15.31998770577567,14.285714285714285,15.31998770577567,6.866666666666648,0,1,0,133.35605366528034,1.5319987705775672e-05,412,1,0
182,6,5,0,1,1,15.310151236397878,"[0.0, 15.310151236397878]",15.310151236397878,14.285714285714285,15.310151236397878,6.833333333333314,0,1,0,132.4369699060917,1.5310151236397877e-05,410,1,0
182,7,6,0,1,1,15.303148542131698,"[0.0, 15.303148542131698]",15.303148542131698,14.285714285714285,15.303148542131698,6.833333333333314,0,1,0,132.20882841944695,1.53031485421317e-05,410,1,0
182,8,7,0,1,1,15.302331107003347,"[0.0, 15.302331107003347]",15.302331107003347,14.285714285714285,15.302331107003347,8.58333333333334,0,1,0,140.1659875884652,1.5302331107003347e-05,515,1,0
182,9,18,0,0,1,15.222522190638951,"[0.0, 15.222522190638951]",15.222522190638951,14.285714285714285,15.222522190638951,8.766666666666682,0,1,0,139.18711848184466,1.5222522190638951e-05,526,1,0
182,10,42,0,0,1,15.136936732700892,"[0.0, 15.136936732700892]",15.136936732700892,14.285714285714285,15.136936732700892,6.766666666666648,0,1,0,131.69343368709087,1.5136936732700892e-05,406,1,0
182,11,17,0,0,1,15.110544477190292,"[0.0, 15.110544477190292]",15.110544477190292,14.285714285714285,15.110544477190292,6.766666666666648,0,1,0,132.66992335021496,1.5110544477190291e-05,406,1,0
182,12,30,0,0,1,14.667745317731583,"[0.0, 14.667745317731583]",14.667745317731583,14.285714285714285,14.667745317731583,6.666666666666648,0,1,0,137.74517332017422,1.4667745317731583e-05,400,1,0
182,13,25,0,0,1,14.344929286411832,"[0.0, 14.344929286411832]",14.344929286411832,14.285714285714285,14.344929286411832,6.6166666666666485,0,1,0,127.09645591676235,1.4344929286411831e-05,397,1,0
182,14,38,0,0,1,12.857142857142856,"[0.0, 12.857142857142856]",12.857142857142856,11.428571428571429,12.857142857142856,6.366666666666649,0,1,0,116.7349803596735,1.2857142857142856e-05,382,1,0
182,15,43,0,0,1,11.70363289969308,"[0.0, 11.70363289969308]",11.70363289969308,11.428571428571429,11.70363289969308,5.999999999999984,0,1,0,102.97979786992073,1.170363289969308e-05,360,1,0
182,16,8,0,0,1,11.4418819972447,"[0.0, 11.4418819972447]",11.4418819972447,11.428571428571429,11.4418819972447,5.599999999999985,0,1,0,104.77189201116562,1.14418819972447e-05,336,1,0
182,17,55,0,0,1,11.287577492850168,"[0.0, 11.287577492850168]",11.287577492850168,8.571428571428571,11.287577492850168,5.733333333333318,0,1,0,100.22570261359215,1.1287577492850168e-05,344,1,0
182,18,32,0,0,1,11.22877665928432,"[0.0, 11.22877665928432]",11.22877665928432,8.571428571428571,11.22877665928432,3.5333333333333257,0,1,0,95.9575372338295,1.122877665928432e-05,212,1,0
182,19,54,0,0,1,11.099608285086497,"[0.0, 11.099608285086497]",11.099608285086497,8.571428571428571,11.099608285086497,5.899999999999984,0,1,0,99.76184362918139,1.1099608285086497e-05,354,1,0
182,20,39,0,0,1,10.926546369280134,"[0.0, 10.926546369280134]",10.926546369280134,8.571428571428571,10.926546369280134,5.7666666666666515,0,1,0,97.48117661476135,1.0926546369280134e-05,346,1,0
182,21,21,0,0,1,10.70305415562221,"[0.0, 10.70305415562221]",10.70305415562221,8.571428571428571,10.70305415562221,5.6833333333333185,0,1,0,95.90998473763466,1.070305415562221e-05,341,1,0
182,22,47,0,0,1,10.548512595040457,"[0.0, 10.548512595040457]",10.548512595040457,8.571428571428571,10.548512595040457,3.3666666666666596,0,1,0,89.70569905638695,1.0548512595040456e-05,202,1,0
182,23,51,0,0,1,10.4989378792899,"[0.0, 10.4989378792899]",10.4989378792899,8.571428571428571,10.4989378792899,5.649999999999985,0,1,0,95.9315372556448,1.04989378792899e-05,339,1,0
182,24,10,0,0,1,10.363499777657644,"[0.0, 10.363499777657644]",10.363499777657644,8.571428571428571,10.363499777657644,5.549999999999986,0,1,0,96.3822340965271,1.0363499777657644e-05,333,1,0
182,25,62,0,0,1,10.057332175118583,"[0.0, 10.057332175118583]",10.057332175118583,8.571428571428571,10.057332175118583,3.3333333333333264,0,1,0,87.70754958689213,1.0057332175118584e-05,200,1,0
182,26,31,0,0,1,10.021073477608818,"[0.0, 10.021073477608818]",10.021073477608818,8.571428571428571,10.021073477608818,3.3333333333333264,0,1,0,88.29613846540451,1.0021073477608818e-05,200,1,0
182,27,45,0,0,1,9.923188345772878,"[0.0, 9.923188345772878]",9.923188345772878,8.571428571428571,9.923188345772878,3.299999999999993,0,1,0,86.89536713063717,9.923188345772878e-06,198,1,0
182,28,22,0,0,1,9.797513144356863,"[0.0, 9.797513144356863]",9.797513144356863,8.571428571428571,9.797513144356863,3.299999999999993,0,1,0,86.59473364055157,9.797513144356863e-06,198,1,0
182,29,24,0,0,1,9.696014949253627,"[0.0, 9.696014949253627]",9.696014949253627,8.571428571428571,9.696014949253627,3.299999999999993,0,1,0,85.96163088083267,9.696014949253627e-06,198,1,0
182,30,26,0,0,1,9.636906215122767,"[0.0, 9.636906215122767]",9.636906215122767,8.571428571428571,9.636906215122767,3.399999999999993,0,1,0,86.48684327304363,9.636906215122767e-06,204,1,0
182,31,23,0,0,1,9.61439950125558,"[0.0, 9.61439950125558]",9.61439950125558,8.571428571428571,9.61439950125558,3.299999999999993,0,1,0,86.55432431399822,9.61439950125558e-06,198,1,0
182,32,36,0,0,1,9.530541556222099,"[0.0, 9.530541556222099]",9.530541556222099,8.571428571428571,9.530541556222099,3.2833333333333266,0,1,0,86.19829455018044,9.5305415562221e-06,197,1,0
182,33,50,0,0,0,9.428122384207589,"[0.0, 9.428122384207589]",9.428122384207589,8.571428571428571,9.428122384207589,4.233333333333324,0,1,0,88.73062448203564,9.428122384207588e-06,254,1,0
182,34,58,0,0,0,9.392029898507255,"[0.0, 9.392029898507255]",9.392029898507255,8.571428571428571,9.392029898507255,5.33333333333332,0,1,0,90.51556931436062,9.392029898507255e-06,320,1,0
182,35,52,0,0,0,9.320447104317802,"[0.0, 9.320447104317802]",9.320447104317802,8.571428571428571,9.320447104317802,3.26666666666666,0,1,0,85.17361682653427,9.320447104317803e-06,196,1,0
182,36,49,0,0,0,9.138499668666295,"[0.0, 9.138499668666295]",9.138499668666295,8.571428571428571,9.138499668666295,3.2499999999999933,0,1,0,84.2832541167736,9.138499668666295e-06,195,1,0
182,37,29,0,0,0,9.088426317487444,"[0.0, 9.088426317487444]",9.088426317487444,8.571428571428571,9.088426317487444,3.2333333333333267,0,1,0,84.12043552100658,9.088426317487444e-06,194,1,0
182,38,12,0,0,0,9.040639059884208,"[0.0, 9.040639059884208]",9.040639059884208,8.571428571428571,9.040639059884208,3.2333333333333267,0,1,0,84.12058106064796,9.040639059884209e-06,194,1,0
182,39,19,0,0,0,9.003126961844309,"[0.0, 9.003126961844309]",9.003126961844309,8.571428571428571,9.003126961844309,3.983333333333324,0,1,0,85.69632329046726,9.003126961844309e-06,239,1,0
182,40,48,0,0,0,8.855163029261998,"[0.0, 8.855163029261998]",8.855163029261998,8.571428571428571,8.855163029261998,3.21666666666666,0,1,0,83.4325036406517,8.855163029261998e-06,193,1,0
182,41,16,0,0,0,8.724931989397323,"[0.0, 8.724931989397323]",8.724931989397323,8.571428571428571,8.724931989397323,3.2333333333333267,0,1,0,83.46565222740173,8.724931989397324e-06,194,1,0
182,42,53,0,0,0,8.360440390450615,"[0.0, 8.360440390450615]",8.360440390450615,5.714285714285714,8.360440390450615,6.3166666666666496,0,1,0,57.58109302862431,8.360440390450615e-06,379,1,0
182,43,35,0,0,0,8.29909188406808,"[0.0, 8.29909188406808]",8.29909188406808,5.714285714285714,8.29909188406808,7.316666666666646,0,1,0,57.632945670266054,8.299091884068079e-06,439,1,0
182,44,33,0,0,0,8.25942175728934,"[0.0, 8.25942175728934]",8.25942175728934,5.714285714285714,8.25942175728934,4.0666666666666575,0,1,0,82.01158457994461,8.25942175728934e-06,244,1,0
182,45,11,0,0,0,7.676358904157365,"[0.0, 7.676358904157365]",7.676358904157365,5.714285714285714,7.676358904157365,3.0666666666666607,0,1,0,76.03635074198246,7.676358904157366e-06,184,1,0
182,46,15,0,0,0,6.37718745640346,"[0.0, 6.37718745640346]",6.37718745640346,5.714285714285714,6.37718745640346,7.366666666666646,0,1,0,58.58149954010878,6.37718745640346e-06,442,1,0
182,47,60,0,0,0,6.271280561174665,"[0.0, 6.271280561174665]",6.271280561174665,5.714285714285714,6.271280561174665,7.316666666666646,0,1,0,57.54048401158798,6.271280561174665e-06,439,1,0
182,48,61,0,0,0,6.211389814104352,"[0.0, 6.211389814104352]",6.211389814104352,5.714285714285714,6.211389814104352,7.316666666666646,0,1,0,57.63325502000225,6.211389814104353e-06,439,1,0
182,49,57,0,0,0,5.951995849609375,"[0.0, 5.951995849609375]",5.951995849609375,5.714285714285714,5.951995849609375,4.466666666666656,0,1,0,55.693889662623405,5.951995849609375e-06,268,1,0
182,50,63,0,0,0,5.943538120814732,"[0.0, 5.943538120814732]",5.943538120814732,5.714285714285714,5.943538120814732,2.4333333333333296,0,1,0,53.69372287392616,5.9435381208147315e-06,146,1,0
182,51,28,0,0,0,5.884481157575335,"[0.0, 5.884481157575335]",5.884481157575335,5.714285714285714,5.884481157575335,3.983333333333324,0,1,0,54.40850604325533,5.884481157575335e-06,239,1,0
182,52,44,0,0,0,5.841456821986607,"[0.0, 5.841456821986607]",5.841456821986607,5.714285714285714,5.841456821986607,3.8833333333333244,0,1,0,53.605280324816704,5.841456821986607e-06,233,1,0
182,53,20,0,0,0,5.643010820661273,"[0.0, 5.643010820661273]",5.643010820661273,2.857142857142857,5.643010820661273,2.3166666666666633,0,1,0,49.75895366072655,5.6430108206612726e-06,139,1,0
182,54,56,0,0,0,5.622591291155134,"[0.0, 5.622591291155134]",5.622591291155134,2.857142857142857,5.622591291155134,3.5499999999999923,0,1,0,50.50619280338287,5.622591291155133e-06,213,1,0
182,55,14,0,0,0,5.452112470354352,"[0.0, 5.452112470354352]",5.452112470354352,2.857142857142857,5.452112470354352,3.26666666666666,0,1,0,48.15034070611,5.452112470354352e-06,196,1,0
182,56,59,0,0,0,5.421905517578125,"[0.0, 5.421905517578125]",5.421905517578125,2.857142857142857,5.421905517578125,3.1999999999999935,0,1,0,47.89071048796177,5.421905517578125e-06,192,1,0
182,57,34,0,0,0,5.200287955147879,"[0.0, 5.200287955147879]",5.200287955147879,2.857142857142857,5.200287955147879,2.9499999999999944,0,1,0,45.156695783138275,5.20028795514788e-06,177,1,0
182,58,41,0,0,0,5.172462463378906,"[0.0, 5.172462463378906]",5.172462463378906,2.857142857142857,5.172462463378906,6.633333333333315,0,1,0,43.02829781318724,5.1724624633789066e-06,398,1,0
182,59,40,0,0,0,5.152522495814732,"[0.0, 5.152522495814732]",5.152522495814732,2.857142857142857,5.152522495814732,2.8666666666666614,0,1,0,44.53844444453716,5.1525224958147315e-06,172,1,0
182,60,46,0,0,0,4.978752136230469,"[0.0, 4.978752136230469]",4.978752136230469,2.857142857142857,4.978752136230469,2.083333333333331,0,1,0,42.20946663618088,4.978752136230469e-06,125,1,0
182,61,13,0,0,0,4.55090114048549,"[0.0, 4.55090114048549]",4.55090114048549,2.857142857142857,4.55090114048549,2.116666666666664,0,1,0,37.48297806084156,4.550901140485491e-06,127,1,0
182,62,27,0,0,0,3.5052381243024553,"[0.0, 3.5052381243024553]",3.5052381243024553,2.857142857142857,3.5052381243024553,5.449999999999986,0,1,0,23.477935561000777,3.5052381243024553e-06,327,1,0
182,63,9,0,0,0,2.8880201067243303,"[0.0, 2.8880201067243303]",2.8880201067243303,2.857142857142857,2.8880201067243303,5.083333333333321,0,1,0,16.50984305775637,2.8880201067243305e-06,305,1,0
182,64,37,0,0,0,2.3908887590680803,"[0.0, 2.3908887590680803]",2.3908887590680803,0.0,2.3908887590680803,5.016666666666654,0,1,0,10.847553352999967,2.39088875906808e-06,301,1,0
183,1,0,0,1,1,15.883047921316965,"[0.0, 15.883047921316965]",15.883047921316965,14.285714285714285,15.883047921316965,9.100000000000032,0,1,0,140.93718819320202,1.5883047921316966e-05,546,1,0
183,2,1,0,1,1,15.35921369280134,"[0.0, 15.35921369280134]",15.35921369280134,14.285714285714285,15.35921369280134,6.866666666666648,0,1,0,131.8931434303522,1.5359213692801342e-05,412,1,0
183,3,2,0,1,1,15.353813171386719,"[0.0, 15.353813171386719]",15.353813171386719,14.285714285714285,15.353813171386719,6.799999999999981,0,1,0,131.66765888035297,1.535381317138672e-05,408,1,0
183,4,3,0,1,1,15.337497166224889,"[0.0, 15.337497166224889]",15.337497166224889,14.285714285714285,15.337497166224889,6.883333333333314,0,1,0,132.58711296319962,1.5337497166224888e-05,413,1,0
183,5,4,0,1,1,15.31998770577567,"[0.0, 15.31998770577567]",15.31998770577567,14.285714285714285,15.31998770577567,6.866666666666648,0,1,0,133.35605366528034,1.5319987705775672e-05,412,1,0
183,6,5,0,1,1,15.310151236397878,"[0.0, 15.310151236397878]",15.310151236397878,14.285714285714285,15.310151236397878,6.833333333333314,0,1,0,132.4369699060917,1.5310151236397877e-05,410,1,0
183,7,6,0,1,1,15.303148542131698,"[0.0, 15.303148542131698]",15.303148542131698,14.285714285714285,15.303148542131698,6.833333333333314,0,1,0,132.20882841944695,1.53031485421317e-05,410,1,0
183,8,7,0,1,1,15.302331107003347,"[0.0, 15.302331107003347]",15.302331107003347,14.285714285714285,15.302331107003347,8.58333333333334,0,1,0,140.1659875884652,1.5302331107003347e-05,515,1,0
183,9,34,0,0,1,14.795940944126674,"[0.0, 14.795940944126674]",14.795940944126674,14.285714285714285,14.795940944126674,6.549999999999982,0,1,0,128.94261537492275,1.4795940944126673e-05,393,1,0
183,10,51,0,0,1,14.723739624023438,"[0.0, 14.723739624023438]",14.723739624023438,14.285714285714285,14.723739624023438,6.683333333333315,0,1,0,129.4565498828888,1.4723739624023437e-05,401,1,0
183,11,15,0,0,1,14.720442635672434,"[0.0, 14.720442635672434]",14.720442635672434,14.285714285714285,14.720442635672434,5.899999999999984,0,1,0,129.98427970707417,1.4720442635672434e-05,354,1,0
183,12,38,0,0,1,14.5989499773298,"[0.0, 14.5989499773298]",14.5989499773298,14.285714285714285,14.5989499773298,6.416666666666649,0,1,0,128.09619767963886,1.45989499773298e-05,385,1,0
183,13,35,0,0,1,11.371868678501675,"[0.0, 11.371868678501675]",11.371868678501675,8.571428571428571,11.371868678501675,5.866666666666651,0,1,0,100.8265270292759,1.1371868678501676e-05,352,1,0
183,14,45,0,0,1,11.333975110735212,"[0.0, 11.333975110735212]",11.333975110735212,8.571428571428571,11.333975110735212,5.833333333333318,0,1,0,101.45316261053085,1.1333975110735211e-05,350,1,0
183,15,54,0,0,1,11.333449227469309,"[0.0, 11.333449227469309]",11.333449227469309,8.571428571428571,11.333449227469309,6.199999999999983,0,1,0,101.20370350033045,1.1333449227469308e-05,372,1,0
183,16,25,0,0,1,10.872903551374163,"[0.0, 10.872903551374163]",10.872903551374163,8.571428571428571,10.872903551374163,5.733333333333318,0,1,0,97.53947737812996,1.0872903551374163e-05,344,1,0
183,17,47,0,0,1,10.522330147879465,"[0.0, 10.522330147879465]",10.522330147879465,8.571428571428571,10.522330147879465,3.399999999999993,0,1,0,90.25210972130299,1.0522330147879465e-05,204,1,0
183,18,19,0,0,1,10.507237570626394,"[0.0, 10.507237570626394]",10.507237570626394,8.571428571428571,10.507237570626394,5.7666666666666515,0,1,0,94.04691792279482,1.0507237570626394e-05,346,1,0
183,19,9,0,0,1,10.438870021275111,"[0.0, 10.438870021275111]",10.438870021275111,8.571428571428571,10.438870021275111,5.6833333333333185,0,1,0,96.93046422302723,1.0438870021275112e-05,341,1,0
183,20,18,0,0,1,10.426316942487444,"[0.0, 10.426316942487444]",10.426316942487444,8.571428571428571,10.426316942487444,6.199999999999983,0,1,0,97.28524281084538,1.0426316942487444e-05,372,1,0
183,21,53,0,0,1,10.144977569580078,"[0.0, 10.144977569580078]",10.144977569580078,8.571428571428571,10.144977569580078,5.499999999999986,0,1,0,95.29483050107956,1.0144977569580078e-05,330,1,0
183,22,23,0,0,1,10.090228489467076,"[0.0, 10.090228489467076]",10.090228489467076,8.571428571428571,10.090228489467076,4.149999999999991,0,1,0,90.84641072154045,1.0090228489467076e-05,249,1,0
183,23,22,0,0,1,9.966204507010323,"[0.0, 9.966204507010323]",9.966204507010323,8.571428571428571,9.966204507010323,3.3166666666666598,0,1,0,87.59458866715431,9.966204507010323e-06,199,1,0
183,24,20,0,0,1,9.89626475742885,"[0.0, 9.89626475742885]",9.89626475742885,8.571428571428571,9.89626475742885,5.433333333333319,0,1,0,90.13450214266777,9.89626475742885e-06,326,1,0
183,25,36,0,0,1,9.834872654506139,"[0.0, 9.834872654506139]",9.834872654506139,8.571428571428571,9.834872654506139,3.2833333333333266,0,1,0,86.19835336506367,9.83487265450614e-06,197,1,0
183,26,37,0,0,1,9.8253904070173,"[0.0, 9.8253904070173]",9.8253904070173,8.571428571428571,9.8253904070173,3.299999999999993,0,1,0,86.59914429485798,9.8253904070173e-06,198,1,0
183,27,39,0,0,1,9.75457055228097,"[0.0, 9.75457055228097]",9.75457055228097,8.571428571428571,9.75457055228097,5.399999999999986,0,1,0,91.57497589290142,9.75457055228097e-06,324,1,0
183,28,50,0,0,1,9.74778311593192,"[0.0, 9.74778311593192]",9.74778311593192,8.571428571428571,9.74778311593192,3.299999999999993,0,1,0,86.57859368622303,9.74778311593192e-06,198,1,0
183,29,55,0,0,1,9.711025782993861,"[0.0, 9.711025782993861]",9.711025782993861,8.571428571428571,9.711025782993861,3.2833333333333266,0,1,0,86.19855059683323,9.71102578299386e-06,197,1,0
183,30,26,0,0,1,9.482972281319753,"[0.0, 9.482972281319753]",9.482972281319753,8.571428571428571,9.482972281319753,3.26666666666666,0,1,0,85.50353702902794,9.482972281319753e-06,196,1,0
183,31,30,0,0,1,9.28487777709961,"[0.0, 9.28487777709961]",9.28487777709961,8.571428571428571,9.28487777709961,3.21666666666666,0,1,0,83.43215881288052,9.28487777709961e-06,193,1,0
183,32,16,0,0,1,9.26004409790039,"[0.0, 9.26004409790039]",9.26004409790039,8.571428571428571,9.26004409790039,3.2333333333333267,0,1,0,84.12051287293434,9.260044097900391e-06,194,1,0
183,33,52,0,0,0,9.177883693150111,"[0.0, 9.177883693150111]",9.177883693150111,8.571428571428571,9.177883693150111,3.2333333333333267,0,1,0,84.1208324432373,9.177883693150111e-06,194,1,0
183,34,60,0,0,0,9.061987740652903,"[0.0, 9.061987740652903]",9.061987740652903,8.571428571428571,9.061987740652903,3.899999999999991,0,1,0,85.23577217757702,9.061987740652902e-06,234,1,0
183,35,49,0,0,0,8.762860979352679,"[0.0, 8.762860979352679]",8.762860979352679,8.571428571428571,8.762860979352679,3.1999999999999935,0,1,0,82.74664008617401,8.76286097935268e-06,192,1,0
183,36,14,0,0,0,8.69551249912807,"[0.0, 8.69551249912807]",8.69551249912807,8.571428571428571,8.69551249912807,3.21666666666666,0,1,0,83.43297262489796,8.69551249912807e-06,193,1,0
183,37,44,0,0,0,8.420968736921038,"[0.0, 8.420968736921038]",8.420968736921038,5.714285714285714,8.420968736921038,6.816666666666648,0,1,0,60.147896509370185,8.420968736921038e-06,409,1,0
183,38,11,0,0,0,8.407265799386161,"[0.0, 8.407265799386161]",8.407265799386161,5.714285714285714,8.407265799386161,3.183333333333327,0,1,0,82.0627279728651,8.40726579938616e-06,191,1,0
183,39,63,0,0,0,8.260566166469028,"[0.0, 8.260566166469028]",8.260566166469028,5.714285714285714,8.260566166469028,7.316666666666646,0,1,0,57.633201484859455,8.260566166469027e-06,439,1,0
183,40,61,0,0,0,8.129163469587052,"[0.0, 8.129163469587052]",8.129163469587052,5.714285714285714,8.129163469587052,3.1666666666666603,0,1,0,81.12303809821606,8.129163469587052e-06,190,1,0
183,41,28,0,0,0,8.029022216796875,"[0.0, 8.029022216796875]",8.029022216796875,5.714285714285714,8.029022216796875,3.133333333333327,0,1,0,80.02547587454319,8.029022216796876e-06,188,1,0
183,42,56,0,0,0,7.9757472446986615,"[0.0, 7.9757472446986615]",7.9757472446986615,5.714285714285714,7.9757472446986615,3.183333333333327,0,1,0,80.00150455534458,7.975747244698661e-06,191,1,0
183,43,10,0,0,0,7.692909240722656,"[0.0, 7.692909240722656]",7.692909240722656,5.714285714285714,7.692909240722656,3.0666666666666607,0,1,0,77.34123069047928,7.692909240722656e-06,184,1,0
183,44,12,0,0,0,6.271400451660155,"[0.0, 6.271400451660155]",6.271400451660155,5.714285714285714,6.271400451660155,7.316666666666646,0,1,0,57.60887531064509,6.271400451660155e-06,439,1,0
183,45,21,0,0,0,5.965211050851005,"[0.0, 5.965211050851005]",5.965211050851005,5.714285714285714,5.965211050851005,4.416666666666656,0,1,0,55.98396485298872,5.965211050851005e-06,265,1,0
183,46,24,0,0,0,5.944311959402902,"[0.0, 5.944311959402902]",5.944311959402902,5.714285714285714,5.944311959402902,2.4333333333333296,0,1,0,53.72307740151882,5.944311959402902e-06,146,1,0
183,47,62,0,0,0,5.908115931919642,"[0.0, 5.908115931919642]",5.908115931919642,5.714285714285714,5.908115931919642,4.466666666666656,0,1,0,54.8632607832551,5.908115931919642e-06,268,1,0
183,48,17,0,0,0,5.7442201886858255,"[0.0, 5.7442201886858255]",5.7442201886858255,5.714285714285714,5.7442201886858255,3.7833333333333248,0,1,0,52.23801442235708,5.744220188685826e-06,227,1,0
183,49,33,0,0,0,5.711539132254464,"[0.0, 5.711539132254464]",5.711539132254464,2.857142857142857,5.711539132254464,3.7166666666666583,0,1,0,51.71958530694246,5.711539132254464e-06,223,1,0
183,50,13,0,0,0,5.711108616420201,"[0.0, 5.711108616420201]",5.711108616420201,2.857142857142857,5.711108616420201,3.566666666666659,0,1,0,51.448035553097725,5.711108616420201e-06,214,1,0
183,51,46,0,0,0,5.695942470005581,"[0.0, 5.695942470005581]",5.695942470005581,2.857142857142857,5.695942470005581,3.683333333333325,0,1,0,51.486890502274036,5.69594247000558e-06,221,1,0
183,52,29,0,0,0,5.677833557128906,"[0.0, 5.677833557128906]",5.677833557128906,2.857142857142857,5.677833557128906,2.33333333333333,0,1,0,50.31780131161213,5.677833557128906e-06,140,1,0
183,53,40,0,0,0,5.622542245047433,"[0.0, 5.622542245047433]",5.622542245047433,2.857142857142857,5.622542245047433,3.566666666666659,0,1,0,50.6334333717823,5.622542245047433e-06,214,1,0
183,54,57,0,0,0,5.531038556780134,"[0.0, 5.531038556780134]",5.531038556780134,2.857142857142857,5.531038556780134,3.383333333333326,0,1,0,49.1654392182827,5.531038556780134e-06,203,1,0
183,55,48,0,0,0,5.372510637555804,"[0.0, 5.372510637555804]",5.372510637555804,2.857142857142857,5.372510637555804,3.1666666666666603,0,1,0,47.229273200035095,5.372510637555804e-06,190,1,0
183,56,8,0,0,0,5.041471208844865,"[0.0, 5.041471208844865]",5.041471208844865,2.857142857142857,5.041471208844865,2.7833333333333283,0,1,0,43.24479478597641,5.041471208844865e-06,167,1,0
183,57,42,0,0,0,4.838507516043527,"[0.0, 4.838507516043527]",4.838507516043527,2.857142857142857,4.838507516043527,2.583333333333329,0,1,0,40.871389016509056,4.8385075160435266e-06,155,1,0
183,58,31,0,0,0,4.804213387625558,"[0.0, 4.804213387625558]",4.804213387625558,2.857142857142857,4.804213387625558,2.549999999999996,0,1,0,40.45500785112381,4.8042133876255585e-06,153,1,0
183,59,58,0,0,0,4.729014805385045,"[0.0, 4.729014805385045]",4.729014805385045,2.857142857142857,4.729014805385045,2.4833333333333294,0,1,0,39.605923503637314,4.729014805385045e-06,149,1,0
183,60,27,0,0,0,4.648900713239398,"[0.0, 4.648900713239398]",4.648900713239398,2.857142857142857,4.648900713239398,1.9666666666666646,0,1,0,38.62750098109245,4.648900713239398e-06,118,1,0
183,61,59,0,0,0,3.1015777587890625,"[0.0, 3.1015777587890625]",3.1015777587890625,2.857142857142857,3.1015777587890625,4.999999999999988,0,1,0,19.326353398246283,3.1015777587890625e-06,300,1,0
183,62,32,0,0,0,2.7931104387555807,"[0.0, 2.7931104387555807]",2.7931104387555807,0.0,2.7931104387555807,4.7499999999999885,0,1,0,47.75356383516919,2.793110438755581e-06,285,1,0
183,63,41,0,0,0,2.107761928013393,"[0.0, 2.107761928013393]",2.107761928013393,0.0,2.107761928013393,5.016666666666654,0,1,0,7.706262036335829,2.1077619280133928e-06,301,1,0
183,64,43,0,0,0,1.8923623221261159,"[0.0, 1.8923623221261159]",1.8923623221261159,0.0,1.8923623221261159,5.016666666666654,0,1,0,5.386899365839781,1.8923623221261158e-06,301,1,0
184,1,0,0,1,1,15.883047921316965,"[0.0, 15.883047921316965]",15.883047921316965,14.285714285714285,15.883047921316965,9.100000000000032,0,1,0,140.93718819320202,1.5883047921316966e-05,546,1,0
184,2,1,0,1,1,15.35921369280134,"[0.0, 15.35921369280134]",15.35921369280134,14.285714285714285,15.35921369280134,6.866666666666648,0,1,0,131.8931434303522,1.5359213692801342e-05,412,1,0
184,3,2,0,1,1,15.353813171386719,"[0.0, 15.353813171386719]",15.353813171386719,14.285714285714285,15.353813171386719,6.799999999999981,0,1,0,131.66765888035297,1.535381317138672e-05,408,1,0
184,4,3,0,1,1,15.337497166224889,"[0.0, 15.337497166224889]",15.337497166224889,14.285714285714285,15.337497166224889,6.883333333333314,0,1,0,132.58711296319962,1.5337497166224888e-05,413,1,0
184,5,4,0,1,1,15.31998770577567,"[0.0, 15.31998770577567]",15.31998770577567,14.285714285714285,15.31998770577567,6.866666666666648,0,1,0,133.35605366528034,1.5319987705775672e-05,412,1,0
184,6,5,0,1,1,15.310151236397878,"[0.0, 15.310151236397878]",15.310151236397878,14.285714285714285,15.310151236397878,6.833333333333314,0,1,0,132.4369699060917,1.5310151236397877e-05,410,1,0
184,7,6,0,1,1,15.303148542131698,"[0.0, 15.303148542131698]",15.303148542131698,14.285714285714285,15.303148542131698,6.833333333333314,0,1,0,132.20882841944695,1.53031485421317e-05,410,1,0
184,8,7,0,1,1,15.302331107003347,"[0.0, 15.302331107003347]",15.302331107003347,14.285714285714285,15.302331107003347,8.58333333333334,0,1,0,140.1659875884652,1.5302331107003347e-05,515,1,0
184,9,23,0,0,1,15.267137799944198,"[0.0, 15.267137799944198]",15.267137799944198,14.285714285714285,15.267137799944198,6.816666666666648,0,1,0,131.68529430031776,1.5267137799944196e-05,409,1,0
184,10,26,0,0,1,15.00763484409877,"[0.0, 15.00763484409877]",15.00763484409877,14.285714285714285,15.00763484409877,6.649999999999982,0,1,0,130.90202781558037,1.500763484409877e-05,399,1,0
184,11,55,0,0,1,14.552999223981585,"[0.0, 14.552999223981585]",14.552999223981585,14.285714285714285,14.552999223981585,6.5333333333333155,0,1,0,126.90259797871113,1.4552999223981585e-05,392,1,0
184,12,60,0,0,1,14.54026358468192,"[0.0, 14.54026358468192]",14.54026358468192,14.285714285714285,14.54026358468192,6.649999999999982,0,1,0,127.4122262597084,1.454026358468192e-05,399,1,0
184,13,11,0,0,1,14.45037296840123,"[0.0, 14.45037296840123]",14.45037296840123,14.285714285714285,14.45037296840123,6.899999999999981,0,1,0,129.09684601426125,1.4450372968401228e-05,414,1,0
184,14,20,0,0,1,11.358582632882253,"[0.0, 11.358582632882253]",11.358582632882253,8.571428571428571,11.358582632882253,5.833333333333318,0,1,0,98.56546269357204,1.1358582632882253e-05,350,1,0
184,15,43,0,0,1,11.223209926060267,"[0.0, 11.223209926060267]",11.223209926060267,8.571428571428571,11.223209926060267,5.783333333333318,0,1,0,101.05044108629227,1.1223209926060267e-05,347,1,0
184,16,28,0,0,1,11.22032710484096,"[0.0, 11.22032710484096]",11.22032710484096,8.571428571428571,11.22032710484096,5.499999999999986,0,1,0,101.62816478312016,1.122032710484096e-05,330,1,0
184,17,22,0,0,1,10.872821807861328,"[0.0, 10.872821807861328]",10.872821807861328,8.571428571428571,10.872821807861328,5.2166666666666535,0,1,0,95.31622672080994,1.0872821807861329e-05,313,1,0
184,18,63,0,0,1,10.82268306187221,"[0.0, 10.82268306187221]",10.82268306187221,8.571428571428571,10.82268306187221,5.883333333333318,0,1,0,98.53760440647602,1.082268306187221e-05,353,1,0
184,19,21,0,0,1,10.803506033761161,"[0.0, 10.803506033761161]",10.803506033761161,8.571428571428571,10.803506033761161,6.11666666666665,0,1,0,96.89347290247679,1.0803506033761162e-05,367,1,0
184,20,16,0,0,1,10.739964076450894,"[0.0, 10.739964076450894]",10.739964076450894,8.571428571428571,10.739964076450894,5.7666666666666515,0,1,0,95.89138340950012,1.0739964076450894e-05,346,1,0
184,21,34,0,0,1,10.493965148925781,"[0.0, 10.493965148925781]",10.493965148925781,8.571428571428571,10.493965148925781,5.666666666666652,0,1,0,96.38974548876286,1.049396514892578e-05,340,1,0
184,22,35,0,0,1,10.343516213553293,"[0.0, 10.343516213553293]",10.343516213553293,8.571428571428571,10.343516213553293,5.466666666666653,0,1,0,94.16342580318451,1.0343516213553293e-05,328,1,0
184,23,47,0,0,1,10.304088592529297,"[0.0, 10.304088592529297]",10.304088592529297,8.571428571428571,10.304088592529297,3.349999999999993,0,1,0,88.14781011641026,1.0304088592529297e-05,201,1,0
184,24,57,0,0,1,10.242914472307477,"[0.0, 10.242914472307477]",10.242914472307477,8.571428571428571,10.242914472307477,3.383333333333326,0,1,0,90.41400392353535,1.0242914472307477e-05,203,1,0
184,25,53,0,0,1,10.239255087716238,"[0.0, 10.239255087716238]",10.239255087716238,8.571428571428571,10.239255087716238,5.516666666666652,0,1,0,95.29611679911613,1.0239255087716237e-05,331,1,0
184,26,52,0,0,1,10.147386278424944,"[0.0, 10.147386278424944]",10.147386278424944,8.571428571428571,10.147386278424944,3.3166666666666598,0,1,0,87.59466491639614,1.0147386278424945e-05,199,1,0
184,27,56,0,0,1,10.061111450195312,"[0.0, 10.061111450195312]",10.061111450195312,8.571428571428571,10.061111450195312,5.483333333333319,0,1,0,94.75461611151695,1.0061111450195312e-05,329,1,0
184,28,29,0,0,1,10.001771109444753,"[0.0, 10.001771109444753]",10.001771109444753,8.571428571428571,10.001771109444753,3.3166666666666598,0,1,0,87.59444108605385,1.0001771109444753e-05,199,1,0
184,29,27,0,0,1,9.953436170305524,"[0.0, 9.953436170305524]",9.953436170305524,8.571428571428571,9.953436170305524,3.349999999999993,0,1,0,88.40141281485558,9.953436170305524e-06,201,1,0
184,30,25,0,0,1,9.906360081263951,"[0.0, 9.906360081263951]",9.906360081263951,8.571428571428571,9.906360081263951,5.449999999999986,0,1,0,93.68178690969944,9.90636008126395e-06,327,1,0
184,31,12,0,0,1,9.869722638811385,"[0.0, 9.869722638811385]",9.869722638811385,8.571428571428571,9.869722638811385,5.483333333333319,0,1,0,94.08161033689976,9.869722638811386e-06,329,1,0
184,32,15,0,0,1,9.78898457118443,"[0.0, 9.78898457118443]",9.78898457118443,8.571428571428571,9.78898457118443,3.7166666666666583,0,1,0,88.56529265642166,9.78898457118443e-06,223,1,0
184,33,36,0,0,0,9.576862880161832,"[0.0, 9.576862880161832]",9.576862880161832,8.571428571428571,9.576862880161832,3.26666666666666,0,1,0,85.50357457995415,9.576862880161831e-06,196,1,0
184,34,49,0,0,0,9.369561331612724,"[0.0, 9.369561331612724]",9.369561331612724,8.571428571428571,9.369561331612724,3.3166666666666598,0,1,0,86.22305727005005,9.369561331612724e-06,199,1,0
184,35,32,0,0,0,9.110219138009208,"[0.0, 9.110219138009208]",9.110219138009208,8.571428571428571,9.110219138009208,3.2499999999999933,0,1,0,84.81068329513073,9.11021913800921e-06,195,1,0
184,36,10,0,0,0,8.712496076311384,"[0.0, 8.712496076311384]",8.712496076311384,8.571428571428571,8.712496076311384,3.2333333333333267,0,1,0,83.07330629229546,8.712496076311384e-06,194,1,0
184,37,19,0,0,0,8.480796813964844,"[0.0, 8.480796813964844]",8.480796813964844,5.714285714285714,8.480796813964844,7.599999999999978,0,1,0,65.72043312077585,8.480796813964845e-06,456,1,0
184,38,17,0,0,0,8.433982304164342,"[0.0, 8.433982304164342]",8.433982304164342,5.714285714285714,8.433982304164342,3.599999999999992,0,1,0,81.71207550168037,8.433982304164342e-06,216,1,0
184,39,31,0,0,0,8.130874633789062,"[0.0, 8.130874633789062]",8.130874633789062,5.714285714285714,8.130874633789062,3.1499999999999937,0,1,0,80.70290322601795,8.130874633789063e-06,189,1,0
184,40,46,0,0,0,7.378188541957311,"[0.0, 7.378188541957311]",7.378188541957311,5.714285714285714,7.378188541957311,3.016666666666661,0,1,0,75.35184052586555,7.3781885419573105e-06,181,1,0
184,41,14,0,0,0,7.294088091169085,"[0.0, 7.294088091169085]",7.294088091169085,5.714285714285714,7.294088091169085,2.9833333333333276,0,1,0,74.0378654897213,7.294088091169085e-06,179,1,0
184,42,24,0,0,0,6.258506774902344,"[0.0, 6.258506774902344]",6.258506774902344,5.714285714285714,6.258506774902344,7.366666666666646,0,1,0,58.60271202494914,6.258506774902344e-06,442,1,0
184,43,37,0,0,0,6.250719342912947,"[0.0, 6.250719342912947]",6.250719342912947,5.714285714285714,6.250719342912947,8.299999999999992,0,1,0,72.38693759439047,6.250719342912947e-06,498,1,0
184,44,39,0,0,0,6.248588562011719,"[0.0, 6.248588562011719]",6.248588562011719,5.714285714285714,6.248588562011719,7.316666666666646,0,1,0,57.642366066691466,6.248588562011719e-06,439,1,0
184,45,9,0,0,0,6.204790387834821,"[0.0, 6.204790387834821]",6.204790387834821,5.714285714285714,6.204790387834821,7.316666666666646,0,1,0,57.63314926996827,6.2047903878348215e-06,439,1,0
184,46,50,0,0,0,5.874116080147879,"[0.0, 5.874116080147879]",5.874116080147879,5.714285714285714,5.874116080147879,4.7499999999999885,0,1,0,54.819087624549866,5.874116080147879e-06,285,1,0
184,47,44,0,0,0,5.842317853655134,"[0.0, 5.842317853655134]",5.842317853655134,5.714285714285714,5.842317853655134,3.899999999999991,0,1,0,53.71660166978836,5.842317853655134e-06,234,1,0
184,48,40,0,0,0,5.803778512137277,"[0.0, 5.803778512137277]",5.803778512137277,5.714285714285714,5.803778512137277,3.8833333333333244,0,1,0,52.933246828615665,5.803778512137277e-06,233,1,0
184,49,58,0,0,0,5.767653329031807,"[0.0, 5.767653329031807]",5.767653329031807,5.714285714285714,5.767653329031807,3.7999999999999914,0,1,0,52.41446451842785,5.767653329031807e-06,228,1,0
184,50,41,0,0,0,5.753310067313058,"[0.0, 5.753310067313058]",5.753310067313058,5.714285714285714,5.753310067313058,3.6999999999999917,0,1,0,51.690572649240494,5.753310067313058e-06,222,1,0
184,51,18,0,0,0,5.733495439801898,"[0.0, 5.733495439801898]",5.733495439801898,5.714285714285714,5.733495439801898,2.3499999999999965,0,1,0,50.878708586096764,5.7334954398018974e-06,141,1,0
184,52,59,0,0,0,5.6861386980329245,"[0.0, 5.6861386980329245]",5.6861386980329245,2.857142857142857,5.6861386980329245,3.766666666666658,0,1,0,51.38144388794899,5.686138698032924e-06,226,1,0
184,53,54,0,0,0,5.590678623744419,"[0.0, 5.590678623744419]",5.590678623744419,2.857142857142857,5.590678623744419,3.4999999999999925,0,1,0,50.11741644144058,5.590678623744419e-06,210,1,0
184,54,62,0,0,0,5.589376177106585,"[0.0, 5.589376177106585]",5.589376177106585,2.857142857142857,5.589376177106585,3.4999999999999925,0,1,0,50.11749938130379,5.589376177106585e-06,210,1,0
184,55,13,0,0,0,5.4589080810546875,"[0.0, 5.4589080810546875]",5.4589080810546875,2.857142857142857,5.4589080810546875,3.2833333333333266,0,1,0,48.29942125082016,5.458908081054687e-06,197,1,0
184,56,45,0,0,0,5.444728306361607,"[0.0, 5.444728306361607]",5.444728306361607,2.857142857142857,5.444728306361607,3.2499999999999933,0,1,0,48.00034363567829,5.4447283063616065e-06,195,1,0
184,57,51,0,0,0,5.394968305315291,"[0.0, 5.394968305315291]",5.394968305315291,2.857142857142857,5.394968305315291,2.2333333333333303,0,1,0,47.004471108317375,5.394968305315291e-06,134,1,0
184,58,38,0,0,0,5.17754146030971,"[0.0, 5.17754146030971]",5.17754146030971,2.857142857142857,5.17754146030971,2.933333333333328,0,1,0,44.89029976725578,5.17754146030971e-06,176,1,0
184,59,8,0,0,0,4.952501569475446,"[0.0, 4.952501569475446]",4.952501569475446,2.857142857142857,4.952501569475446,2.633333333333329,0,1,0,42.18418672680855,4.952501569475446e-06,158,1,0
184,60,48,0,0,0,4.770644051688058,"[0.0, 4.770644051688058]",4.770644051688058,2.857142857142857,4.770644051688058,7.866666666666644,0,1,0,38.625543395210116,4.770644051688058e-06,472,1,0
184,61,42,0,0,0,4.7119140625,"[0.0, 4.7119140625]",4.7119140625,2.857142857142857,4.7119140625,2.466666666666663,0,1,0,39.39047063887119,4.7119140625e-06,148,1,0
184,62,33,0,0,0,2.222268240792411,"[0.0, 2.222268240792411]",2.222268240792411,0.0,2.222268240792411,5.499999999999986,0,1,0,13.273785763187334,2.222268240792411e-06,330,1,0
184,63,61,0,0,0,1.9085693359375,"[0.0, 1.9085693359375]",1.9085693359375,0.0,1.9085693359375,5.016666666666654,0,1,0,5.565067763440311,1.9085693359375e-06,301,1,0
184,64,30,0,0,0,1.8727002825055805,"[0.0, 1.8727002825055805]",1.8727002825055805,0.0,1.8727002825055805,5.016666666666654,0,1,0,5.175540715223178,1.8727002825055805e-06,301,1,0
185,1,0,0,1,1,15.883047921316965,"[0.0, 15.883047921316965]",15.883047921316965,14.285714285714285,15.883047921316965,9.100000000000032,0,1,0,140.93718819320202,1.5883047921316966e-05,546,1,0
185,2,14,0,1,1,15.448570251464844,"[0.0, 15.448570251464844]",15.448570251464844,14.285714285714285,15.448570251464844,8.066666666666647,0,1,0,136.9978540316224,1.5448570251464845e-05,484,1,0
185,3,1,0,1,1,15.35921369280134,"[0.0, 15.35921369280134]",15.35921369280134,14.285714285714285,15.35921369280134,6.866666666666648,0,1,0,131.8931434303522,1.5359213692801342e-05,412,1,0
185,4,2,0,1,1,15.353813171386719,"[0.0, 15.353813171386719]",15.353813171386719,14.285714285714285,15.353813171386719,6.799999999999981,0,1,0,131.66765888035297,1.535381317138672e-05,408,1,0
185,5,3,0,1,1,15.337497166224889,"[0.0, 15.337497166224889]",15.337497166224889,14.285714285714285,15.337497166224889,6.883333333333314,0,1,0,132.58711296319962,1.5337497166224888e-05,413,1,0
185,6,4,0,1,1,15.31998770577567,"[0.0, 15.31998770577567]",15.31998770577567,14.285714285714285,15.31998770577567,6.866666666666648,0,1,0,133.35605366528034,1.5319987705775672e-05,412,1,0
185,7,5,0,1,1,15.310151236397878,"[0.0, 15.310151236397878]",15.310151236397878,14.285714285714285,15.310151236397878,6.833333333333314,0,1,0,132.4369699060917,1.5310151236397877e-05,410,1,0
185,8,6,0,1,1,15.303148542131698,"[0.0, 15.303148542131698]",15.303148542131698,14.285714285714285,15.303148542131698,6.833333333333314,0,1,0,132.20882841944695,1.53031485421317e-05,410,1,0
185,9,7,0,0,1,15.302331107003347,"[0.0, 15.302331107003347]",15.302331107003347,14.285714285714285,15.302331107003347,8.58333333333334,0,1,0,140.1659875884652,1.5302331107003347e-05,515,1,0
185,10,20,0,0,1,15.078304835728238,"[0.0, 15.078304835728238]",15.078304835728238,14.285714285714285,15.078304835728238,6.733333333333315,0,1,0,132.30347262322903,1.5078304835728237e-05,404,1,0
185,11,8,0,0,1,14.891929626464846,"[0.0, 14.891929626464846]",14.891929626464846,14.285714285714285,14.891929626464846,6.6999999999999815,0,1,0,134.05842074751854,1.4891929626464846e-05,402,1,0
185,12,39,0,0,1,14.748747689383372,"[0.0, 14.748747689383372]",14.748747689383372,14.285714285714285,14.748747689383372,6.816666666666648,0,1,0,131.84795632958412,1.4748747689383372e-05,409,1,0
185,13,16,0,0,1,14.48509216308594,"[0.0, 14.48509216308594]",14.48509216308594,14.285714285714285,14.48509216308594,6.749999999999981,0,1,0,131.33939611166716,1.448509216308594e-05,405,1,0
185,14,58,0,0,1,13.407151358468191,"[0.0, 13.407151358468191]",13.407151358468191,11.428571428571429,13.407151358468191,9.100000000000032,0,1,0,128.7921031153237,1.340715135846819e-05,546,1,0
185,15,36,0,0,1,11.68111801147461,"[0.0, 11.68111801147461]",11.68111801147461,11.428571428571429,11.68111801147461,6.416666666666649,0,1,0,105.6842770576477,1.168111801147461e-05,385,1,0
185,16,15,0,0,1,11.101665496826172,"[0.0, 11.101665496826172]",11.101665496826172,8.571428571428571,11.101665496826172,3.4999999999999925,0,1,0,95.09824189543724,1.1101665496826172e-05,210,1,0
185,17,45,0,0,1,10.903333936418806,"[0.0, 10.903333936418806]",10.903333936418806,8.571428571428571,10.903333936418806,5.7666666666666515,0,1,0,98.98900219798088,1.0903333936418806e-05,346,1,0
185,18,13,0,0,1,10.754075731549944,"[0.0, 10.754075731549944]",10.754075731549944,8.571428571428571,10.754075731549944,5.8499999999999845,0,1,0,95.83605240285397,1.0754075731549945e-05,351,1,0
185,19,24,0,0,1,10.741844177246094,"[0.0, 10.741844177246094]",10.741844177246094,8.571428571428571,10.741844177246094,5.699999999999985,0,1,0,97.56687316298485,1.0741844177246094e-05,342,1,0
185,20,54,0,0,1,10.523057665143694,"[0.0, 10.523057665143694]",10.523057665143694,8.571428571428571,10.523057665143694,3.3666666666666596,0,1,0,89.4218208938837,1.0523057665143694e-05,202,1,0
185,21,33,0,0,1,10.456722804478238,"[0.0, 10.456722804478238]",10.456722804478238,8.571428571428571,10.456722804478238,5.116666666666654,0,1,0,93.6486009657383,1.0456722804478239e-05,307,1,0
185,22,57,0,0,1,10.433578491210938,"[0.0, 10.433578491210938]",10.433578491210938,8.571428571428571,10.433578491210938,5.533333333333319,0,1,0,96.3785848915577,1.0433578491210938e-05,332,1,0
185,23,41,0,0,1,10.15267780848912,"[0.0, 10.15267780848912]",10.15267780848912,8.571428571428571,10.15267780848912,3.349999999999993,0,1,0,88.7156076580286,1.015267780848912e-05,201,1,0
185,24,43,0,0,1,10.151985713413783,"[0.0, 10.151985713413783]",10.151985713413783,8.571428571428571,10.151985713413783,5.483333333333319,0,1,0,94.75488671660423,1.0151985713413784e-05,329,1,0
185,25,11,0,0,1,10.11664526803153,"[0.0, 10.11664526803153]",10.11664526803153,8.571428571428571,10.11664526803153,3.3666666666666596,0,1,0,88.10301645100117,1.011664526803153e-05,202,1,0
185,26,28,0,0,1,10.035836356026785,"[0.0, 10.035836356026785]",10.035836356026785,8.571428571428571,10.035836356026785,5.549999999999986,0,1,0,95.83670377731323,1.0035836356026784e-05,333,1,0
185,27,49,0,0,1,10.018790108816965,"[0.0, 10.018790108816965]",10.018790108816965,8.571428571428571,10.018790108816965,5.499999999999986,0,1,0,94.7563718110323,1.0018790108816965e-05,330,1,0
185,28,55,0,0,1,9.983618600027903,"[0.0, 9.983618600027903]",9.983618600027903,8.571428571428571,9.983618600027903,3.3166666666666598,0,1,0,87.302162155509,9.983618600027902e-06,199,1,0
185,29,56,0,0,1,9.918572562081474,"[0.0, 9.918572562081474]",9.918572562081474,8.571428571428571,9.918572562081474,5.499999999999986,0,1,0,95.29556034505367,9.918572562081474e-06,330,1,0
185,30,48,0,0,1,9.733638763427734,"[0.0, 9.733638763427734]",9.733638763427734,8.571428571428571,9.733638763427734,3.299999999999993,0,1,0,86.22784575819969,9.733638763427734e-06,198,1,0
185,31,46,0,0,1,9.67087881905692,"[0.0, 9.67087881905692]",9.67087881905692,8.571428571428571,9.67087881905692,3.2833333333333266,0,1,0,86.19841267168522,9.67087881905692e-06,197,1,0
185,32,61,0,0,1,9.448130471365793,"[0.0, 9.448130471365793]",9.448130471365793,8.571428571428571,9.448130471365793,3.299999999999993,0,1,0,86.37805552780628,9.448130471365794e-06,198,1,0
185,33,29,0,0,0,9.393084389822825,"[0.0, 9.393084389822825]",9.393084389822825,8.571428571428571,9.393084389822825,5.349999999999986,0,1,0,90.52617980539799,9.393084389822826e-06,321,1,0
185,34,32,0,0,0,9.07245363507952,"[0.0, 9.07245363507952]",9.07245363507952,8.571428571428571,9.07245363507952,8.133333333333317,0,1,0,75.56912417217973,9.072453635079522e-06,488,1,0
185,35,19,0,0,0,8.96611077444894,"[0.0, 8.96611077444894]",8.96611077444894,8.571428571428571,8.96611077444894,4.416666666666656,0,1,0,87.93466754257679,8.966110774448938e-06,265,1,0
185,36,53,0,0,0,8.656343732561384,"[0.0, 8.656343732561384]",8.656343732561384,8.571428571428571,8.656343732561384,3.299999999999993,0,1,0,83.41041745245457,8.656343732561384e-06,198,1,0
185,37,21,0,0,0,8.633594512939453,"[0.0, 8.633594512939453]",8.633594512939453,8.571428571428571,8.633594512939453,7.833333333333311,0,1,0,70.16092975450738,8.633594512939453e-06,470,1,0
185,38,30,0,0,0,8.370042528424944,"[0.0, 8.370042528424944]",8.370042528424944,5.714285714285714,8.370042528424944,3.1666666666666603,0,1,0,80.81853207945824,8.370042528424944e-06,190,1,0
185,39,34,0,0,0,8.299277169363839,"[0.0, 8.299277169363839]",8.299277169363839,5.714285714285714,8.299277169363839,7.383333333333312,0,1,0,58.15932575214538,8.299277169363839e-06,443,1,0
185,40,42,0,0,0,8.19488252912249,"[0.0, 8.19488252912249]",8.19488252912249,5.714285714285714,8.19488252912249,3.1499999999999937,0,1,0,80.7024512887001,8.194882529122489e-06,189,1,0
185,41,59,0,0,0,8.168866293770927,"[0.0, 8.168866293770927]",8.168866293770927,5.714285714285714,8.168866293770927,7.383333333333312,0,1,0,58.121904102066765,8.168866293770927e-06,443,1,0
185,42,40,0,0,0,8.069804055350167,"[0.0, 8.069804055350167]",8.069804055350167,5.714285714285714,8.069804055350167,3.4166666666666594,0,1,0,79.28165011107922,8.069804055350167e-06,205,1,0
185,43,9,0,0,0,5.971129281180246,"[0.0, 5.971129281180246]",5.971129281180246,5.714285714285714,5.971129281180246,4.083333333333324,0,1,0,55.886231020092964,5.971129281180245e-06,245,1,0
185,44,44,0,0,0,5.953548976353237,"[0.0, 5.953548976353237]",5.953548976353237,5.714285714285714,5.953548976353237,2.4333333333333296,0,1,0,53.722775027155876,5.953548976353237e-06,146,1,0
185,45,37,0,0,0,5.944192068917411,"[0.0, 5.944192068917411]",5.944192068917411,5.714285714285714,5.944192068917411,4.649999999999989,0,1,0,55.44986053183675,5.944192068917411e-06,279,1,0
185,46,31,0,0,0,5.90522221156529,"[0.0, 5.90522221156529]",5.90522221156529,5.714285714285714,5.90522221156529,2.416666666666663,0,1,0,53.14914661645889,5.90522221156529e-06,145,1,0
185,47,63,0,0,0,5.835331508091518,"[0.0, 5.835331508091518]",5.835331508091518,5.714285714285714,5.835331508091518,3.8333333333333246,0,1,0,53.54555484652519,5.835331508091518e-06,230,1,0
185,48,10,0,0,0,5.781386239188057,"[0.0, 5.781386239188057]",5.781386239188057,5.714285714285714,5.781386239188057,3.766666666666658,0,1,0,52.41803675889969,5.781386239188057e-06,226,1,0
185,49,35,0,0,0,5.742421831403459,"[0.0, 5.742421831403459]",5.742421831403459,5.714285714285714,5.742421831403459,3.7833333333333248,0,1,0,52.218830332159996,5.742421831403459e-06,227,1,0
185,50,23,0,0,0,5.571229117257254,"[0.0, 5.571229117257254]",5.571229117257254,2.857142857142857,5.571229117257254,3.4666666666666592,0,1,0,49.85170145332813,5.571229117257255e-06,208,1,0
185,51,27,0,0,0,5.569959368024554,"[0.0, 5.569959368024554]",5.569959368024554,2.857142857142857,5.569959368024554,3.399999999999993,0,1,0,49.544526010751724,5.569959368024554e-06,204,1,0
185,52,52,0,0,0,5.520084926060268,"[0.0, 5.520084926060268]",5.520084926060268,2.857142857142857,5.520084926060268,3.383333333333326,0,1,0,49.16571590304375,5.5200849260602686e-06,203,1,0
185,53,12,0,0,0,5.490074157714844,"[0.0, 5.490074157714844]",5.490074157714844,2.857142857142857,5.490074157714844,2.2666666666666635,0,1,0,48.09817634522915,5.490074157714844e-06,136,1,0
185,54,26,0,0,0,5.359202793666295,"[0.0, 5.359202793666295]",5.359202793666295,2.857142857142857,5.359202793666295,3.099999999999994,0,1,0,46.99762536585331,5.359202793666295e-06,186,1,0
185,55,22,0,0,0,5.163018362862723,"[0.0, 5.163018362862723]",5.163018362862723,2.857142857142857,5.163018362862723,2.916666666666661,0,1,0,44.712913647294044,5.163018362862723e-06,175,1,0
185,56,51,0,0,0,4.9922943115234375,"[0.0, 4.9922943115234375]",4.9922943115234375,2.857142857142857,4.9922943115234375,2.7333333333333285,0,1,0,42.66981868445873,4.992294311523437e-06,164,1,0
185,57,17,0,0,0,4.81335231236049,"[0.0, 4.81335231236049]",4.81335231236049,2.857142857142857,4.81335231236049,2.549999999999996,0,1,0,40.60697025060654,4.813352312360491e-06,153,1,0
185,58,47,0,0,0,4.6454620361328125,"[0.0, 4.6454620361328125]",4.6454620361328125,2.857142857142857,4.6454620361328125,2.3999999999999964,0,1,0,38.67722646892071,4.645462036132813e-06,144,1,0
185,59,18,0,0,0,4.610693795340402,"[0.0, 4.610693795340402]",4.610693795340402,2.857142857142857,4.610693795340402,1.949999999999998,0,1,0,38.12645085155964,4.610693795340402e-06,117,1,0
185,60,38,0,0,0,2.8281838553292413,"[0.0, 2.8281838553292413]",2.8281838553292413,0.0,2.8281838553292413,5.116666666666654,0,1,0,41.01755805456196,2.828183855329241e-06,307,1,0
185,61,50,0,0,0,2.170737130301339,"[0.0, 2.170737130301339]",2.170737130301339,0.0,2.170737130301339,5.016666666666654,0,1,0,8.610783070791513,2.1707371303013388e-06,301,1,0
185,62,25,0,0,0,1.888340541294643,"[0.0, 1.888340541294643]",1.888340541294643,0.0,1.888340541294643,5.016666666666654,0,1,0,5.248954336435418,1.888340541294643e-06,301,1,0
185,63,62,0,0,0,1.8720463344029017,"[0.0, 1.8720463344029017]",1.8720463344029017,0.0,1.8720463344029017,5.016666666666654,0,1,0,5.185277170385234,1.8720463344029018e-06,301,1,0
185,64,60,0,0,0,1.8707874843052457,"[0.0, 1.8707874843052457]",1.8707874843052457,0.0,1.8707874843052457,5.016666666666654,0,1,0,5.175108717987314,1.8707874843052458e-06,301,1,0
186,1,0,0,1,1,15.883047921316965,"[0.0, 15.883047921316965]",15.883047921316965,14.285714285714285,15.883047921316965,9.100000000000032,0,1,0,140.93718819320202,1.5883047921316966e-05,546,1,0
186,2,1,0,1,1,15.448570251464844,"[0.0, 15.448570251464844]",15.448570251464844,14.285714285714285,15.448570251464844,8.066666666666647,0,1,0,136.9978540316224,1.5448570251464845e-05,484,1,0
186,3,2,0,1,1,15.35921369280134,"[0.0, 15.35921369280134]",15.35921369280134,14.285714285714285,15.35921369280134,6.866666666666648,0,1,0,131.8931434303522,1.5359213692801342e-05,412,1,0
186,4,3,0,1,1,15.353813171386719,"[0.0, 15.353813171386719]",15.353813171386719,14.285714285714285,15.353813171386719,6.799999999999981,0,1,0,131.66765888035297,1.535381317138672e-05,408,1,0
186,5,4,0,1,1,15.337497166224889,"[0.0, 15.337497166224889]",15.337497166224889,14.285714285714285,15.337497166224889,6.883333333333314,0,1,0,132.58711296319962,1.5337497166224888e-05,413,1,0
186,6,5,0,1,1,15.31998770577567,"[0.0, 15.31998770577567]",15.31998770577567,14.285714285714285,15.31998770577567,6.866666666666648,0,1,0,133.35605366528034,1.5319987705775672e-05,412,1,0
186,7,6,0,1,1,15.310151236397878,"[0.0, 15.310151236397878]",15.310151236397878,14.285714285714285,15.310151236397878,6.833333333333314,0,1,0,132.4369699060917,1.5310151236397877e-05,410,1,0
186,8,7,0,1,1,15.303148542131698,"[0.0, 15.303148542131698]",15.303148542131698,14.285714285714285,15.303148542131698,6.833333333333314,0,1,0,132.20882841944695,1.53031485421317e-05,410,1,0
186,9,23,0,0,1,15.297470092773438,"[0.0, 15.297470092773438]",15.297470092773438,14.285714285714285,15.297470092773438,9.466666666666717,0,1,0,143.64254435263865,1.5297470092773437e-05,568,1,0
186,10,22,0,0,1,15.151661464146205,"[0.0, 15.151661464146205]",15.151661464146205,14.285714285714285,15.151661464146205,6.899999999999981,0,1,0,133.05482426285744,1.5151661464146206e-05,414,1,0
186,11,12,0,0,1,15.059160505022321,"[0.0, 15.059160505022321]",15.059160505022321,14.285714285714285,15.059160505022321,6.766666666666648,0,1,0,134.32482674717903,1.5059160505022321e-05,406,1,0
186,12,26,0,0,1,14.774306161063059,"[0.0, 14.774306161063059]",14.774306161063059,14.285714285714285,14.774306161063059,6.683333333333315,0,1,0,128.38152100145817,1.4774306161063059e-05,401,1,0
186,13,13,0,0,1,14.699085780552457,"[0.0, 14.699085780552457]",14.699085780552457,14.285714285714285,14.699085780552457,6.649999999999982,0,1,0,135.94611139595509,1.4699085780552457e-05,399,1,0
186,14,20,0,0,1,14.609919956752233,"[0.0, 14.609919956752233]",14.609919956752233,14.285714285714285,14.609919956752233,6.799999999999981,0,1,0,132.80015751719475,1.4609919956752233e-05,408,1,0
186,15,37,0,0,1,14.327572413853238,"[0.0, 14.327572413853238]",14.327572413853238,14.285714285714285,14.327572413853238,6.6166666666666485,0,1,0,127.81743331253529,1.4327572413853237e-05,397,1,0
186,16,47,0,0,1,14.327011108398438,"[0.0, 14.327011108398438]",14.327011108398438,14.285714285714285,14.327011108398438,8.066666666666647,0,1,0,133.1729042828083,1.4327011108398437e-05,484,1,0
186,17,43,0,0,1,12.4777466910226,"[0.0, 12.4777466910226]",12.4777466910226,11.428571428571429,12.4777466910226,8.416666666666664,0,1,0,105.61767116375268,1.24777466910226e-05,505,1,0
186,18,58,0,0,1,10.992962973458427,"[0.0, 10.992962973458427]",10.992962973458427,8.571428571428571,10.992962973458427,6.3166666666666496,0,1,0,98.34457613527775,1.0992962973458428e-05,379,1,0
186,19,21,0,0,1,10.916227613176618,"[0.0, 10.916227613176618]",10.916227613176618,8.571428571428571,10.916227613176618,5.749999999999985,0,1,0,95.5253574103117,1.0916227613176618e-05,345,1,0
186,20,25,0,0,1,10.858745574951172,"[0.0, 10.858745574951172]",10.858745574951172,8.571428571428571,10.858745574951172,5.733333333333318,0,1,0,98.10280644893646,1.0858745574951172e-05,344,1,0
186,21,61,0,0,1,10.816571371895927,"[0.0, 10.816571371895927]",10.816571371895927,8.571428571428571,10.816571371895927,5.749999999999985,0,1,0,98.65492400527,1.0816571371895927e-05,345,1,0
186,22,60,0,0,1,10.798696790422714,"[0.0, 10.798696790422714]",10.798696790422714,8.571428571428571,10.798696790422714,5.099999999999987,0,1,0,97.00788347423077,1.0798696790422714e-05,306,1,0
186,23,52,0,0,1,10.786459786551339,"[0.0, 10.786459786551339]",10.786459786551339,8.571428571428571,10.786459786551339,6.083333333333317,0,1,0,101.02608880400658,1.078645978655134e-05,365,1,0
186,24,24,0,0,1,10.651934487479075,"[0.0, 10.651934487479075]",10.651934487479075,8.571428571428571,10.651934487479075,5.6833333333333185,0,1,0,97.55718368291855,1.0651934487479074e-05,341,1,0
186,25,18,0,0,1,10.51015853881836,"[0.0, 10.51015853881836]",10.51015853881836,8.571428571428571,10.51015853881836,5.649999999999985,0,1,0,99.13711486756802,1.0510158538818359e-05,339,1,0
186,26,48,0,0,1,10.46304430280413,"[0.0, 10.46304430280413]",10.46304430280413,8.571428571428571,10.46304430280413,5.599999999999985,0,1,0,97.50722390413284,1.046304430280413e-05,336,1,0
186,27,15,0,0,1,10.421676635742188,"[0.0, 10.421676635742188]",10.421676635742188,8.571428571428571,10.421676635742188,5.533333333333319,0,1,0,95.8375754058361,1.0421676635742188e-05,332,1,0
186,28,40,0,0,1,10.295451028006418,"[0.0, 10.295451028006418]",10.295451028006418,8.571428571428571,10.295451028006418,3.383333333333326,0,1,0,90.1215407550335,1.0295451028006419e-05,203,1,0
186,29,42,0,0,1,10.210745675223214,"[0.0, 10.210745675223214]",10.210745675223214,8.571428571428571,10.210745675223214,5.7666666666666515,0,1,0,94.97195717692375,1.0210745675223214e-05,346,1,0
186,30,16,0,0,1,10.093258449009486,"[0.0, 10.093258449009486]",10.093258449009486,8.571428571428571,10.093258449009486,5.499999999999986,0,1,0,94.75680953264236,1.0093258449009486e-05,330,1,0
186,31,39,0,0,1,10.04959923880441,"[0.0, 10.04959923880441]",10.04959923880441,8.571428571428571,10.04959923880441,5.416666666666653,0,1,0,92.61926554143429,1.004959923880441e-05,325,1,0
186,32,29,0,0,1,10.034724644252233,"[0.0, 10.034724644252233]",10.034724644252233,8.571428571428571,10.034724644252233,3.483333333333326,0,1,0,89.52786163985729,1.0034724644252233e-05,209,1,0
186,33,10,0,0,0,9.983460562569753,"[0.0, 9.983460562569753]",9.983460562569753,8.571428571428571,9.983460562569753,5.516666666666652,0,1,0,94.57724054157734,9.983460562569753e-06,331,1,0
186,34,57,0,0,0,9.96755872453962,"[0.0, 9.96755872453962]",9.96755872453962,8.571428571428571,9.96755872453962,3.3333333333333264,0,1,0,87.67471630871296,9.967558724539619e-06,200,1,0
186,35,19,0,0,0,9.916722433907644,"[0.0, 9.916722433907644]",9.916722433907644,8.571428571428571,9.916722433907644,3.299999999999993,0,1,0,86.2411758005619,9.916722433907645e-06,198,1,0
186,36,53,0,0,0,9.817643846784318,"[0.0, 9.817643846784318]",9.817643846784318,8.571428571428571,9.817643846784318,3.299999999999993,0,1,0,86.8954266756773,9.817643846784318e-06,198,1,0
186,37,38,0,0,0,9.758009229387556,"[0.0, 9.758009229387556]",9.758009229387556,8.571428571428571,9.758009229387556,5.116666666666654,0,1,0,93.41570103168488,9.758009229387556e-06,307,1,0
186,38,54,0,0,0,9.740764072963168,"[0.0, 9.740764072963168]",9.740764072963168,8.571428571428571,9.740764072963168,3.2833333333333266,0,1,0,85.5901483297348,9.740764072963169e-06,197,1,0
186,39,33,0,0,0,9.733006613595146,"[0.0, 9.733006613595146]",9.733006613595146,8.571428571428571,9.733006613595146,3.3166666666666598,0,1,0,87.59470131993294,9.733006613595146e-06,199,1,0
186,40,11,0,0,0,9.657674516950335,"[0.0, 9.657674516950335]",9.657674516950335,8.571428571428571,9.657674516950335,3.26666666666666,0,1,0,85.50344741344452,9.657674516950335e-06,196,1,0
186,41,46,0,0,0,9.526012965611049,"[0.0, 9.526012965611049]",9.526012965611049,8.571428571428571,9.526012965611049,3.26666666666666,0,1,0,85.5035674571991,9.526012965611049e-06,196,1,0
186,42,27,0,0,0,9.368681226457868,"[0.0, 9.368681226457868]",9.368681226457868,8.571428571428571,9.368681226457868,3.2833333333333266,0,1,0,85.42074638605118,9.368681226457869e-06,197,1,0
186,43,8,0,0,0,9.156469617571151,"[0.0, 9.156469617571151]",9.156469617571151,8.571428571428571,9.156469617571151,3.2499999999999933,0,1,0,84.81109210848808,9.15646961757115e-06,195,1,0
186,44,31,0,0,0,9.1542843409947,"[0.0, 9.1542843409947]",9.1542843409947,8.571428571428571,9.1542843409947,3.2499999999999933,0,1,0,84.1722794175148,9.1542843409947e-06,195,1,0
186,45,34,0,0,0,8.77157211303711,"[0.0, 8.77157211303711]",8.77157211303711,8.571428571428571,8.77157211303711,3.183333333333327,0,1,0,82.06313671171665,8.77157211303711e-06,191,1,0
186,46,62,0,0,0,8.21934563773019,"[0.0, 8.21934563773019]",8.21934563773019,5.714285714285714,8.21934563773019,7.383333333333312,0,1,0,57.92393597708724,8.219345637730189e-06,443,1,0
186,47,51,0,0,0,8.195814405168806,"[0.0, 8.195814405168806]",8.195814405168806,5.714285714285714,8.195814405168806,3.4499999999999926,0,1,0,80.3198351264,8.195814405168805e-06,207,1,0
186,48,55,0,0,0,6.3764463152204245,"[0.0, 6.3764463152204245]",6.3764463152204245,5.714285714285714,6.3764463152204245,7.366666666666646,0,1,0,58.59370151679468,6.376446315220424e-06,442,1,0
186,49,30,0,0,0,6.2888881138392865,"[0.0, 6.2888881138392865]",6.2888881138392865,5.714285714285714,6.2888881138392865,7.366666666666646,0,1,0,58.58237366566027,6.2888881138392864e-06,442,1,0
186,50,59,0,0,0,6.227651323590959,"[0.0, 6.227651323590959]",6.227651323590959,5.714285714285714,6.227651323590959,7.316666666666646,0,1,0,57.53686401087907,6.227651323590959e-06,439,1,0
186,51,50,0,0,0,5.825293404715402,"[0.0, 5.825293404715402]",5.825293404715402,5.714285714285714,5.825293404715402,4.0666666666666575,0,1,0,53.67376005649567,5.825293404715402e-06,244,1,0
186,52,14,0,0,0,5.74082510811942,"[0.0, 5.74082510811942]",5.74082510811942,5.714285714285714,5.74082510811942,2.3499999999999965,0,1,0,50.8788857460022,5.74082510811942e-06,141,1,0
186,53,56,0,0,0,5.707893371582031,"[0.0, 5.707893371582031]",5.707893371582031,2.857142857142857,5.707893371582031,3.6666666666666585,0,1,0,51.36853934824467,5.707893371582031e-06,220,1,0
186,54,36,0,0,0,5.697146824428014,"[0.0, 5.697146824428014]",5.697146824428014,2.857142857142857,5.697146824428014,3.9666666666666575,0,1,0,51.77135117352009,5.697146824428014e-06,238,1,0
186,55,44,0,0,0,5.6145204816545755,"[0.0, 5.6145204816545755]",5.6145204816545755,2.857142857142857,5.6145204816545755,3.6333333333333253,0,1,0,50.48658746480942,5.6145204816545755e-06,218,1,0
186,56,63,0,0,0,5.530003138950893,"[0.0, 5.530003138950893]",5.530003138950893,2.857142857142857,5.530003138950893,3.399999999999993,0,1,0,49.305173113942146,5.530003138950893e-06,204,1,0
186,57,41,0,0,0,5.46790531703404,"[0.0, 5.46790531703404]",5.46790531703404,2.857142857142857,5.46790531703404,3.299999999999993,0,1,0,48.44748745858669,5.46790531703404e-06,198,1,0
186,58,45,0,0,0,5.448188781738281,"[0.0, 5.448188781738281]",5.448188781738281,2.857142857142857,5.448188781738281,3.1999999999999935,0,1,0,47.90340365469456,5.448188781738281e-06,192,1,0
186,59,28,0,0,0,5.445954459054129,"[0.0, 5.445954459054129]",5.445954459054129,2.857142857142857,5.445954459054129,2.249999999999997,0,1,0,47.54997691512108,5.44595445905413e-06,135,1,0
186,60,17,0,0,0,3.8715907505580356,"[0.0, 3.8715907505580356]",3.8715907505580356,2.857142857142857,3.8715907505580356,5.699999999999985,0,1,0,27.69924667415762,3.8715907505580355e-06,342,1,0
186,61,32,0,0,0,2.8316879272460938,"[0.0, 2.8316879272460938]",2.8316879272460938,0.0,2.8316879272460938,5.066666666666654,0,1,0,40.64824472833425,2.831687927246094e-06,304,1,0
186,62,49,0,0,0,2.111865452357701,"[0.0, 2.111865452357701]",2.111865452357701,0.0,2.111865452357701,5.016666666666654,0,1,0,7.705793024593731,2.111865452357701e-06,301,1,0
186,63,35,0,0,0,2.107086181640625,"[0.0, 2.107086181640625]",2.107086181640625,0.0,2.107086181640625,5.016666666666654,0,1,0,7.705803924764041,2.107086181640625e-06,301,1,0
186,64,9,0,0,0,1.8732125418526784,"[0.0, 1.8732125418526784]",1.8732125418526784,0.0,1.8732125418526784,5.016666666666654,0,1,0,5.175306672113948,1.8732125418526784e-06,301,1,0
187,1,0,0,1,1,15.883047921316965,"[0.0, 15.883047921316965]",15.883047921316965,14.285714285714285,15.883047921316965,9.100000000000032,0,1,0,140.93718819320202,1.5883047921316966e-05,546,1,0
187,2,1,0,1,1,15.448570251464844,"[0.0, 15.448570251464844]",15.448570251464844,14.285714285714285,15.448570251464844,8.066666666666647,0,1,0,136.9978540316224,1.5448570251464845e-05,484,1,0
187,3,2,0,1,1,15.35921369280134,"[0.0, 15.35921369280134]",15.35921369280134,14.285714285714285,15.35921369280134,6.866666666666648,0,1,0,131.8931434303522,1.5359213692801342e-05,412,1,0
187,4,3,0,1,1,15.353813171386719,"[0.0, 15.353813171386719]",15.353813171386719,14.285714285714285,15.353813171386719,6.799999999999981,0,1,0,131.66765888035297,1.535381317138672e-05,408,1,0
187,5,4,0,1,1,15.337497166224889,"[0.0, 15.337497166224889]",15.337497166224889,14.285714285714285,15.337497166224889,6.883333333333314,0,1,0,132.58711296319962,1.5337497166224888e-05,413,1,0
187,6,36,0,1,1,15.335262843540736,"[0.0, 15.335262843540736]",15.335262843540736,14.285714285714285,15.335262843540736,10.300000000000091,0,1,0,147.2017833784048,1.5335262843540737e-05,618,1,0
187,7,5,0,1,1,15.31998770577567,"[0.0, 15.31998770577567]",15.31998770577567,14.285714285714285,15.31998770577567,6.866666666666648,0,1,0,133.35605366528034,1.5319987705775672e-05,412,1,0
187,8,6,0,1,1,15.310151236397878,"[0.0, 15.310151236397878]",15.310151236397878,14.285714285714285,15.310151236397878,6.833333333333314,0,1,0,132.4369699060917,1.5310151236397877e-05,410,1,0
187,9,7,0,0,1,15.303148542131698,"[0.0, 15.303148542131698]",15.303148542131698,14.285714285714285,15.303148542131698,6.833333333333314,0,1,0,132.20882841944695,1.53031485421317e-05,410,1,0
187,10,42,0,0,1,15.080827985491071,"[0.0, 15.080827985491071]",15.080827985491071,14.285714285714285,15.080827985491071,6.816666666666648,0,1,0,132.30657501518726,1.508082798549107e-05,409,1,0
187,11,15,0,0,1,14.655227661132814,"[0.0, 14.655227661132814]",14.655227661132814,14.285714285714285,14.655227661132814,8.883333333333354,0,1,0,135.26023410540074,1.4655227661132814e-05,533,1,0
187,12,29,0,0,1,13.696915762765066,"[0.0, 13.696915762765066]",13.696915762765066,11.428571428571429,13.696915762765066,6.666666666666648,0,1,0,123.18995477259159,1.3696915762765067e-05,400,1,0
187,13,35,0,0,1,13.12012263706752,"[0.0, 13.12012263706752]",13.12012263706752,11.428571428571429,13.12012263706752,7.616666666666645,0,1,0,121.54920157045126,1.312012263706752e-05,457,1,0
187,14,8,0,0,1,11.209313528878347,"[0.0, 11.209313528878347]",11.209313528878347,8.571428571428571,11.209313528878347,5.749999999999985,0,1,0,103.1174675822258,1.1209313528878346e-05,345,1,0
187,15,56,0,0,1,11.119131360735214,"[0.0, 11.119131360735214]",11.119131360735214,8.571428571428571,11.119131360735214,3.5333333333333257,0,1,0,95.66378723084927,1.1119131360735213e-05,212,1,0
187,16,34,0,0,1,11.025374276297432,"[0.0, 11.025374276297432]",11.025374276297432,8.571428571428571,11.025374276297432,5.7666666666666515,0,1,0,103.69565352797508,1.1025374276297433e-05,346,1,0
187,17,21,0,0,1,10.928216661725726,"[0.0, 10.928216661725726]",10.928216661725726,8.571428571428571,10.928216661725726,3.4499999999999926,0,1,0,93.26850706338882,1.0928216661725725e-05,207,1,0
187,18,38,0,0,1,10.702408381870814,"[0.0, 10.702408381870814]",10.702408381870814,8.571428571428571,10.702408381870814,5.6833333333333185,0,1,0,96.4626506716013,1.0702408381870814e-05,341,1,0
187,19,53,0,0,1,10.68439211164202,"[0.0, 10.68439211164202]",10.68439211164202,8.571428571428571,10.68439211164202,5.599999999999985,0,1,0,93.78077526390553,1.0684392111642021e-05,336,1,0
187,20,40,0,0,1,10.556798662458148,"[0.0, 10.556798662458148]",10.556798662458148,8.571428571428571,10.556798662458148,5.583333333333319,0,1,0,96.92677384614944,1.0556798662458147e-05,335,1,0
187,21,45,0,0,1,10.469959803989955,"[0.0, 10.469959803989955]",10.469959803989955,8.571428571428571,10.469959803989955,5.566666666666652,0,1,0,93.90987637639046,1.0469959803989954e-05,334,1,0
187,22,24,0,0,1,10.448777335030691,"[0.0, 10.448777335030691]",10.448777335030691,8.571428571428571,10.448777335030691,5.533333333333319,0,1,0,94.5431157797575,1.0448777335030692e-05,332,1,0
187,23,20,0,0,1,10.202822004045759,"[0.0, 10.202822004045759]",10.202822004045759,8.571428571428571,10.202822004045759,5.599999999999985,0,1,0,97.47494076192379,1.0202822004045758e-05,336,1,0
187,24,23,0,0,1,9.984997340611049,"[0.0, 9.984997340611049]",9.984997340611049,8.571428571428571,9.984997340611049,5.433333333333319,0,1,0,95.03302946686745,9.984997340611049e-06,326,1,0
187,25,58,0,0,1,9.854567391531809,"[0.0, 9.854567391531809]",9.854567391531809,8.571428571428571,9.854567391531809,5.516666666666652,0,1,0,94.75712084770203,9.854567391531808e-06,331,1,0
187,26,62,0,0,1,9.749758584158762,"[0.0, 9.749758584158762]",9.749758584158762,8.571428571428571,9.749758584158762,4.016666666666658,0,1,0,88.34466467797756,9.749758584158762e-06,241,1,0
187,27,43,0,0,1,9.724061148507253,"[0.0, 9.724061148507253]",9.724061148507253,8.571428571428571,9.724061148507253,5.399999999999986,0,1,0,91.5746207088232,9.724061148507253e-06,324,1,0
187,28,46,0,0,1,9.541135515485491,"[0.0, 9.541135515485491]",9.541135515485491,8.571428571428571,9.541135515485491,5.3833333333333195,0,1,0,91.56764954328537,9.541135515485492e-06,323,1,0
187,29,22,0,0,1,9.390792846679688,"[0.0, 9.390792846679688]",9.390792846679688,8.571428571428571,9.390792846679688,4.983333333333321,0,1,0,90.87070266902447,9.390792846679687e-06,299,1,0
187,30,27,0,0,1,9.284425462995257,"[0.0, 9.284425462995257]",9.284425462995257,8.571428571428571,9.284425462995257,3.26666666666666,0,1,0,85.50369568169117,9.284425462995257e-06,196,1,0
187,31,39,0,0,1,9.15769032069615,"[0.0, 9.15769032069615]",9.15769032069615,8.571428571428571,9.15769032069615,3.2499999999999933,0,1,0,84.81136298179626,9.157690320696148e-06,195,1,0
187,32,60,0,0,1,9.109469822474889,"[0.0, 9.109469822474889]",9.109469822474889,8.571428571428571,9.109469822474889,3.2499999999999933,0,1,0,84.81138727068901,9.109469822474889e-06,195,1,0
187,33,49,0,0,0,8.970658438546316,"[0.0, 8.970658438546316]",8.970658438546316,8.571428571428571,8.970658438546316,3.2333333333333267,0,1,0,84.12055569887161,8.970658438546316e-06,194,1,0
187,34,19,0,0,0,8.83899416242327,"[0.0, 8.83899416242327]",8.83899416242327,8.571428571428571,8.83899416242327,3.3666666666666596,0,1,0,84.42717748880386,8.83899416242327e-06,202,1,0
187,35,31,0,0,0,8.6789185660226,"[0.0, 8.6789185660226]",8.6789185660226,8.571428571428571,8.6789185660226,3.1999999999999935,0,1,0,82.19216522574425,8.678918566022601e-06,192,1,0
187,36,30,0,0,0,8.633695329938616,"[0.0, 8.633695329938616]",8.633695329938616,8.571428571428571,8.633695329938616,7.716666666666645,0,1,0,68.33078594540711,8.633695329938616e-06,463,1,0
187,37,14,0,0,0,8.614918845040458,"[0.0, 8.614918845040458]",8.614918845040458,8.571428571428571,8.614918845040458,3.183333333333327,0,1,0,82.06325364112854,8.614918845040458e-06,191,1,0
187,38,17,0,0,0,8.607864379882812,"[0.0, 8.607864379882812]",8.607864379882812,8.571428571428571,8.607864379882812,3.2333333333333267,0,1,0,82.9103375673294,8.607864379882812e-06,194,1,0
187,39,47,0,0,0,8.491243634905134,"[0.0, 8.491243634905134]",8.491243634905134,5.714285714285714,8.491243634905134,7.133333333333313,0,1,0,63.05331858935824,8.491243634905133e-06,428,1,0
187,40,44,0,0,0,8.459140232631139,"[0.0, 8.459140232631139]",8.459140232631139,5.714285714285714,8.459140232631139,6.299999999999983,0,1,0,60.5039142810856,8.459140232631139e-06,378,1,0
187,41,32,0,0,0,8.356821877615793,"[0.0, 8.356821877615793]",8.356821877615793,5.714285714285714,8.356821877615793,7.316666666666646,0,1,0,57.633121786653646,8.356821877615794e-06,439,1,0
187,42,41,0,0,0,8.348426818847656,"[0.0, 8.348426818847656]",8.348426818847656,5.714285714285714,8.348426818847656,6.5333333333333155,0,1,0,57.96458984629135,8.348426818847656e-06,392,1,0
187,43,57,0,0,0,8.088267190115793,"[0.0, 8.088267190115793]",8.088267190115793,5.714285714285714,8.088267190115793,4.983333333333321,0,1,0,80.21090240776539,8.088267190115793e-06,299,1,0
187,44,9,0,0,0,7.253518785749163,"[0.0, 7.253518785749163]",7.253518785749163,5.714285714285714,7.253518785749163,2.9999999999999942,0,1,0,73.97235390543938,7.253518785749163e-06,180,1,0
187,45,59,0,0,0,6.518778119768415,"[0.0, 6.518778119768415]",6.518778119768415,5.714285714285714,6.518778119768415,7.366666666666646,0,1,0,58.58216814057232,6.518778119768415e-06,442,1,0
187,46,11,0,0,0,6.328588213239398,"[0.0, 6.328588213239398]",6.328588213239398,5.714285714285714,6.328588213239398,7.499999999999979,0,1,0,59.411185601042234,6.328588213239398e-06,450,1,0
187,47,51,0,0,0,6.302114214215959,"[0.0, 6.302114214215959]",6.302114214215959,5.714285714285714,6.302114214215959,7.433333333333312,0,1,0,59.06657694795285,6.302114214215959e-06,446,1,0
187,48,37,0,0,0,6.297373090471541,"[0.0, 6.297373090471541]",6.297373090471541,5.714285714285714,6.297373090471541,7.366666666666646,0,1,0,58.58199794605025,6.297373090471541e-06,442,1,0
187,49,52,0,0,0,6.2162290300641745,"[0.0, 6.2162290300641745]",6.2162290300641745,5.714285714285714,6.2162290300641745,7.316666666666646,0,1,0,57.54621737504203,6.216229030064174e-06,439,1,0
187,50,13,0,0,0,6.057161603655134,"[0.0, 6.057161603655134]",6.057161603655134,5.714285714285714,6.057161603655134,7.283333333333313,0,1,0,56.52419689256931,6.057161603655133e-06,437,1,0
187,51,12,0,0,0,5.974066598074777,"[0.0, 5.974066598074777]",5.974066598074777,5.714285714285714,5.974066598074777,3.099999999999994,0,1,0,54.88932208716869,5.974066598074777e-06,186,1,0
187,52,28,0,0,0,5.909914289202009,"[0.0, 5.909914289202009]",5.909914289202009,5.714285714285714,5.909914289202009,2.6166666666666623,0,1,0,53.3952731192112,5.9099142892020085e-06,157,1,0
187,53,61,0,0,0,5.698699951171875,"[0.0, 5.698699951171875]",5.698699951171875,2.857142857142857,5.698699951171875,3.6999999999999917,0,1,0,51.603699862957,5.698699951171875e-06,222,1,0
187,54,26,0,0,0,5.6957517351422995,"[0.0, 5.6957517351422995]",5.6957517351422995,2.857142857142857,5.6957517351422995,3.6666666666666585,0,1,0,51.36874820291996,5.6957517351422995e-06,220,1,0
187,55,18,0,0,0,5.676433018275669,"[0.0, 5.676433018275669]",5.676433018275669,2.857142857142857,5.676433018275669,3.649999999999992,0,1,0,51.24876518547535,5.676433018275669e-06,219,1,0
187,56,33,0,0,0,5.6398500714983255,"[0.0, 5.6398500714983255]",5.6398500714983255,2.857142857142857,5.6398500714983255,3.566666666666659,0,1,0,50.633157312870026,5.639850071498325e-06,214,1,0
187,57,10,0,0,0,5.357557024274554,"[0.0, 5.357557024274554]",5.357557024274554,2.857142857142857,5.357557024274554,3.133333333333327,0,1,0,46.91141940653324,5.357557024274554e-06,188,1,0
187,58,63,0,0,0,5.303829738071986,"[0.0, 5.303829738071986]",5.303829738071986,2.857142857142857,5.303829738071986,3.0666666666666607,0,1,0,46.259522557258606,5.303829738071986e-06,184,1,0
187,59,16,0,0,0,5.040648324148996,"[0.0, 5.040648324148996]",5.040648324148996,2.857142857142857,5.040648324148996,2.7833333333333283,0,1,0,43.244165778160095,5.040648324148996e-06,167,1,0
187,60,25,0,0,0,4.853602818080357,"[0.0, 4.853602818080357]",4.853602818080357,2.857142857142857,4.853602818080357,2.5999999999999956,0,1,0,41.076917469501495,4.853602818080357e-06,156,1,0
187,61,55,0,0,0,4.70475333077567,"[0.0, 4.70475333077567]",4.70475333077567,2.857142857142857,4.70475333077567,1.9833333333333312,0,1,0,39.13129861652851,4.70475333077567e-06,119,1,0
187,62,50,0,0,0,2.8799819946289062,"[0.0, 2.8799819946289062]",2.8799819946289062,2.857142857142857,2.8799819946289062,7.533333333333312,0,1,0,17.611049863342487,2.8799819946289064e-06,452,1,0
187,63,48,0,0,0,2.4529593331473216,"[0.0, 2.4529593331473216]",2.4529593331473216,0.0,2.4529593331473216,5.016666666666654,0,1,0,11.839346387641854,2.4529593331473217e-06,301,1,0
187,64,54,0,0,0,1.8754141671316966,"[0.0, 1.8754141671316966]",1.8754141671316966,0.0,1.8754141671316966,5.016666666666654,0,1,0,5.174829497525934,1.8754141671316966e-06,301,1,0
188,1,0,0,1,1,15.883047921316965,"[0.0, 15.883047921316965]",15.883047921316965,14.285714285714285,15.883047921316965,9.100000000000032,0,1,0,140.93718819320202,1.5883047921316966e-05,546,1,0
188,2,1,0,1,1,15.448570251464844,"[0.0, 15.448570251464844]",15.448570251464844,14.285714285714285,15.448570251464844,8.066666666666647,0,1,0,136.9978540316224,1.5448570251464845e-05,484,1,0
188,3,2,0,1,1,15.35921369280134,"[0.0, 15.35921369280134]",15.35921369280134,14.285714285714285,15.35921369280134,6.866666666666648,0,1,0,131.8931434303522,1.5359213692801342e-05,412,1,0
188,4,3,0,1,1,15.353813171386719,"[0.0, 15.353813171386719]",15.353813171386719,14.285714285714285,15.353813171386719,6.799999999999981,0,1,0,131.66765888035297,1.535381317138672e-05,408,1,0
188,5,4,0,1,1,15.337497166224889,"[0.0, 15.337497166224889]",15.337497166224889,14.285714285714285,15.337497166224889,6.883333333333314,0,1,0,132.58711296319962,1.5337497166224888e-05,413,1,0
188,6,5,0,1,1,15.335262843540736,"[0.0, 15.335262843540736]",15.335262843540736,14.285714285714285,15.335262843540736,10.300000000000091,0,1,0,147.2017833784048,1.5335262843540737e-05,618,1,0
188,7,6,0,1,1,15.31998770577567,"[0.0, 15.31998770577567]",15.31998770577567,14.285714285714285,15.31998770577567,6.866666666666648,0,1,0,133.35605366528034,1.5319987705775672e-05,412,1,0
188,8,7,0,1,1,15.310151236397878,"[0.0, 15.310151236397878]",15.310151236397878,14.285714285714285,15.310151236397878,6.833333333333314,0,1,0,132.4369699060917,1.5310151236397877e-05,410,1,0
188,9,8,0,0,1,15.247650146484377,"[0.0, 15.247650146484377]",15.247650146484377,14.285714285714285,15.247650146484377,6.849999999999981,0,1,0,134.30780813097954,1.5247650146484377e-05,411,1,0
188,10,47,0,0,1,15.08603777204241,"[0.0, 15.08603777204241]",15.08603777204241,14.285714285714285,15.08603777204241,6.933333333333314,0,1,0,130.9845324754715,1.508603777204241e-05,416,1,0
188,11,59,0,0,1,14.980049133300783,"[0.0, 14.980049133300783]",14.980049133300783,14.285714285714285,14.980049133300783,6.716666666666648,0,1,0,130.5451968163252,1.4980049133300783e-05,403,1,0
188,12,42,0,0,1,14.959809439522878,"[0.0, 14.959809439522878]",14.959809439522878,14.285714285714285,14.959809439522878,6.849999999999981,0,1,0,132.54366786777973,1.4959809439522879e-05,411,1,0
188,13,11,0,0,1,14.944616045270648,"[0.0, 14.944616045270648]",14.944616045270648,14.285714285714285,14.944616045270648,6.749999999999981,0,1,0,133.3558300882578,1.4944616045270648e-05,405,1,0
188,14,32,0,0,1,11.121728079659599,"[0.0, 11.121728079659599]",11.121728079659599,8.571428571428571,11.121728079659599,5.816666666666651,0,1,0,100.30764202773571,1.1121728079659599e-05,349,1,0
188,15,18,0,0,1,11.030120849609375,"[0.0, 11.030120849609375]",11.030120849609375,8.571428571428571,11.030120849609375,5.733333333333318,0,1,0,94.77532036602497,1.1030120849609375e-05,344,1,0
188,16,17,0,0,1,10.94802039010184,"[0.0, 10.94802039010184]",10.94802039010184,8.571428571428571,10.94802039010184,5.7666666666666515,0,1,0,101.69588895142078,1.0948020390101841e-05,346,1,0
188,17,51,0,0,1,10.931764330182757,"[0.0, 10.931764330182757]",10.931764330182757,8.571428571428571,10.931764330182757,5.8499999999999845,0,1,0,101.21467849612236,1.0931764330182758e-05,351,1,0
188,18,40,0,0,1,10.82291739327567,"[0.0, 10.82291739327567]",10.82291739327567,8.571428571428571,10.82291739327567,5.733333333333318,0,1,0,96.12394461035728,1.082291739327567e-05,344,1,0
188,19,21,0,0,1,10.716678074428014,"[0.0, 10.716678074428014]",10.716678074428014,8.571428571428571,10.716678074428014,5.6833333333333185,0,1,0,94.78555144369602,1.0716678074428014e-05,341,1,0
188,20,28,0,0,1,10.704667227608818,"[0.0, 10.704667227608818]",10.704667227608818,8.571428571428571,10.704667227608818,5.666666666666652,0,1,0,92.67720402777195,1.0704667227608818e-05,340,1,0
188,21,52,0,0,1,10.444902692522321,"[0.0, 10.444902692522321]",10.444902692522321,8.571428571428571,10.444902692522321,5.633333333333319,0,1,0,94.84604911506176,1.0444902692522321e-05,338,1,0
188,22,23,0,0,1,10.40175574166434,"[0.0, 10.40175574166434]",10.40175574166434,8.571428571428571,10.40175574166434,7.216666666666646,0,1,0,101.45890177041292,1.040175574166434e-05,433,1,0
188,23,36,0,0,1,10.383387974330358,"[0.0, 10.383387974330358]",10.383387974330358,8.571428571428571,10.383387974330358,5.616666666666652,0,1,0,97.27616284787655,1.0383387974330358e-05,337,1,0
188,24,10,0,0,1,10.293500082833425,"[0.0, 10.293500082833425]",10.293500082833425,8.571428571428571,10.293500082833425,5.933333333333318,0,1,0,96.80219346284866,1.0293500082833426e-05,356,1,0
188,25,14,0,0,1,10.27770723615374,"[0.0, 10.27770723615374]",10.27770723615374,8.571428571428571,10.27770723615374,5.566666666666652,0,1,0,96.92924100160599,1.027770723615374e-05,334,1,0
188,26,13,0,0,1,10.261268615722656,"[0.0, 10.261268615722656]",10.261268615722656,8.571428571428571,10.261268615722656,5.566666666666652,0,1,0,96.9295420050621,1.0261268615722656e-05,334,1,0
188,27,63,0,0,1,10.242456708635602,"[0.0, 10.242456708635602]",10.242456708635602,8.571428571428571,10.242456708635602,3.3666666666666596,0,1,0,89.41804632544518,1.0242456708635602e-05,202,1,0
188,28,19,0,0,1,10.24186270577567,"[0.0, 10.24186270577567]",10.24186270577567,8.571428571428571,10.24186270577567,5.533333333333319,0,1,0,95.83784119784832,1.024186270577567e-05,332,1,0
188,29,57,0,0,1,10.220257895333425,"[0.0, 10.220257895333425]",10.220257895333425,8.571428571428571,10.220257895333425,3.383333333333326,0,1,0,89.16336904466152,1.0220257895333426e-05,203,1,0
188,30,12,0,0,1,10.138977595738002,"[0.0, 10.138977595738002]",10.138977595738002,8.571428571428571,10.138977595738002,3.483333333333326,0,1,0,88.56558653712273,1.0138977595738002e-05,209,1,0
188,31,24,0,0,1,10.062408447265625,"[0.0, 10.062408447265625]",10.062408447265625,8.571428571428571,10.062408447265625,3.349999999999993,0,1,0,89.00018301606178,1.0062408447265625e-05,201,1,0
188,32,45,0,0,1,10.061198643275668,"[0.0, 10.061198643275668]",10.061198643275668,8.571428571428571,10.061198643275668,5.533333333333319,0,1,0,95.83764952421188,1.006119864327567e-05,332,1,0
188,33,30,0,0,0,9.929349081856865,"[0.0, 9.929349081856865]",9.929349081856865,8.571428571428571,9.929349081856865,3.3166666666666598,0,1,0,87.5948728621006,9.929349081856865e-06,199,1,0
188,34,20,0,0,0,9.922891344342913,"[0.0, 9.922891344342913]",9.922891344342913,8.571428571428571,9.922891344342913,5.433333333333319,0,1,0,92.62467209994793,9.922891344342913e-06,326,1,0
188,35,9,0,0,0,9.851946149553571,"[0.0, 9.851946149553571]",9.851946149553571,8.571428571428571,9.851946149553571,5.416666666666653,0,1,0,90.13187690079212,9.85194614955357e-06,325,1,0
188,36,38,0,0,0,9.791039058140345,"[0.0, 9.791039058140345]",9.791039058140345,8.571428571428571,9.791039058140345,5.399999999999986,0,1,0,92.09231613576412,9.791039058140345e-06,324,1,0
188,37,29,0,0,0,9.718734196254184,"[0.0, 9.718734196254184]",9.718734196254184,8.571428571428571,9.718734196254184,5.2999999999999865,0,1,0,91.18520404398441,9.718734196254183e-06,318,1,0
188,38,39,0,0,0,9.636639186314174,"[0.0, 9.636639186314174]",9.636639186314174,8.571428571428571,9.636639186314174,5.399999999999986,0,1,0,91.57512763142586,9.636639186314174e-06,324,1,0
188,39,46,0,0,0,9.491558074951172,"[0.0, 9.491558074951172]",9.491558074951172,8.571428571428571,9.491558074951172,3.26666666666666,0,1,0,85.50359047949314,9.491558074951171e-06,196,1,0
188,40,35,0,0,0,9.313087463378906,"[0.0, 9.313087463378906]",9.313087463378906,8.571428571428571,9.313087463378906,5.28333333333332,0,1,0,87.55965520441532,9.313087463378906e-06,317,1,0
188,41,22,0,0,0,9.27297592163086,"[0.0, 9.27297592163086]",9.27297592163086,8.571428571428571,9.27297592163086,3.26666666666666,0,1,0,84.86525985598564,9.27297592163086e-06,196,1,0
188,42,41,0,0,0,9.108783176967076,"[0.0, 9.108783176967076]",9.108783176967076,8.571428571428571,9.108783176967076,3.2499999999999933,0,1,0,84.81086452305317,9.108783176967077e-06,195,1,0
188,43,58,0,0,0,9.107682364327568,"[0.0, 9.107682364327568]",9.107682364327568,8.571428571428571,9.107682364327568,5.33333333333332,0,1,0,89.00767669081688,9.107682364327568e-06,320,1,0
188,44,34,0,0,0,9.04674802507673,"[0.0, 9.04674802507673]",9.04674802507673,8.571428571428571,9.04674802507673,3.2333333333333267,0,1,0,84.12042716145515,9.04674802507673e-06,194,1,0
188,45,16,0,0,0,8.977009909493583,"[0.0, 8.977009909493583]",8.977009909493583,8.571428571428571,8.977009909493583,3.26666666666666,0,1,0,84.1425224840641,8.977009909493584e-06,196,1,0
188,46,37,0,0,0,8.966898236955915,"[0.0, 8.966898236955915]",8.966898236955915,8.571428571428571,8.966898236955915,5.149999999999987,0,1,0,85.91090504825115,8.966898236955915e-06,309,1,0
188,47,26,0,0,0,8.93838882446289,"[0.0, 8.93838882446289]",8.93838882446289,8.571428571428571,8.93838882446289,3.21666666666666,0,1,0,83.43268869817257,8.93838882446289e-06,193,1,0
188,48,31,0,0,0,8.727177211216517,"[0.0, 8.727177211216517]",8.727177211216517,8.571428571428571,8.727177211216517,3.21666666666666,0,1,0,83.43281039595604,8.727177211216517e-06,193,1,0
188,49,33,0,0,0,8.708229064941406,"[0.0, 8.708229064941406]",8.708229064941406,8.571428571428571,8.708229064941406,3.983333333333324,0,1,0,85.17495682835579,8.708229064941406e-06,239,1,0
188,50,15,0,0,0,8.313266209193639,"[0.0, 8.313266209193639]",8.313266209193639,5.714285714285714,8.313266209193639,4.883333333333321,0,1,0,57.30152226611972,8.313266209193639e-06,293,1,0
188,51,48,0,0,0,7.882834843226842,"[0.0, 7.882834843226842]",7.882834843226842,5.714285714285714,7.882834843226842,3.1499999999999937,0,1,0,79.6381214261055,7.882834843226842e-06,189,1,0
188,52,53,0,0,0,6.325443812779017,"[0.0, 6.325443812779017]",6.325443812779017,5.714285714285714,6.325443812779017,7.433333333333312,0,1,0,59.066868535854155,6.325443812779018e-06,446,1,0
188,53,62,0,0,0,6.288315909249443,"[0.0, 6.288315909249443]",6.288315909249443,5.714285714285714,6.288315909249443,7.366666666666646,0,1,0,58.582177319782204,6.288315909249442e-06,442,1,0
188,54,49,0,0,0,6.274261474609374,"[0.0, 6.274261474609374]",6.274261474609374,5.714285714285714,6.274261474609374,9.700000000000061,0,1,0,60.29114369758463,6.274261474609374e-06,582,1,0
188,55,60,0,0,0,6.268724714006696,"[0.0, 6.268724714006696]",6.268724714006696,5.714285714285714,6.268724714006696,7.366666666666646,0,1,0,58.58182496881636,6.268724714006696e-06,442,1,0
188,56,54,0,0,0,5.993930271693639,"[0.0, 5.993930271693639]",5.993930271693639,5.714285714285714,5.993930271693639,7.266666666666646,0,1,0,56.2297286826215,5.993930271693639e-06,436,1,0
188,57,27,0,0,0,5.633959089006697,"[0.0, 5.633959089006697]",5.633959089006697,2.857142857142857,5.633959089006697,3.4499999999999926,0,1,0,50.60070511698723,5.633959089006697e-06,207,1,0
188,58,56,0,0,0,5.621757507324219,"[0.0, 5.621757507324219]",5.621757507324219,2.857142857142857,5.621757507324219,3.5499999999999923,0,1,0,50.50610189139843,5.621757507324219e-06,213,1,0
188,59,25,0,0,0,5.101945059640068,"[0.0, 5.101945059640068]",5.101945059640068,2.857142857142857,5.101945059640068,2.749999999999995,0,1,0,43.946512803435326,5.1019450596400675e-06,165,1,0
188,60,61,0,0,0,4.896561758858817,"[0.0, 4.896561758858817]",4.896561758858817,2.857142857142857,4.896561758858817,2.549999999999996,0,1,0,40.64967729151249,4.896561758858817e-06,153,1,0
188,61,50,0,0,0,4.8158754621233255,"[0.0, 4.8158754621233255]",4.8158754621233255,2.857142857142857,4.8158754621233255,2.549999999999996,0,1,0,40.606908172369,4.8158754621233255e-06,153,1,0
188,62,43,0,0,0,2.8252356392996654,"[0.0, 2.8252356392996654]",2.8252356392996654,0.0,2.8252356392996654,5.016666666666654,0,1,0,40.24652456800686,2.8252356392996653e-06,301,1,0
188,63,44,0,0,0,2.0953369140625,"[0.0, 2.0953369140625]",2.0953369140625,0.0,2.0953369140625,5.016666666666654,0,1,0,7.705634332385671,2.0953369140625e-06,301,1,0
188,64,55,0,0,0,1.8733160836356029,"[0.0, 1.8733160836356029]",1.8733160836356029,0.0,1.8733160836356029,5.016666666666654,0,1,0,5.175004799210001,1.8733160836356029e-06,301,1,0
189,1,0,0,1,1,15.883047921316965,"[0.0, 15.883047921316965]",15.883047921316965,14.285714285714285,15.883047921316965,9.100000000000032,0,1,0,140.93718819320202,1.5883047921316966e-05,546,1,0
189,2,1,0,1,1,15.448570251464844,"[0.0, 15.448570251464844]",15.448570251464844,14.285714285714285,15.448570251464844,8.066666666666647,0,1,0,136.9978540316224,1.5448570251464845e-05,484,1,0
189,3,2,0,1,1,15.35921369280134,"[0.0, 15.35921369280134]",15.35921369280134,14.285714285714285,15.35921369280134,6.866666666666648,0,1,0,131.8931434303522,1.5359213692801342e-05,412,1,0
189,4,3,0,1,1,15.353813171386719,"[0.0, 15.353813171386719]",15.353813171386719,14.285714285714285,15.353813171386719,6.799999999999981,0,1,0,131.66765888035297,1.535381317138672e-05,408,1,0
189,5,4,0,1,1,15.337497166224889,"[0.0, 15.337497166224889]",15.337497166224889,14.285714285714285,15.337497166224889,6.883333333333314,0,1,0,132.58711296319962,1.5337497166224888e-05,413,1,0
189,6,5,0,1,1,15.335262843540736,"[0.0, 15.335262843540736]",15.335262843540736,14.285714285714285,15.335262843540736,10.300000000000091,0,1,0,147.2017833784048,1.5335262843540737e-05,618,1,0
189,7,6,0,1,1,15.31998770577567,"[0.0, 15.31998770577567]",15.31998770577567,14.285714285714285,15.31998770577567,6.866666666666648,0,1,0,133.35605366528034,1.5319987705775672e-05,412,1,0
189,8,7,0,1,1,15.310151236397878,"[0.0, 15.310151236397878]",15.310151236397878,14.285714285714285,15.310151236397878,6.833333333333314,0,1,0,132.4369699060917,1.5310151236397877e-05,410,1,0
189,9,30,0,0,1,15.062332153320312,"[0.0, 15.062332153320312]",15.062332153320312,14.285714285714285,15.062332153320312,6.749999999999981,0,1,0,132.23703245818615,1.5062332153320313e-05,405,1,0
189,10,44,0,0,1,14.99474116734096,"[0.0, 14.99474116734096]",14.99474116734096,14.285714285714285,14.99474116734096,6.766666666666648,0,1,0,134.45124234259129,1.499474116734096e-05,406,1,0
189,11,54,0,0,1,14.761990138462611,"[0.0, 14.761990138462611]",14.761990138462611,14.285714285714285,14.761990138462611,8.683333333333344,0,1,0,137.75883404165506,1.476199013846261e-05,521,1,0
189,12,32,0,0,1,14.651734488351003,"[0.0, 14.651734488351003]",14.651734488351003,14.285714285714285,14.651734488351003,6.666666666666648,0,1,0,131.54962407052517,1.4651734488351003e-05,400,1,0
189,13,41,0,0,1,11.262972695486887,"[0.0, 11.262972695486887]",11.262972695486887,8.571428571428571,11.262972695486887,6.249999999999983,0,1,0,99.84897117316723,1.1262972695486887e-05,375,1,0
189,14,47,0,0,1,11.10440935407366,"[0.0, 11.10440935407366]",11.10440935407366,8.571428571428571,11.10440935407366,5.783333333333318,0,1,0,98.62177377939224,1.110440935407366e-05,347,1,0
189,15,34,0,0,1,11.027676718575615,"[0.0, 11.027676718575615]",11.027676718575615,8.571428571428571,11.027676718575615,6.2333333333333165,0,1,0,99.03501600772142,1.1027676718575614e-05,374,1,0
189,16,25,0,0,1,11.015145438058035,"[0.0, 11.015145438058035]",11.015145438058035,8.571428571428571,11.015145438058035,5.7666666666666515,0,1,0,98.63909983634949,1.1015145438058034e-05,346,1,0
189,17,61,0,0,1,10.958889552525111,"[0.0, 10.958889552525111]",10.958889552525111,8.571428571428571,10.958889552525111,3.4666666666666592,0,1,0,93.66614627838135,1.0958889552525112e-05,208,1,0
189,18,58,0,0,1,10.955083029610769,"[0.0, 10.955083029610769]",10.955083029610769,8.571428571428571,10.955083029610769,5.616666666666652,0,1,0,99.89741410315037,1.0955083029610769e-05,337,1,0
189,19,17,0,0,1,10.8542605808803,"[0.0, 10.8542605808803]",10.8542605808803,8.571428571428571,10.8542605808803,5.716666666666652,0,1,0,96.4374090731144,1.08542605808803e-05,343,1,0
189,20,19,0,0,1,10.749860491071427,"[0.0, 10.749860491071427]",10.749860491071427,8.571428571428571,10.749860491071427,5.733333333333318,0,1,0,98.58668547868729,1.0749860491071428e-05,344,1,0
189,21,8,0,0,1,10.712601797921318,"[0.0, 10.712601797921318]",10.712601797921318,8.571428571428571,10.712601797921318,5.716666666666652,0,1,0,101.38853710889816,1.0712601797921317e-05,343,1,0
189,22,56,0,0,1,10.600046430315292,"[0.0, 10.600046430315292]",10.600046430315292,8.571428571428571,10.600046430315292,5.583333333333319,0,1,0,98.03610083460808,1.0600046430315291e-05,335,1,0
189,23,35,0,0,1,10.522234780447825,"[0.0, 10.522234780447825]",10.522234780447825,8.571428571428571,10.522234780447825,5.816666666666651,0,1,0,99.70874331891537,1.0522234780447825e-05,349,1,0
189,24,60,0,0,1,10.519093104771207,"[0.0, 10.519093104771207]",10.519093104771207,8.571428571428571,10.519093104771207,3.4166666666666594,0,1,0,89.6753890812397,1.0519093104771206e-05,205,1,0
189,25,28,0,0,1,10.502755301339285,"[0.0, 10.502755301339285]",10.502755301339285,8.571428571428571,10.502755301339285,5.566666666666652,0,1,0,96.92995345592499,1.0502755301339285e-05,334,1,0
189,26,49,0,0,1,10.471771785191127,"[0.0, 10.471771785191127]",10.471771785191127,8.571428571428571,10.471771785191127,5.599999999999985,0,1,0,95.40804488956928,1.0471771785191127e-05,336,1,0
189,27,29,0,0,1,10.448390415736606,"[0.0, 10.448390415736606]",10.448390415736606,8.571428571428571,10.448390415736606,5.716666666666652,0,1,0,92.74770939350128,1.0448390415736606e-05,343,1,0
189,28,43,0,0,1,10.39628165108817,"[0.0, 10.39628165108817]",10.39628165108817,8.571428571428571,10.39628165108817,5.549999999999986,0,1,0,96.3817008882761,1.039628165108817e-05,333,1,0
189,29,21,0,0,1,10.362766810825892,"[0.0, 10.362766810825892]",10.362766810825892,8.571428571428571,10.362766810825892,5.2166666666666535,0,1,0,95.77233523130417,1.0362766810825892e-05,313,1,0
189,30,38,0,0,1,10.342418125697545,"[0.0, 10.342418125697545]",10.342418125697545,8.571428571428571,10.342418125697545,5.499999999999986,0,1,0,92.21193450689316,1.0342418125697545e-05,330,1,0
189,31,53,0,0,1,10.315611703055245,"[0.0, 10.315611703055245]",10.315611703055245,8.571428571428571,10.315611703055245,5.549999999999986,0,1,0,96.3823084384203,1.0315611703055244e-05,333,1,0
189,32,11,0,0,1,10.304886954171318,"[0.0, 10.304886954171318]",10.304886954171318,8.571428571428571,10.304886954171318,5.533333333333319,0,1,0,95.8377999663353,1.0304886954171318e-05,332,1,0
189,33,22,0,0,0,9.953234536307198,"[0.0, 9.953234536307198]",9.953234536307198,8.571428571428571,9.953234536307198,5.416666666666653,0,1,0,92.09832365810871,9.953234536307197e-06,325,1,0
189,34,52,0,0,0,9.92814200265067,"[0.0, 9.92814200265067]",9.92814200265067,8.571428571428571,9.92814200265067,5.466666666666653,0,1,0,90.13677789270878,9.92814200265067e-06,328,1,0
189,35,14,0,0,0,9.815128871372767,"[0.0, 9.815128871372767]",9.815128871372767,8.571428571428571,9.815128871372767,3.2499999999999933,0,1,0,84.53109642863274,9.815128871372768e-06,195,1,0
189,36,40,0,0,0,9.780750274658203,"[0.0, 9.780750274658203]",9.780750274658203,8.571428571428571,9.780750274658203,5.499999999999986,0,1,0,94.22056774795055,9.780750274658203e-06,330,1,0
189,37,48,0,0,0,9.709469931466238,"[0.0, 9.709469931466238]",9.709469931466238,8.571428571428571,9.709469931466238,5.466666666666653,0,1,0,91.02314975857735,9.709469931466238e-06,328,1,0
189,38,23,0,0,0,9.664562770298549,"[0.0, 9.664562770298549]",9.664562770298549,8.571428571428571,9.664562770298549,3.2833333333333266,0,1,0,86.19858166575432,9.664562770298549e-06,197,1,0
189,39,12,0,0,0,9.617906297956194,"[0.0, 9.617906297956194]",9.617906297956194,8.571428571428571,9.617906297956194,5.449999999999986,0,1,0,93.15392610430717,9.617906297956194e-06,327,1,0
189,40,26,0,0,0,9.560326167515345,"[0.0, 9.560326167515345]",9.560326167515345,8.571428571428571,9.560326167515345,3.4666666666666592,0,1,0,86.57195819914341,9.560326167515346e-06,208,1,0
189,41,63,0,0,0,9.306024823869977,"[0.0, 9.306024823869977]",9.306024823869977,8.571428571428571,9.306024823869977,7.333333333333313,0,1,0,90.80897570960224,9.306024823869977e-06,440,1,0
189,42,37,0,0,0,9.19996806553432,"[0.0, 9.19996806553432]",9.19996806553432,8.571428571428571,9.19996806553432,3.26666666666666,0,1,0,84.91479627788067,9.19996806553432e-06,196,1,0
189,43,36,0,0,0,9.160355159214564,"[0.0, 9.160355159214564]",9.160355159214564,8.571428571428571,9.160355159214564,3.26666666666666,0,1,0,84.91827011108398,9.160355159214564e-06,196,1,0
189,44,59,0,0,0,8.881615230015345,"[0.0, 8.881615230015345]",8.881615230015345,8.571428571428571,8.881615230015345,3.21666666666666,0,1,0,83.43279238045216,8.881615230015345e-06,193,1,0
189,45,16,0,0,0,8.764841897147042,"[0.0, 8.764841897147042]",8.764841897147042,8.571428571428571,8.764841897147042,4.783333333333322,0,1,0,87.10723088681698,8.764841897147042e-06,287,1,0
189,46,55,0,0,0,8.613954271589007,"[0.0, 8.613954271589007]",8.613954271589007,8.571428571428571,8.613954271589007,3.516666666666659,0,1,0,83.7184818983078,8.613954271589007e-06,211,1,0
189,47,24,0,0,0,8.445404597691127,"[0.0, 8.445404597691127]",8.445404597691127,5.714285714285714,8.445404597691127,5.066666666666654,0,1,0,83.00594122707844,8.445404597691126e-06,304,1,0
189,48,33,0,0,0,8.156907217843191,"[0.0, 8.156907217843191]",8.156907217843191,5.714285714285714,8.156907217843191,3.1499999999999937,0,1,0,80.70236045122147,8.156907217843192e-06,189,1,0
189,49,20,0,0,0,6.284506661551339,"[0.0, 6.284506661551339]",6.284506661551339,5.714285714285714,6.284506661551339,7.366666666666646,0,1,0,58.594146139061195,6.28450666155134e-06,442,1,0
189,50,46,0,0,0,6.155564444405693,"[0.0, 6.155564444405693]",6.155564444405693,5.714285714285714,6.155564444405693,7.316666666666646,0,1,0,57.6359232156683,6.1555644444056925e-06,439,1,0
189,51,18,0,0,0,5.874001639229911,"[0.0, 5.874001639229911]",5.874001639229911,5.714285714285714,5.874001639229911,4.3666666666666565,0,1,0,54.48357579112053,5.874001639229911e-06,262,1,0
189,52,45,0,0,0,5.832345145089286,"[0.0, 5.832345145089286]",5.832345145089286,5.714285714285714,5.832345145089286,3.983333333333324,0,1,0,52.71194798499346,5.8323451450892855e-06,239,1,0
189,53,27,0,0,0,5.753767830984933,"[0.0, 5.753767830984933]",5.753767830984933,5.714285714285714,5.753767830984933,3.9166666666666576,0,1,0,52.39863780885935,5.7537678309849336e-06,235,1,0
189,54,9,0,0,0,5.616449628557477,"[0.0, 5.616449628557477]",5.616449628557477,2.857142857142857,5.616449628557477,3.4666666666666592,0,1,0,50.40489338338375,5.6164496285574774e-06,208,1,0
189,55,13,0,0,0,5.586002894810268,"[0.0, 5.586002894810268]",5.586002894810268,2.857142857142857,5.586002894810268,3.566666666666659,0,1,0,50.01802647858858,5.586002894810268e-06,214,1,0
189,56,15,0,0,0,5.569779532296317,"[0.0, 5.569779532296317]",5.569779532296317,2.857142857142857,5.569779532296317,3.4666666666666592,0,1,0,49.85213981568813,5.569779532296317e-06,208,1,0
189,57,50,0,0,0,5.564062935965402,"[0.0, 5.564062935965402]",5.564062935965402,2.857142857142857,5.564062935965402,2.2999999999999967,0,1,0,48.799381613731384,5.564062935965402e-06,138,1,0
189,58,31,0,0,0,5.55450439453125,"[0.0, 5.55450439453125]",5.55450439453125,2.857142857142857,5.55450439453125,3.4166666666666594,0,1,0,49.44397522509098,5.55450439453125e-06,205,1,0
189,59,57,0,0,0,5.536275591169085,"[0.0, 5.536275591169085]",5.536275591169085,2.857142857142857,5.536275591169085,3.4166666666666594,0,1,0,49.44417026638985,5.5362755911690855e-06,205,1,0
189,60,42,0,0,0,5.421442304338727,"[0.0, 5.421442304338727]",5.421442304338727,2.857142857142857,5.421442304338727,6.833333333333314,0,1,0,47.1704086689424,5.421442304338727e-06,410,1,0
189,61,62,0,0,0,5.258767264229911,"[0.0, 5.258767264229911]",5.258767264229911,2.857142857142857,5.258767264229911,6.683333333333315,0,1,0,44.64404092690529,5.25876726422991e-06,401,1,0
189,62,39,0,0,0,4.9595151628766745,"[0.0, 4.9595151628766745]",4.9595151628766745,2.857142857142857,4.9595151628766745,2.6999999999999953,0,1,0,42.28071467578411,4.959515162876674e-06,162,1,0
189,63,51,0,0,0,2.0989172799246654,"[0.0, 2.0989172799246654]",2.0989172799246654,0.0,2.0989172799246654,5.016666666666654,0,1,0,7.705339175816334,2.0989172799246652e-06,301,1,0
189,64,10,0,0,0,1.8757901872907365,"[0.0, 1.8757901872907365]",1.8757901872907365,0.0,1.8757901872907365,5.016666666666654,0,1,0,5.173476796364412,1.8757901872907366e-06,301,1,0
190,1,0,0,1,1,15.883047921316965,"[0.0, 15.883047921316965]",15.883047921316965,14.285714285714285,15.883047921316965,9.100000000000032,0,1,0,140.93718819320202,1.5883047921316966e-05,546,1,0
190,2,1,0,1,1,15.448570251464844,"[0.0, 15.448570251464844]",15.448570251464844,14.285714285714285,15.448570251464844,8.066666666666647,0,1,0,136.9978540316224,1.5448570251464845e-05,484,1,0
190,3,58,0,1,1,15.383753095354352,"[0.0, 15.383753095354352]",15.383753095354352,14.285714285714285,15.383753095354352,6.916666666666647,0,1,0,132.23241848498583,1.5383753095354353e-05,415,1,0
190,4,2,0,1,1,15.35921369280134,"[0.0, 15.35921369280134]",15.35921369280134,14.285714285714285,15.35921369280134,6.866666666666648,0,1,0,131.8931434303522,1.5359213692801342e-05,412,1,0
190,5,3,0,1,1,15.353813171386719,"[0.0, 15.353813171386719]",15.353813171386719,14.285714285714285,15.353813171386719,6.799999999999981,0,1,0,131.66765888035297,1.535381317138672e-05,408,1,0
190,6,4,0,1,1,15.337497166224889,"[0.0, 15.337497166224889]",15.337497166224889,14.285714285714285,15.337497166224889,6.883333333333314,0,1,0,132.58711296319962,1.5337497166224888e-05,413,1,0
190,7,5,0,1,1,15.335262843540736,"[0.0, 15.335262843540736]",15.335262843540736,14.285714285714285,15.335262843540736,10.300000000000091,0,1,0,147.2017833784048,1.5335262843540737e-05,618,1,0
190,8,6,0,1,1,15.31998770577567,"[0.0, 15.31998770577567]",15.31998770577567,14.285714285714285,15.31998770577567,6.866666666666648,0,1,0,133.35605366528034,1.5319987705775672e-05,412,1,0
190,9,7,0,0,1,15.310151236397878,"[0.0, 15.310151236397878]",15.310151236397878,14.285714285714285,15.310151236397878,6.833333333333314,0,1,0,132.4369699060917,1.5310151236397877e-05,410,1,0
190,10,53,0,0,1,15.181312561035156,"[0.0, 15.181312561035156]",15.181312561035156,14.285714285714285,15.181312561035156,7.516666666666645,0,1,0,134.0084748864174,1.5181312561035157e-05,451,1,0
190,11,39,0,0,1,15.114217485700335,"[0.0, 15.114217485700335]",15.114217485700335,14.285714285714285,15.114217485700335,7.399999999999979,0,1,0,130.81493312120438,1.5114217485700335e-05,444,1,0
190,12,33,0,0,1,14.931727818080356,"[0.0, 14.931727818080356]",14.931727818080356,14.285714285714285,14.931727818080356,6.899999999999981,0,1,0,133.53279745578766,1.4931727818080355e-05,414,1,0
190,13,19,0,0,1,14.885695321219309,"[0.0, 14.885695321219309]",14.885695321219309,14.285714285714285,14.885695321219309,6.716666666666648,0,1,0,129.37305691838264,1.4885695321219309e-05,403,1,0
190,14,51,0,0,1,14.825205121721542,"[0.0, 14.825205121721542]",14.825205121721542,14.285714285714285,14.825205121721542,6.833333333333314,0,1,0,130.3689379990101,1.4825205121721542e-05,410,1,0
190,15,62,0,0,1,11.43317358834403,"[0.0, 11.43317358834403]",11.43317358834403,11.428571428571429,11.43317358834403,6.033333333333317,0,1,0,101.22777090221643,1.1433173588344029e-05,362,1,0
190,16,24,0,0,1,11.385748726981026,"[0.0, 11.385748726981026]",11.385748726981026,8.571428571428571,11.385748726981026,5.883333333333318,0,1,0,102.56766188144684,1.1385748726981026e-05,353,1,0
190,17,18,0,0,1,11.332190377371653,"[0.0, 11.332190377371653]",11.332190377371653,8.571428571428571,11.332190377371653,6.199999999999983,0,1,0,100.2678883895278,1.1332190377371652e-05,372,1,0
190,18,54,0,0,1,11.111406598772323,"[0.0, 11.111406598772323]",11.111406598772323,8.571428571428571,11.111406598772323,5.666666666666652,0,1,0,98.00624819099903,1.1111406598772323e-05,340,1,0
190,19,11,0,0,1,10.773397173200335,"[0.0, 10.773397173200335]",10.773397173200335,8.571428571428571,10.773397173200335,3.4499999999999926,0,1,0,92.91506351530552,1.0773397173200336e-05,207,1,0
190,20,13,0,0,1,10.732225690569198,"[0.0, 10.732225690569198]",10.732225690569198,8.571428571428571,10.732225690569198,6.033333333333317,0,1,0,96.78926791250706,1.0732225690569198e-05,362,1,0
190,21,32,0,0,1,10.707966940743582,"[0.0, 10.707966940743582]",10.707966940743582,8.571428571428571,10.707966940743582,3.4499999999999926,0,1,0,92.55702741444111,1.0707966940743582e-05,207,1,0
190,22,22,0,0,1,10.635419573102677,"[0.0, 10.635419573102677]",10.635419573102677,8.571428571428571,10.635419573102677,5.28333333333332,0,1,0,95.64100551605225,1.0635419573102677e-05,317,1,0
190,23,31,0,0,1,10.57980946132115,"[0.0, 10.57980946132115]",10.57980946132115,8.571428571428571,10.57980946132115,5.966666666666651,0,1,0,95.62896455079317,1.057980946132115e-05,358,1,0
190,24,15,0,0,1,10.53703853062221,"[0.0, 10.53703853062221]",10.53703853062221,8.571428571428571,10.53703853062221,5.583333333333319,0,1,0,98.03578042984009,1.053703853062221e-05,335,1,0
190,25,48,0,0,1,10.533256530761719,"[0.0, 10.533256530761719]",10.533256530761719,8.571428571428571,10.533256530761719,3.899999999999991,0,1,0,92.9065562337637,1.0533256530761718e-05,234,1,0
190,26,43,0,0,1,10.473676409040177,"[0.0, 10.473676409040177]",10.473676409040177,8.571428571428571,10.473676409040177,5.716666666666652,0,1,0,96.61208793520927,1.0473676409040178e-05,343,1,0
190,27,49,0,0,1,10.413551330566406,"[0.0, 10.413551330566406]",10.413551330566406,8.571428571428571,10.413551330566406,5.549999999999986,0,1,0,94.54515866935253,1.0413551330566406e-05,333,1,0
190,28,10,0,0,1,10.410093579973493,"[0.0, 10.410093579973493]",10.410093579973493,8.571428571428571,10.410093579973493,5.633333333333319,0,1,0,99.14368040859699,1.0410093579973493e-05,338,1,0
190,29,40,0,0,1,10.355028424944196,"[0.0, 10.355028424944196]",10.355028424944196,8.571428571428571,10.355028424944196,5.499999999999986,0,1,0,95.29517835378647,1.0355028424944197e-05,330,1,0
190,30,9,0,0,1,10.262682778494698,"[0.0, 10.262682778494698]",10.262682778494698,8.571428571428571,10.262682778494698,5.499999999999986,0,1,0,95.29473547637463,1.0262682778494699e-05,330,1,0
190,31,37,0,0,1,10.204786573137556,"[0.0, 10.204786573137556]",10.204786573137556,8.571428571428571,10.204786573137556,5.533333333333319,0,1,0,95.83788698911667,1.0204786573137555e-05,332,1,0
190,32,25,0,0,1,10.043106079101562,"[0.0, 10.043106079101562]",10.043106079101562,8.571428571428571,10.043106079101562,5.566666666666652,0,1,0,95.83528907597065,1.0043106079101563e-05,334,1,0
190,33,52,0,0,0,9.967610495431083,"[0.0, 9.967610495431083]",9.967610495431083,8.571428571428571,9.967610495431083,4.716666666666655,0,1,0,90.76292711496353,9.967610495431084e-06,283,1,0
190,34,50,0,0,0,9.69184330531529,"[0.0, 9.69184330531529]",9.69184330531529,8.571428571428571,9.69184330531529,3.483333333333326,0,1,0,87.52212299406528,9.69184330531529e-06,209,1,0
190,35,46,0,0,0,9.566846575055804,"[0.0, 9.566846575055804]",9.566846575055804,8.571428571428571,9.566846575055804,3.2833333333333266,0,1,0,86.19878816604614,9.566846575055803e-06,197,1,0
190,36,27,0,0,0,9.404858180454799,"[0.0, 9.404858180454799]",9.404858180454799,8.571428571428571,9.404858180454799,5.2999999999999865,0,1,0,89.4831580966711,9.404858180454798e-06,318,1,0
190,37,61,0,0,0,9.214251382010323,"[0.0, 9.214251382010323]",9.214251382010323,8.571428571428571,9.214251382010323,6.2333333333333165,0,1,0,89.51473651826382,9.214251382010323e-06,374,1,0
190,38,60,0,0,0,8.492167336600168,"[0.0, 8.492167336600168]",8.492167336600168,5.714285714285714,8.492167336600168,5.249999999999987,0,1,0,82.55551041662693,8.492167336600168e-06,315,1,0
190,39,14,0,0,0,8.407704489571707,"[0.0, 8.407704489571707]",8.407704489571707,5.714285714285714,8.407704489571707,7.649999999999978,0,1,0,62.75291191700671,8.407704489571706e-06,459,1,0
190,40,17,0,0,0,8.070757729666573,"[0.0, 8.070757729666573]",8.070757729666573,5.714285714285714,8.070757729666573,3.133333333333327,0,1,0,80.02571411430836,8.070757729666573e-06,188,1,0
190,41,12,0,0,0,7.882178170340402,"[0.0, 7.882178170340402]",7.882178170340402,5.714285714285714,7.882178170340402,3.1166666666666605,0,1,0,79.35152615606785,7.882178170340401e-06,187,1,0
190,42,47,0,0,0,7.759407588413783,"[0.0, 7.759407588413783]",7.759407588413783,5.714285714285714,7.759407588413783,3.4999999999999925,0,1,0,78.38823346793652,7.759407588413783e-06,210,1,0
190,43,28,0,0,0,6.439732142857142,"[0.0, 6.439732142857142]",6.439732142857142,5.714285714285714,6.439732142857142,7.366666666666646,0,1,0,58.582124541848316,6.4397321428571426e-06,442,1,0
190,44,30,0,0,0,6.4188112531389505,"[0.0, 6.4188112531389505]",6.4188112531389505,5.714285714285714,6.4188112531389505,7.366666666666646,0,1,0,58.59645169725263,6.41881125313895e-06,442,1,0
190,45,42,0,0,0,6.308528355189733,"[0.0, 6.308528355189733]",6.308528355189733,5.714285714285714,6.308528355189733,7.366666666666646,0,1,0,58.59602255043865,6.308528355189732e-06,442,1,0
190,46,21,0,0,0,6.269820077078683,"[0.0, 6.269820077078683]",6.269820077078683,5.714285714285714,6.269820077078683,7.366666666666646,0,1,0,58.582011449951096,6.269820077078683e-06,442,1,0
190,47,16,0,0,0,6.2485504150390625,"[0.0, 6.2485504150390625]",6.2485504150390625,5.714285714285714,6.2485504150390625,7.366666666666646,0,1,0,58.58213993770187,6.248550415039063e-06,442,1,0
190,48,59,0,0,0,6.195346287318639,"[0.0, 6.195346287318639]",6.195346287318639,5.714285714285714,6.195346287318639,7.316666666666646,0,1,0,57.633338091531186,6.195346287318639e-06,439,1,0
190,49,29,0,0,0,6.171242850167411,"[0.0, 6.171242850167411]",6.171242850167411,5.714285714285714,6.171242850167411,7.316666666666646,0,1,0,57.63343367855123,6.171242850167411e-06,439,1,0
190,50,26,0,0,0,5.963657924107143,"[0.0, 5.963657924107143]",5.963657924107143,5.714285714285714,5.963657924107143,4.8333333333333215,0,1,0,55.906546242535114,5.963657924107143e-06,290,1,0
190,51,55,0,0,0,5.879609244210379,"[0.0, 5.879609244210379]",5.879609244210379,5.714285714285714,5.879609244210379,4.116666666666657,0,1,0,54.13356561213732,5.879609244210379e-06,247,1,0
190,52,8,0,0,0,5.771364484514509,"[0.0, 5.771364484514509]",5.771364484514509,5.714285714285714,5.771364484514509,3.9333333333333242,0,1,0,52.56437735259533,5.771364484514509e-06,236,1,0
190,53,57,0,0,0,5.725114004952567,"[0.0, 5.725114004952567]",5.725114004952567,5.714285714285714,5.725114004952567,2.3499999999999965,0,1,0,50.869069933891296,5.7251140049525665e-06,141,1,0
190,54,38,0,0,0,5.6774139404296875,"[0.0, 5.6774139404296875]",5.6774139404296875,2.857142857142857,5.6774139404296875,3.766666666666658,0,1,0,51.37540649622679,5.677413940429687e-06,226,1,0
190,55,45,0,0,0,5.631228855678013,"[0.0, 5.631228855678013]",5.631228855678013,2.857142857142857,5.631228855678013,2.3166666666666633,0,1,0,49.75891847908497,5.631228855678013e-06,139,1,0
190,56,35,0,0,0,5.512166704450335,"[0.0, 5.512166704450335]",5.512166704450335,2.857142857142857,5.512166704450335,3.3166666666666598,0,1,0,49.07750001549721,5.512166704450335e-06,199,1,0
190,57,63,0,0,0,5.39893559047154,"[0.0, 5.39893559047154]",5.39893559047154,2.857142857142857,5.39893559047154,6.466666666666649,0,1,0,46.53540366634843,5.39893559047154e-06,388,1,0
190,58,41,0,0,0,5.392303466796875,"[0.0, 5.392303466796875]",5.392303466796875,2.857142857142857,5.392303466796875,3.1999999999999935,0,1,0,47.541424944996834,5.392303466796875e-06,192,1,0
190,59,20,0,0,0,5.288309369768415,"[0.0, 5.288309369768415]",5.288309369768415,2.857142857142857,5.288309369768415,3.016666666666661,0,1,0,46.18848945200443,5.288309369768415e-06,181,1,0
190,60,34,0,0,0,4.872877938406808,"[0.0, 4.872877938406808]",4.872877938406808,2.857142857142857,4.872877938406808,2.1333333333333306,0,1,0,41.03445354104042,4.8728779384068085e-06,128,1,0
190,61,44,0,0,0,2.8240094866071432,"[0.0, 2.8240094866071432]",2.8240094866071432,0.0,2.8240094866071432,5.033333333333321,0,1,0,40.5306799991813,2.8240094866071434e-06,302,1,0
190,62,23,0,0,0,2.144453866141183,"[0.0, 2.144453866141183]",2.144453866141183,0.0,2.144453866141183,5.016666666666654,0,1,0,8.165330320662179,2.144453866141183e-06,301,1,0
190,63,36,0,0,0,2.0977020263671875,"[0.0, 2.0977020263671875]",2.0977020263671875,0.0,2.0977020263671875,5.016666666666654,0,1,0,7.7056454704506905,2.0977020263671877e-06,301,1,0
190,64,56,0,0,0,1.8758283342633928,"[0.0, 1.8758283342633928]",1.8758283342633928,0.0,1.8758283342633928,5.016666666666654,0,1,0,5.173351677309256,1.8758283342633927e-06,301,1,0
191,1,0,0,1,1,15.883047921316965,"[0.0, 15.883047921316965]",15.883047921316965,14.285714285714285,15.883047921316965,9.100000000000032,0,1,0,140.93718819320202,1.5883047921316966e-05,546,1,0
191,2,1,0,1,1,15.448570251464844,"[0.0, 15.448570251464844]",15.448570251464844,14.285714285714285,15.448570251464844,8.066666666666647,0,1,0,136.9978540316224,1.5448570251464845e-05,484,1,0
191,3,2,0,1,1,15.383753095354352,"[0.0, 15.383753095354352]",15.383753095354352,14.285714285714285,15.383753095354352,6.916666666666647,0,1,0,132.23241848498583,1.5383753095354353e-05,415,1,0
191,4,3,0,1,1,15.35921369280134,"[0.0, 15.35921369280134]",15.35921369280134,14.285714285714285,15.35921369280134,6.866666666666648,0,1,0,131.8931434303522,1.5359213692801342e-05,412,1,0
191,5,4,0,1,1,15.353813171386719,"[0.0, 15.353813171386719]",15.353813171386719,14.285714285714285,15.353813171386719,6.799999999999981,0,1,0,131.66765888035297,1.535381317138672e-05,408,1,0
191,6,5,0,1,1,15.337497166224889,"[0.0, 15.337497166224889]",15.337497166224889,14.285714285714285,15.337497166224889,6.883333333333314,0,1,0,132.58711296319962,1.5337497166224888e-05,413,1,0
191,7,6,0,1,1,15.335262843540736,"[0.0, 15.335262843540736]",15.335262843540736,14.285714285714285,15.335262843540736,10.300000000000091,0,1,0,147.2017833784048,1.5335262843540737e-05,618,1,0
191,8,7,0,1,1,15.31998770577567,"[0.0, 15.31998770577567]",15.31998770577567,14.285714285714285,15.31998770577567,6.866666666666648,0,1,0,133.35605366528034,1.5319987705775672e-05,412,1,0
191,9,22,0,0,1,15.285606384277346,"[0.0, 15.285606384277346]",15.285606384277346,14.285714285714285,15.285606384277346,7.016666666666647,0,1,0,131.7791743054986,1.5285606384277345e-05,421,1,0
191,10,25,0,0,1,15.253159659249441,"[0.0, 15.253159659249441]",15.253159659249441,14.285714285714285,15.253159659249441,7.233333333333313,0,1,0,135.54489293694496,1.525315965924944e-05,434,1,0
191,11,12,0,0,1,14.849455697195872,"[0.0, 14.849455697195872]",14.849455697195872,14.285714285714285,14.849455697195872,6.6999999999999815,0,1,0,130.1797674894333,1.4849455697195871e-05,402,1,0
191,12,59,0,0,1,14.775603158133372,"[0.0, 14.775603158133372]",14.775603158133372,14.285714285714285,14.775603158133372,7.566666666666645,0,1,0,131.62587352842093,1.4775603158133372e-05,454,1,0
191,13,52,0,0,1,14.60158211844308,"[0.0, 14.60158211844308]",14.60158211844308,14.285714285714285,14.60158211844308,4.19999999999999,0,1,0,127.17803925275803,1.460158211844308e-05,252,1,0
191,14,57,0,0,1,13.971955435616628,"[0.0, 13.971955435616628]",13.971955435616628,11.428571428571429,13.971955435616628,6.433333333333316,0,1,0,130.42330047488213,1.3971955435616629e-05,386,1,0
191,15,38,0,0,1,11.608701433454241,"[0.0, 11.608701433454241]",11.608701433454241,11.428571428571429,11.608701433454241,5.949999999999984,0,1,0,102.46863481402397,1.160870143345424e-05,357,1,0
191,16,20,0,0,1,11.426549639020648,"[0.0, 11.426549639020648]",11.426549639020648,8.571428571428571,11.426549639020648,5.899999999999984,0,1,0,101.43889665603638,1.1426549639020648e-05,354,1,0
191,17,11,0,0,1,11.403664180210658,"[0.0, 11.403664180210658]",11.403664180210658,8.571428571428571,11.403664180210658,5.833333333333318,0,1,0,106.03154496848583,1.1403664180210658e-05,350,1,0
191,18,24,0,0,1,11.397337232317243,"[0.0, 11.397337232317243]",11.397337232317243,8.571428571428571,11.397337232317243,5.899999999999984,0,1,0,100.31514708697796,1.1397337232317242e-05,354,1,0
191,19,10,0,0,1,11.254495893205915,"[0.0, 11.254495893205915]",11.254495893205915,8.571428571428571,11.254495893205915,5.816666666666651,0,1,0,100.30729793012142,1.1254495893205914e-05,349,1,0
191,20,63,0,0,1,11.178577968052455,"[0.0, 11.178577968052455]",11.178577968052455,8.571428571428571,11.178577968052455,5.833333333333318,0,1,0,97.43566058576107,1.1178577968052455e-05,350,1,0
191,21,53,0,0,1,11.080755506243024,"[0.0, 11.080755506243024]",11.080755506243024,8.571428571428571,11.080755506243024,5.649999999999985,0,1,0,102.9764279872179,1.1080755506243025e-05,339,1,0
191,22,54,0,0,1,11.068799155099052,"[0.0, 11.068799155099052]",11.068799155099052,8.571428571428571,11.068799155099052,5.833333333333318,0,1,0,99.05276235938072,1.1068799155099051e-05,350,1,0
191,23,32,0,0,1,11.023093632289342,"[0.0, 11.023093632289342]",11.023093632289342,8.571428571428571,11.023093632289342,5.749999999999985,0,1,0,96.96473795175552,1.1023093632289342e-05,345,1,0
191,24,13,0,0,1,10.98578861781529,"[0.0, 10.98578861781529]",10.98578861781529,8.571428571428571,10.98578861781529,5.7666666666666515,0,1,0,99.78397835791111,1.0985788617815289e-05,346,1,0
191,25,27,0,0,1,10.746454511369977,"[0.0, 10.746454511369977]",10.746454511369977,8.571428571428571,10.746454511369977,5.666666666666652,0,1,0,100.2667493969202,1.0746454511369977e-05,340,1,0
191,26,43,0,0,1,10.733261108398438,"[0.0, 10.733261108398438]",10.733261108398438,8.571428571428571,10.733261108398438,5.833333333333318,0,1,0,95.01795622706413,1.0733261108398438e-05,350,1,0
191,27,40,0,0,1,10.702569144112724,"[0.0, 10.702569144112724]",10.702569144112724,8.571428571428571,10.702569144112724,5.816666666666651,0,1,0,97.42359793931246,1.0702569144112724e-05,349,1,0
191,28,41,0,0,1,10.696724482945033,"[0.0, 10.696724482945033]",10.696724482945033,8.571428571428571,10.696724482945033,5.6833333333333185,0,1,0,96.46352733671665,1.0696724482945033e-05,341,1,0
191,29,42,0,0,1,10.628386906215123,"[0.0, 10.628386906215123]",10.628386906215123,8.571428571428571,10.628386906215123,5.649999999999985,0,1,0,95.93194636702538,1.0628386906215124e-05,339,1,0
191,30,60,0,0,1,10.438690185546875,"[0.0, 10.438690185546875]",10.438690185546875,8.571428571428571,10.438690185546875,5.716666666666652,0,1,0,97.4626965969801,1.0438690185546875e-05,343,1,0
191,31,26,0,0,1,10.419352395193918,"[0.0, 10.419352395193918]",10.419352395193918,8.571428571428571,10.419352395193918,5.399999999999986,0,1,0,98.0935449898243,1.0419352395193919e-05,324,1,0
191,32,61,0,0,1,10.149653298514231,"[0.0, 10.149653298514231]",10.149653298514231,8.571428571428571,10.149653298514231,5.516666666666652,0,1,0,95.8381342291832,1.0149653298514231e-05,331,1,0
191,33,33,0,0,0,9.890869685581752,"[0.0, 9.890869685581752]",9.890869685581752,8.571428571428571,9.890869685581752,5.483333333333319,0,1,0,94.2193888425827,9.890869685581751e-06,329,1,0
191,34,48,0,0,0,9.860600062779017,"[0.0, 9.860600062779017]",9.860600062779017,8.571428571428571,9.860600062779017,5.399999999999986,0,1,0,92.09158244729042,9.860600062779018e-06,324,1,0
191,35,9,0,0,0,9.625137874058314,"[0.0, 9.625137874058314]",9.625137874058314,8.571428571428571,9.625137874058314,5.33333333333332,0,1,0,88.76506577432156,9.625137874058314e-06,320,1,0
191,36,23,0,0,0,9.38072749546596,"[0.0, 9.38072749546596]",9.38072749546596,8.571428571428571,9.38072749546596,5.33333333333332,0,1,0,89.50657847523689,9.38072749546596e-06,320,1,0
191,37,39,0,0,0,9.317283630371094,"[0.0, 9.317283630371094]",9.317283630371094,8.571428571428571,9.317283630371094,5.3833333333333195,0,1,0,87.08165989816189,9.317283630371094e-06,323,1,0
191,38,28,0,0,0,8.876182011195592,"[0.0, 8.876182011195592]",8.876182011195592,8.571428571428571,8.876182011195592,3.2333333333333267,0,1,0,83.49322909116745,8.876182011195593e-06,194,1,0
191,39,29,0,0,0,8.50931167602539,"[0.0, 8.50931167602539]",8.50931167602539,5.714285714285714,8.50931167602539,7.533333333333312,0,1,0,62.646273777485476,8.509311676025391e-06,452,1,0
191,40,50,0,0,0,8.323851994105748,"[0.0, 8.323851994105748]",8.323851994105748,5.714285714285714,8.323851994105748,4.149999999999991,0,1,0,56.957328125834465,8.323851994105749e-06,249,1,0
191,41,62,0,0,0,8.288448878696988,"[0.0, 8.288448878696988]",8.288448878696988,5.714285714285714,8.288448878696988,3.1499999999999937,0,1,0,80.70282642543316,8.288448878696988e-06,189,1,0
191,42,45,0,0,0,8.240555354527064,"[0.0, 8.240555354527064]",8.240555354527064,5.714285714285714,8.240555354527064,7.316666666666646,0,1,0,57.6331207902258,8.240555354527064e-06,439,1,0
191,43,30,0,0,0,6.332370213099889,"[0.0, 6.332370213099889]",6.332370213099889,5.714285714285714,6.332370213099889,7.366666666666646,0,1,0,58.581972188731015,6.332370213099889e-06,442,1,0
191,44,35,0,0,0,6.167106628417969,"[0.0, 6.167106628417969]",6.167106628417969,5.714285714285714,6.167106628417969,7.449999999999979,0,1,0,58.12915400444763,6.167106628417969e-06,447,1,0
191,45,47,0,0,0,6.121123177664621,"[0.0, 6.121123177664621]",6.121123177664621,5.714285714285714,6.121123177664621,7.349999999999979,0,1,0,57.06129610528296,6.1211231776646204e-06,441,1,0
191,46,19,0,0,0,5.904257638113839,"[0.0, 5.904257638113839]",5.904257638113839,5.714285714285714,5.904257638113839,3.9999999999999907,0,1,0,54.7076942846179,5.90425763811384e-06,240,1,0
191,47,8,0,0,0,5.87334224155971,"[0.0, 5.87334224155971]",5.87334224155971,5.714285714285714,5.87334224155971,4.583333333333322,0,1,0,54.578134190291166,5.8733422415597105e-06,275,1,0
191,48,37,0,0,0,5.77770778111049,"[0.0, 5.77770778111049]",5.77770778111049,5.714285714285714,5.77770778111049,2.366666666666663,0,1,0,51.442484214901924,5.77770778111049e-06,142,1,0
191,49,36,0,0,0,5.499692644391741,"[0.0, 5.499692644391741]",5.499692644391741,2.857142857142857,5.499692644391741,3.349999999999993,0,1,0,48.88212439417839,5.499692644391741e-06,201,1,0
191,50,34,0,0,0,5.496689932686942,"[0.0, 5.496689932686942]",5.496689932686942,2.857142857142857,5.496689932686942,2.2666666666666635,0,1,0,48.09830291569233,5.496689932686942e-06,136,1,0
191,51,58,0,0,0,5.3775787353515625,"[0.0, 5.3775787353515625]",5.3775787353515625,2.857142857142857,5.3775787353515625,3.183333333333327,0,1,0,47.385923996567726,5.377578735351562e-06,191,1,0
191,52,46,0,0,0,5.29022216796875,"[0.0, 5.29022216796875]",5.29022216796875,2.857142857142857,5.29022216796875,2.1833333333333305,0,1,0,44.93313765525818,5.29022216796875e-06,131,1,0
191,53,18,0,0,0,5.258968898228237,"[0.0, 5.258968898228237]",5.258968898228237,2.857142857142857,5.258968898228237,3.099999999999994,0,1,0,45.919215962290764,5.258968898228237e-06,186,1,0
191,54,15,0,0,0,5.146353585379464,"[0.0, 5.146353585379464]",5.146353585379464,2.857142857142857,5.146353585379464,2.8999999999999946,0,1,0,44.534548193216324,5.146353585379464e-06,174,1,0
191,55,16,0,0,0,5.130419049944197,"[0.0, 5.130419049944197]",5.130419049944197,2.857142857142857,5.130419049944197,2.883333333333328,0,1,0,44.354338213801384,5.130419049944197e-06,173,1,0
191,56,44,0,0,0,5.021324157714844,"[0.0, 5.021324157714844]",5.021324157714844,2.857142857142857,5.021324157714844,2.7666666666666617,0,1,0,43.05439926683903,5.021324157714844e-06,166,1,0
191,57,31,0,0,0,4.8555483136858255,"[0.0, 4.8555483136858255]",4.8555483136858255,2.857142857142857,4.8555483136858255,6.2333333333333165,0,1,0,39.68126341563038,4.855548313685825e-06,374,1,0
191,58,55,0,0,0,4.662491934640068,"[0.0, 4.662491934640068]",4.662491934640068,2.857142857142857,4.662491934640068,2.1499999999999972,0,1,0,38.8587663769722,4.662491934640068e-06,129,1,0
191,59,21,0,0,0,4.419582911900111,"[0.0, 4.419582911900111]",4.419582911900111,2.857142857142857,4.419582911900111,6.099999999999984,0,1,0,34.41079368831561,4.419582911900111e-06,366,1,0
191,60,49,0,0,0,3.0539376395089284,"[0.0, 3.0539376395089284]",3.0539376395089284,2.857142857142857,3.0539376395089284,5.2166666666666535,0,1,0,19.24739153253904,3.0539376395089283e-06,313,1,0
191,61,51,0,0,0,2.8543472290039062,"[0.0, 2.8543472290039062]",2.8543472290039062,0.0,2.8543472290039062,6.183333333333317,0,1,0,41.894228311022744,2.854347229003906e-06,371,1,0
191,62,56,0,0,0,2.834325517926897,"[0.0, 2.834325517926897]",2.834325517926897,0.0,2.834325517926897,5.166666666666654,0,1,0,41.800478611839935,2.834325517926897e-06,310,1,0
191,63,14,0,0,0,2.107189723423549,"[0.0, 2.107189723423549]",2.107189723423549,0.0,2.107189723423549,5.016666666666654,0,1,0,7.706158392553334,2.107189723423549e-06,301,1,0
191,64,17,0,0,0,1.8714032854352678,"[0.0, 1.8714032854352678]",1.8714032854352678,0.0,1.8714032854352678,5.016666666666654,0,1,0,5.1754808382247575,1.8714032854352677e-06,301,1,0
192,1,0,0,1,1,15.883047921316965,"[0.0, 15.883047921316965]",15.883047921316965,14.285714285714285,15.883047921316965,9.100000000000032,0,1,0,140.93718819320202,1.5883047921316966e-05,546,1,0
192,2,1,0,1,1,15.448570251464844,"[0.0, 15.448570251464844]",15.448570251464844,14.285714285714285,15.448570251464844,8.066666666666647,0,1,0,136.9978540316224,1.5448570251464845e-05,484,1,0
192,3,2,0,1,1,15.383753095354352,"[0.0, 15.383753095354352]",15.383753095354352,14.285714285714285,15.383753095354352,6.916666666666647,0,1,0,132.23241848498583,1.5383753095354353e-05,415,1,0
192,4,3,0,1,1,15.35921369280134,"[0.0, 15.35921369280134]",15.35921369280134,14.285714285714285,15.35921369280134,6.866666666666648,0,1,0,131.8931434303522,1.5359213692801342e-05,412,1,0
192,5,4,0,1,1,15.353813171386719,"[0.0, 15.353813171386719]",15.353813171386719,14.285714285714285,15.353813171386719,6.799999999999981,0,1,0,131.66765888035297,1.535381317138672e-05,408,1,0
192,6,5,0,1,1,15.337497166224889,"[0.0, 15.337497166224889]",15.337497166224889,14.285714285714285,15.337497166224889,6.883333333333314,0,1,0,132.58711296319962,1.5337497166224888e-05,413,1,0
192,7,6,0,1,1,15.335262843540736,"[0.0, 15.335262843540736]",15.335262843540736,14.285714285714285,15.335262843540736,10.300000000000091,0,1,0,147.2017833784048,1.5335262843540737e-05,618,1,0
192,8,7,0,1,1,15.31998770577567,"[0.0, 15.31998770577567]",15.31998770577567,14.285714285714285,15.31998770577567,6.866666666666648,0,1,0,133.35605366528034,1.5319987705775672e-05,412,1,0
192,9,61,0,0,1,15.153236389160158,"[0.0, 15.153236389160158]",15.153236389160158,14.285714285714285,15.153236389160158,6.766666666666648,0,1,0,133.79018172621727,1.5153236389160158e-05,406,1,0
192,10,9,0,0,1,14.85149383544922,"[0.0, 14.85149383544922]",14.85149383544922,14.285714285714285,14.85149383544922,6.633333333333315,0,1,0,130.43188032507896,1.485149383544922e-05,398,1,0
192,11,25,0,0,1,14.792867388044083,"[0.0, 14.792867388044083]",14.792867388044083,14.285714285714285,14.792867388044083,6.683333333333315,0,1,0,128.300599694252,1.4792867388044084e-05,401,1,0
192,12,28,0,0,1,14.764496939522878,"[0.0, 14.764496939522878]",14.764496939522878,14.285714285714285,14.764496939522878,8.566666666666672,0,1,0,135.58092200569808,1.4764496939522878e-05,514,1,0
192,13,31,0,0,1,14.650595528738839,"[0.0, 14.650595528738839]",14.650595528738839,14.285714285714285,14.650595528738839,6.983333333333314,0,1,0,131.78951884806156,1.4650595528738838e-05,419,1,0
192,14,60,0,0,1,14.271300179617747,"[0.0, 14.271300179617747]",14.271300179617747,11.428571428571429,14.271300179617747,6.6166666666666485,0,1,0,127.09641787409782,1.4271300179617746e-05,397,1,0
192,15,36,0,0,1,11.529960632324219,"[0.0, 11.529960632324219]",11.529960632324219,11.428571428571429,11.529960632324219,5.933333333333318,0,1,0,103.17346246540546,1.1529960632324219e-05,356,1,0
192,16,26,0,0,1,11.277498517717634,"[0.0, 11.277498517717634]",11.277498517717634,8.571428571428571,11.277498517717634,5.8499999999999845,0,1,0,104.64355018734932,1.1277498517717633e-05,351,1,0
192,17,39,0,0,1,11.073068891252792,"[0.0, 11.073068891252792]",11.073068891252792,8.571428571428571,11.073068891252792,5.783333333333318,0,1,0,99.76663652062416,1.1073068891252792e-05,347,1,0
192,18,59,0,0,1,11.068761008126394,"[0.0, 11.068761008126394]",11.068761008126394,8.571428571428571,11.068761008126394,5.8499999999999845,0,1,0,97.63318199664354,1.1068761008126395e-05,351,1,0
192,19,37,0,0,1,11.062147957938057,"[0.0, 11.062147957938057]",11.062147957938057,8.571428571428571,11.062147957938057,5.949999999999984,0,1,0,97.76094551384449,1.1062147957938057e-05,357,1,0
192,20,14,0,0,1,10.948788779122488,"[0.0, 10.948788779122488]",10.948788779122488,8.571428571428571,10.948788779122488,5.633333333333319,0,1,0,97.98978592455387,1.0948788779122487e-05,338,1,0
192,21,34,0,0,1,10.887456621442523,"[0.0, 10.887456621442523]",10.887456621442523,8.571428571428571,10.887456621442523,6.566666666666649,0,1,0,100.97494503855705,1.0887456621442522e-05,394,1,0
192,22,16,0,0,1,10.875802721296038,"[0.0, 10.875802721296038]",10.875802721296038,8.571428571428571,10.875802721296038,5.733333333333318,0,1,0,97.54003992676735,1.0875802721296038e-05,344,1,0
192,23,35,0,0,1,10.781091962541852,"[0.0, 10.781091962541852]",10.781091962541852,8.571428571428571,10.781091962541852,5.716666666666652,0,1,0,97.55409644544125,1.0781091962541852e-05,343,1,0
192,24,30,0,0,1,10.741566249302455,"[0.0, 10.741566249302455]",10.741566249302455,8.571428571428571,10.741566249302455,6.966666666666647,0,1,0,99.33780378103256,1.0741566249302455e-05,418,1,0
192,25,47,0,0,1,10.504703521728516,"[0.0, 10.504703521728516]",10.504703521728516,8.571428571428571,10.504703521728516,5.583333333333319,0,1,0,97.4795341938734,1.0504703521728515e-05,335,1,0
192,26,40,0,0,1,10.424150739397321,"[0.0, 10.424150739397321]",10.424150739397321,8.571428571428571,10.424150739397321,5.899999999999984,0,1,0,95.76655676960945,1.042415073939732e-05,354,1,0
192,27,58,0,0,1,10.381066458565847,"[0.0, 10.381066458565847]",10.381066458565847,8.571428571428571,10.381066458565847,5.599999999999985,0,1,0,95.40797767043114,1.0381066458565846e-05,336,1,0
192,28,38,0,0,1,10.31623022896903,"[0.0, 10.31623022896903]",10.31623022896903,8.571428571428571,10.31623022896903,5.999999999999984,0,1,0,98.22719034552574,1.031623022896903e-05,360,1,0
192,29,52,0,0,1,10.279982430594307,"[0.0, 10.279982430594307]",10.279982430594307,8.571428571428571,10.279982430594307,5.616666666666652,0,1,0,97.20940667390823,1.0279982430594307e-05,337,1,0
192,30,13,0,0,1,10.025097983224052,"[0.0, 10.025097983224052]",10.025097983224052,8.571428571428571,10.025097983224052,5.483333333333319,0,1,0,94.21981354057789,1.0025097983224053e-05,329,1,0
192,31,29,0,0,1,10.012683868408203,"[0.0, 10.012683868408203]",10.012683868408203,8.571428571428571,10.012683868408203,5.416666666666653,0,1,0,92.61962926387787,1.0012683868408203e-05,325,1,0
192,32,46,0,0,1,9.718268258231026,"[0.0, 9.718268258231026]",9.718268258231026,8.571428571428571,9.718268258231026,3.299999999999993,0,1,0,86.89594472944736,9.718268258231025e-06,198,1,0
192,33,48,0,0,0,9.701949528285434,"[0.0, 9.701949528285434]",9.701949528285434,8.571428571428571,9.701949528285434,3.3666666666666596,0,1,0,86.30960328876972,9.701949528285433e-06,202,1,0
192,34,51,0,0,0,9.694159371512278,"[0.0, 9.694159371512278]",9.694159371512278,8.571428571428571,9.694159371512278,5.266666666666653,0,1,0,90.09206348657608,9.694159371512278e-06,316,1,0
192,35,27,0,0,0,9.691761561802455,"[0.0, 9.691761561802455]",9.691761561802455,8.571428571428571,9.691761561802455,5.33333333333332,0,1,0,92.32839196920395,9.691761561802455e-06,320,1,0
192,36,57,0,0,0,9.468729836600168,"[0.0, 9.468729836600168]",9.468729836600168,8.571428571428571,9.468729836600168,3.26666666666666,0,1,0,85.50363384187222,9.468729836600168e-06,196,1,0
192,37,23,0,0,0,9.399912697928292,"[0.0, 9.399912697928292]",9.399912697928292,8.571428571428571,9.399912697928292,5.349999999999986,0,1,0,90.52552029490471,9.399912697928292e-06,321,1,0
192,38,15,0,0,0,9.290436335972377,"[0.0, 9.290436335972377]",9.290436335972377,8.571428571428571,9.290436335972377,3.3166666666666598,0,1,0,85.54016652703285,9.290436335972376e-06,199,1,0
192,39,22,0,0,0,9.070499965122767,"[0.0, 9.070499965122767]",9.070499965122767,8.571428571428571,9.070499965122767,3.2833333333333266,0,1,0,84.39262969791889,9.070499965122767e-06,197,1,0
192,40,11,0,0,0,8.417205810546875,"[0.0, 8.417205810546875]",8.417205810546875,5.714285714285714,8.417205810546875,6.6166666666666485,0,1,0,60.49346449870791,8.417205810546874e-06,397,1,0
192,41,54,0,0,0,8.369077954973493,"[0.0, 8.369077954973493]",8.369077954973493,5.714285714285714,8.369077954973493,9.350000000000044,0,1,0,59.32269811781589,8.369077954973493e-06,561,1,0
192,42,8,0,0,0,8.301525115966797,"[0.0, 8.301525115966797]",8.301525115966797,5.714285714285714,8.301525115966797,4.133333333333324,0,1,0,56.50159830600023,8.301525115966796e-06,248,1,0
192,43,10,0,0,0,8.299119131905693,"[0.0, 8.299119131905693]",8.299119131905693,5.714285714285714,8.299119131905693,7.316666666666646,0,1,0,57.63315859105205,8.299119131905693e-06,439,1,0
192,44,33,0,0,0,8.132752009800502,"[0.0, 8.132752009800502]",8.132752009800502,5.714285714285714,8.132752009800502,3.1499999999999937,0,1,0,80.70272329449654,8.132752009800501e-06,189,1,0
192,45,17,0,0,0,7.483310699462891,"[0.0, 7.483310699462891]",7.483310699462891,5.714285714285714,7.483310699462891,3.299999999999993,0,1,0,76.87401065975428,7.483310699462891e-06,198,1,0
192,46,42,0,0,0,6.317411150251116,"[0.0, 6.317411150251116]",6.317411150251116,5.714285714285714,6.317411150251116,7.366666666666646,0,1,0,58.58161921217834,6.317411150251116e-06,442,1,0
192,47,62,0,0,0,6.29645756312779,"[0.0, 6.29645756312779]",6.29645756312779,5.714285714285714,6.29645756312779,7.366666666666646,0,1,0,58.58224691476789,6.29645756312779e-06,442,1,0
192,48,24,0,0,0,6.176648821149554,"[0.0, 6.176648821149554]",6.176648821149554,5.714285714285714,6.176648821149554,7.333333333333313,0,1,0,57.3889286659105,6.176648821149554e-06,440,1,0
192,49,56,0,0,0,6.159717014857701,"[0.0, 6.159717014857701]",6.159717014857701,5.714285714285714,6.159717014857701,7.316666666666646,0,1,0,57.632218821687275,6.159717014857701e-06,439,1,0
192,50,18,0,0,0,6.158512660435267,"[0.0, 6.158512660435267]",6.158512660435267,5.714285714285714,6.158512660435267,7.316666666666646,0,1,0,57.63359658124682,6.1585126604352675e-06,439,1,0
192,51,32,0,0,0,6.148572649274554,"[0.0, 6.148572649274554]",6.148572649274554,5.714285714285714,6.148572649274554,7.09999999999998,0,1,0,56.16132683930482,6.148572649274554e-06,426,1,0
192,52,19,0,0,0,5.990769522530693,"[0.0, 5.990769522530693]",5.990769522530693,5.714285714285714,5.990769522530693,7.283333333333313,0,1,0,56.631296435472905,5.990769522530693e-06,437,1,0
192,53,41,0,0,0,5.703680855887277,"[0.0, 5.703680855887277]",5.703680855887277,2.857142857142857,5.703680855887277,3.6666666666666585,0,1,0,51.36861149221659,5.703680855887277e-06,220,1,0
192,54,44,0,0,0,5.600956508091518,"[0.0, 5.600956508091518]",5.600956508091518,2.857142857142857,5.600956508091518,3.516666666666659,0,1,0,50.24763882160187,5.600956508091518e-06,211,1,0
192,55,63,0,0,0,5.538390023367745,"[0.0, 5.538390023367745]",5.538390023367745,2.857142857142857,5.538390023367745,3.433333333333326,0,1,0,49.480101600289345,5.5383900233677446e-06,206,1,0
192,56,21,0,0,0,5.537474496023996,"[0.0, 5.537474496023996]",5.537474496023996,2.857142857142857,5.537474496023996,2.33333333333333,0,1,0,48.68175767362118,5.537474496023995e-06,140,1,0
192,57,20,0,0,0,4.975128173828125,"[0.0, 4.975128173828125]",4.975128173828125,2.857142857142857,4.975128173828125,2.716666666666662,0,1,0,42.47652913630009,4.975128173828125e-06,163,1,0
192,58,45,0,0,0,4.856741768973214,"[0.0, 4.856741768973214]",4.856741768973214,2.857142857142857,4.856741768973214,2.5999999999999956,0,1,0,41.07658626139164,4.856741768973214e-06,156,1,0
192,59,49,0,0,0,4.688987731933594,"[0.0, 4.688987731933594]",4.688987731933594,2.857142857142857,4.688987731933594,2.449999999999996,0,1,0,39.17322665452957,4.688987731933594e-06,147,1,0
192,60,50,0,0,0,3.6122894287109375,"[0.0, 3.6122894287109375]",3.6122894287109375,2.857142857142857,3.6122894287109375,4.416666666666656,0,1,0,25.08040763693134,3.6122894287109375e-06,265,1,0
192,61,53,0,0,0,2.8570829119001115,"[0.0, 2.8570829119001115]",2.8570829119001115,0.0,2.8570829119001115,5.149999999999987,0,1,0,40.18228143097076,2.8570829119001115e-06,309,1,0
192,62,12,0,0,0,2.6764515468052457,"[0.0, 2.6764515468052457]",2.6764515468052457,0.0,2.6764515468052457,5.016666666666654,0,1,0,41.849305033450946,2.6764515468052458e-06,301,1,0
192,63,55,0,0,0,2.1024976457868303,"[0.0, 2.1024976457868303]",2.1024976457868303,0.0,2.1024976457868303,5.016666666666654,0,1,0,7.718506463992526,2.10249764578683e-06,301,1,0
192,64,43,0,0,0,0.0,"[0.0, 0.0]",0.0,0.0,0.0,30.016666666666243,0,0,1,271.14335251704324,0.0,1801,0,1
193,1,0,0,1,1,15.883047921316965,"[0.0, 15.883047921316965]",15.883047921316965,14.285714285714285,15.883047921316965,9.100000000000032,0,1,0,140.93718819320202,1.5883047921316966e-05,546,1,0
193,2,1,0,1,1,15.448570251464844,"[0.0, 15.448570251464844]",15.448570251464844,14.285714285714285,15.448570251464844,8.066666666666647,0,1,0,136.9978540316224,1.5448570251464845e-05,484,1,0
193,3,2,0,1,1,15.383753095354352,"[0.0, 15.383753095354352]",15.383753095354352,14.285714285714285,15.383753095354352,6.916666666666647,0,1,0,132.23241848498583,1.5383753095354353e-05,415,1,0
193,4,3,0,1,1,15.35921369280134,"[0.0, 15.35921369280134]",15.35921369280134,14.285714285714285,15.35921369280134,6.866666666666648,0,1,0,131.8931434303522,1.5359213692801342e-05,412,1,0
193,5,4,0,1,1,15.353813171386719,"[0.0, 15.353813171386719]",15.353813171386719,14.285714285714285,15.353813171386719,6.799999999999981,0,1,0,131.66765888035297,1.535381317138672e-05,408,1,0
193,6,5,0,1,1,15.337497166224889,"[0.0, 15.337497166224889]",15.337497166224889,14.285714285714285,15.337497166224889,6.883333333333314,0,1,0,132.58711296319962,1.5337497166224888e-05,413,1,0
193,7,6,0,1,1,15.335262843540736,"[0.0, 15.335262843540736]",15.335262843540736,14.285714285714285,15.335262843540736,10.300000000000091,0,1,0,147.2017833784048,1.5335262843540737e-05,618,1,0
193,8,7,0,1,1,15.31998770577567,"[0.0, 15.31998770577567]",15.31998770577567,14.285714285714285,15.31998770577567,6.866666666666648,0,1,0,133.35605366528034,1.5319987705775672e-05,412,1,0
193,9,52,0,0,1,15.043825422014509,"[0.0, 15.043825422014509]",15.043825422014509,14.285714285714285,15.043825422014509,6.766666666666648,0,1,0,133.91190510988235,1.5043825422014508e-05,406,1,0
193,10,26,0,0,1,14.966000148228236,"[0.0, 14.966000148228236]",14.966000148228236,14.285714285714285,14.966000148228236,6.433333333333316,0,1,0,131.3719211667776,1.4966000148228237e-05,386,1,0
193,11,37,0,0,1,14.930458068847658,"[0.0, 14.930458068847658]",14.930458068847658,14.285714285714285,14.930458068847658,6.666666666666648,0,1,0,135.63421811163425,1.4930458068847658e-05,400,1,0
193,12,22,0,0,1,14.701570783342635,"[0.0, 14.701570783342635]",14.701570783342635,14.285714285714285,14.701570783342635,6.833333333333314,0,1,0,129.98787841200829,1.4701570783342635e-05,410,1,0
193,13,41,0,0,1,14.614671979631696,"[0.0, 14.614671979631696]",14.614671979631696,14.285714285714285,14.614671979631696,6.716666666666648,0,1,0,130.75878842175007,1.4614671979631696e-05,403,1,0
193,14,28,0,0,1,14.518181937081472,"[0.0, 14.518181937081472]",14.518181937081472,14.285714285714285,14.518181937081472,6.733333333333315,0,1,0,134.67774073779583,1.4518181937081473e-05,404,1,0
193,15,62,0,0,1,13.717476981026785,"[0.0, 13.717476981026785]",13.717476981026785,11.428571428571429,13.717476981026785,7.699999999999978,0,1,0,125.36486583203077,1.3717476981026785e-05,462,1,0
193,16,35,0,0,1,11.646148136683873,"[0.0, 11.646148136683873]",11.646148136683873,11.428571428571429,11.646148136683873,5.999999999999984,0,1,0,104.2761836796999,1.1646148136683874e-05,360,1,0
193,17,39,0,0,1,11.482415880475726,"[0.0, 11.482415880475726]",11.482415880475726,11.428571428571429,11.482415880475726,5.916666666666651,0,1,0,104.91958902776241,1.1482415880475725e-05,355,1,0
193,18,18,0,0,1,11.409713200160436,"[0.0, 11.409713200160436]",11.409713200160436,8.571428571428571,11.409713200160436,6.049999999999984,0,1,0,99.00480061769485,1.1409713200160435e-05,363,1,0
193,19,46,0,0,1,11.315779004778182,"[0.0, 11.315779004778182]",11.315779004778182,8.571428571428571,11.315779004778182,5.816666666666651,0,1,0,100.88811545073986,1.1315779004778183e-05,349,1,0
193,20,11,0,0,1,11.273247855050224,"[0.0, 11.273247855050224]",11.273247855050224,8.571428571428571,11.273247855050224,7.383333333333312,0,1,0,107.87356332689524,1.1273247855050224e-05,443,1,0
193,21,15,0,0,1,11.237907409667969,"[0.0, 11.237907409667969]",11.237907409667969,8.571428571428571,11.237907409667969,5.7666666666666515,0,1,0,103.10419900715351,1.1237907409667968e-05,346,1,0
193,22,30,0,0,1,11.216771262032644,"[0.0, 11.216771262032644]",11.216771262032644,8.571428571428571,11.216771262032644,5.816666666666651,0,1,0,99.15572522580624,1.1216771262032644e-05,349,1,0
193,23,55,0,0,1,11.155479976109097,"[0.0, 11.155479976109097]",11.155479976109097,8.571428571428571,11.155479976109097,5.833333333333318,0,1,0,101.96070556342602,1.1155479976109097e-05,350,1,0
193,24,27,0,0,1,11.10151835850307,"[0.0, 11.10151835850307]",11.10151835850307,8.571428571428571,11.10151835850307,6.666666666666648,0,1,0,101.48450738936663,1.110151835850307e-05,400,1,0
193,25,54,0,0,1,11.03813988821847,"[0.0, 11.03813988821847]",11.03813988821847,8.571428571428571,11.03813988821847,5.783333333333318,0,1,0,100.92451789975166,1.1038139888218471e-05,347,1,0
193,26,10,0,0,1,10.987867627825056,"[0.0, 10.987867627825056]",10.987867627825056,8.571428571428571,10.987867627825056,5.899999999999984,0,1,0,99.19858975708485,1.0987867627825056e-05,354,1,0
193,27,20,0,0,1,10.92958995274135,"[0.0, 10.92958995274135]",10.92958995274135,8.571428571428571,10.92958995274135,5.749999999999985,0,1,0,97.52446164190769,1.092958995274135e-05,345,1,0
193,28,29,0,0,1,10.889756338936941,"[0.0, 10.889756338936941]",10.889756338936941,8.571428571428571,10.889756338936941,5.733333333333318,0,1,0,95.87030509114265,1.088975633893694e-05,344,1,0
193,29,58,0,0,1,10.866810934884208,"[0.0, 10.866810934884208]",10.866810934884208,8.571428571428571,10.866810934884208,6.249999999999983,0,1,0,95.53705844283104,1.086681093488421e-05,375,1,0
193,30,57,0,0,1,10.725936889648438,"[0.0, 10.725936889648438]",10.725936889648438,8.571428571428571,10.725936889648438,5.6833333333333185,0,1,0,97.0191689580679,1.0725936889648437e-05,341,1,0
193,31,59,0,0,1,10.607929229736328,"[0.0, 10.607929229736328]",10.607929229736328,8.571428571428571,10.607929229736328,5.949999999999984,0,1,0,97.286183193326,1.0607929229736328e-05,357,1,0
193,32,47,0,0,1,10.572141919817243,"[0.0, 10.572141919817243]",10.572141919817243,8.571428571428571,10.572141919817243,5.566666666666652,0,1,0,96.92935371398926,1.0572141919817244e-05,334,1,0
193,33,49,0,0,0,10.451207842145648,"[0.0, 10.451207842145648]",10.451207842145648,8.571428571428571,10.451207842145648,5.883333333333318,0,1,0,97.8176181986928,1.0451207842145647e-05,353,1,0
193,34,12,0,0,0,10.413889203752792,"[0.0, 10.413889203752792]",10.413889203752792,8.571428571428571,10.413889203752792,5.616666666666652,0,1,0,94.85389253497124,1.0413889203752791e-05,337,1,0
193,35,51,0,0,0,10.40867669241769,"[0.0, 10.40867669241769]",10.40867669241769,8.571428571428571,10.40867669241769,5.583333333333319,0,1,0,97.47947476804256,1.040867669241769e-05,335,1,0
193,36,16,0,0,0,10.3741945539202,"[0.0, 10.3741945539202]",10.3741945539202,8.571428571428571,10.3741945539202,3.383333333333326,0,1,0,90.41373877227306,1.03741945539202e-05,203,1,0
193,37,63,0,0,0,10.251609257289342,"[0.0, 10.251609257289342]",10.251609257289342,8.571428571428571,10.251609257289342,5.499999999999986,0,1,0,94.75648280978203,1.0251609257289342e-05,330,1,0
193,38,44,0,0,0,10.116462707519531,"[0.0, 10.116462707519531]",10.116462707519531,8.571428571428571,10.116462707519531,5.583333333333319,0,1,0,96.92646685242653,1.0116462707519531e-05,335,1,0
193,39,13,0,0,0,10.103282928466797,"[0.0, 10.103282928466797]",10.103282928466797,8.571428571428571,10.103282928466797,5.599999999999985,0,1,0,93.73958033323288,1.0103282928466798e-05,336,1,0
193,40,61,0,0,0,10.066441127232142,"[0.0, 10.066441127232142]",10.066441127232142,8.571428571428571,10.066441127232142,6.333333333333316,0,1,0,97.6990550160408,1.0066441127232143e-05,380,1,0
193,41,23,0,0,0,10.058629172188894,"[0.0, 10.058629172188894]",10.058629172188894,8.571428571428571,10.058629172188894,5.8499999999999845,0,1,0,94.90177340060472,1.0058629172188894e-05,351,1,0
193,42,40,0,0,0,9.822665623256139,"[0.0, 9.822665623256139]",9.822665623256139,8.571428571428571,9.822665623256139,5.516666666666652,0,1,0,92.02511183917522,9.822665623256139e-06,331,1,0
193,43,50,0,0,0,9.808300563267299,"[0.0, 9.808300563267299]",9.808300563267299,8.571428571428571,9.808300563267299,5.483333333333319,0,1,0,93.58653722703457,9.808300563267298e-06,329,1,0
193,44,48,0,0,0,8.752002716064453,"[0.0, 8.752002716064453]",8.752002716064453,8.571428571428571,8.752002716064453,3.1999999999999935,0,1,0,82.45022183656693,8.752002716064453e-06,192,1,0
193,45,19,0,0,0,8.72023718697684,"[0.0, 8.72023718697684]",8.72023718697684,8.571428571428571,8.72023718697684,7.699999999999978,0,1,0,69.84127857509884,8.72023718697684e-06,462,1,0
193,46,53,0,0,0,8.715594155447825,"[0.0, 8.715594155447825]",8.715594155447825,8.571428571428571,8.715594155447825,3.2333333333333267,0,1,0,83.38652893900871,8.715594155447824e-06,194,1,0
193,47,45,0,0,0,8.558690207345144,"[0.0, 8.558690207345144]",8.558690207345144,5.714285714285714,8.558690207345144,7.849999999999977,0,1,0,69.55679488774331,8.558690207345144e-06,471,1,0
193,48,43,0,0,0,8.31618172781808,"[0.0, 8.31618172781808]",8.31618172781808,5.714285714285714,8.31618172781808,5.033333333333321,0,1,0,57.192236544564366,8.31618172781808e-06,302,1,0
193,49,38,0,0,0,8.314830235072543,"[0.0, 8.314830235072543]",8.314830235072543,5.714285714285714,8.314830235072543,4.116666666666657,0,1,0,56.63238288462162,8.314830235072543e-06,247,1,0
193,50,56,0,0,0,8.247920445033483,"[0.0, 8.247920445033483]",8.247920445033483,5.714285714285714,8.247920445033483,3.1666666666666603,0,1,0,81.38167145848274,8.247920445033483e-06,190,1,0
193,51,60,0,0,0,7.785936083112444,"[0.0, 7.785936083112444]",7.785936083112444,5.714285714285714,7.785936083112444,3.099999999999994,0,1,0,78.67906564474106,7.785936083112443e-06,186,1,0
193,52,17,0,0,0,7.142857142857142,"[0.0, 7.142857142857142]",7.142857142857142,5.714285714285714,7.142857142857142,2.8666666666666614,0,1,0,69.0966594517231,7.142857142857143e-06,172,1,0
193,53,42,0,0,0,6.311225891113281,"[0.0, 6.311225891113281]",6.311225891113281,5.714285714285714,6.311225891113281,7.366666666666646,0,1,0,58.58152309773868,6.311225891113281e-06,442,1,0
193,54,25,0,0,0,6.230839320591517,"[0.0, 6.230839320591517]",6.230839320591517,5.714285714285714,6.230839320591517,7.316666666666646,0,1,0,57.63288315314276,6.230839320591517e-06,439,1,0
193,55,9,0,0,0,6.2149538312639505,"[0.0, 6.2149538312639505]",6.2149538312639505,5.714285714285714,6.2149538312639505,7.316666666666646,0,1,0,57.54479413648369,6.21495383126395e-06,439,1,0
193,56,36,0,0,0,5.853184291294642,"[0.0, 5.853184291294642]",5.853184291294642,5.714285714285714,5.853184291294642,4.033333333333324,0,1,0,54.03270295262337,5.853184291294642e-06,242,1,0
193,57,31,0,0,0,5.665920802525112,"[0.0, 5.665920802525112]",5.665920802525112,2.857142857142857,5.665920802525112,3.6333333333333253,0,1,0,51.12842511385679,5.665920802525112e-06,218,1,0
193,58,14,0,0,0,5.577850341796875,"[0.0, 5.577850341796875]",5.577850341796875,2.857142857142857,5.577850341796875,3.483333333333326,0,1,0,49.985121592879295,5.577850341796875e-06,209,1,0
193,59,33,0,0,0,5.513594491141182,"[0.0, 5.513594491141182]",5.513594491141182,2.857142857142857,5.513594491141182,3.3666666666666596,0,1,0,49.02446545660496,5.513594491141182e-06,202,1,0
193,60,8,0,0,0,4.938872201102121,"[0.0, 4.938872201102121]",4.938872201102121,2.857142857142857,4.938872201102121,2.6833333333333287,0,1,0,42.08350682258606,4.9388722011021205e-06,161,1,0
193,61,21,0,0,0,2.1114785330636163,"[0.0, 2.1114785330636163]",2.1114785330636163,0.0,2.1114785330636163,5.016666666666654,0,1,0,7.706126068485901,2.1114785330636164e-06,301,1,0
193,62,34,0,0,0,2.11068834577288,"[0.0, 2.11068834577288]",2.11068834577288,0.0,2.11068834577288,5.016666666666654,0,1,0,7.706213591278356,2.11068834577288e-06,301,1,0
193,63,24,0,0,0,2.1072660173688615,"[0.0, 2.1072660173688615]",2.1072660173688615,0.0,2.1072660173688615,5.016666666666654,0,1,0,7.706142143251782,2.1072660173688617e-06,301,1,0
193,64,32,0,0,0,2.1066393171037947,"[0.0, 2.1066393171037947]",2.1066393171037947,0.0,2.1066393171037947,5.016666666666654,0,1,0,7.705577599408571,2.1066393171037947e-06,301,1,0
194,1,0,0,1,1,15.883047921316965,"[0.0, 15.883047921316965]",15.883047921316965,14.285714285714285,15.883047921316965,9.100000000000032,0,1,0,140.93718819320202,1.5883047921316966e-05,546,1,0
194,2,1,0,1,1,15.448570251464844,"[0.0, 15.448570251464844]",15.448570251464844,14.285714285714285,15.448570251464844,8.066666666666647,0,1,0,136.9978540316224,1.5448570251464845e-05,484,1,0
194,3,60,0,1,1,15.418406895228795,"[0.0, 15.418406895228795]",15.418406895228795,14.285714285714285,15.418406895228795,7.033333333333314,0,1,0,132.94597525894642,1.5418406895228794e-05,422,1,0
194,4,2,0,1,1,15.383753095354352,"[0.0, 15.383753095354352]",15.383753095354352,14.285714285714285,15.383753095354352,6.916666666666647,0,1,0,132.23241848498583,1.5383753095354353e-05,415,1,0
194,5,3,0,1,1,15.35921369280134,"[0.0, 15.35921369280134]",15.35921369280134,14.285714285714285,15.35921369280134,6.866666666666648,0,1,0,131.8931434303522,1.5359213692801342e-05,412,1,0
194,6,4,0,1,1,15.353813171386719,"[0.0, 15.353813171386719]",15.353813171386719,14.285714285714285,15.353813171386719,6.799999999999981,0,1,0,131.66765888035297,1.535381317138672e-05,408,1,0
194,7,5,0,1,1,15.337497166224889,"[0.0, 15.337497166224889]",15.337497166224889,14.285714285714285,15.337497166224889,6.883333333333314,0,1,0,132.58711296319962,1.5337497166224888e-05,413,1,0
194,8,6,0,1,1,15.335262843540736,"[0.0, 15.335262843540736]",15.335262843540736,14.285714285714285,15.335262843540736,10.300000000000091,0,1,0,147.2017833784048,1.5335262843540737e-05,618,1,0
194,9,27,0,0,1,15.324227469308035,"[0.0, 15.324227469308035]",15.324227469308035,14.285714285714285,15.324227469308035,8.633333333333342,0,1,0,139.09514149278402,1.5324227469308036e-05,518,1,0
194,10,7,0,0,1,15.31998770577567,"[0.0, 15.31998770577567]",15.31998770577567,14.285714285714285,15.31998770577567,6.866666666666648,0,1,0,133.35605366528034,1.5319987705775672e-05,412,1,0
194,11,8,0,0,1,15.184702192034042,"[0.0, 15.184702192034042]",15.184702192034042,14.285714285714285,15.184702192034042,7.116666666666647,0,1,0,130.9199691414833,1.5184702192034042e-05,427,1,0
194,12,9,0,0,1,15.149933951241628,"[0.0, 15.149933951241628]",15.149933951241628,14.285714285714285,15.149933951241628,7.433333333333312,0,1,0,134.92005821317434,1.514993395124163e-05,446,1,0
194,13,49,0,0,1,15.083650861467635,"[0.0, 15.083650861467635]",15.083650861467635,14.285714285714285,15.083650861467635,8.38333333333333,0,1,0,137.13697638735175,1.5083650861467635e-05,503,1,0
194,14,42,0,0,1,14.91677965436663,"[0.0, 14.91677965436663]",14.91677965436663,14.285714285714285,14.91677965436663,6.733333333333315,0,1,0,130.47866785526276,1.491677965436663e-05,404,1,0
194,15,47,0,0,1,14.887477329799106,"[0.0, 14.887477329799106]",14.887477329799106,14.285714285714285,14.887477329799106,6.666666666666648,0,1,0,128.62453451752663,1.4887477329799107e-05,400,1,0
194,16,54,0,0,1,14.429964338030135,"[0.0, 14.429964338030135]",14.429964338030135,14.285714285714285,14.429964338030135,10.300000000000091,0,1,0,141.10426846615155,1.4429964338030135e-05,618,1,0
194,17,39,0,0,1,13.213560921805245,"[0.0, 13.213560921805245]",13.213560921805245,11.428571428571429,13.213560921805245,8.866666666666687,0,1,0,124.4926561848988,1.3213560921805245e-05,532,1,0
194,18,62,0,0,1,11.39075687953404,"[0.0, 11.39075687953404]",11.39075687953404,8.571428571428571,11.39075687953404,6.516666666666649,0,1,0,100.47484999150038,1.139075687953404e-05,391,1,0
194,19,34,0,0,1,11.310950687953405,"[0.0, 11.310950687953405]",11.310950687953405,8.571428571428571,11.310950687953405,5.999999999999984,0,1,0,99.53535465151072,1.1310950687953404e-05,360,1,0
194,20,25,0,0,1,11.309991564069476,"[0.0, 11.309991564069476]",11.309991564069476,8.571428571428571,11.309991564069476,5.883333333333318,0,1,0,101.36854302883148,1.1309991564069476e-05,353,1,0
194,21,43,0,0,1,11.281465802873884,"[0.0, 11.281465802873884]",11.281465802873884,8.571428571428571,11.281465802873884,5.8499999999999845,0,1,0,101.43236255645752,1.1281465802873884e-05,351,1,0
194,22,30,0,0,1,11.157954079764231,"[0.0, 11.157954079764231]",11.157954079764231,8.571428571428571,11.157954079764231,4.999999999999988,0,1,0,98.01733621954918,1.115795407976423e-05,300,1,0
194,23,50,0,0,1,10.890489305768694,"[0.0, 10.890489305768694]",10.890489305768694,8.571428571428571,10.890489305768694,5.6833333333333185,0,1,0,98.9785069078207,1.0890489305768694e-05,341,1,0
194,24,24,0,0,1,10.474763597760882,"[0.0, 10.474763597760882]",10.474763597760882,8.571428571428571,10.474763597760882,5.633333333333319,0,1,0,94.84558342397213,1.0474763597760882e-05,338,1,0
194,25,46,0,0,1,10.416524069649832,"[0.0, 10.416524069649832]",10.416524069649832,8.571428571428571,10.416524069649832,5.616666666666652,0,1,0,98.02664679288864,1.0416524069649832e-05,337,1,0
194,26,56,0,0,1,10.269039699009488,"[0.0, 10.269039699009488]",10.269039699009488,8.571428571428571,10.269039699009488,5.7666666666666515,0,1,0,96.30429708957672,1.0269039699009487e-05,346,1,0
194,27,37,0,0,1,10.027659279959543,"[0.0, 10.027659279959543]",10.027659279959543,8.571428571428571,10.027659279959543,3.349999999999993,0,1,0,87.60550081729889,1.0027659279959544e-05,201,1,0
194,28,13,0,0,1,9.937084742954799,"[0.0, 9.937084742954799]",9.937084742954799,8.571428571428571,9.937084742954799,5.516666666666652,0,1,0,95.29542949795723,9.937084742954798e-06,331,1,0
194,29,19,0,0,1,9.910828726632255,"[0.0, 9.910828726632255]",9.910828726632255,8.571428571428571,9.910828726632255,3.3333333333333264,0,1,0,88.29628349840641,9.910828726632255e-06,200,1,0
194,30,45,0,0,1,9.719502585274832,"[0.0, 9.719502585274832]",9.719502585274832,8.571428571428571,9.719502585274832,3.2833333333333266,0,1,0,86.19826935231686,9.719502585274831e-06,197,1,0
194,31,41,0,0,1,9.677723475864955,"[0.0, 9.677723475864955]",9.677723475864955,8.571428571428571,9.677723475864955,3.2833333333333266,0,1,0,86.19875058531761,9.677723475864955e-06,197,1,0
194,32,10,0,0,1,9.520683288574219,"[0.0, 9.520683288574219]",9.520683288574219,8.571428571428571,9.520683288574219,5.449999999999986,0,1,0,92.15418937802315,9.520683288574219e-06,327,1,0
194,33,20,0,0,0,9.363512311662948,"[0.0, 9.363512311662948]",9.363512311662948,8.571428571428571,9.363512311662948,5.33333333333332,0,1,0,89.5066399872303,9.363512311662948e-06,320,1,0
194,34,52,0,0,0,9.317637852260045,"[0.0, 9.317637852260045]",9.317637852260045,8.571428571428571,9.317637852260045,3.299999999999993,0,1,0,85.65295775234699,9.317637852260045e-06,198,1,0
194,35,32,0,0,0,9.237902505057198,"[0.0, 9.237902505057198]",9.237902505057198,8.571428571428571,9.237902505057198,5.199999999999987,0,1,0,89.46307310461998,9.237902505057199e-06,312,1,0
194,36,58,0,0,0,8.937868390764509,"[0.0, 8.937868390764509]",8.937868390764509,8.571428571428571,8.937868390764509,3.2499999999999933,0,1,0,84.07699993252754,8.937868390764509e-06,195,1,0
194,37,29,0,0,0,8.626174926757812,"[0.0, 8.626174926757812]",8.626174926757812,8.571428571428571,8.626174926757812,3.399999999999993,0,1,0,82.784549087286,8.626174926757812e-06,204,1,0
194,38,17,0,0,0,8.601134163992745,"[0.0, 8.601134163992745]",8.601134163992745,8.571428571428571,8.601134163992745,3.1999999999999935,0,1,0,82.74646617472172,8.601134163992746e-06,192,1,0
194,39,22,0,0,0,8.540139879499163,"[0.0, 8.540139879499163]",8.540139879499163,5.714285714285714,8.540139879499163,3.1999999999999935,0,1,0,82.74638710916042,8.540139879499163e-06,192,1,0
194,40,48,0,0,0,8.337162562779017,"[0.0, 8.337162562779017]",8.337162562779017,5.714285714285714,8.337162562779017,3.1666666666666603,0,1,0,81.38173025846481,8.337162562779017e-06,190,1,0
194,41,40,0,0,0,8.265459878104075,"[0.0, 8.265459878104075]",8.265459878104075,5.714285714285714,8.265459878104075,7.316666666666646,0,1,0,57.63317743167863,8.265459878104074e-06,439,1,0
194,42,14,0,0,0,8.206514630998885,"[0.0, 8.206514630998885]",8.206514630998885,5.714285714285714,8.206514630998885,3.1499999999999937,0,1,0,80.702163413167,8.206514630998885e-06,189,1,0
194,43,36,0,0,0,8.13302993774414,"[0.0, 8.13302993774414]",8.13302993774414,5.714285714285714,8.13302993774414,7.383333333333312,0,1,0,58.04945766265155,8.133029937744141e-06,443,1,0
194,44,33,0,0,0,7.3020253862653455,"[0.0, 7.3020253862653455]",7.3020253862653455,5.714285714285714,7.3020253862653455,3.016666666666661,0,1,0,74.60080181062222,7.302025386265346e-06,181,1,0
194,45,59,0,0,0,6.323394775390626,"[0.0, 6.323394775390626]",6.323394775390626,5.714285714285714,6.323394775390626,7.366666666666646,0,1,0,58.581735360414314,6.323394775390626e-06,442,1,0
194,46,53,0,0,0,6.281471252441406,"[0.0, 6.281471252441406]",6.281471252441406,5.714285714285714,6.281471252441406,7.366666666666646,0,1,0,58.58192011747451,6.281471252441406e-06,442,1,0
194,47,61,0,0,0,6.261574881417411,"[0.0, 6.261574881417411]",6.261574881417411,5.714285714285714,6.261574881417411,7.216666666666646,0,1,0,57.751138357809396,6.26157488141741e-06,433,1,0
194,48,28,0,0,0,6.255351475306919,"[0.0, 6.255351475306919]",6.255351475306919,5.714285714285714,6.255351475306919,7.366666666666646,0,1,0,58.58156526800303,6.2553514753069195e-06,442,1,0
194,49,55,0,0,0,6.243008204868861,"[0.0, 6.243008204868861]",6.243008204868861,5.714285714285714,6.243008204868861,7.366666666666646,0,1,0,58.58184132547467,6.243008204868861e-06,442,1,0
194,50,51,0,0,0,6.2100982666015625,"[0.0, 6.2100982666015625]",6.2100982666015625,5.714285714285714,6.2100982666015625,7.316666666666646,0,1,0,57.6328479268559,6.210098266601562e-06,439,1,0
194,51,23,0,0,0,6.134425571986607,"[0.0, 6.134425571986607]",6.134425571986607,5.714285714285714,6.134425571986607,7.316666666666646,0,1,0,57.633110031849355,6.134425571986607e-06,439,1,0
194,52,21,0,0,0,5.985074724469866,"[0.0, 5.985074724469866]",5.985074724469866,5.714285714285714,5.985074724469866,4.666666666666655,0,1,0,56.36394953355193,5.985074724469866e-06,280,1,0
194,53,16,0,0,0,5.800056457519531,"[0.0, 5.800056457519531]",5.800056457519531,5.714285714285714,5.800056457519531,3.866666666666658,0,1,0,53.024250850081444,5.8000564575195316e-06,232,1,0
194,54,38,0,0,0,5.686133248465402,"[0.0, 5.686133248465402]",5.686133248465402,2.857142857142857,5.686133248465402,3.6666666666666585,0,1,0,51.3688585087657,5.686133248465402e-06,220,1,0
194,55,63,0,0,0,5.584896632603237,"[0.0, 5.584896632603237]",5.584896632603237,2.857142857142857,5.584896632603237,2.2999999999999967,0,1,0,49.20256260037422,5.584896632603237e-06,138,1,0
194,56,18,0,0,0,5.36872318812779,"[0.0, 5.36872318812779]",5.36872318812779,2.857142857142857,5.36872318812779,3.1666666666666603,0,1,0,47.228943169116974,5.36872318812779e-06,190,1,0
194,57,12,0,0,0,5.2635683332170755,"[0.0, 5.2635683332170755]",5.2635683332170755,2.857142857142857,5.2635683332170755,3.0333333333333274,0,1,0,45.92512637376785,5.263568333217075e-06,182,1,0
194,58,44,0,0,0,5.216538565499442,"[0.0, 5.216538565499442]",5.216538565499442,2.857142857142857,5.216538565499442,2.9833333333333276,0,1,0,45.4138108342886,5.216538565499442e-06,179,1,0
194,59,31,0,0,0,5.181841169084821,"[0.0, 5.181841169084821]",5.181841169084821,2.857142857142857,5.181841169084821,2.199999999999997,0,1,0,44.49176076054573,5.181841169084821e-06,132,1,0
194,60,15,0,0,0,4.125170026506696,"[0.0, 4.125170026506696]",4.125170026506696,2.857142857142857,4.125170026506696,5.3833333333333195,0,1,0,31.39907880123792,4.125170026506696e-06,323,1,0
194,61,35,0,0,0,3.893209184919085,"[0.0, 3.893209184919085]",3.893209184919085,2.857142857142857,3.893209184919085,4.966666666666654,0,1,0,28.094399927904306,3.893209184919085e-06,298,1,0
194,62,11,0,0,0,2.119156973702567,"[0.0, 2.119156973702567]",2.119156973702567,0.0,2.119156973702567,5.016666666666654,0,1,0,7.941617290525755,2.119156973702567e-06,301,1,0
194,63,26,0,0,0,2.112682887486049,"[0.0, 2.112682887486049]",2.112682887486049,0.0,2.112682887486049,5.016666666666654,0,1,0,7.900424100756936,2.112682887486049e-06,301,1,0
194,64,57,0,0,0,1.9323022024972099,"[0.0, 1.9323022024972099]",1.9323022024972099,0.0,1.9323022024972099,5.016666666666654,0,1,0,5.880423308175523,1.93230220249721e-06,301,1,0
195,1,0,0,1,1,15.883047921316965,"[0.0, 15.883047921316965]",15.883047921316965,14.285714285714285,15.883047921316965,9.100000000000032,0,1,0,140.93718819320202,1.5883047921316966e-05,546,1,0
195,2,45,0,1,1,15.548155648367745,"[0.0, 15.548155648367745]",15.548155648367745,14.285714285714285,15.548155648367745,9.1166666666667,0,1,0,143.66389998234808,1.5548155648367744e-05,547,1,0
195,3,1,0,1,1,15.448570251464844,"[0.0, 15.448570251464844]",15.448570251464844,14.285714285714285,15.448570251464844,8.066666666666647,0,1,0,136.9978540316224,1.5448570251464845e-05,484,1,0
195,4,2,0,1,1,15.418406895228795,"[0.0, 15.418406895228795]",15.418406895228795,14.285714285714285,15.418406895228795,7.033333333333314,0,1,0,132.94597525894642,1.5418406895228794e-05,422,1,0
195,5,3,0,1,1,15.383753095354352,"[0.0, 15.383753095354352]",15.383753095354352,14.285714285714285,15.383753095354352,6.916666666666647,0,1,0,132.23241848498583,1.5383753095354353e-05,415,1,0
195,6,4,0,1,1,15.35921369280134,"[0.0, 15.35921369280134]",15.35921369280134,14.285714285714285,15.35921369280134,6.866666666666648,0,1,0,131.8931434303522,1.5359213692801342e-05,412,1,0
195,7,5,0,1,1,15.353813171386719,"[0.0, 15.353813171386719]",15.353813171386719,14.285714285714285,15.353813171386719,6.799999999999981,0,1,0,131.66765888035297,1.535381317138672e-05,408,1,0
195,8,6,0,1,1,15.337497166224889,"[0.0, 15.337497166224889]",15.337497166224889,14.285714285714285,15.337497166224889,6.883333333333314,0,1,0,132.58711296319962,1.5337497166224888e-05,413,1,0
195,9,7,0,0,1,15.335262843540736,"[0.0, 15.335262843540736]",15.335262843540736,14.285714285714285,15.335262843540736,10.300000000000091,0,1,0,147.2017833784048,1.5335262843540737e-05,618,1,0
195,10,20,0,0,1,15.33154078892299,"[0.0, 15.33154078892299]",15.33154078892299,14.285714285714285,15.33154078892299,9.716666666666729,0,1,0,142.37055774242617,1.533154078892299e-05,583,1,0
195,11,26,0,0,1,15.137252807617188,"[0.0, 15.137252807617188]",15.137252807617188,14.285714285714285,15.137252807617188,8.483333333333334,0,1,0,132.90173716843128,1.5137252807617188e-05,509,1,0
195,12,41,0,0,1,15.059460231236049,"[0.0, 15.059460231236049]",15.059460231236049,14.285714285714285,15.059460231236049,6.766666666666648,0,1,0,133.3603144735098,1.5059460231236048e-05,406,1,0
195,13,18,0,0,1,14.833853585379464,"[0.0, 14.833853585379464]",14.833853585379464,14.285714285714285,14.833853585379464,7.499999999999979,0,1,0,129.32133976370096,1.4833853585379464e-05,450,1,0
195,14,35,0,0,1,14.531282697405135,"[0.0, 14.531282697405135]",14.531282697405135,14.285714285714285,14.531282697405135,9.766666666666731,0,1,0,142.2699211246727,1.4531282697405136e-05,586,1,0
195,15,9,0,0,1,11.517377580915177,"[0.0, 11.517377580915177]",11.517377580915177,11.428571428571429,11.517377580915177,5.916666666666651,0,1,0,103.71297658979893,1.1517377580915176e-05,355,1,0
195,16,15,0,0,1,11.370269230433873,"[0.0, 11.370269230433873]",11.370269230433873,8.571428571428571,11.370269230433873,5.883333333333318,0,1,0,102.655746281147,1.1370269230433874e-05,353,1,0
195,17,19,0,0,1,11.244286128452845,"[0.0, 11.244286128452845]",11.244286128452845,8.571428571428571,11.244286128452845,5.833333333333318,0,1,0,100.28818540275097,1.1244286128452845e-05,350,1,0
195,18,46,0,0,1,11.187019348144531,"[0.0, 11.187019348144531]",11.187019348144531,8.571428571428571,11.187019348144531,5.7666666666666515,0,1,0,99.2094213962555,1.1187019348144531e-05,346,1,0
195,19,58,0,0,1,11.138422829764231,"[0.0, 11.138422829764231]",11.138422829764231,8.571428571428571,11.138422829764231,5.733333333333318,0,1,0,102.54229591786861,1.1138422829764231e-05,344,1,0
195,20,55,0,0,1,11.129790714808871,"[0.0, 11.129790714808871]",11.129790714808871,8.571428571428571,11.129790714808871,5.749999999999985,0,1,0,101.157042786479,1.1129790714808872e-05,345,1,0
195,21,52,0,0,1,10.997458866664342,"[0.0, 10.997458866664342]",10.997458866664342,8.571428571428571,10.997458866664342,5.7666666666666515,0,1,0,97.01407627761364,1.0997458866664341e-05,346,1,0
195,22,57,0,0,1,10.959856850760323,"[0.0, 10.959856850760323]",10.959856850760323,8.571428571428571,10.959856850760323,5.7666666666666515,0,1,0,99.78373266756535,1.0959856850760324e-05,346,1,0
195,23,8,0,0,1,10.935570853097099,"[0.0, 10.935570853097099]",10.935570853097099,8.571428571428571,10.935570853097099,6.6999999999999815,0,1,0,101.94201421737671,1.0935570853097099e-05,402,1,0
195,24,22,0,0,1,10.911538260323661,"[0.0, 10.911538260323661]",10.911538260323661,8.571428571428571,10.911538260323661,5.749999999999985,0,1,0,98.08833631873131,1.0911538260323661e-05,345,1,0
195,25,44,0,0,1,10.740724291120257,"[0.0, 10.740724291120257]",10.740724291120257,8.571428571428571,10.740724291120257,5.716666666666652,0,1,0,97.22853045165539,1.0740724291120256e-05,343,1,0
195,26,36,0,0,1,10.740133013044083,"[0.0, 10.740133013044083]",10.740133013044083,8.571428571428571,10.740133013044083,5.666666666666652,0,1,0,96.95567573606968,1.0740133013044083e-05,340,1,0
195,27,29,0,0,1,10.72020939418248,"[0.0, 10.72020939418248]",10.72020939418248,8.571428571428571,10.72020939418248,5.6833333333333185,0,1,0,95.9099512398243,1.072020939418248e-05,341,1,0
195,28,37,0,0,1,10.62408174787249,"[0.0, 10.62408174787249]",10.62408174787249,8.571428571428571,10.62408174787249,5.616666666666652,0,1,0,97.60390642285347,1.062408174787249e-05,337,1,0
195,29,49,0,0,1,10.592542375837054,"[0.0, 10.592542375837054]",10.592542375837054,8.571428571428571,10.592542375837054,6.416666666666649,0,1,0,100.15430462360382,1.0592542375837054e-05,385,1,0
195,30,33,0,0,1,10.4849488394601,"[0.0, 10.4849488394601]",10.4849488394601,8.571428571428571,10.4849488394601,5.649999999999985,0,1,0,95.9300622344017,1.0484948839460102e-05,339,1,0
195,31,51,0,0,1,10.428180694580078,"[0.0, 10.428180694580078]",10.428180694580078,8.571428571428571,10.428180694580078,5.549999999999986,0,1,0,97.60656861960888,1.0428180694580078e-05,333,1,0
195,32,11,0,0,1,10.318235669817245,"[0.0, 10.318235669817245]",10.318235669817245,8.571428571428571,10.318235669817245,5.533333333333319,0,1,0,95.83775469660759,1.0318235669817246e-05,332,1,0
195,33,42,0,0,0,10.25082996913365,"[0.0, 10.25082996913365]",10.25082996913365,8.571428571428571,10.25082996913365,3.349999999999993,0,1,0,88.99984566867352,1.0250829969133649e-05,201,1,0
195,34,38,0,0,0,10.16693115234375,"[0.0, 10.16693115234375]",10.16693115234375,8.571428571428571,10.16693115234375,5.549999999999986,0,1,0,95.68527665734291,1.016693115234375e-05,333,1,0
195,35,40,0,0,0,10.150198255266464,"[0.0, 10.150198255266464]",10.150198255266464,8.571428571428571,10.150198255266464,5.999999999999984,0,1,0,96.54354558885098,1.0150198255266463e-05,360,1,0
195,36,30,0,0,0,10.12666974748884,"[0.0, 10.12666974748884]",10.12666974748884,8.571428571428571,10.12666974748884,5.533333333333319,0,1,0,95.29552873969078,1.012666974748884e-05,332,1,0
195,37,43,0,0,0,9.99802998134068,"[0.0, 9.99802998134068]",9.99802998134068,8.571428571428571,9.99802998134068,3.2833333333333266,0,1,0,86.19845055043697,9.998029981340681e-06,197,1,0
195,38,10,0,0,0,9.480607169015066,"[0.0, 9.480607169015066]",9.480607169015066,8.571428571428571,9.480607169015066,5.366666666666653,0,1,0,91.04554717242718,9.480607169015067e-06,322,1,0
195,39,13,0,0,0,9.418909890311104,"[0.0, 9.418909890311104]",9.418909890311104,8.571428571428571,9.418909890311104,4.233333333333324,0,1,0,86.11726389825344,9.418909890311105e-06,254,1,0
195,40,23,0,0,0,9.383969988141741,"[0.0, 9.383969988141741]",9.383969988141741,8.571428571428571,9.383969988141741,3.4999999999999925,0,1,0,85.95735375583172,9.383969988141742e-06,210,1,0
195,41,50,0,0,0,9.25934110369001,"[0.0, 9.25934110369001]",9.25934110369001,8.571428571428571,9.25934110369001,3.26666666666666,0,1,0,85.08359904587269,9.259341103690011e-06,196,1,0
195,42,34,0,0,0,8.552218845912389,"[0.0, 8.552218845912389]",8.552218845912389,5.714285714285714,8.552218845912389,3.1999999999999935,0,1,0,82.74678662419319,8.552218845912389e-06,192,1,0
195,43,48,0,0,0,8.551782880510602,"[0.0, 8.551782880510602]",8.551782880510602,5.714285714285714,8.551782880510602,3.2499999999999933,0,1,0,82.95321595668793,8.551782880510602e-06,195,1,0
195,44,12,0,0,0,8.311786651611328,"[0.0, 8.311786651611328]",8.311786651611328,5.714285714285714,8.311786651611328,3.1666666666666603,0,1,0,81.38194034993649,8.311786651611329e-06,190,1,0
195,45,62,0,0,0,8.15948758806501,"[0.0, 8.15948758806501]",8.15948758806501,5.714285714285714,8.15948758806501,3.1499999999999937,0,1,0,80.70269848406315,8.15948758806501e-06,189,1,0
195,46,25,0,0,0,7.875469752720424,"[0.0, 7.875469752720424]",7.875469752720424,5.714285714285714,7.875469752720424,3.0833333333333273,0,1,0,78.00900453329086,7.875469752720424e-06,185,1,0
195,47,14,0,0,0,7.692535945347377,"[0.0, 7.692535945347377]",7.692535945347377,5.714285714285714,7.692535945347377,3.1166666666666605,0,1,0,78.33173795044422,7.692535945347377e-06,187,1,0
195,48,28,0,0,0,7.367281232561385,"[0.0, 7.367281232561385]",7.367281232561385,5.714285714285714,7.367281232561385,4.783333333333322,0,1,0,75.25566399097443,7.367281232561385e-06,287,1,0
195,49,32,0,0,0,6.309476579938616,"[0.0, 6.309476579938616]",6.309476579938616,5.714285714285714,6.309476579938616,7.316666666666646,0,1,0,57.63281765290594,6.309476579938616e-06,439,1,0
195,50,39,0,0,0,6.27051762172154,"[0.0, 6.27051762172154]",6.27051762172154,5.714285714285714,6.27051762172154,7.366666666666646,0,1,0,58.59644206757366,6.27051762172154e-06,442,1,0
195,51,60,0,0,0,6.17149897984096,"[0.0, 6.17149897984096]",6.17149897984096,5.714285714285714,6.17149897984096,7.316666666666646,0,1,0,57.54612769045343,6.1714989798409605e-06,439,1,0
195,52,17,0,0,0,6.120790754045759,"[0.0, 6.120790754045759]",6.120790754045759,5.714285714285714,6.120790754045759,7.316666666666646,0,1,0,57.63856011895405,6.1207907540457585e-06,439,1,0
195,53,56,0,0,0,5.907276698521206,"[0.0, 5.907276698521206]",5.907276698521206,5.714285714285714,5.907276698521206,4.233333333333324,0,1,0,54.7095956876874,5.907276698521206e-06,254,1,0
195,54,31,0,0,0,5.678868974958148,"[0.0, 5.678868974958148]",5.678868974958148,2.857142857142857,5.678868974958148,3.7499999999999916,0,1,0,51.275784753263,5.678868974958148e-06,225,1,0
195,55,24,0,0,0,5.488019670758929,"[0.0, 5.488019670758929]",5.488019670758929,2.857142857142857,5.488019670758929,3.4166666666666594,0,1,0,48.86690117418766,5.488019670758929e-06,205,1,0
195,56,16,0,0,0,5.475703648158483,"[0.0, 5.475703648158483]",5.475703648158483,2.857142857142857,5.475703648158483,3.3166666666666598,0,1,0,48.62229245901108,5.475703648158483e-06,199,1,0
195,57,27,0,0,0,5.472869873046875,"[0.0, 5.472869873046875]",5.472869873046875,2.857142857142857,5.472869873046875,3.3166666666666598,0,1,0,48.627203434705734,5.472869873046875e-06,199,1,0
195,58,21,0,0,0,5.468025207519531,"[0.0, 5.468025207519531]",5.468025207519531,2.857142857142857,5.468025207519531,3.2499999999999933,0,1,0,48.52466155588627,5.4680252075195315e-06,195,1,0
195,59,54,0,0,0,5.312352861676898,"[0.0, 5.312352861676898]",5.312352861676898,2.857142857142857,5.312352861676898,3.099999999999994,0,1,0,46.58796729147434,5.312352861676897e-06,186,1,0
195,60,53,0,0,0,4.996626717703683,"[0.0, 4.996626717703683]",4.996626717703683,2.857142857142857,4.996626717703683,6.516666666666649,0,1,0,41.5691239826192,4.996626717703683e-06,391,1,0
195,61,63,0,0,0,4.961580548967634,"[0.0, 4.961580548967634]",4.961580548967634,2.857142857142857,4.961580548967634,2.249999999999997,0,1,0,41.99685364961624,4.961580548967634e-06,135,1,0
195,62,47,0,0,0,4.628513881138393,"[0.0, 4.628513881138393]",4.628513881138393,2.857142857142857,4.628513881138393,6.283333333333316,0,1,0,37.090274135283835,4.628513881138393e-06,377,1,0
195,63,59,0,0,0,4.257381984165737,"[0.0, 4.257381984165737]",4.257381984165737,2.857142857142857,4.257381984165737,5.999999999999984,0,1,0,32.77241512481851,4.257381984165737e-06,360,1,0
195,64,61,0,0,0,2.7342605590820312,"[0.0, 2.7342605590820312]",2.7342605590820312,0.0,2.7342605590820312,4.016666666666658,0,1,0,19.74187827494461,2.7342605590820313e-06,241,1,0
196,1,0,0,1,1,15.883047921316965,"[0.0, 15.883047921316965]",15.883047921316965,14.285714285714285,15.883047921316965,9.100000000000032,0,1,0,140.93718819320202,1.5883047921316966e-05,546,1,0
196,2,1,0,1,1,15.548155648367745,"[0.0, 15.548155648367745]",15.548155648367745,14.285714285714285,15.548155648367745,9.1166666666667,0,1,0,143.66389998234808,1.5548155648367744e-05,547,1,0
196,3,2,0,1,1,15.448570251464844,"[0.0, 15.448570251464844]",15.448570251464844,14.285714285714285,15.448570251464844,8.066666666666647,0,1,0,136.9978540316224,1.5448570251464845e-05,484,1,0
196,4,3,0,1,1,15.418406895228795,"[0.0, 15.418406895228795]",15.418406895228795,14.285714285714285,15.418406895228795,7.033333333333314,0,1,0,132.94597525894642,1.5418406895228794e-05,422,1,0
196,5,4,0,1,1,15.383753095354352,"[0.0, 15.383753095354352]",15.383753095354352,14.285714285714285,15.383753095354352,6.916666666666647,0,1,0,132.23241848498583,1.5383753095354353e-05,415,1,0
196,6,5,0,1,1,15.35921369280134,"[0.0, 15.35921369280134]",15.35921369280134,14.285714285714285,15.35921369280134,6.866666666666648,0,1,0,131.8931434303522,1.5359213692801342e-05,412,1,0
196,7,6,0,1,1,15.353813171386719,"[0.0, 15.353813171386719]",15.353813171386719,14.285714285714285,15.353813171386719,6.799999999999981,0,1,0,131.66765888035297,1.535381317138672e-05,408,1,0
196,8,31,0,1,1,15.339279174804688,"[0.0, 15.339279174804688]",15.339279174804688,14.285714285714285,15.339279174804688,6.799999999999981,0,1,0,131.16318267583847,1.5339279174804686e-05,408,1,0
196,9,7,0,0,1,15.337497166224889,"[0.0, 15.337497166224889]",15.337497166224889,14.285714285714285,15.337497166224889,6.883333333333314,0,1,0,132.58711296319962,1.5337497166224888e-05,413,1,0
196,10,20,0,0,1,15.21294185093471,"[0.0, 15.21294185093471]",15.21294185093471,14.285714285714285,15.21294185093471,7.599999999999978,0,1,0,136.16656145453453,1.521294185093471e-05,456,1,0
196,11,14,0,0,1,14.961983816964286,"[0.0, 14.961983816964286]",14.961983816964286,14.285714285714285,14.961983816964286,6.683333333333315,0,1,0,131.8187547326088,1.4961983816964286e-05,401,1,0
196,12,48,0,0,1,11.502293178013392,"[0.0, 11.502293178013392]",11.502293178013392,11.428571428571429,11.502293178013392,5.916666666666651,0,1,0,107.32218015193939,1.1502293178013392e-05,355,1,0
196,13,12,0,0,1,11.34627478463309,"[0.0, 11.34627478463309]",11.34627478463309,8.571428571428571,11.34627478463309,5.8499999999999845,0,1,0,101.43232026696205,1.134627478463309e-05,351,1,0
196,14,57,0,0,1,11.21819087437221,"[0.0, 11.21819087437221]",11.21819087437221,8.571428571428571,11.21819087437221,5.783333333333318,0,1,0,102.29286082088947,1.121819087437221e-05,347,1,0
196,15,34,0,0,1,11.016082763671875,"[0.0, 11.016082763671875]",11.016082763671875,8.571428571428571,11.016082763671875,5.7666666666666515,0,1,0,98.63876719772816,1.1016082763671875e-05,346,1,0
196,16,24,0,0,1,10.964156559535436,"[0.0, 10.964156559535436]",10.964156559535436,8.571428571428571,10.964156559535436,5.733333333333318,0,1,0,94.77494375407696,1.0964156559535435e-05,344,1,0
196,17,26,0,0,1,10.949175698416573,"[0.0, 10.949175698416573]",10.949175698416573,8.571428571428571,10.949175698416573,7.19999999999998,0,1,0,100.86158477514982,1.0949175698416573e-05,432,1,0
196,18,18,0,0,1,10.919456481933594,"[0.0, 10.919456481933594]",10.919456481933594,8.571428571428571,10.919456481933594,5.749999999999985,0,1,0,99.22577442228794,1.0919456481933594e-05,345,1,0
196,19,33,0,0,1,10.857366834368024,"[0.0, 10.857366834368024]",10.857366834368024,8.571428571428571,10.857366834368024,5.749999999999985,0,1,0,98.90872773528099,1.0857366834368025e-05,345,1,0
196,20,27,0,0,1,10.781702314104352,"[0.0, 10.781702314104352]",10.781702314104352,8.571428571428571,10.781702314104352,5.733333333333318,0,1,0,98.1026269197464,1.0781702314104353e-05,344,1,0
196,21,10,0,0,1,10.67946025303432,"[0.0, 10.67946025303432]",10.67946025303432,8.571428571428571,10.67946025303432,5.616666666666652,0,1,0,98.58649164438248,1.0679460253034319e-05,337,1,0
196,22,41,0,0,1,10.637471335274833,"[0.0, 10.637471335274833]",10.637471335274833,8.571428571428571,10.637471335274833,5.666666666666652,0,1,0,95.44079978764057,1.0637471335274833e-05,340,1,0
196,23,42,0,0,1,10.634425027029854,"[0.0, 10.634425027029854]",10.634425027029854,8.571428571428571,10.634425027029854,5.666666666666652,0,1,0,95.92154888808727,1.0634425027029854e-05,340,1,0
196,24,38,0,0,1,10.569024767194476,"[0.0, 10.569024767194476]",10.569024767194476,8.571428571428571,10.569024767194476,5.633333333333319,0,1,0,95.39150084555149,1.0569024767194475e-05,338,1,0
196,25,21,0,0,1,10.47736849103655,"[0.0, 10.47736849103655]",10.47736849103655,8.571428571428571,10.47736849103655,6.649999999999982,0,1,0,100.30335557460785,1.0477368491036551e-05,399,1,0
196,26,51,0,0,1,10.472630092075892,"[0.0, 10.472630092075892]",10.472630092075892,8.571428571428571,10.472630092075892,5.566666666666652,0,1,0,95.08572049438953,1.0472630092075892e-05,334,1,0
196,27,55,0,0,1,10.362186431884766,"[0.0, 10.362186431884766]",10.362186431884766,8.571428571428571,10.362186431884766,5.916666666666651,0,1,0,97.83170847594738,1.0362186431884765e-05,355,1,0
196,28,61,0,0,1,10.3076171875,"[0.0, 10.3076171875]",10.3076171875,8.571428571428571,10.3076171875,3.5833333333333255,0,1,0,88.50337283313274,1.03076171875e-05,215,1,0
196,29,9,0,0,1,10.255696432931083,"[0.0, 10.255696432931083]",10.255696432931083,8.571428571428571,10.255696432931083,5.549999999999986,0,1,0,97.03062650561333,1.0255696432931084e-05,333,1,0
196,30,35,0,0,1,10.224124363490514,"[0.0, 10.224124363490514]",10.224124363490514,8.571428571428571,10.224124363490514,5.499999999999986,0,1,0,94.75688122212887,1.0224124363490515e-05,330,1,0
196,31,50,0,0,1,10.182315281459262,"[0.0, 10.182315281459262]",10.182315281459262,8.571428571428571,10.182315281459262,5.466666666666653,0,1,0,94.88552832603455,1.0182315281459262e-05,328,1,0
196,32,60,0,0,1,10.03966740199498,"[0.0, 10.03966740199498]",10.03966740199498,8.571428571428571,10.03966740199498,5.399999999999986,0,1,0,93.80444478988647,1.0039667401994979e-05,324,1,0
196,33,17,0,0,0,9.964419773646764,"[0.0, 9.964419773646764]",9.964419773646764,8.571428571428571,9.964419773646764,5.399999999999986,0,1,0,92.61268961429596,9.964419773646764e-06,324,1,0
196,34,46,0,0,0,9.895708901541573,"[0.0, 9.895708901541573]",9.895708901541573,8.571428571428571,9.895708901541573,5.483333333333319,0,1,0,94.21935586631298,9.895708901541573e-06,329,1,0
196,35,63,0,0,0,9.887193952287946,"[0.0, 9.887193952287946]",9.887193952287946,8.571428571428571,9.887193952287946,5.483333333333319,0,1,0,91.60135911405087,9.887193952287946e-06,329,1,0
196,36,15,0,0,0,9.843499319893974,"[0.0, 9.843499319893974]",9.843499319893974,8.571428571428571,9.843499319893974,3.299999999999993,0,1,0,86.8950896859169,9.843499319893973e-06,198,1,0
196,37,19,0,0,0,9.738543374197823,"[0.0, 9.738543374197823]",9.738543374197823,8.571428571428571,9.738543374197823,5.466666666666653,0,1,0,93.6853318810463,9.738543374197824e-06,328,1,0
196,38,36,0,0,0,9.715546199253627,"[0.0, 9.715546199253627]",9.715546199253627,8.571428571428571,9.715546199253627,5.416666666666653,0,1,0,90.6451858729124,9.715546199253626e-06,325,1,0
196,39,13,0,0,0,9.604541233607701,"[0.0, 9.604541233607701]",9.604541233607701,8.571428571428571,9.604541233607701,3.26666666666666,0,1,0,85.5038720369339,9.604541233607702e-06,196,1,0
196,40,40,0,0,0,9.209371294294085,"[0.0, 9.209371294294085]",9.209371294294085,8.571428571428571,9.209371294294085,5.23333333333332,0,1,0,87.93765008449554,9.209371294294085e-06,314,1,0
196,41,39,0,0,0,9.17715617588588,"[0.0, 9.17715617588588]",9.17715617588588,8.571428571428571,9.17715617588588,5.349999999999986,0,1,0,90.10614646971226,9.17715617588588e-06,321,1,0
196,42,53,0,0,0,9.144706726074219,"[0.0, 9.144706726074219]",9.144706726074219,8.571428571428571,9.144706726074219,3.949999999999991,0,1,0,85.96568481624126,9.144706726074219e-06,237,1,0
196,43,8,0,0,0,8.90824181692941,"[0.0, 8.90824181692941]",8.90824181692941,8.571428571428571,8.90824181692941,3.2333333333333267,0,1,0,84.12057170271873,8.90824181692941e-06,194,1,0
196,44,23,0,0,0,8.90655790056501,"[0.0, 8.90655790056501]",8.90655790056501,8.571428571428571,8.90655790056501,4.149999999999991,0,1,0,86.4276205599308,8.90655790056501e-06,249,1,0
196,45,56,0,0,0,8.404456547328405,"[0.0, 8.404456547328405]",8.404456547328405,5.714285714285714,8.404456547328405,7.04999999999998,0,1,0,60.95927892545296,8.404456547328405e-06,423,1,0
196,46,58,0,0,0,8.367018018450057,"[0.0, 8.367018018450057]",8.367018018450057,5.714285714285714,8.367018018450057,6.766666666666648,0,1,0,58.75647916368325,8.367018018450057e-06,406,1,0
196,47,43,0,0,0,8.20098604474749,"[0.0, 8.20098604474749]",8.20098604474749,5.714285714285714,8.20098604474749,3.183333333333327,0,1,0,81.09405480325222,8.20098604474749e-06,191,1,0
196,48,32,0,0,0,7.461918422154018,"[0.0, 7.461918422154018]",7.461918422154018,5.714285714285714,7.461918422154018,3.0333333333333274,0,1,0,76.01258863508701,7.461918422154018e-06,182,1,0
196,49,25,0,0,0,6.342708042689732,"[0.0, 6.342708042689732]",6.342708042689732,5.714285714285714,6.342708042689732,7.499999999999979,0,1,0,59.29638191443519,6.342708042689732e-06,450,1,0
196,50,62,0,0,0,6.328261239188058,"[0.0, 6.328261239188058]",6.328261239188058,5.714285714285714,6.328261239188058,7.366666666666646,0,1,0,58.58232089316152,6.328261239188058e-06,442,1,0
196,51,22,0,0,0,6.317171369280134,"[0.0, 6.317171369280134]",6.317171369280134,5.714285714285714,6.317171369280134,7.316666666666646,0,1,0,57.63318224596151,6.317171369280133e-06,439,1,0
196,52,49,0,0,0,6.171575273786272,"[0.0, 6.171575273786272]",6.171575273786272,5.714285714285714,6.171575273786272,7.316666666666646,0,1,0,57.55829613315291,6.171575273786272e-06,439,1,0
196,53,47,0,0,0,5.84632328578404,"[0.0, 5.84632328578404]",5.84632328578404,5.714285714285714,5.84632328578404,3.8833333333333244,0,1,0,53.601151406764984,5.84632328578404e-06,233,1,0
196,54,54,0,0,0,5.757419041224889,"[0.0, 5.757419041224889]",5.757419041224889,5.714285714285714,5.757419041224889,3.683333333333325,0,1,0,52.321420565247536,5.757419041224889e-06,221,1,0
196,55,59,0,0,0,5.70641108921596,"[0.0, 5.70641108921596]",5.70641108921596,2.857142857142857,5.70641108921596,3.7166666666666583,0,1,0,51.719157196581364,5.70641108921596e-06,223,1,0
196,56,11,0,0,0,5.684411185128348,"[0.0, 5.684411185128348]",5.684411185128348,2.857142857142857,5.684411185128348,3.6666666666666585,0,1,0,51.368609100580215,5.684411185128348e-06,220,1,0
196,57,28,0,0,0,5.6814084734235495,"[0.0, 5.6814084734235495]",5.6814084734235495,2.857142857142857,5.6814084734235495,3.6666666666666585,0,1,0,51.368620567023754,5.68140847342355e-06,220,1,0
196,58,52,0,0,0,5.561152866908483,"[0.0, 5.561152866908483]",5.561152866908483,2.857142857142857,5.561152866908483,3.433333333333326,0,1,0,49.5811026096344,5.561152866908483e-06,206,1,0
196,59,16,0,0,0,5.284581865583148,"[0.0, 5.284581865583148]",5.284581865583148,2.857142857142857,5.284581865583148,3.049999999999994,0,1,0,46.092580154538155,5.284581865583147e-06,183,1,0
196,60,30,0,0,0,5.222543988909041,"[0.0, 5.222543988909041]",5.222543988909041,2.857142857142857,5.222543988909041,2.9833333333333276,0,1,0,45.414170160889626,5.222543988909041e-06,179,1,0
196,61,44,0,0,0,5.195644923618862,"[0.0, 5.195644923618862]",5.195644923618862,2.857142857142857,5.195644923618862,2.9499999999999944,0,1,0,45.16145798563957,5.195644923618862e-06,177,1,0
196,62,37,0,0,0,2.1841485159737726,"[0.0, 2.1841485159737726]",2.1841485159737726,0.0,2.1841485159737726,5.016666666666654,0,1,0,8.544683902677207,2.1841485159737727e-06,301,1,0
196,63,29,0,0,0,2.09831782749721,"[0.0, 2.09831782749721]",2.09831782749721,0.0,2.09831782749721,5.016666666666654,0,1,0,7.7050686630100245,2.09831782749721e-06,301,1,0
196,64,45,0,0,0,1.8595395769391743,"[0.0, 1.8595395769391743]",1.8595395769391743,0.0,1.8595395769391743,5.016666666666654,0,1,0,5.0099970223382115,1.8595395769391742e-06,301,1,0
197,1,0,0,1,1,15.883047921316965,"[0.0, 15.883047921316965]",15.883047921316965,14.285714285714285,15.883047921316965,9.100000000000032,0,1,0,140.93718819320202,1.5883047921316966e-05,546,1,0
197,2,1,0,1,1,15.548155648367745,"[0.0, 15.548155648367745]",15.548155648367745,14.285714285714285,15.548155648367745,9.1166666666667,0,1,0,143.66389998234808,1.5548155648367744e-05,547,1,0
197,3,2,0,1,1,15.448570251464844,"[0.0, 15.448570251464844]",15.448570251464844,14.285714285714285,15.448570251464844,8.066666666666647,0,1,0,136.9978540316224,1.5448570251464845e-05,484,1,0
197,4,3,0,1,1,15.418406895228795,"[0.0, 15.418406895228795]",15.418406895228795,14.285714285714285,15.418406895228795,7.033333333333314,0,1,0,132.94597525894642,1.5418406895228794e-05,422,1,0
197,5,4,0,1,1,15.383753095354352,"[0.0, 15.383753095354352]",15.383753095354352,14.285714285714285,15.383753095354352,6.916666666666647,0,1,0,132.23241848498583,1.5383753095354353e-05,415,1,0
197,6,5,0,1,1,15.35921369280134,"[0.0, 15.35921369280134]",15.35921369280134,14.285714285714285,15.35921369280134,6.866666666666648,0,1,0,131.8931434303522,1.5359213692801342e-05,412,1,0
197,7,6,0,1,1,15.353813171386719,"[0.0, 15.353813171386719]",15.353813171386719,14.285714285714285,15.353813171386719,6.799999999999981,0,1,0,131.66765888035297,1.535381317138672e-05,408,1,0
197,8,7,0,1,1,15.339279174804688,"[0.0, 15.339279174804688]",15.339279174804688,14.285714285714285,15.339279174804688,6.799999999999981,0,1,0,131.16318267583847,1.5339279174804686e-05,408,1,0
197,9,8,0,0,1,15.225072588239396,"[0.0, 15.225072588239396]",15.225072588239396,14.285714285714285,15.225072588239396,8.51666666666667,0,1,0,139.70046697184443,1.5225072588239395e-05,511,1,0
197,10,63,0,0,1,14.996310642787389,"[0.0, 14.996310642787389]",14.996310642787389,14.285714285714285,14.996310642787389,6.916666666666647,0,1,0,133.64314244687557,1.499631064278739e-05,415,1,0
197,11,16,0,0,1,14.993291582380023,"[0.0, 14.993291582380023]",14.993291582380023,14.285714285714285,14.993291582380023,6.866666666666648,0,1,0,134.31717117130756,1.4993291582380023e-05,412,1,0
197,12,11,0,0,1,14.967705862862724,"[0.0, 14.967705862862724]",14.967705862862724,14.285714285714285,14.967705862862724,8.133333333333317,0,1,0,136.33529637381434,1.4967705862862724e-05,488,1,0
197,13,24,0,0,1,14.944866725376674,"[0.0, 14.944866725376674]",14.944866725376674,14.285714285714285,14.944866725376674,7.499999999999979,0,1,0,137.3664758130908,1.4944866725376673e-05,450,1,0
197,14,9,0,0,1,14.671821594238283,"[0.0, 14.671821594238283]",14.671821594238283,14.285714285714285,14.671821594238283,6.649999999999982,0,1,0,129.45670138299465,1.4671821594238283e-05,399,1,0
197,15,51,0,0,1,14.483795166015625,"[0.0, 14.483795166015625]",14.483795166015625,14.285714285714285,14.483795166015625,5.166666666666654,0,1,0,126.84354850649834,1.4483795166015625e-05,310,1,0
197,16,26,0,0,1,12.999659946986608,"[0.0, 12.999659946986608]",12.999659946986608,11.428571428571429,12.999659946986608,8.366666666666662,0,1,0,125.62599596381187,1.2999659946986607e-05,502,1,0
197,17,45,0,0,1,11.355890546526227,"[0.0, 11.355890546526227]",11.355890546526227,8.571428571428571,11.355890546526227,6.049999999999984,0,1,0,102.71117308735847,1.1355890546526227e-05,363,1,0
197,18,50,0,0,1,11.332994188581194,"[0.0, 11.332994188581194]",11.332994188581194,8.571428571428571,11.332994188581194,5.816666666666651,0,1,0,105.4432771652937,1.1332994188581194e-05,349,1,0
197,19,60,0,0,1,10.937058585030691,"[0.0, 10.937058585030691]",10.937058585030691,8.571428571428571,10.937058585030691,5.749999999999985,0,1,0,98.65520007908344,1.093705858503069e-05,345,1,0
197,20,57,0,0,1,10.869361332484655,"[0.0, 10.869361332484655]",10.869361332484655,8.571428571428571,10.869361332484655,5.933333333333318,0,1,0,96.87701692432165,1.0869361332484655e-05,356,1,0
197,21,44,0,0,1,10.702476501464844,"[0.0, 10.702476501464844]",10.702476501464844,8.571428571428571,10.702476501464844,5.716666666666652,0,1,0,97.55403436720371,1.0702476501464844e-05,343,1,0
197,22,13,0,0,1,10.601812090192523,"[0.0, 10.601812090192523]",10.601812090192523,8.571428571428571,10.601812090192523,5.6833333333333185,0,1,0,96.46300454437733,1.0601812090192522e-05,341,1,0
197,23,18,0,0,1,10.52788325718471,"[0.0, 10.52788325718471]",10.52788325718471,8.571428571428571,10.52788325718471,5.533333333333319,0,1,0,98.1643490344286,1.052788325718471e-05,332,1,0
197,24,56,0,0,1,10.400317055838448,"[0.0, 10.400317055838448]",10.400317055838448,8.571428571428571,10.400317055838448,5.733333333333318,0,1,0,97.16254098713398,1.0400317055838447e-05,344,1,0
197,25,48,0,0,1,10.23301533290318,"[0.0, 10.23301533290318]",10.23301533290318,8.571428571428571,10.23301533290318,5.549999999999986,0,1,0,97.02427154779434,1.023301533290318e-05,333,1,0
197,26,29,0,0,1,10.222977229527066,"[0.0, 10.222977229527066]",10.222977229527066,8.571428571428571,10.222977229527066,5.516666666666652,0,1,0,95.29583258926868,1.0222977229527066e-05,331,1,0
197,27,15,0,0,1,10.202851976667132,"[0.0, 10.202851976667132]",10.202851976667132,8.571428571428571,10.202851976667132,3.3166666666666598,0,1,0,87.59484088420868,1.0202851976667131e-05,199,1,0
197,28,20,0,0,1,10.177113669259208,"[0.0, 10.177113669259208]",10.177113669259208,8.571428571428571,10.177113669259208,5.466666666666653,0,1,0,94.88533060252666,1.0177113669259209e-05,328,1,0
197,29,39,0,0,1,10.159051077706472,"[0.0, 10.159051077706472]",10.159051077706472,8.571428571428571,10.159051077706472,5.499999999999986,0,1,0,94.23568430542946,1.0159051077706472e-05,330,1,0
197,30,46,0,0,1,10.104928697858538,"[0.0, 10.104928697858538]",10.104928697858538,8.571428571428571,10.104928697858538,5.416666666666653,0,1,0,91.85615539550781,1.0104928697858538e-05,325,1,0
197,31,49,0,0,1,10.081067766462054,"[0.0, 10.081067766462054]",10.081067766462054,8.571428571428571,10.081067766462054,5.566666666666652,0,1,0,96.38014663755894,1.0081067766462054e-05,334,1,0
197,32,27,0,0,1,10.005147116524833,"[0.0, 10.005147116524833]",10.005147116524833,8.571428571428571,10.005147116524833,5.433333333333319,0,1,0,94.35467284917831,1.0005147116524834e-05,326,1,0
197,33,37,0,0,0,9.962643214634486,"[0.0, 9.962643214634486]",9.962643214634486,8.571428571428571,9.962643214634486,3.3333333333333264,0,1,0,87.31076857447624,9.962643214634486e-06,200,1,0
197,34,61,0,0,0,9.940073830740792,"[0.0, 9.940073830740792]",9.940073830740792,8.571428571428571,9.940073830740792,3.299999999999993,0,1,0,86.60353125631809,9.940073830740791e-06,198,1,0
197,35,55,0,0,0,9.85356194632394,"[0.0, 9.85356194632394]",9.85356194632394,8.571428571428571,9.85356194632394,5.399999999999986,0,1,0,91.99904625117779,9.85356194632394e-06,324,1,0
197,36,32,0,0,0,9.845311301095146,"[0.0, 9.845311301095146]",9.845311301095146,8.571428571428571,9.845311301095146,5.466666666666653,0,1,0,94.28678973019123,9.845311301095146e-06,328,1,0
197,37,40,0,0,0,9.831480298723495,"[0.0, 9.831480298723495]",9.831480298723495,8.571428571428571,9.831480298723495,5.449999999999986,0,1,0,93.15373580157757,9.831480298723495e-06,327,1,0
197,38,12,0,0,0,9.770265306745257,"[0.0, 9.770265306745257]",9.770265306745257,8.571428571428571,9.770265306745257,5.13333333333332,0,1,0,91.8703542649746,9.770265306745256e-06,308,1,0
197,39,17,0,0,0,9.76433617728097,"[0.0, 9.76433617728097]",9.76433617728097,8.571428571428571,9.76433617728097,3.299999999999993,0,1,0,86.89549235999584,9.764336177280971e-06,198,1,0
197,40,43,0,0,0,9.536195482526507,"[0.0, 9.536195482526507]",9.536195482526507,8.571428571428571,9.536195482526507,6.06666666666665,0,1,0,91.52139683067799,9.536195482526506e-06,364,1,0
197,41,59,0,0,0,9.489590781075615,"[0.0, 9.489590781075615]",9.489590781075615,8.571428571428571,9.489590781075615,5.2999999999999865,0,1,0,89.67636862397194,9.489590781075614e-06,318,1,0
197,42,25,0,0,0,9.418482099260602,"[0.0, 9.418482099260602]",9.418482099260602,8.571428571428571,9.418482099260602,3.2499999999999933,0,1,0,84.81110863387585,9.418482099260602e-06,195,1,0
197,43,31,0,0,0,9.31495121547154,"[0.0, 9.31495121547154]",9.31495121547154,8.571428571428571,9.31495121547154,5.399999999999986,0,1,0,88.94742728769779,9.31495121547154e-06,324,1,0
197,44,10,0,0,0,9.26966803414481,"[0.0, 9.26966803414481]",9.26966803414481,8.571428571428571,9.26966803414481,4.566666666666656,0,1,0,88.42858593165874,9.26966803414481e-06,274,1,0
197,45,62,0,0,0,9.229142325265068,"[0.0, 9.229142325265068]",9.229142325265068,8.571428571428571,9.229142325265068,3.2499999999999933,0,1,0,84.8112645149231,9.229142325265068e-06,195,1,0
197,46,36,0,0,0,9.018797193254743,"[0.0, 9.018797193254743]",9.018797193254743,8.571428571428571,9.018797193254743,3.2333333333333267,0,1,0,84.12107247114182,9.018797193254744e-06,194,1,0
197,47,54,0,0,0,8.939794812883651,"[0.0, 8.939794812883651]",8.939794812883651,8.571428571428571,8.939794812883651,3.2333333333333267,0,1,0,84.12052521109581,8.93979481288365e-06,194,1,0
197,48,33,0,0,0,8.79441397530692,"[0.0, 8.79441397530692]",8.79441397530692,8.571428571428571,8.79441397530692,3.21666666666666,0,1,0,83.43239365518093,8.79441397530692e-06,193,1,0
197,49,53,0,0,0,8.690646035330635,"[0.0, 8.690646035330635]",8.690646035330635,8.571428571428571,8.690646035330635,7.949999999999977,0,1,0,72.0880742536392,8.690646035330636e-06,477,1,0
197,50,22,0,0,0,8.56539045061384,"[0.0, 8.56539045061384]",8.56539045061384,5.714285714285714,8.56539045061384,7.716666666666645,0,1,0,62.69725701770221,8.56539045061384e-06,463,1,0
197,51,19,0,0,0,8.31970759800502,"[0.0, 8.31970759800502]",8.31970759800502,5.714285714285714,8.31970759800502,5.166666666666654,0,1,0,57.36991918832064,8.31970759800502e-06,310,1,0
197,52,14,0,0,0,6.257836478097098,"[0.0, 6.257836478097098]",6.257836478097098,5.714285714285714,6.257836478097098,7.316666666666646,0,1,0,57.63315369088377,6.257836478097098e-06,439,1,0
197,53,34,0,0,0,5.7418605259486615,"[0.0, 5.7418605259486615]",5.7418605259486615,5.714285714285714,5.7418605259486615,3.6333333333333253,0,1,0,51.731411188840866,5.7418605259486615e-06,218,1,0
197,54,52,0,0,0,5.692956107003348,"[0.0, 5.692956107003348]",5.692956107003348,2.857142857142857,5.692956107003348,3.6666666666666585,0,1,0,51.368453815579414,5.692956107003348e-06,220,1,0
197,55,35,0,0,0,5.294745309012277,"[0.0, 5.294745309012277]",5.294745309012277,2.857142857142857,5.294745309012277,3.0666666666666607,0,1,0,46.25944210588932,5.294745309012277e-06,184,1,0
197,56,30,0,0,0,5.286418369838169,"[0.0, 5.286418369838169]",5.286418369838169,2.857142857142857,5.286418369838169,3.0666666666666607,0,1,0,46.259191662073135,5.2864183698381695e-06,184,1,0
197,57,47,0,0,0,5.214996337890625,"[0.0, 5.214996337890625]",5.214996337890625,2.857142857142857,5.214996337890625,6.633333333333315,0,1,0,43.75042096663674,5.214996337890625e-06,398,1,0
197,58,41,0,0,0,5.048855372837611,"[0.0, 5.048855372837611]",5.048855372837611,2.857142857142857,5.048855372837611,2.7833333333333283,0,1,0,43.36317318677902,5.048855372837611e-06,167,1,0
197,59,21,0,0,0,4.947073800223214,"[0.0, 4.947073800223214]",4.947073800223214,2.857142857142857,4.947073800223214,8.466666666666667,0,1,0,41.322348143898125,4.947073800223215e-06,508,1,0
197,60,58,0,0,0,3.0368913922991068,"[0.0, 3.0368913922991068]",3.0368913922991068,2.857142857142857,3.0368913922991068,4.183333333333324,0,1,0,22.192097336810548,3.0368913922991066e-06,251,1,0
197,61,23,0,0,0,2.940374101911272,"[0.0, 2.940374101911272]",2.940374101911272,2.857142857142857,2.940374101911272,4.599999999999989,0,1,0,21.26645536115393,2.940374101911272e-06,276,1,0
197,62,38,0,0,0,2.1559524536132812,"[0.0, 2.1559524536132812]",2.1559524536132812,0.0,2.1559524536132812,5.016666666666654,0,1,0,8.214271692108014,2.155952453613281e-06,301,1,0
197,63,28,0,0,0,2.110001700265067,"[0.0, 2.110001700265067]",2.110001700265067,0.0,2.110001700265067,5.016666666666654,0,1,0,7.706009500405344,2.110001700265067e-06,301,1,0
197,64,42,0,0,0,1.8735395159040178,"[0.0, 1.8735395159040178]",1.8735395159040178,0.0,1.8735395159040178,5.016666666666654,0,1,0,5.175459641905036,1.8735395159040177e-06,301,1,0
198,1,0,0,1,1,15.883047921316965,"[0.0, 15.883047921316965]",15.883047921316965,14.285714285714285,15.883047921316965,9.100000000000032,0,1,0,140.93718819320202,1.5883047921316966e-05,546,1,0
198,2,48,0,1,1,15.599490574428012,"[0.0, 15.599490574428012]",15.599490574428012,14.285714285714285,15.599490574428012,8.283333333333324,0,1,0,139.76457184180617,1.5599490574428012e-05,497,1,0
198,3,1,0,1,1,15.548155648367745,"[0.0, 15.548155648367745]",15.548155648367745,14.285714285714285,15.548155648367745,9.1166666666667,0,1,0,143.66389998234808,1.5548155648367744e-05,547,1,0
198,4,2,0,1,1,15.448570251464844,"[0.0, 15.448570251464844]",15.448570251464844,14.285714285714285,15.448570251464844,8.066666666666647,0,1,0,136.9978540316224,1.5448570251464845e-05,484,1,0
198,5,3,0,1,1,15.418406895228795,"[0.0, 15.418406895228795]",15.418406895228795,14.285714285714285,15.418406895228795,7.033333333333314,0,1,0,132.94597525894642,1.5418406895228794e-05,422,1,0
198,6,4,0,1,1,15.383753095354352,"[0.0, 15.383753095354352]",15.383753095354352,14.285714285714285,15.383753095354352,6.916666666666647,0,1,0,132.23241848498583,1.5383753095354353e-05,415,1,0
198,7,5,0,1,1,15.35921369280134,"[0.0, 15.35921369280134]",15.35921369280134,14.285714285714285,15.35921369280134,6.866666666666648,0,1,0,131.8931434303522,1.5359213692801342e-05,412,1,0
198,8,6,0,1,1,15.353813171386719,"[0.0, 15.353813171386719]",15.353813171386719,14.285714285714285,15.353813171386719,6.799999999999981,0,1,0,131.66765888035297,1.535381317138672e-05,408,1,0
198,9,7,0,0,1,15.339279174804688,"[0.0, 15.339279174804688]",15.339279174804688,14.285714285714285,15.339279174804688,6.799999999999981,0,1,0,131.16318267583847,1.5339279174804686e-05,408,1,0
198,10,14,0,0,1,15.102642604282924,"[0.0, 15.102642604282924]",15.102642604282924,14.285714285714285,15.102642604282924,6.766666666666648,0,1,0,132.6161844432354,1.5102642604282923e-05,406,1,0
198,11,51,0,0,1,15.07171630859375,"[0.0, 15.07171630859375]",15.07171630859375,14.285714285714285,15.07171630859375,6.766666666666648,0,1,0,134.7424531877041,1.507171630859375e-05,406,1,0
198,12,44,0,0,1,15.01192365373884,"[0.0, 15.01192365373884]",15.01192365373884,14.285714285714285,15.01192365373884,6.766666666666648,0,1,0,133.98037493228912,1.501192365373884e-05,406,1,0
198,13,55,0,0,1,14.748131888253349,"[0.0, 14.748131888253349]",14.748131888253349,14.285714285714285,14.748131888253349,6.649999999999982,0,1,0,128.39622749388218,1.4748131888253348e-05,399,1,0
198,14,27,0,0,1,14.734780447823661,"[0.0, 14.734780447823661]",14.734780447823661,14.285714285714285,14.734780447823661,6.6166666666666485,0,1,0,136.4428722113371,1.4734780447823661e-05,397,1,0
198,15,10,0,0,1,14.720518929617747,"[0.0, 14.720518929617747]",14.720518929617747,14.285714285714285,14.720518929617747,7.383333333333312,0,1,0,133.84153755009174,1.4720518929617747e-05,443,1,0
198,16,36,0,0,1,14.67217581612723,"[0.0, 14.67217581612723]",14.67217581612723,14.285714285714285,14.67217581612723,6.633333333333315,0,1,0,130.01407893002033,1.467217581612723e-05,398,1,0
198,17,60,0,0,1,11.162643432617188,"[0.0, 11.162643432617188]",11.162643432617188,8.571428571428571,11.162643432617188,5.799999999999985,0,1,0,99.17499628663063,1.1162643432617187e-05,348,1,0
198,18,19,0,0,1,11.037940979003906,"[0.0, 11.037940979003906]",11.037940979003906,8.571428571428571,11.037940979003906,5.799999999999985,0,1,0,100.32582525908947,1.1037940979003907e-05,348,1,0
198,19,42,0,0,1,10.944469996861049,"[0.0, 10.944469996861049]",10.944469996861049,8.571428571428571,10.944469996861049,3.483333333333326,0,1,0,93.72102493047714,1.0944469996861048e-05,209,1,0
198,20,21,0,0,1,10.70303508213588,"[0.0, 10.70303508213588]",10.70303508213588,8.571428571428571,10.70303508213588,4.566666666666656,0,1,0,91.64708733558655,1.070303508213588e-05,274,1,0
198,21,11,0,0,1,10.529967716761998,"[0.0, 10.529967716761998]",10.529967716761998,8.571428571428571,10.529967716761998,4.883333333333321,0,1,0,95.02233645319939,1.0529967716761998e-05,293,1,0
198,22,23,0,0,1,10.508523668561663,"[0.0, 10.508523668561663]",10.508523668561663,8.571428571428571,10.508523668561663,5.583333333333319,0,1,0,99.3387784063816,1.0508523668561663e-05,335,1,0
198,23,28,0,0,1,10.43344497680664,"[0.0, 10.43344497680664]",10.43344497680664,8.571428571428571,10.43344497680664,5.566666666666652,0,1,0,97.4824508279562,1.0433444976806641e-05,334,1,0
198,24,46,0,0,1,10.35698754446847,"[0.0, 10.35698754446847]",10.35698754446847,8.571428571428571,10.35698754446847,5.549999999999986,0,1,0,96.38281826674938,1.0356987544468471e-05,333,1,0
198,25,18,0,0,1,10.256723676409042,"[0.0, 10.256723676409042]",10.256723676409042,8.571428571428571,10.256723676409042,5.549999999999986,0,1,0,95.8369779586792,1.0256723676409042e-05,333,1,0
198,26,43,0,0,1,10.24170194353376,"[0.0, 10.24170194353376]",10.24170194353376,8.571428571428571,10.24170194353376,5.516666666666652,0,1,0,95.29544512927532,1.0241701943533761e-05,331,1,0
198,27,49,0,0,1,10.193854740687778,"[0.0, 10.193854740687778]",10.193854740687778,8.571428571428571,10.193854740687778,5.549999999999986,0,1,0,97.01075872778893,1.0193854740687778e-05,333,1,0
198,28,8,0,0,1,10.003910064697266,"[0.0, 10.003910064697266]",10.003910064697266,8.571428571428571,10.003910064697266,5.566666666666652,0,1,0,95.63761322200298,1.0003910064697266e-05,334,1,0
198,29,9,0,0,1,9.991231645856585,"[0.0, 9.991231645856585]",9.991231645856585,8.571428571428571,9.991231645856585,5.466666666666653,0,1,0,93.19313137233257,9.991231645856585e-06,328,1,0
198,30,34,0,0,1,9.847382136753627,"[0.0, 9.847382136753627]",9.847382136753627,8.571428571428571,9.847382136753627,5.399999999999986,0,1,0,92.17717625200748,9.847382136753626e-06,324,1,0
198,31,38,0,0,1,9.814474923270089,"[0.0, 9.814474923270089]",9.814474923270089,8.571428571428571,9.814474923270089,5.433333333333319,0,1,0,92.62479192018509,9.814474923270088e-06,326,1,0
198,32,32,0,0,1,9.770118168422155,"[0.0, 9.770118168422155]",9.770118168422155,8.571428571428571,9.770118168422155,3.2833333333333266,0,1,0,86.19806963205338,9.770118168422155e-06,197,1,0
198,33,52,0,0,0,9.723984854561941,"[0.0, 9.723984854561941]",9.723984854561941,8.571428571428571,9.723984854561941,5.466666666666653,0,1,0,93.68497708439827,9.72398485456194e-06,328,1,0
198,34,24,0,0,0,9.693396432059153,"[0.0, 9.693396432059153]",9.693396432059153,8.571428571428571,9.693396432059153,5.399999999999986,0,1,0,91.5750327706337,9.693396432059153e-06,324,1,0
198,35,20,0,0,0,9.607691083635602,"[0.0, 9.607691083635602]",9.607691083635602,8.571428571428571,9.607691083635602,3.2499999999999933,0,1,0,84.81081247329712,9.607691083635603e-06,195,1,0
198,36,33,0,0,0,9.60534232003348,"[0.0, 9.60534232003348]",9.60534232003348,8.571428571428571,9.60534232003348,5.3833333333333195,0,1,0,92.08476057648659,9.60534232003348e-06,323,1,0
198,37,25,0,0,0,9.515751429966517,"[0.0, 9.515751429966517]",9.515751429966517,8.571428571428571,9.515751429966517,3.2833333333333266,0,1,0,85.49060663580894,9.515751429966517e-06,197,1,0
198,38,31,0,0,0,9.493795122419085,"[0.0, 9.493795122419085]",9.493795122419085,8.571428571428571,9.493795122419085,5.433333333333319,0,1,0,92.62488906085491,9.493795122419085e-06,326,1,0
198,39,22,0,0,0,9.376574925013951,"[0.0, 9.376574925013951]",9.376574925013951,8.571428571428571,9.376574925013951,3.2499999999999933,0,1,0,84.81105181574821,9.376574925013951e-06,195,1,0
198,40,26,0,0,0,9.140379769461497,"[0.0, 9.140379769461497]",9.140379769461497,8.571428571428571,9.140379769461497,3.2833333333333266,0,1,0,85.45729337632656,9.140379769461496e-06,197,1,0
198,41,30,0,0,0,8.889222826276507,"[0.0, 8.889222826276507]",8.889222826276507,8.571428571428571,8.889222826276507,3.21666666666666,0,1,0,83.43256072700024,8.889222826276506e-06,193,1,0
198,42,39,0,0,0,8.774054391043528,"[0.0, 8.774054391043528]",8.774054391043528,8.571428571428571,8.774054391043528,3.21666666666666,0,1,0,83.43270766735077,8.774054391043528e-06,193,1,0
198,43,59,0,0,0,8.62901142665318,"[0.0, 8.62901142665318]",8.62901142665318,8.571428571428571,8.62901142665318,7.733333333333311,0,1,0,69.83420391268737,8.62901142665318e-06,464,1,0
198,44,47,0,0,0,8.561376844133651,"[0.0, 8.561376844133651]",8.561376844133651,5.714285714285714,8.561376844133651,7.833333333333311,0,1,0,67.8708709848579,8.561376844133652e-06,470,1,0
198,45,29,0,0,0,8.514894757952009,"[0.0, 8.514894757952009]",8.514894757952009,5.714285714285714,8.514894757952009,3.183333333333327,0,1,0,82.06297621130943,8.514894757952009e-06,191,1,0
198,46,41,0,0,0,8.468657902308871,"[0.0, 8.468657902308871]",8.468657902308871,5.714285714285714,8.468657902308871,6.11666666666665,0,1,0,60.42751027701888,8.468657902308872e-06,367,1,0
198,47,15,0,0,0,8.294879368373326,"[0.0, 8.294879368373326]",8.294879368373326,5.714285714285714,8.294879368373326,4.099999999999991,0,1,0,56.25089555233717,8.294879368373326e-06,246,1,0
198,48,37,0,0,0,7.999886104038784,"[0.0, 7.999886104038784]",7.999886104038784,5.714285714285714,7.999886104038784,3.133333333333327,0,1,0,80.02561788260937,7.999886104038785e-06,188,1,0
198,49,58,0,0,0,7.925494057791574,"[0.0, 7.925494057791574]",7.925494057791574,5.714285714285714,7.925494057791574,4.783333333333322,0,1,0,77.66813172399998,7.925494057791573e-06,287,1,0
198,50,17,0,0,0,7.5597654070172995,"[0.0, 7.5597654070172995]",7.5597654070172995,5.714285714285714,7.5597654070172995,3.049999999999994,0,1,0,76.67600190639496,7.559765407017299e-06,183,1,0
198,51,63,0,0,0,6.108872549874442,"[0.0, 6.108872549874442]",6.108872549874442,5.714285714285714,6.108872549874442,7.316666666666646,0,1,0,57.63331381844182,6.108872549874442e-06,439,1,0
198,52,53,0,0,0,6.094878060477121,"[0.0, 6.094878060477121]",6.094878060477121,5.714285714285714,6.094878060477121,7.316666666666646,0,1,0,57.6330245797144,6.0948780604771204e-06,439,1,0
198,53,56,0,0,0,5.951096670968193,"[0.0, 5.951096670968193]",5.951096670968193,5.714285714285714,5.951096670968193,2.499999999999996,0,1,0,53.82925571501255,5.951096670968193e-06,150,1,0
198,54,50,0,0,0,5.855255126953125,"[0.0, 5.855255126953125]",5.855255126953125,5.714285714285714,5.855255126953125,3.599999999999992,0,1,0,53.42215445637703,5.855255126953125e-06,216,1,0
198,55,54,0,0,0,5.81312997000558,"[0.0, 5.81312997000558]",5.81312997000558,5.714285714285714,5.81312997000558,7.066666666666647,0,1,0,52.29441063963168,5.81312997000558e-06,424,1,0
198,56,61,0,0,0,5.761222839355469,"[0.0, 5.761222839355469]",5.761222839355469,5.714285714285714,5.761222839355469,3.7999999999999914,0,1,0,52.38142754882574,5.761222839355469e-06,228,1,0
198,57,40,0,0,0,5.591190883091518,"[0.0, 5.591190883091518]",5.591190883091518,2.857142857142857,5.591190883091518,3.4999999999999925,0,1,0,50.117322131991386,5.5911908830915185e-06,210,1,0
198,58,35,0,0,0,5.486052376883371,"[0.0, 5.486052376883371]",5.486052376883371,2.857142857142857,5.486052376883371,3.3166666666666598,0,1,0,48.60801801085472,5.4860523768833706e-06,199,1,0
198,59,13,0,0,0,4.838071550641741,"[0.0, 4.838071550641741]",4.838071550641741,2.857142857142857,4.838071550641741,2.0499999999999976,0,1,0,40.592847019433975,4.838071550641742e-06,123,1,0
198,60,62,0,0,0,2.640315464564732,"[0.0, 2.640315464564732]",2.640315464564732,0.0,2.640315464564732,5.016666666666654,0,1,0,16.703709570108913,2.6403154645647322e-06,301,1,0
198,61,57,0,0,0,2.496915544782366,"[0.0, 2.496915544782366]",2.496915544782366,0.0,2.496915544782366,5.016666666666654,0,1,0,14.273676079785218,2.496915544782366e-06,301,1,0
198,62,12,0,0,0,2.1266392299107144,"[0.0, 2.1266392299107144]",2.1266392299107144,0.0,2.1266392299107144,5.016666666666654,0,1,0,7.867279759346275,2.1266392299107146e-06,301,1,0
198,63,16,0,0,0,1.933642796107701,"[0.0, 1.933642796107701]",1.933642796107701,0.0,1.933642796107701,5.016666666666654,0,1,0,7.975545653476729,1.933642796107701e-06,301,1,0
198,64,45,0,0,0,1.8731307983398438,"[0.0, 1.8731307983398438]",1.8731307983398438,0.0,1.8731307983398438,5.016666666666654,0,1,0,5.175389648473356,1.8731307983398438e-06,301,1,0
199,1,0,0,1,1,15.883047921316965,"[0.0, 15.883047921316965]",15.883047921316965,14.285714285714285,15.883047921316965,9.100000000000032,0,1,0,140.93718819320202,1.5883047921316966e-05,546,1,0
199,2,1,0,1,1,15.599490574428012,"[0.0, 15.599490574428012]",15.599490574428012,14.285714285714285,15.599490574428012,8.283333333333324,0,1,0,139.76457184180617,1.5599490574428012e-05,497,1,0
199,3,2,0,1,1,15.548155648367745,"[0.0, 15.548155648367745]",15.548155648367745,14.285714285714285,15.548155648367745,9.1166666666667,0,1,0,143.66389998234808,1.5548155648367744e-05,547,1,0
199,4,3,0,1,1,15.448570251464844,"[0.0, 15.448570251464844]",15.448570251464844,14.285714285714285,15.448570251464844,8.066666666666647,0,1,0,136.9978540316224,1.5448570251464845e-05,484,1,0
199,5,4,0,1,1,15.418406895228795,"[0.0, 15.418406895228795]",15.418406895228795,14.285714285714285,15.418406895228795,7.033333333333314,0,1,0,132.94597525894642,1.5418406895228794e-05,422,1,0
199,6,5,0,1,1,15.383753095354352,"[0.0, 15.383753095354352]",15.383753095354352,14.285714285714285,15.383753095354352,6.916666666666647,0,1,0,132.23241848498583,1.5383753095354353e-05,415,1,0
199,7,6,0,1,1,15.35921369280134,"[0.0, 15.35921369280134]",15.35921369280134,14.285714285714285,15.35921369280134,6.866666666666648,0,1,0,131.8931434303522,1.5359213692801342e-05,412,1,0
199,8,7,0,1,1,15.353813171386719,"[0.0, 15.353813171386719]",15.353813171386719,14.285714285714285,15.353813171386719,6.799999999999981,0,1,0,131.66765888035297,1.535381317138672e-05,408,1,0
199,9,54,0,0,1,15.010484967912946,"[0.0, 15.010484967912946]",15.010484967912946,14.285714285714285,15.010484967912946,6.733333333333315,0,1,0,130.12661737203598,1.5010484967912946e-05,404,1,0
199,10,16,0,0,1,14.806812831333705,"[0.0, 14.806812831333705]",14.806812831333705,14.285714285714285,14.806812831333705,6.666666666666648,0,1,0,131.20426177978516,1.4806812831333705e-05,400,1,0
199,11,48,0,0,1,13.104378836495536,"[0.0, 13.104378836495536]",13.104378836495536,11.428571428571429,13.104378836495536,6.416666666666649,0,1,0,118.62064705789089,1.3104378836495536e-05,385,1,0
199,12,58,0,0,1,11.465702056884766,"[0.0, 11.465702056884766]",11.465702056884766,11.428571428571429,11.465702056884766,7.366666666666646,0,1,0,108.01571380347013,1.1465702056884766e-05,442,1,0
199,13,13,0,0,1,11.450672149658203,"[0.0, 11.450672149658203]",11.450672149658203,11.428571428571429,11.450672149658203,5.883333333333318,0,1,0,101.38867351412773,1.1450672149658203e-05,353,1,0
199,14,28,0,0,1,11.228912898472379,"[0.0, 11.228912898472379]",11.228912898472379,8.571428571428571,11.228912898472379,5.883333333333318,0,1,0,99.1594714820385,1.1228912898472379e-05,353,1,0
199,15,37,0,0,1,11.17438725062779,"[0.0, 11.17438725062779]",11.17438725062779,8.571428571428571,11.17438725062779,6.1499999999999835,0,1,0,100.32411577552557,1.117438725062779e-05,369,1,0
199,16,31,0,0,1,11.05391093662807,"[0.0, 11.05391093662807]",11.05391093662807,8.571428571428571,11.05391093662807,5.749999999999985,0,1,0,98.6551673412323,1.1053910936628069e-05,345,1,0
199,17,44,0,0,1,10.829369681222097,"[0.0, 10.829369681222097]",10.829369681222097,8.571428571428571,10.829369681222097,5.633333333333319,0,1,0,97.19687324762344,1.0829369681222098e-05,338,1,0
199,18,29,0,0,1,10.672509329659597,"[0.0, 10.672509329659597]",10.672509329659597,8.571428571428571,10.672509329659597,5.816666666666651,0,1,0,95.74386259913445,1.0672509329659597e-05,349,1,0
199,19,35,0,0,1,10.652612958635602,"[0.0, 10.652612958635602]",10.652612958635602,8.571428571428571,10.652612958635602,5.633333333333319,0,1,0,94.74488304555416,1.0652612958635603e-05,338,1,0
199,20,63,0,0,1,10.623196193150111,"[0.0, 10.623196193150111]",10.623196193150111,8.571428571428571,10.623196193150111,3.383333333333326,0,1,0,90.41372303664684,1.0623196193150111e-05,203,1,0
199,21,52,0,0,1,10.576340811593193,"[0.0, 10.576340811593193]",10.576340811593193,8.571428571428571,10.576340811593193,5.599999999999985,0,1,0,97.7519292384386,1.0576340811593192e-05,336,1,0
199,22,25,0,0,1,10.568362644740512,"[0.0, 10.568362644740512]",10.568362644740512,8.571428571428571,10.568362644740512,5.583333333333319,0,1,0,93.25219805538654,1.0568362644740512e-05,335,1,0
199,23,40,0,0,1,10.288200378417969,"[0.0, 10.288200378417969]",10.288200378417969,8.571428571428571,10.288200378417969,3.3333333333333264,0,1,0,88.29606015980244,1.0288200378417969e-05,200,1,0
199,24,33,0,0,1,10.001945495605469,"[0.0, 10.001945495605469]",10.001945495605469,8.571428571428571,10.001945495605469,4.4499999999999895,0,1,0,89.05793675780296,1.0001945495605469e-05,267,1,0
199,25,32,0,0,1,9.87417493547712,"[0.0, 9.87417493547712]",9.87417493547712,8.571428571428571,9.87417493547712,5.516666666666652,0,1,0,94.75718131661415,9.87417493547712e-06,331,1,0
199,26,39,0,0,1,9.58047866821289,"[0.0, 9.58047866821289]",9.58047866821289,8.571428571428571,9.58047866821289,5.3833333333333195,0,1,0,91.05378367006779,9.58047866821289e-06,323,1,0
199,27,18,0,0,1,9.310992104666575,"[0.0, 9.310992104666575]",9.310992104666575,8.571428571428571,9.310992104666575,3.26666666666666,0,1,0,84.98628380894661,9.310992104666575e-06,196,1,0
199,28,36,0,0,1,9.280618940080915,"[0.0, 9.280618940080915]",9.280618940080915,8.571428571428571,9.280618940080915,5.399999999999986,0,1,0,89.74771702289581,9.280618940080916e-06,324,1,0
199,29,15,0,0,1,9.093731471470425,"[0.0, 9.093731471470425]",9.093731471470425,8.571428571428571,9.093731471470425,3.2499999999999933,0,1,0,84.0919067710638,9.093731471470426e-06,195,1,0
199,30,34,0,0,1,8.918309892926898,"[0.0, 8.918309892926898]",8.918309892926898,8.571428571428571,8.918309892926898,3.7999999999999914,0,1,0,84.81744085252285,8.918309892926897e-06,228,1,0
199,31,46,0,0,1,8.857192993164062,"[0.0, 8.857192993164062]",8.857192993164062,8.571428571428571,8.857192993164062,5.149999999999987,0,1,0,84.07410611212254,8.857192993164063e-06,309,1,0
199,32,26,0,0,1,8.742269788469587,"[0.0, 8.742269788469587]",8.742269788469587,8.571428571428571,8.742269788469587,3.983333333333324,0,1,0,85.37111903727055,8.742269788469587e-06,239,1,0
199,33,22,0,0,0,8.605927058628629,"[0.0, 8.605927058628629]",8.605927058628629,8.571428571428571,8.605927058628629,3.183333333333327,0,1,0,82.06273138523102,8.605927058628628e-06,191,1,0
199,34,12,0,0,0,8.537671225411552,"[0.0, 8.537671225411552]",8.537671225411552,5.714285714285714,8.537671225411552,5.816666666666651,0,1,0,61.5644517049077,8.537671225411553e-06,349,1,0
199,35,60,0,0,0,8.423957824707031,"[0.0, 8.423957824707031]",8.423957824707031,5.714285714285714,8.423957824707031,3.183333333333327,0,1,0,82.06303018331528,8.42395782470703e-06,191,1,0
199,36,47,0,0,0,8.351990836007255,"[0.0, 8.351990836007255]",8.351990836007255,5.714285714285714,8.351990836007255,5.23333333333332,0,1,0,84.02076643705368,8.351990836007255e-06,314,1,0
199,37,45,0,0,0,8.338465009416852,"[0.0, 8.338465009416852]",8.338465009416852,5.714285714285714,8.338465009416852,4.316666666666657,0,1,0,57.31848183274269,8.338465009416852e-06,259,1,0
199,38,23,0,0,0,8.32305908203125,"[0.0, 8.32305908203125]",8.32305908203125,5.714285714285714,8.32305908203125,5.749999999999985,0,1,0,84.51996153593063,8.32305908203125e-06,345,1,0
199,39,30,0,0,0,8.24991226196289,"[0.0, 8.24991226196289]",8.24991226196289,5.714285714285714,8.24991226196289,7.316666666666646,0,1,0,57.63356095558265,8.249912261962891e-06,439,1,0
199,40,17,0,0,0,8.12957491193499,"[0.0, 8.12957491193499]",8.12957491193499,5.714285714285714,8.12957491193499,3.183333333333327,0,1,0,81.05350318551064,8.12957491193499e-06,191,1,0
199,41,14,0,0,0,8.052027566092356,"[0.0, 8.052027566092356]",8.052027566092356,5.714285714285714,8.052027566092356,3.099999999999994,0,1,0,78.6794695109129,8.052027566092357e-06,186,1,0
199,42,53,0,0,0,7.801287514822823,"[0.0, 7.801287514822823]",7.801287514822823,5.714285714285714,7.801287514822823,3.1166666666666605,0,1,0,78.40777325630188,7.801287514822823e-06,187,1,0
199,43,61,0,0,0,6.539748055594307,"[0.0, 6.539748055594307]",6.539748055594307,5.714285714285714,6.539748055594307,7.366666666666646,0,1,0,58.58142125734594,6.539748055594307e-06,442,1,0
199,44,20,0,0,0,6.420576913016183,"[0.0, 6.420576913016183]",6.420576913016183,5.714285714285714,6.420576913016183,7.366666666666646,0,1,0,58.5812063835765,6.420576913016183e-06,442,1,0
199,45,19,0,0,0,6.375394548688616,"[0.0, 6.375394548688616]",6.375394548688616,5.714285714285714,6.375394548688616,7.316666666666646,0,1,0,57.601357015868416,6.375394548688617e-06,439,1,0
199,46,8,0,0,0,6.356626238141741,"[0.0, 6.356626238141741]",6.356626238141741,5.714285714285714,6.356626238141741,7.366666666666646,0,1,0,57.691671358603344,6.356626238141742e-06,442,1,0
199,47,57,0,0,0,6.331263950892857,"[0.0, 6.331263950892857]",6.331263950892857,5.714285714285714,6.331263950892857,7.433333333333312,0,1,0,59.08167035249062,6.331263950892857e-06,446,1,0
199,48,10,0,0,0,6.178430829729352,"[0.0, 6.178430829729352]",6.178430829729352,5.714285714285714,6.178430829729352,7.316666666666646,0,1,0,57.632968058562255,6.178430829729352e-06,439,1,0
199,49,42,0,0,0,5.992475237165178,"[0.0, 5.992475237165178]",5.992475237165178,5.714285714285714,5.992475237165178,4.499999999999989,0,1,0,56.94679622352123,5.992475237165178e-06,270,1,0
199,50,51,0,0,0,5.915080479213169,"[0.0, 5.915080479213169]",5.915080479213169,5.714285714285714,5.915080479213169,4.266666666666657,0,1,0,54.86369405686855,5.915080479213169e-06,256,1,0
199,51,38,0,0,0,5.76667240687779,"[0.0, 5.76667240687779]",5.76667240687779,5.714285714285714,5.76667240687779,3.8333333333333246,0,1,0,52.63054297864437,5.76667240687779e-06,230,1,0
199,52,24,0,0,0,5.443502153669085,"[0.0, 5.443502153669085]",5.443502153669085,2.857142857142857,5.443502153669085,3.26666666666666,0,1,0,48.15050245821476,5.443502153669085e-06,196,1,0
199,53,49,0,0,0,5.440483093261719,"[0.0, 5.440483093261719]",5.440483093261719,2.857142857142857,5.440483093261719,3.26666666666666,0,1,0,48.15070806443691,5.440483093261719e-06,196,1,0
199,54,27,0,0,0,5.308685302734375,"[0.0, 5.308685302734375]",5.308685302734375,2.857142857142857,5.308685302734375,2.2166666666666637,0,1,0,45.96138568222523,5.308685302734375e-06,133,1,0
199,55,43,0,0,0,5.294837951660156,"[0.0, 5.294837951660156]",5.294837951660156,2.857142857142857,5.294837951660156,3.0666666666666607,0,1,0,46.32637742161751,5.294837951660156e-06,184,1,0
199,56,11,0,0,0,5.005498613630023,"[0.0, 5.005498613630023]",5.005498613630023,2.857142857142857,5.005498613630023,2.716666666666662,0,1,0,42.81065337359905,5.005498613630023e-06,163,1,0
199,57,50,0,0,0,4.951466151646206,"[0.0, 4.951466151646206]",4.951466151646206,2.857142857142857,4.951466151646206,2.3999999999999964,0,1,0,42.05525687336922,4.951466151646205e-06,144,1,0
199,58,59,0,0,0,4.871531895228794,"[0.0, 4.871531895228794]",4.871531895228794,2.857142857142857,4.871531895228794,2.6166666666666623,0,1,0,41.28091086447239,4.871531895228795e-06,157,1,0
199,59,62,0,0,0,4.837254115513393,"[0.0, 4.837254115513393]",4.837254115513393,2.857142857142857,4.837254115513393,2.583333333333329,0,1,0,40.870761796832085,4.837254115513393e-06,155,1,0
199,60,41,0,0,0,4.800731113978795,"[0.0, 4.800731113978795]",4.800731113978795,2.857142857142857,4.800731113978795,2.549999999999996,0,1,0,40.45502108335495,4.800731113978795e-06,153,1,0
199,61,21,0,0,0,2.8300585065569197,"[0.0, 2.8300585065569197]",2.8300585065569197,0.0,2.8300585065569197,4.533333333333323,0,1,0,20.613913118315395,2.8300585065569198e-06,272,1,0
199,62,56,0,0,0,2.1087428501674106,"[0.0, 2.1087428501674106]",2.1087428501674106,0.0,2.1087428501674106,5.016666666666654,0,1,0,7.686379456295981,2.1087428501674106e-06,301,1,0
199,63,55,0,0,0,2.1073532104492188,"[0.0, 2.1073532104492188]",2.1073532104492188,0.0,2.1073532104492188,5.016666666666654,0,1,0,7.7133559608628275,2.1073532104492187e-06,301,1,0
199,64,9,0,0,0,1.9065911429268971,"[0.0, 1.9065911429268971]",1.9065911429268971,0.0,1.9065911429268971,5.016666666666654,0,1,0,5.566024163214024,1.906591142926897e-06,301,1,0
200,1,0,0,1,1,15.883047921316965,"[0.0, 15.883047921316965]",15.883047921316965,14.285714285714285,15.883047921316965,9.100000000000032,0,1,0,140.93718819320202,1.5883047921316966e-05,546,1,0
200,2,31,0,1,1,15.70751190185547,"[0.0, 15.70751190185547]",15.70751190185547,14.285714285714285,15.70751190185547,9.633333333333391,0,1,0,146.96501969200472,1.570751190185547e-05,578,1,0
200,3,1,0,1,1,15.599490574428012,"[0.0, 15.599490574428012]",15.599490574428012,14.285714285714285,15.599490574428012,8.283333333333324,0,1,0,139.76457184180617,1.5599490574428012e-05,497,1,0
200,4,2,0,1,1,15.548155648367745,"[0.0, 15.548155648367745]",15.548155648367745,14.285714285714285,15.548155648367745,9.1166666666667,0,1,0,143.66389998234808,1.5548155648367744e-05,547,1,0
200,5,3,0,1,1,15.448570251464844,"[0.0, 15.448570251464844]",15.448570251464844,14.285714285714285,15.448570251464844,8.066666666666647,0,1,0,136.9978540316224,1.5448570251464845e-05,484,1,0
200,6,4,0,1,1,15.418406895228795,"[0.0, 15.418406895228795]",15.418406895228795,14.285714285714285,15.418406895228795,7.033333333333314,0,1,0,132.94597525894642,1.5418406895228794e-05,422,1,0
200,7,5,0,1,1,15.383753095354352,"[0.0, 15.383753095354352]",15.383753095354352,14.285714285714285,15.383753095354352,6.916666666666647,0,1,0,132.23241848498583,1.5383753095354353e-05,415,1,0
200,8,6,0,1,1,15.35921369280134,"[0.0, 15.35921369280134]",15.35921369280134,14.285714285714285,15.35921369280134,6.866666666666648,0,1,0,131.8931434303522,1.5359213692801342e-05,412,1,0
200,9,7,0,0,1,15.353813171386719,"[0.0, 15.353813171386719]",15.353813171386719,14.285714285714285,15.353813171386719,6.799999999999981,0,1,0,131.66765888035297,1.535381317138672e-05,408,1,0
200,10,55,0,0,1,15.325933183942523,"[0.0, 15.325933183942523]",15.325933183942523,14.285714285714285,15.325933183942523,8.366666666666662,0,1,0,137.18098138272762,1.5325933183942524e-05,502,1,0
200,11,8,0,0,1,14.991613115583146,"[0.0, 14.991613115583146]",14.991613115583146,14.285714285714285,14.991613115583146,6.683333333333315,0,1,0,131.2466867864132,1.4991613115583146e-05,401,1,0
200,12,48,0,0,1,14.115219116210936,"[0.0, 14.115219116210936]",14.115219116210936,11.428571428571429,14.115219116210936,6.11666666666665,0,1,0,125.66912654042244,1.4115219116210935e-05,367,1,0
200,13,54,0,0,1,11.432179042271205,"[0.0, 11.432179042271205]",11.432179042271205,11.428571428571429,11.432179042271205,5.883333333333318,0,1,0,101.97610267996788,1.1432179042271204e-05,353,1,0
200,14,22,0,0,1,11.259465898786273,"[0.0, 11.259465898786273]",11.259465898786273,8.571428571428571,11.259465898786273,5.816666666666651,0,1,0,99.15581826865673,1.1259465898786273e-05,349,1,0
200,15,53,0,0,1,11.254972730364118,"[0.0, 11.254972730364118]",11.254972730364118,8.571428571428571,11.254972730364118,5.833333333333318,0,1,0,101.45345395803452,1.1254972730364118e-05,350,1,0
200,16,40,0,0,1,11.104861668178014,"[0.0, 11.104861668178014]",11.104861668178014,8.571428571428571,11.104861668178014,5.783333333333318,0,1,0,99.76640735566616,1.1104861668178015e-05,347,1,0
200,17,13,0,0,1,11.094627380371094,"[0.0, 11.094627380371094]",11.094627380371094,8.571428571428571,11.094627380371094,5.749999999999985,0,1,0,99.79898828268051,1.1094627380371093e-05,345,1,0
200,18,35,0,0,1,11.080889020647323,"[0.0, 11.080889020647323]",11.080889020647323,8.571428571428571,11.080889020647323,5.816666666666651,0,1,0,100.88815696537495,1.1080889020647323e-05,349,1,0
200,19,32,0,0,1,11.03557859148298,"[0.0, 11.03557859148298]",11.03557859148298,8.571428571428571,11.03557859148298,5.733333333333318,0,1,0,99.37675042450428,1.103557859148298e-05,344,1,0
200,20,12,0,0,1,10.742748805454799,"[0.0, 10.742748805454799]",10.742748805454799,8.571428571428571,10.742748805454799,5.6833333333333185,0,1,0,97.01917500793934,1.0742748805454798e-05,341,1,0
200,21,26,0,0,1,10.565782274518694,"[0.0, 10.565782274518694]",10.565782274518694,8.571428571428571,10.565782274518694,5.666666666666652,0,1,0,95.92095467448235,1.0565782274518695e-05,340,1,0
200,22,47,0,0,1,10.48253195626395,"[0.0, 10.48253195626395]",10.48253195626395,8.571428571428571,10.48253195626395,5.666666666666652,0,1,0,96.96649737656116,1.048253195626395e-05,340,1,0
200,23,24,0,0,1,10.470243181501115,"[0.0, 10.470243181501115]",10.470243181501115,8.571428571428571,10.470243181501115,5.566666666666652,0,1,0,96.3798466026783,1.0470243181501115e-05,334,1,0
200,24,43,0,0,1,10.452183314732142,"[0.0, 10.452183314732142]",10.452183314732142,8.571428571428571,10.452183314732142,5.6833333333333185,0,1,0,96.90128707885742,1.0452183314732142e-05,341,1,0
200,25,34,0,0,1,10.404156276157924,"[0.0, 10.404156276157924]",10.404156276157924,8.571428571428571,10.404156276157924,5.533333333333319,0,1,0,95.29473103582859,1.0404156276157924e-05,332,1,0
200,26,46,0,0,1,10.327396392822266,"[0.0, 10.327396392822266]",10.327396392822266,8.571428571428571,10.327396392822266,5.533333333333319,0,1,0,95.36809875071049,1.0327396392822266e-05,332,1,0
200,27,17,0,0,1,10.294009617396764,"[0.0, 10.294009617396764]",10.294009617396764,8.571428571428571,10.294009617396764,5.566666666666652,0,1,0,96.92918847501278,1.0294009617396763e-05,334,1,0
200,28,45,0,0,1,10.257949829101562,"[0.0, 10.257949829101562]",10.257949829101562,8.571428571428571,10.257949829101562,5.499999999999986,0,1,0,92.77996951341629,1.0257949829101563e-05,330,1,0
200,29,20,0,0,1,10.22090094430106,"[0.0, 10.22090094430106]",10.22090094430106,8.571428571428571,10.22090094430106,5.666666666666652,0,1,0,95.67814502120018,1.022090094430106e-05,340,1,0
200,30,49,0,0,1,10.127669743129184,"[0.0, 10.127669743129184]",10.127669743129184,8.571428571428571,10.127669743129184,3.349999999999993,0,1,0,89.00004202127457,1.0127669743129184e-05,201,1,0
200,31,11,0,0,1,10.062713623046875,"[0.0, 10.062713623046875]",10.062713623046875,8.571428571428571,10.062713623046875,3.3333333333333264,0,1,0,88.29609099030495,1.0062713623046875e-05,200,1,0
200,32,39,0,0,1,9.955708639962332,"[0.0, 9.955708639962332]",9.955708639962332,8.571428571428571,9.955708639962332,3.3333333333333264,0,1,0,88.2964700460434,9.955708639962332e-06,200,1,0
200,33,19,0,0,0,9.809395926339286,"[0.0, 9.809395926339286]",9.809395926339286,8.571428571428571,9.809395926339286,3.7833333333333248,0,1,0,89.25822974741459,9.809395926339286e-06,227,1,0
200,34,18,0,0,0,9.49019023350307,"[0.0, 9.49019023350307]",9.49019023350307,8.571428571428571,9.49019023350307,5.2999999999999865,0,1,0,91.24102285504341,9.490190233503069e-06,318,1,0
200,35,41,0,0,0,9.34664045061384,"[0.0, 9.34664045061384]",9.34664045061384,8.571428571428571,9.34664045061384,5.449999999999986,0,1,0,89.46675001084805,9.346640450613841e-06,327,1,0
200,36,63,0,0,0,9.271281106131417,"[0.0, 9.271281106131417]",9.271281106131417,8.571428571428571,9.271281106131417,5.349999999999986,0,1,0,90.5263090133667,9.271281106131416e-06,321,1,0
200,37,25,0,0,0,9.197711944580078,"[0.0, 9.197711944580078]",9.197711944580078,8.571428571428571,9.197711944580078,3.299999999999993,0,1,0,84.69768376648426,9.197711944580079e-06,198,1,0
200,38,44,0,0,0,9.005263192313057,"[0.0, 9.005263192313057]",9.005263192313057,8.571428571428571,9.005263192313057,5.166666666666654,0,1,0,85.92564007639885,9.005263192313058e-06,310,1,0
200,39,9,0,0,0,9.001214163643974,"[0.0, 9.001214163643974]",9.001214163643974,8.571428571428571,9.001214163643974,5.2166666666666535,0,1,0,84.14255946874619,9.001214163643975e-06,313,1,0
200,40,33,0,0,0,8.716280800955637,"[0.0, 8.716280800955637]",8.716280800955637,8.571428571428571,8.716280800955637,5.149999999999987,0,1,0,84.96833288669586,8.716280800955638e-06,309,1,0
200,41,57,0,0,0,8.688084738595144,"[0.0, 8.688084738595144]",8.688084738595144,8.571428571428571,8.688084738595144,7.683333333333311,0,1,0,67.9245061033289,8.688084738595144e-06,461,1,0
200,42,61,0,0,0,8.613771711077009,"[0.0, 8.613771711077009]",8.613771711077009,8.571428571428571,8.613771711077009,3.1999999999999935,0,1,0,82.74672375619411,8.613771711077008e-06,192,1,0
200,43,28,0,0,0,8.586210523332868,"[0.0, 8.586210523332868]",8.586210523332868,8.571428571428571,8.586210523332868,5.199999999999987,0,1,0,85.49829322099686,8.586210523332867e-06,312,1,0
200,44,38,0,0,0,8.391339438302177,"[0.0, 8.391339438302177]",8.391339438302177,5.714285714285714,8.391339438302177,7.4666666666666455,0,1,0,58.21065741867642,8.391339438302178e-06,448,1,0
200,45,23,0,0,0,8.32272938319615,"[0.0, 8.32272938319615]",8.32272938319615,5.714285714285714,8.32272938319615,5.083333333333321,0,1,0,83.0322384685278,8.322729383196149e-06,305,1,0
200,46,59,0,0,0,8.293841225760323,"[0.0, 8.293841225760323]",8.293841225760323,5.714285714285714,8.293841225760323,3.183333333333327,0,1,0,81.33647908270359,8.293841225760322e-06,191,1,0
200,47,60,0,0,0,8.288467952183314,"[0.0, 8.288467952183314]",8.288467952183314,5.714285714285714,8.288467952183314,4.24999999999999,0,1,0,56.64170879125595,8.288467952183314e-06,255,1,0
200,48,50,0,0,0,8.080869402204241,"[0.0, 8.080869402204241]",8.080869402204241,5.714285714285714,8.080869402204241,4.949999999999988,0,1,0,80.14469137787819,8.080869402204241e-06,297,1,0
200,49,62,0,0,0,6.191542489188058,"[0.0, 6.191542489188058]",6.191542489188058,5.714285714285714,6.191542489188058,7.316666666666646,0,1,0,57.73382325512648,6.1915424891880585e-06,439,1,0
200,50,21,0,0,0,6.174027579171317,"[0.0, 6.174027579171317]",6.174027579171317,5.714285714285714,6.174027579171317,7.316666666666646,0,1,0,57.63310072485183,6.1740275791713165e-06,439,1,0
200,51,42,0,0,0,5.833871023995536,"[0.0, 5.833871023995536]",5.833871023995536,5.714285714285714,5.833871023995536,3.9166666666666576,0,1,0,53.588885858654976,5.833871023995535e-06,235,1,0
200,52,10,0,0,0,5.765664236886161,"[0.0, 5.765664236886161]",5.765664236886161,5.714285714285714,5.765664236886161,3.816666666666658,0,1,0,52.38851907849312,5.765664236886161e-06,229,1,0
200,53,14,0,0,0,5.705424717494419,"[0.0, 5.705424717494419]",5.705424717494419,2.857142857142857,5.705424717494419,3.7166666666666583,0,1,0,51.71932916343212,5.705424717494419e-06,223,1,0
200,54,36,0,0,0,5.704596383231027,"[0.0, 5.704596383231027]",5.704596383231027,2.857142857142857,5.704596383231027,3.683333333333325,0,1,0,51.486805118620396,5.704596383231027e-06,221,1,0
200,55,37,0,0,0,5.638509477887835,"[0.0, 5.638509477887835]",5.638509477887835,2.857142857142857,5.638509477887835,2.3166666666666633,0,1,0,49.75879690051079,5.638509477887835e-06,139,1,0
200,56,56,0,0,0,5.5762481689453125,"[0.0, 5.5762481689453125]",5.5762481689453125,2.857142857142857,5.5762481689453125,3.4166666666666594,0,1,0,49.44408489763737,5.576248168945313e-06,205,1,0
200,57,58,0,0,0,5.495709010532924,"[0.0, 5.495709010532924]",5.495709010532924,2.857142857142857,5.495709010532924,2.2666666666666635,0,1,0,48.09839169681072,5.4957090105329235e-06,136,1,0
200,58,51,0,0,0,5.26238032749721,"[0.0, 5.26238032749721]",5.26238032749721,2.857142857142857,5.26238032749721,3.0333333333333274,0,1,0,45.92526361346245,5.26238032749721e-06,182,1,0
200,59,30,0,0,0,5.252195085797991,"[0.0, 5.252195085797991]",5.252195085797991,2.857142857142857,5.252195085797991,3.016666666666661,0,1,0,45.75629295408726,5.252195085797992e-06,181,1,0
200,60,29,0,0,0,5.170282636369978,"[0.0, 5.170282636369978]",5.170282636369978,2.857142857142857,5.170282636369978,6.666666666666648,0,1,0,43.084765064333624,5.1702826363699785e-06,400,1,0
200,61,16,0,0,0,5.003531319754464,"[0.0, 5.003531319754464]",5.003531319754464,2.857142857142857,5.003531319754464,6.516666666666649,0,1,0,41.56604731006519,5.003531319754464e-06,391,1,0
200,62,52,0,0,0,2.154715401785714,"[0.0, 2.154715401785714]",2.154715401785714,0.0,2.154715401785714,5.016666666666654,0,1,0,8.213914840984216,2.154715401785714e-06,301,1,0
200,63,15,0,0,0,2.104361397879464,"[0.0, 2.104361397879464]",2.104361397879464,0.0,2.104361397879464,5.016666666666654,0,1,0,7.7063866039025015,2.104361397879464e-06,301,1,0
200,64,27,0,0,0,1.908046177455357,"[0.0, 1.908046177455357]",1.908046177455357,0.0,1.908046177455357,5.016666666666654,0,1,0,5.568351550144143,1.908046177455357e-06,301,1,0
201,1,0,0,1,1,15.883047921316965,"[0.0, 15.883047921316965]",15.883047921316965,14.285714285714285,15.883047921316965,9.100000000000032,0,1,0,140.93718819320202,1.5883047921316966e-05,546,1,0
201,2,1,0,1,1,15.70751190185547,"[0.0, 15.70751190185547]",15.70751190185547,14.285714285714285,15.70751190185547,9.633333333333391,0,1,0,146.96501969200472,1.570751190185547e-05,578,1,0
201,3,2,0,1,1,15.599490574428012,"[0.0, 15.599490574428012]",15.599490574428012,14.285714285714285,15.599490574428012,8.283333333333324,0,1,0,139.76457184180617,1.5599490574428012e-05,497,1,0
201,4,3,0,1,1,15.548155648367745,"[0.0, 15.548155648367745]",15.548155648367745,14.285714285714285,15.548155648367745,9.1166666666667,0,1,0,143.66389998234808,1.5548155648367744e-05,547,1,0
201,5,62,0,1,1,15.48877171107701,"[0.0, 15.48877171107701]",15.48877171107701,14.285714285714285,15.48877171107701,8.750000000000014,0,1,0,139.45626084320247,1.548877171107701e-05,525,1,0
201,6,4,0,1,1,15.448570251464844,"[0.0, 15.448570251464844]",15.448570251464844,14.285714285714285,15.448570251464844,8.066666666666647,0,1,0,136.9978540316224,1.5448570251464845e-05,484,1,0
201,7,5,0,1,1,15.418406895228795,"[0.0, 15.418406895228795]",15.418406895228795,14.285714285714285,15.418406895228795,7.033333333333314,0,1,0,132.94597525894642,1.5418406895228794e-05,422,1,0
201,8,6,0,1,1,15.383753095354352,"[0.0, 15.383753095354352]",15.383753095354352,14.285714285714285,15.383753095354352,6.916666666666647,0,1,0,132.23241848498583,1.5383753095354353e-05,415,1,0
201,9,7,0,0,1,15.35921369280134,"[0.0, 15.35921369280134]",15.35921369280134,14.285714285714285,15.35921369280134,6.866666666666648,0,1,0,131.8931434303522,1.5359213692801342e-05,412,1,0
201,10,19,0,0,1,15.316598074776785,"[0.0, 15.316598074776785]",15.316598074776785,14.285714285714285,15.316598074776785,6.866666666666648,0,1,0,131.5157794356346,1.5316598074776783e-05,412,1,0
201,11,23,0,0,1,15.293148585728236,"[0.0, 15.293148585728236]",15.293148585728236,14.285714285714285,15.293148585728236,6.849999999999981,0,1,0,131.00512348860502,1.5293148585728235e-05,411,1,0
201,12,30,0,0,1,15.090381077357701,"[0.0, 15.090381077357701]",15.090381077357701,14.285714285714285,15.090381077357701,7.033333333333314,0,1,0,133.64183851331472,1.5090381077357701e-05,422,1,0
201,13,25,0,0,1,14.911945887974332,"[0.0, 14.911945887974332]",14.911945887974332,14.285714285714285,14.911945887974332,6.683333333333315,0,1,0,130.81064631044865,1.4911945887974332e-05,401,1,0
201,14,15,0,0,1,14.75862775530134,"[0.0, 14.75862775530134]",14.75862775530134,14.285714285714285,14.75862775530134,5.049999999999987,0,1,0,128.10949604213238,1.4758627755301341e-05,303,1,0
201,15,11,0,0,1,14.740235464913503,"[0.0, 14.740235464913503]",14.740235464913503,14.285714285714285,14.740235464913503,6.683333333333315,0,1,0,129.035126298666,1.4740235464913504e-05,401,1,0
201,16,48,0,0,1,14.595990862165179,"[0.0, 14.595990862165179]",14.595990862165179,14.285714285714285,14.595990862165179,6.599999999999982,0,1,0,131.3370994925499,1.4595990862165179e-05,396,1,0
201,17,46,0,0,1,14.374057224818637,"[0.0, 14.374057224818637]",14.374057224818637,14.285714285714285,14.374057224818637,9.016666666666694,0,1,0,133.6489982623607,1.4374057224818637e-05,541,1,0
201,18,53,0,0,1,13.517194475446429,"[0.0, 13.517194475446429]",13.517194475446429,11.428571428571429,13.517194475446429,6.516666666666649,0,1,0,126.00354345142841,1.3517194475446429e-05,391,1,0
201,19,26,0,0,1,11.584374564034599,"[0.0, 11.584374564034599]",11.584374564034599,11.428571428571429,11.584374564034599,5.899999999999984,0,1,0,103.1387888789177,1.1584374564034599e-05,354,1,0
201,20,63,0,0,1,11.273918151855469,"[0.0, 11.273918151855469]",11.273918151855469,8.571428571428571,11.273918151855469,5.866666666666651,0,1,0,98.52371050417423,1.1273918151855469e-05,352,1,0
201,21,10,0,0,1,11.197381700788226,"[0.0, 11.197381700788226]",11.197381700788226,8.571428571428571,11.197381700788226,7.649999999999978,0,1,0,108.33500377742166,1.1197381700788225e-05,459,1,0
201,22,58,0,0,1,11.177945818219866,"[0.0, 11.177945818219866]",11.177945818219866,8.571428571428571,11.177945818219866,5.733333333333318,0,1,0,98.10311506688595,1.1177945818219866e-05,344,1,0
201,23,57,0,0,1,11.110357557024276,"[0.0, 11.110357557024276]",11.110357557024276,8.571428571428571,11.110357557024276,5.783333333333318,0,1,0,98.05483451485634,1.1110357557024276e-05,347,1,0
201,24,35,0,0,1,11.105542864118304,"[0.0, 11.105542864118304]",11.105542864118304,8.571428571428571,11.105542864118304,5.783333333333318,0,1,0,99.76640674471855,1.1105542864118304e-05,347,1,0
201,25,50,0,0,1,11.059752873011998,"[0.0, 11.059752873011998]",11.059752873011998,8.571428571428571,11.059752873011998,5.716666666666652,0,1,0,102.55424804985523,1.1059752873011999e-05,343,1,0
201,26,39,0,0,1,10.960674285888672,"[0.0, 10.960674285888672]",10.960674285888672,8.571428571428571,10.960674285888672,5.749999999999985,0,1,0,98.6552349627018,1.0960674285888672e-05,345,1,0
201,27,40,0,0,1,10.940935952322823,"[0.0, 10.940935952322823]",10.940935952322823,8.571428571428571,10.940935952322823,3.4499999999999926,0,1,0,93.26787650585175,1.0940935952322823e-05,207,1,0
201,28,32,0,0,1,10.849246978759766,"[0.0, 10.849246978759766]",10.849246978759766,8.571428571428571,10.849246978759766,5.783333333333318,0,1,0,100.2584880143404,1.0849246978759766e-05,347,1,0
201,29,29,0,0,1,10.608640398297991,"[0.0, 10.608640398297991]",10.608640398297991,8.571428571428571,10.608640398297991,5.549999999999986,0,1,0,95.62313309311867,1.0608640398297992e-05,333,1,0
201,30,12,0,0,1,10.507796151297432,"[0.0, 10.507796151297432]",10.507796151297432,8.571428571428571,10.507796151297432,6.333333333333316,0,1,0,96.34491448104382,1.0507796151297432e-05,380,1,0
201,31,60,0,0,1,10.374739510672432,"[0.0, 10.374739510672432]",10.374739510672432,8.571428571428571,10.374739510672432,5.599999999999985,0,1,0,98.03135477006435,1.0374739510672433e-05,336,1,0
201,32,44,0,0,1,10.343287331717354,"[0.0, 10.343287331717354]",10.343287331717354,8.571428571428571,10.343287331717354,5.666666666666652,0,1,0,95.08978652954102,1.0343287331717354e-05,340,1,0
201,33,59,0,0,0,10.335608891078405,"[0.0, 10.335608891078405]",10.335608891078405,8.571428571428571,10.335608891078405,5.549999999999986,0,1,0,96.38208551704884,1.0335608891078405e-05,333,1,0
201,34,13,0,0,0,10.314249311174665,"[0.0, 10.314249311174665]",10.314249311174665,8.571428571428571,10.314249311174665,3.3333333333333264,0,1,0,88.00395832955837,1.0314249311174664e-05,200,1,0
201,35,33,0,0,0,10.19735608782087,"[0.0, 10.19735608782087]",10.19735608782087,8.571428571428571,10.19735608782087,3.899999999999991,0,1,0,87.66748668253422,1.019735608782087e-05,234,1,0
201,36,14,0,0,0,10.059185028076172,"[0.0, 10.059185028076172]",10.059185028076172,8.571428571428571,10.059185028076172,5.499999999999986,0,1,0,95.29478697478771,1.0059185028076172e-05,330,1,0
201,37,45,0,0,0,10.049828120640345,"[0.0, 10.049828120640345]",10.049828120640345,8.571428571428571,10.049828120640345,5.483333333333319,0,1,0,94.21986511349678,1.0049828120640346e-05,329,1,0
201,38,37,0,0,0,9.913223811558316,"[0.0, 9.913223811558316]",9.913223811558316,8.571428571428571,9.913223811558316,5.466666666666653,0,1,0,94.21718311309814,9.913223811558316e-06,328,1,0
201,39,27,0,0,0,9.818469456263951,"[0.0, 9.818469456263951]",9.818469456263951,8.571428571428571,9.818469456263951,5.366666666666653,0,1,0,93.52320669591427,9.818469456263951e-06,322,1,0
201,40,54,0,0,0,9.668186732700892,"[0.0, 9.668186732700892]",9.668186732700892,8.571428571428571,9.668186732700892,5.416666666666653,0,1,0,92.09875537455082,9.668186732700892e-06,325,1,0
201,41,55,0,0,0,9.558734893798828,"[0.0, 9.558734893798828]",9.558734893798828,8.571428571428571,9.558734893798828,3.4166666666666594,0,1,0,86.26381039619446,9.558734893798827e-06,205,1,0
201,42,52,0,0,0,9.43999971662249,"[0.0, 9.43999971662249]",9.43999971662249,8.571428571428571,9.43999971662249,3.26666666666666,0,1,0,85.50355683267117,9.43999971662249e-06,196,1,0
201,43,8,0,0,0,9.102151053292411,"[0.0, 9.102151053292411]",9.102151053292411,8.571428571428571,9.102151053292411,5.433333333333319,0,1,0,88.23492074012756,9.102151053292411e-06,326,1,0
201,44,18,0,0,0,9.019930703299387,"[0.0, 9.019930703299387]",9.019930703299387,8.571428571428571,9.019930703299387,3.2333333333333267,0,1,0,84.12044247984886,9.019930703299388e-06,194,1,0
201,45,56,0,0,0,8.983522142682757,"[0.0, 8.983522142682757]",8.983522142682757,8.571428571428571,8.983522142682757,3.2333333333333267,0,1,0,84.12036253511906,8.983522142682757e-06,194,1,0
201,46,20,0,0,0,8.9438111441476,"[0.0, 8.9438111441476]",8.9438111441476,8.571428571428571,8.9438111441476,3.2333333333333267,0,1,0,84.1202583014965,8.9438111441476e-06,194,1,0
201,47,38,0,0,0,8.440971374511719,"[0.0, 8.440971374511719]",8.440971374511719,5.714285714285714,8.440971374511719,6.6166666666666485,0,1,0,60.618599043329596,8.44097137451172e-06,397,1,0
201,48,47,0,0,0,8.216190338134766,"[0.0, 8.216190338134766]",8.216190338134766,5.714285714285714,8.216190338134766,7.316666666666646,0,1,0,57.63273575677886,8.216190338134765e-06,439,1,0
201,49,42,0,0,0,8.084918430873326,"[0.0, 8.084918430873326]",8.084918430873326,5.714285714285714,8.084918430873326,3.1166666666666605,0,1,0,79.35175907611847,8.084918430873326e-06,187,1,0
201,50,49,0,0,0,7.8628676278250555,"[0.0, 7.8628676278250555]",7.8628676278250555,5.714285714285714,7.8628676278250555,3.0833333333333273,0,1,0,78.00901228189468,7.862867627825056e-06,185,1,0
201,51,21,0,0,0,7.827303750174385,"[0.0, 7.827303750174385]",7.827303750174385,5.714285714285714,7.827303750174385,4.9166666666666545,0,1,0,78.31293179094791,7.827303750174386e-06,295,1,0
201,52,17,0,0,0,7.472403390066964,"[0.0, 7.472403390066964]",7.472403390066964,5.714285714285714,7.472403390066964,2.9999999999999942,0,1,0,74.69361199438572,7.472403390066964e-06,180,1,0
201,53,22,0,0,0,6.48092542375837,"[0.0, 6.48092542375837]",6.48092542375837,5.714285714285714,6.48092542375837,7.366666666666646,0,1,0,58.58195158700255,6.480925423758369e-06,442,1,0
201,54,51,0,0,0,6.270027160644531,"[0.0, 6.270027160644531]",6.270027160644531,5.714285714285714,6.270027160644531,7.433333333333312,0,1,0,58.95965987915406,6.2700271606445315e-06,446,1,0
201,55,31,0,0,0,5.442063467843192,"[0.0, 5.442063467843192]",5.442063467843192,2.857142857142857,5.442063467843192,3.3666666666666596,0,1,0,48.24666057527065,5.442063467843192e-06,202,1,0
201,56,43,0,0,0,4.938828604561942,"[0.0, 4.938828604561942]",4.938828604561942,2.857142857142857,4.938828604561942,2.6499999999999955,0,1,0,42.05840104818344,4.938828604561942e-06,159,1,0
201,57,36,0,0,0,4.596639360700335,"[0.0, 4.596639360700335]",4.596639360700335,2.857142857142857,4.596639360700335,2.033333333333331,0,1,0,37.942064344882965,4.596639360700335e-06,122,1,0
201,58,24,0,0,0,4.031775338309151,"[0.0, 4.031775338309151]",4.031775338309151,2.857142857142857,4.031775338309151,5.949999999999984,0,1,0,30.126858648342022,4.031775338309151e-06,357,1,0
201,59,61,0,0,0,3.4730747767857144,"[0.0, 3.4730747767857144]",3.4730747767857144,2.857142857142857,3.4730747767857144,6.966666666666647,0,1,0,25.65164599295531,3.4730747767857144e-06,418,1,0
201,60,34,0,0,0,2.9029519217354913,"[0.0, 2.9029519217354913]",2.9029519217354913,2.857142857142857,2.9029519217354913,5.28333333333332,0,1,0,23.070497250984772,2.9029519217354914e-06,317,1,0
201,61,9,0,0,0,2.833829607282366,"[0.0, 2.833829607282366]",2.833829607282366,0.0,2.833829607282366,5.066666666666654,0,1,0,40.77553156350041,2.833829607282366e-06,304,1,0
201,62,41,0,0,0,2.119968959263393,"[0.0, 2.119968959263393]",2.119968959263393,0.0,2.119968959263393,5.016666666666654,0,1,0,7.791446857678238,2.1199689592633927e-06,301,1,0
201,63,28,0,0,0,2.110601152692522,"[0.0, 2.110601152692522]",2.110601152692522,0.0,2.110601152692522,5.016666666666654,0,1,0,7.7058158793443,2.110601152692522e-06,301,1,0
201,64,16,0,0,0,1.873267037527902,"[0.0, 1.873267037527902]",1.873267037527902,0.0,1.873267037527902,5.016666666666654,0,1,0,5.175352524151094,1.873267037527902e-06,301,1,0
202,1,0,0,1,1,15.883047921316965,"[0.0, 15.883047921316965]",15.883047921316965,14.285714285714285,15.883047921316965,9.100000000000032,0,1,0,140.93718819320202,1.5883047921316966e-05,546,1,0
202,2,1,0,1,1,15.70751190185547,"[0.0, 15.70751190185547]",15.70751190185547,14.285714285714285,15.70751190185547,9.633333333333391,0,1,0,146.96501969200472,1.570751190185547e-05,578,1,0
202,3,2,0,1,1,15.599490574428012,"[0.0, 15.599490574428012]",15.599490574428012,14.285714285714285,15.599490574428012,8.283333333333324,0,1,0,139.76457184180617,1.5599490574428012e-05,497,1,0
202,4,3,0,1,1,15.548155648367745,"[0.0, 15.548155648367745]",15.548155648367745,14.285714285714285,15.548155648367745,9.1166666666667,0,1,0,143.66389998234808,1.5548155648367744e-05,547,1,0
202,5,53,0,1,1,15.500875200544083,"[0.0, 15.500875200544083]",15.500875200544083,14.285714285714285,15.500875200544083,8.933333333333357,0,1,0,141.63256164640188,1.5500875200544084e-05,536,1,0
202,6,4,0,1,1,15.48877171107701,"[0.0, 15.48877171107701]",15.48877171107701,14.285714285714285,15.48877171107701,8.750000000000014,0,1,0,139.45626084320247,1.548877171107701e-05,525,1,0
202,7,5,0,1,1,15.448570251464844,"[0.0, 15.448570251464844]",15.448570251464844,14.285714285714285,15.448570251464844,8.066666666666647,0,1,0,136.9978540316224,1.5448570251464845e-05,484,1,0
202,8,6,0,1,1,15.418406895228795,"[0.0, 15.418406895228795]",15.418406895228795,14.285714285714285,15.418406895228795,7.033333333333314,0,1,0,132.94597525894642,1.5418406895228794e-05,422,1,0
202,9,7,0,0,1,15.383753095354352,"[0.0, 15.383753095354352]",15.383753095354352,14.285714285714285,15.383753095354352,6.916666666666647,0,1,0,132.23241848498583,1.5383753095354353e-05,415,1,0
202,10,28,0,0,1,15.018937247140066,"[0.0, 15.018937247140066]",15.018937247140066,14.285714285714285,15.018937247140066,6.766666666666648,0,1,0,130.61366266012192,1.5018937247140066e-05,406,1,0
202,11,25,0,0,1,15.01662118094308,"[0.0, 15.01662118094308]",15.01662118094308,14.285714285714285,15.01662118094308,6.933333333333314,0,1,0,132.8442365154624,1.501662118094308e-05,416,1,0
202,12,32,0,0,1,15.006675720214844,"[0.0, 15.006675720214844]",15.006675720214844,14.285714285714285,15.006675720214844,7.866666666666644,0,1,0,134.69592536985874,1.5006675720214844e-05,472,1,0
202,13,35,0,0,1,14.891684395926339,"[0.0, 14.891684395926339]",14.891684395926339,14.285714285714285,14.891684395926339,6.666666666666648,0,1,0,132.24543660879135,1.4891684395926338e-05,400,1,0
202,14,61,0,0,1,14.843995230538503,"[0.0, 14.843995230538503]",14.843995230538503,14.285714285714285,14.843995230538503,6.666666666666648,0,1,0,129.7640474885702,1.4843995230538504e-05,400,1,0
202,15,52,0,0,1,14.48434557233538,"[0.0, 14.48434557233538]",14.48434557233538,14.285714285714285,14.48434557233538,7.499999999999979,0,1,0,130.75669249147177,1.448434557233538e-05,450,1,0
202,16,18,0,0,1,14.438787187848773,"[0.0, 14.438787187848773]",14.438787187848773,14.285714285714285,14.438787187848773,6.6166666666666485,0,1,0,127.8222617059946,1.4438787187848773e-05,397,1,0
202,17,62,0,0,1,11.148801531110491,"[0.0, 11.148801531110491]",11.148801531110491,8.571428571428571,11.148801531110491,3.4999999999999925,0,1,0,95.11083163321018,1.1148801531110492e-05,210,1,0
202,18,30,0,0,1,11.028453281947545,"[0.0, 11.028453281947545]",11.028453281947545,8.571428571428571,11.028453281947545,5.699999999999985,0,1,0,98.13023790717125,1.1028453281947545e-05,342,1,0
202,19,39,0,0,1,11.023496900285993,"[0.0, 11.023496900285993]",11.023496900285993,8.571428571428571,11.023496900285993,5.733333333333318,0,1,0,96.43697959184647,1.1023496900285993e-05,344,1,0
202,20,46,0,0,1,10.983200073242188,"[0.0, 10.983200073242188]",10.983200073242188,8.571428571428571,10.983200073242188,5.7666666666666515,0,1,0,98.63904157280922,1.0983200073242187e-05,346,1,0
202,21,51,0,0,1,10.962510790143694,"[0.0, 10.962510790143694]",10.962510790143694,8.571428571428571,10.962510790143694,5.749999999999985,0,1,0,99.2258733510971,1.0962510790143695e-05,345,1,0
202,22,14,0,0,1,10.836056300571986,"[0.0, 10.836056300571986]",10.836056300571986,8.571428571428571,10.836056300571986,5.749999999999985,0,1,0,97.10588932037354,1.0836056300571987e-05,345,1,0
202,23,15,0,0,1,10.83230699811663,"[0.0, 10.83230699811663]",10.83230699811663,8.571428571428571,10.83230699811663,5.733333333333318,0,1,0,98.10326384007931,1.083230699811663e-05,344,1,0
202,24,10,0,0,1,10.704912458147321,"[0.0, 10.704912458147321]",10.704912458147321,8.571428571428571,10.704912458147321,5.6833333333333185,0,1,0,96.46289566159248,1.0704912458147322e-05,341,1,0
202,25,16,0,0,1,10.633321489606583,"[0.0, 10.633321489606583]",10.633321489606583,8.571428571428571,10.633321489606583,5.499999999999986,0,1,0,94.48483587801456,1.0633321489606583e-05,330,1,0
202,26,37,0,0,1,10.276069641113281,"[0.0, 10.276069641113281]",10.276069641113281,8.571428571428571,10.276069641113281,3.383333333333326,0,1,0,90.10116185247898,1.0276069641113281e-05,203,1,0
202,27,21,0,0,1,10.20526613507952,"[0.0, 10.20526613507952]",10.20526613507952,8.571428571428571,10.20526613507952,3.349999999999993,0,1,0,88.69541965425014,1.0205266135079521e-05,201,1,0
202,28,60,0,0,1,9.84471457345145,"[0.0, 9.84471457345145]",9.84471457345145,8.571428571428571,9.84471457345145,5.449999999999986,0,1,0,91.03019328415394,9.84471457345145e-06,327,1,0
202,29,56,0,0,1,9.731262751988004,"[0.0, 9.731262751988004]",9.731262751988004,8.571428571428571,9.731262751988004,5.266666666666653,0,1,0,90.63392189145088,9.731262751988004e-06,316,1,0
202,30,45,0,0,1,9.725584302629743,"[0.0, 9.725584302629743]",9.725584302629743,8.571428571428571,9.725584302629743,5.3833333333333195,0,1,0,91.56770750880241,9.725584302629742e-06,323,1,0
202,31,29,0,0,1,9.143837520054408,"[0.0, 9.143837520054408]",9.143837520054408,8.571428571428571,9.143837520054408,3.2499999999999933,0,1,0,84.8110828846693,9.143837520054408e-06,195,1,0
202,32,55,0,0,1,9.106336321149554,"[0.0, 9.106336321149554]",9.106336321149554,8.571428571428571,9.106336321149554,5.2166666666666535,0,1,0,87.43236112594604,9.106336321149553e-06,313,1,0
202,33,36,0,0,0,9.025647299630302,"[0.0, 9.025647299630302]",9.025647299630302,8.571428571428571,9.025647299630302,3.2499999999999933,0,1,0,84.1876570880413,9.025647299630303e-06,195,1,0
202,34,23,0,0,0,8.9773314339774,"[0.0, 8.9773314339774]",8.9773314339774,8.571428571428571,8.9773314339774,3.26666666666666,0,1,0,84.13459022343159,8.9773314339774e-06,196,1,0
202,35,63,0,0,0,8.838135855538505,"[0.0, 8.838135855538505]",8.838135855538505,8.571428571428571,8.838135855538505,7.9333333333333105,0,1,0,71.81642047934292,8.838135855538505e-06,476,1,0
202,36,31,0,0,0,8.763446807861328,"[0.0, 8.763446807861328]",8.763446807861328,8.571428571428571,8.763446807861328,3.1999999999999935,0,1,0,82.74664479494095,8.763446807861328e-06,192,1,0
202,37,13,0,0,0,8.591728210449219,"[0.0, 8.591728210449219]",8.591728210449219,8.571428571428571,8.591728210449219,3.6999999999999917,0,1,0,83.31786744296551,8.59172821044922e-06,222,1,0
202,38,57,0,0,0,8.536164419991628,"[0.0, 8.536164419991628]",8.536164419991628,5.714285714285714,8.536164419991628,7.716666666666645,0,1,0,67.3562616918498,8.536164419991629e-06,463,1,0
202,39,26,0,0,0,8.337361471993583,"[0.0, 8.337361471993583]",8.337361471993583,5.714285714285714,8.337361471993583,4.166666666666657,0,1,0,57.19918805360794,8.337361471993583e-06,250,1,0
202,40,38,0,0,0,8.33550316946847,"[0.0, 8.33550316946847]",8.33550316946847,5.714285714285714,8.33550316946847,7.316666666666646,0,1,0,57.63293869739573,8.33550316946847e-06,439,1,0
202,41,9,0,0,0,8.324955531529017,"[0.0, 8.324955531529017]",8.324955531529017,5.714285714285714,8.324955531529017,3.1666666666666603,0,1,0,81.38170446455479,8.324955531529017e-06,190,1,0
202,42,19,0,0,0,8.217108590262278,"[0.0, 8.217108590262278]",8.217108590262278,5.714285714285714,8.217108590262278,7.316666666666646,0,1,0,57.63284092498361,8.217108590262278e-06,439,1,0
202,43,33,0,0,0,8.199386596679688,"[0.0, 8.199386596679688]",8.199386596679688,5.714285714285714,8.199386596679688,4.933333333333321,0,1,0,82.91657577455044,8.199386596679688e-06,296,1,0
202,44,42,0,0,0,7.636211940220424,"[0.0, 7.636211940220424]",7.636211940220424,5.714285714285714,7.636211940220424,3.0666666666666607,0,1,0,77.34149649739265,7.636211940220424e-06,184,1,0
202,45,50,0,0,0,7.532525743756975,"[0.0, 7.532525743756975]",7.532525743756975,5.714285714285714,7.532525743756975,4.983333333333321,0,1,0,77.70076397061348,7.532525743756975e-06,299,1,0
202,46,40,0,0,0,6.335520063127791,"[0.0, 6.335520063127791]",6.335520063127791,5.714285714285714,6.335520063127791,7.366666666666646,0,1,0,58.58129299252323,6.335520063127791e-06,442,1,0
202,47,8,0,0,0,6.300866263253348,"[0.0, 6.300866263253348]",6.300866263253348,5.714285714285714,6.300866263253348,7.433333333333312,0,1,0,58.627133722562576,6.300866263253348e-06,446,1,0
202,48,58,0,0,0,6.290468488420759,"[0.0, 6.290468488420759]",6.290468488420759,5.714285714285714,6.290468488420759,7.366666666666646,0,1,0,58.357326285069576,6.290468488420759e-06,442,1,0
202,49,48,0,0,0,6.185798645019531,"[0.0, 6.185798645019531]",6.185798645019531,5.714285714285714,6.185798645019531,7.316666666666646,0,1,0,57.55369604677253,6.185798645019531e-06,439,1,0
202,50,54,0,0,0,5.815260750906808,"[0.0, 5.815260750906808]",5.815260750906808,5.714285714285714,5.815260750906808,3.8833333333333244,0,1,0,53.24710492789745,5.815260750906808e-06,233,1,0
202,51,24,0,0,0,5.8074951171875,"[0.0, 5.8074951171875]",5.8074951171875,5.714285714285714,5.8074951171875,3.8833333333333244,0,1,0,53.184907764196396,5.8074951171875e-06,233,1,0
202,52,59,0,0,0,5.765108380998884,"[0.0, 5.765108380998884]",5.765108380998884,5.714285714285714,5.765108380998884,7.233333333333313,0,1,0,51.129562062749756,5.7651083809988835e-06,434,1,0
202,53,41,0,0,0,5.524139404296875,"[0.0, 5.524139404296875]",5.524139404296875,2.857142857142857,5.524139404296875,3.399999999999993,0,1,0,49.30573284626007,5.524139404296875e-06,204,1,0
202,54,17,0,0,0,5.429360525948661,"[0.0, 5.429360525948661]",5.429360525948661,2.857142857142857,5.429360525948661,12.983333333333558,0,1,0,55.673209319124,5.429360525948661e-06,779,1,0
202,55,20,0,0,0,5.330374581473214,"[0.0, 5.330374581473214]",5.330374581473214,2.857142857142857,5.330374581473214,6.6166666666666485,0,1,0,45.43999331895611,5.330374581473214e-06,397,1,0
202,56,11,0,0,0,5.309742518833705,"[0.0, 5.309742518833705]",5.309742518833705,2.857142857142857,5.309742518833705,3.0833333333333273,0,1,0,46.42443311214447,5.3097425188337045e-06,185,1,0
202,57,22,0,0,0,5.222140720912388,"[0.0, 5.222140720912388]",5.222140720912388,2.857142857142857,5.222140720912388,2.9833333333333276,0,1,0,45.414075165987015,5.222140720912388e-06,179,1,0
202,58,34,0,0,0,5.153410775320871,"[0.0, 5.153410775320871]",5.153410775320871,2.857142857142857,5.153410775320871,2.8999999999999946,0,1,0,44.63923351466656,5.153410775320871e-06,174,1,0
202,59,12,0,0,0,4.967874799455915,"[0.0, 4.967874799455915]",4.967874799455915,2.857142857142857,4.967874799455915,2.6833333333333287,0,1,0,42.431849762797356,4.967874799455915e-06,161,1,0
202,60,49,0,0,0,4.6138763427734375,"[0.0, 4.6138763427734375]",4.6138763427734375,2.857142857142857,4.6138763427734375,2.3833333333333298,0,1,0,38.28831450641155,4.6138763427734376e-06,143,1,0
202,61,27,0,0,0,4.449937002999442,"[0.0, 4.449937002999442]",4.449937002999442,2.857142857142857,4.449937002999442,2.2666666666666635,0,1,0,36.49637573957443,4.449937002999442e-06,136,1,0
202,62,47,0,0,0,4.314275469098773,"[0.0, 4.314275469098773]",4.314275469098773,2.857142857142857,4.314275469098773,5.983333333333317,0,1,0,33.02070111459034,4.314275469098773e-06,359,1,0
202,63,43,0,0,0,3.90845707484654,"[0.0, 3.90845707484654]",3.90845707484654,2.857142857142857,3.90845707484654,8.299999999999992,0,1,0,29.88195028474729,3.90845707484654e-06,498,1,0
202,64,44,0,0,0,2.095696585518973,"[0.0, 2.095696585518973]",2.095696585518973,0.0,2.095696585518973,5.016666666666654,0,1,0,7.724731308684568,2.095696585518973e-06,301,1,0
203,1,0,0,1,1,15.883047921316965,"[0.0, 15.883047921316965]",15.883047921316965,14.285714285714285,15.883047921316965,9.100000000000032,0,1,0,140.93718819320202,1.5883047921316966e-05,546,1,0
203,2,1,0,1,1,15.70751190185547,"[0.0, 15.70751190185547]",15.70751190185547,14.285714285714285,15.70751190185547,9.633333333333391,0,1,0,146.96501969200472,1.570751190185547e-05,578,1,0
203,3,2,0,1,1,15.599490574428012,"[0.0, 15.599490574428012]",15.599490574428012,14.285714285714285,15.599490574428012,8.283333333333324,0,1,0,139.76457184180617,1.5599490574428012e-05,497,1,0
203,4,3,0,1,1,15.548155648367745,"[0.0, 15.548155648367745]",15.548155648367745,14.285714285714285,15.548155648367745,9.1166666666667,0,1,0,143.66389998234808,1.5548155648367744e-05,547,1,0
203,5,4,0,1,1,15.500875200544083,"[0.0, 15.500875200544083]",15.500875200544083,14.285714285714285,15.500875200544083,8.933333333333357,0,1,0,141.63256164640188,1.5500875200544084e-05,536,1,0
203,6,5,0,1,1,15.48877171107701,"[0.0, 15.48877171107701]",15.48877171107701,14.285714285714285,15.48877171107701,8.750000000000014,0,1,0,139.45626084320247,1.548877171107701e-05,525,1,0
203,7,6,0,1,1,15.448570251464844,"[0.0, 15.448570251464844]",15.448570251464844,14.285714285714285,15.448570251464844,8.066666666666647,0,1,0,136.9978540316224,1.5448570251464845e-05,484,1,0
203,8,7,0,1,1,15.418406895228795,"[0.0, 15.418406895228795]",15.418406895228795,14.285714285714285,15.418406895228795,7.033333333333314,0,1,0,132.94597525894642,1.5418406895228794e-05,422,1,0
203,9,28,0,0,1,15.22224426269531,"[0.0, 15.22224426269531]",15.22224426269531,14.285714285714285,15.22224426269531,9.366666666666712,0,1,0,134.43923751024704,1.522224426269531e-05,562,1,0
203,10,12,0,0,1,15.194565909249441,"[0.0, 15.194565909249441]",15.194565909249441,14.285714285714285,15.194565909249441,6.816666666666648,0,1,0,131.6497500538826,1.5194565909249441e-05,409,1,0
203,11,59,0,0,1,15.136691502162389,"[0.0, 15.136691502162389]",15.136691502162389,14.285714285714285,15.136691502162389,7.733333333333311,0,1,0,137.35365015268326,1.5136691502162389e-05,464,1,0
203,12,26,0,0,1,14.77532523018973,"[0.0, 14.77532523018973]",14.77532523018973,14.285714285714285,14.77532523018973,7.899999999999977,0,1,0,133.94716798514128,1.477532523018973e-05,474,1,0
203,13,40,0,0,1,14.536639622279576,"[0.0, 14.536639622279576]",14.536639622279576,14.285714285714285,14.536639622279576,6.6166666666666485,0,1,0,128.9958087950945,1.4536639622279576e-05,397,1,0
203,14,20,0,0,1,14.424127851213727,"[0.0, 14.424127851213727]",14.424127851213727,14.285714285714285,14.424127851213727,6.633333333333315,0,1,0,126.24063761532307,1.4424127851213728e-05,398,1,0
203,15,58,0,0,1,14.373937334333148,"[0.0, 14.373937334333148]",14.373937334333148,14.285714285714285,14.373937334333148,6.799999999999981,0,1,0,128.20836785435677,1.4373937334333148e-05,408,1,0
203,16,27,0,0,1,11.345697130475726,"[0.0, 11.345697130475726]",11.345697130475726,8.571428571428571,11.345697130475726,5.833333333333318,0,1,0,102.64256517589092,1.1345697130475726e-05,350,1,0
203,17,32,0,0,1,11.168373652866908,"[0.0, 11.168373652866908]",11.168373652866908,8.571428571428571,11.168373652866908,6.966666666666647,0,1,0,101.3578307852149,1.1168373652866908e-05,418,1,0
203,18,44,0,0,1,11.042090824672155,"[0.0, 11.042090824672155]",11.042090824672155,8.571428571428571,11.042090824672155,6.549999999999982,0,1,0,103.93190074712038,1.1042090824672155e-05,393,1,0
203,19,50,0,0,1,10.883519308907646,"[0.0, 10.883519308907646]",10.883519308907646,8.571428571428571,10.883519308907646,5.733333333333318,0,1,0,97.67995244264603,1.0883519308907646e-05,344,1,0
203,20,13,0,0,1,10.66835675920759,"[0.0, 10.66835675920759]",10.66835675920759,8.571428571428571,10.66835675920759,3.4499999999999926,0,1,0,93.26802004873753,1.066835675920759e-05,207,1,0
203,21,42,0,0,1,10.588021959577286,"[0.0, 10.588021959577286]",10.588021959577286,8.571428571428571,10.588021959577286,5.699999999999985,0,1,0,95.56438402831554,1.0588021959577287e-05,342,1,0
203,22,53,0,0,1,10.558302743094309,"[0.0, 10.558302743094309]",10.558302743094309,8.571428571428571,10.558302743094309,5.583333333333319,0,1,0,98.71725699305534,1.055830274309431e-05,335,1,0
203,23,48,0,0,1,10.535564422607422,"[0.0, 10.535564422607422]",10.535564422607422,8.571428571428571,10.535564422607422,3.399999999999993,0,1,0,90.79085940122604,1.0535564422607422e-05,204,1,0
203,24,11,0,0,1,10.451864515032087,"[0.0, 10.451864515032087]",10.451864515032087,8.571428571428571,10.451864515032087,5.599999999999985,0,1,0,92.71405974030495,1.0451864515032087e-05,336,1,0
203,25,37,0,0,1,10.439880916050502,"[0.0, 10.439880916050502]",10.439880916050502,8.571428571428571,10.439880916050502,5.599999999999985,0,1,0,94.32015205919743,1.0439880916050501e-05,336,1,0
203,26,49,0,0,1,10.421477726527623,"[0.0, 10.421477726527623]",10.421477726527623,8.571428571428571,10.421477726527623,5.549999999999986,0,1,0,96.38263241946697,1.0421477726527624e-05,333,1,0
203,27,34,0,0,1,10.166615077427457,"[0.0, 10.166615077427457]",10.166615077427457,8.571428571428571,10.166615077427457,5.449999999999986,0,1,0,93.68157863616943,1.0166615077427457e-05,327,1,0
203,28,25,0,0,1,10.157064710344589,"[0.0, 10.157064710344589]",10.157064710344589,8.571428571428571,10.157064710344589,5.566666666666652,0,1,0,93.50134089589119,1.0157064710344589e-05,334,1,0
203,29,8,0,0,1,10.076149531773158,"[0.0, 10.076149531773158]",10.076149531773158,8.571428571428571,10.076149531773158,5.466666666666653,0,1,0,94.21676337718964,1.0076149531773158e-05,328,1,0
203,30,52,0,0,1,9.981166294642858,"[0.0, 9.981166294642858]",9.981166294642858,8.571428571428571,9.981166294642858,5.399999999999986,0,1,0,90.81831504404545,9.981166294642858e-06,324,1,0
203,31,9,0,0,1,9.945267268589566,"[0.0, 9.945267268589566]",9.945267268589566,8.571428571428571,9.945267268589566,5.483333333333319,0,1,0,94.21907234191895,9.945267268589566e-06,329,1,0
203,32,60,0,0,1,9.901460920061384,"[0.0, 9.901460920061384]",9.901460920061384,8.571428571428571,9.901460920061384,5.416666666666653,0,1,0,93.1435801833868,9.901460920061384e-06,325,1,0
203,33,31,0,0,0,9.825532095772878,"[0.0, 9.825532095772878]",9.825532095772878,8.571428571428571,9.825532095772878,4.599999999999989,0,1,0,90.62803962826729,9.825532095772879e-06,276,1,0
203,34,51,0,0,0,9.802976335797991,"[0.0, 9.802976335797991]",9.802976335797991,8.571428571428571,9.802976335797991,3.3166666666666598,0,1,0,86.96918857097626,9.80297633579799e-06,199,1,0
203,35,56,0,0,0,9.589157104492188,"[0.0, 9.589157104492188]",9.589157104492188,8.571428571428571,9.589157104492188,5.466666666666653,0,1,0,90.87115693092346,9.589157104492187e-06,328,1,0
203,36,38,0,0,0,9.265480041503906,"[0.0, 9.265480041503906]",9.265480041503906,8.571428571428571,9.265480041503906,7.999999999999977,0,1,0,76.81569862105243,9.265480041503906e-06,480,1,0
203,37,47,0,0,0,8.514110020228795,"[0.0, 8.514110020228795]",8.514110020228795,5.714285714285714,8.514110020228795,7.849999999999977,0,1,0,64.21493153870688,8.514110020228794e-06,471,1,0
203,38,55,0,0,0,8.504352569580078,"[0.0, 8.504352569580078]",8.504352569580078,5.714285714285714,8.504352569580078,9.266666666666707,0,1,0,70.25628454959951,8.504352569580078e-06,556,1,0
203,39,14,0,0,0,8.472069331577845,"[0.0, 8.472069331577845]",8.472069331577845,5.714285714285714,8.472069331577845,5.799999999999985,0,1,0,62.589039742946625,8.472069331577845e-06,348,1,0
203,40,46,0,0,0,8.428968702043806,"[0.0, 8.428968702043806]",8.428968702043806,5.714285714285714,8.428968702043806,7.133333333333313,0,1,0,62.09383869745943,8.428968702043806e-06,428,1,0
203,41,36,0,0,0,8.27620370047433,"[0.0, 8.27620370047433]",8.27620370047433,5.714285714285714,8.27620370047433,3.099999999999994,0,1,0,78.67902928590775,8.27620370047433e-06,186,1,0
203,42,10,0,0,0,8.25571060180664,"[0.0, 8.25571060180664]",8.25571060180664,5.714285714285714,8.25571060180664,3.1999999999999935,0,1,0,81.72014486789703,8.25571060180664e-06,192,1,0
203,43,63,0,0,0,7.6428004673549115,"[0.0, 7.6428004673549115]",7.6428004673549115,5.714285714285714,7.6428004673549115,3.26666666666666,0,1,0,77.85376545786858,7.642800467354912e-06,196,1,0
203,44,19,0,0,0,6.482086181640626,"[0.0, 6.482086181640626]",6.482086181640626,5.714285714285714,6.482086181640626,7.316666666666646,0,1,0,57.63279267522739,6.482086181640626e-06,439,1,0
203,45,30,0,0,0,6.435263497488839,"[0.0, 6.435263497488839]",6.435263497488839,5.714285714285714,6.435263497488839,7.366666666666646,0,1,0,58.58129098291829,6.43526349748884e-06,442,1,0
203,46,23,0,0,0,6.432446071079799,"[0.0, 6.432446071079799]",6.432446071079799,5.714285714285714,6.432446071079799,7.433333333333312,0,1,0,59.06646896321763,6.4324460710797985e-06,446,1,0
203,47,43,0,0,0,6.402876717703683,"[0.0, 6.402876717703683]",6.402876717703683,5.714285714285714,6.402876717703683,9.883333333333404,0,1,0,62.24630363325559,6.402876717703683e-06,593,1,0
203,48,22,0,0,0,6.361579895019531,"[0.0, 6.361579895019531]",6.361579895019531,5.714285714285714,6.361579895019531,7.366666666666646,0,1,0,58.58184637658269,6.3615798950195315e-06,442,1,0
203,49,41,0,0,0,6.300059727260045,"[0.0, 6.300059727260045]",6.300059727260045,5.714285714285714,6.300059727260045,7.366666666666646,0,1,0,58.48267033270531,6.300059727260045e-06,442,1,0
203,50,15,0,0,0,6.152512686593193,"[0.0, 6.152512686593193]",6.152512686593193,5.714285714285714,6.152512686593193,7.316666666666646,0,1,0,57.63310203318542,6.152512686593193e-06,439,1,0
203,51,35,0,0,0,5.977968488420759,"[0.0, 5.977968488420759]",5.977968488420759,5.714285714285714,5.977968488420759,4.549999999999989,0,1,0,55.99203246086836,5.977968488420759e-06,273,1,0
203,52,61,0,0,0,5.82343510219029,"[0.0, 5.82343510219029]",5.82343510219029,5.714285714285714,5.82343510219029,3.899999999999991,0,1,0,53.41628748178482,5.82343510219029e-06,234,1,0
203,53,33,0,0,0,5.744029453822544,"[0.0, 5.744029453822544]",5.744029453822544,5.714285714285714,5.744029453822544,3.7499999999999916,0,1,0,51.995876133441925,5.744029453822544e-06,225,1,0
203,54,17,0,0,0,5.715571812220982,"[0.0, 5.715571812220982]",5.715571812220982,5.714285714285714,5.715571812220982,3.766666666666658,0,1,0,51.329289965331554,5.715571812220981e-06,226,1,0
203,55,62,0,0,0,5.704972403390067,"[0.0, 5.704972403390067]",5.704972403390067,2.857142857142857,5.704972403390067,3.566666666666659,0,1,0,51.44456632435322,5.704972403390067e-06,214,1,0
203,56,57,0,0,0,5.6948089599609375,"[0.0, 5.6948089599609375]",5.6948089599609375,2.857142857142857,5.6948089599609375,3.683333333333325,0,1,0,51.48669845610857,5.694808959960938e-06,221,1,0
203,57,16,0,0,0,5.62279292515346,"[0.0, 5.62279292515346]",5.62279292515346,2.857142857142857,5.62279292515346,3.5499999999999923,0,1,0,50.506343856453896,5.62279292515346e-06,213,1,0
203,58,54,0,0,0,5.558150155203683,"[0.0, 5.558150155203683]",5.558150155203683,2.857142857142857,5.558150155203683,3.5333333333333257,0,1,0,49.76273140311241,5.558150155203683e-06,212,1,0
203,59,45,0,0,0,5.489000592912947,"[0.0, 5.489000592912947]",5.489000592912947,2.857142857142857,5.489000592912947,3.3333333333333264,0,1,0,48.73815353214741,5.489000592912947e-06,200,1,0
203,60,21,0,0,0,5.3531919206891745,"[0.0, 5.3531919206891745]",5.3531919206891745,2.857142857142857,5.3531919206891745,3.0833333333333273,0,1,0,46.99864326417446,5.353191920689174e-06,185,1,0
203,61,29,0,0,0,5.343949454171317,"[0.0, 5.343949454171317]",5.343949454171317,2.857142857142857,5.343949454171317,3.133333333333327,0,1,0,46.911262318491936,5.3439494541713165e-06,188,1,0
203,62,18,0,0,0,5.173639569963727,"[0.0, 5.173639569963727]",5.173639569963727,2.857142857142857,5.173639569963727,6.749999999999981,0,1,0,44.15828470722772,5.173639569963728e-06,405,1,0
203,63,24,0,0,0,4.865085056849888,"[0.0, 4.865085056849888]",4.865085056849888,2.857142857142857,4.865085056849888,6.416666666666649,0,1,0,40.2265796857173,4.865085056849888e-06,385,1,0
203,64,39,0,0,0,2.6232528686523438,"[0.0, 2.6232528686523438]",2.6232528686523438,0.0,2.6232528686523438,6.049999999999984,0,1,0,18.111790938623017,2.6232528686523438e-06,363,1,0
204,1,0,0,1,1,15.883047921316965,"[0.0, 15.883047921316965]",15.883047921316965,14.285714285714285,15.883047921316965,9.100000000000032,0,1,0,140.93718819320202,1.5883047921316966e-05,546,1,0
204,2,1,0,1,1,15.70751190185547,"[0.0, 15.70751190185547]",15.70751190185547,14.285714285714285,15.70751190185547,9.633333333333391,0,1,0,146.96501969200472,1.570751190185547e-05,578,1,0
204,3,2,0,1,1,15.599490574428012,"[0.0, 15.599490574428012]",15.599490574428012,14.285714285714285,15.599490574428012,8.283333333333324,0,1,0,139.76457184180617,1.5599490574428012e-05,497,1,0
204,4,3,0,1,1,15.548155648367745,"[0.0, 15.548155648367745]",15.548155648367745,14.285714285714285,15.548155648367745,9.1166666666667,0,1,0,143.66389998234808,1.5548155648367744e-05,547,1,0
204,5,4,0,1,1,15.500875200544083,"[0.0, 15.500875200544083]",15.500875200544083,14.285714285714285,15.500875200544083,8.933333333333357,0,1,0,141.63256164640188,1.5500875200544084e-05,536,1,0
204,6,5,0,1,1,15.48877171107701,"[0.0, 15.48877171107701]",15.48877171107701,14.285714285714285,15.48877171107701,8.750000000000014,0,1,0,139.45626084320247,1.548877171107701e-05,525,1,0
204,7,6,0,1,1,15.448570251464844,"[0.0, 15.448570251464844]",15.448570251464844,14.285714285714285,15.448570251464844,8.066666666666647,0,1,0,136.9978540316224,1.5448570251464845e-05,484,1,0
204,8,7,0,1,1,15.418406895228795,"[0.0, 15.418406895228795]",15.418406895228795,14.285714285714285,15.418406895228795,7.033333333333314,0,1,0,132.94597525894642,1.5418406895228794e-05,422,1,0
204,9,38,0,0,1,15.346183776855469,"[0.0, 15.346183776855469]",15.346183776855469,14.285714285714285,15.346183776855469,7.749999999999978,0,1,0,132.55262479186058,1.534618377685547e-05,465,1,0
204,10,36,0,0,1,15.205639430454799,"[0.0, 15.205639430454799]",15.205639430454799,14.285714285714285,15.205639430454799,6.799999999999981,0,1,0,133.676110714674,1.5205639430454799e-05,408,1,0
204,11,11,0,0,1,14.905869620186943,"[0.0, 14.905869620186943]",14.905869620186943,14.285714285714285,14.905869620186943,10.783333333333449,0,1,0,143.92262716941332,1.4905869620186942e-05,647,1,0
204,12,30,0,0,1,14.140167236328125,"[0.0, 14.140167236328125]",14.140167236328125,11.428571428571429,14.140167236328125,6.749999999999981,0,1,0,130.24461121112108,1.4140167236328125e-05,405,1,0
204,13,35,0,0,1,11.634385245186941,"[0.0, 11.634385245186941]",11.634385245186941,11.428571428571429,11.634385245186941,6.11666666666665,0,1,0,102.77611534297466,1.1634385245186942e-05,367,1,0
204,14,34,0,0,1,11.452734810965403,"[0.0, 11.452734810965403]",11.452734810965403,11.428571428571429,11.452734810965403,7.4666666666666455,0,1,0,104.53087423369288,1.1452734810965403e-05,448,1,0
204,15,58,0,0,1,11.374895913260323,"[0.0, 11.374895913260323]",11.374895913260323,8.571428571428571,11.374895913260323,5.833333333333318,0,1,0,99.13643343746662,1.1374895913260322e-05,350,1,0
204,16,63,0,0,1,11.296809060232981,"[0.0, 11.296809060232981]",11.296809060232981,8.571428571428571,11.296809060232981,8.933333333333357,0,1,0,109.46854760497808,1.1296809060232982e-05,536,1,0
204,17,56,0,0,1,10.879799979073661,"[0.0, 10.879799979073661]",10.879799979073661,8.571428571428571,10.879799979073661,5.6833333333333185,0,1,0,95.53668655455112,1.0879799979073662e-05,341,1,0
204,18,43,0,0,1,10.872064317975726,"[0.0, 10.872064317975726]",10.872064317975726,8.571428571428571,10.872064317975726,5.716666666666652,0,1,0,96.99434821307659,1.0872064317975725e-05,343,1,0
204,19,48,0,0,1,10.8596556527274,"[0.0, 10.8596556527274]",10.8596556527274,8.571428571428571,10.8596556527274,5.783333333333318,0,1,0,96.37575380504131,1.08596556527274e-05,347,1,0
204,20,18,0,0,1,10.822642190115793,"[0.0, 10.822642190115793]",10.822642190115793,8.571428571428571,10.822642190115793,5.7666666666666515,0,1,0,102.29457218945026,1.0822642190115793e-05,346,1,0
204,21,21,0,0,1,10.736217498779297,"[0.0, 10.736217498779297]",10.736217498779297,8.571428571428571,10.736217498779297,7.799999999999978,0,1,0,106.29708879999816,1.0736217498779297e-05,468,1,0
204,22,42,0,0,1,10.67542484828404,"[0.0, 10.67542484828404]",10.67542484828404,8.571428571428571,10.67542484828404,5.649999999999985,0,1,0,94.83680532872677,1.067542484828404e-05,339,1,0
204,23,9,0,0,1,10.414815630231585,"[0.0, 10.414815630231585]",10.414815630231585,8.571428571428571,10.414815630231585,5.516666666666652,0,1,0,95.83830299973488,1.0414815630231585e-05,331,1,0
204,24,55,0,0,1,10.404178074428014,"[0.0, 10.404178074428014]",10.404178074428014,8.571428571428571,10.404178074428014,5.599999999999985,0,1,0,98.03151047229767,1.0404178074428014e-05,336,1,0
204,25,49,0,0,1,10.341499873570033,"[0.0, 10.341499873570033]",10.341499873570033,8.571428571428571,10.341499873570033,5.716666666666652,0,1,0,95.74851529300213,1.0341499873570034e-05,343,1,0
204,26,27,0,0,1,10.313262939453125,"[0.0, 10.313262939453125]",10.313262939453125,8.571428571428571,10.313262939453125,5.499999999999986,0,1,0,95.29548406600952,1.0313262939453125e-05,330,1,0
204,27,8,0,0,1,10.312001364571707,"[0.0, 10.312001364571707]",10.312001364571707,8.571428571428571,10.312001364571707,5.533333333333319,0,1,0,92.73556859791279,1.0312001364571707e-05,332,1,0
204,28,26,0,0,1,10.269434792654856,"[0.0, 10.269434792654856]",10.269434792654856,8.571428571428571,10.269434792654856,5.533333333333319,0,1,0,96.38391061127186,1.0269434792654857e-05,332,1,0
204,29,52,0,0,1,9.994427817208425,"[0.0, 9.994427817208425]",9.994427817208425,8.571428571428571,9.994427817208425,5.416666666666653,0,1,0,94.42399664223194,9.994427817208425e-06,325,1,0
204,30,22,0,0,1,9.908529009137833,"[0.0, 9.908529009137833]",9.908529009137833,8.571428571428571,9.908529009137833,5.499999999999986,0,1,0,94.05387651920319,9.908529009137833e-06,330,1,0
204,31,12,0,0,1,9.773605891636441,"[0.0, 9.773605891636441]",9.773605891636441,8.571428571428571,9.773605891636441,3.3166666666666598,0,1,0,87.59490767121315,9.773605891636441e-06,199,1,0
204,32,50,0,0,1,9.456659044538226,"[0.0, 9.456659044538226]",9.456659044538226,8.571428571428571,9.456659044538226,3.2499999999999933,0,1,0,84.81131981313229,9.456659044538226e-06,195,1,0
204,33,13,0,0,0,9.330046517508372,"[0.0, 9.330046517508372]",9.330046517508372,8.571428571428571,9.330046517508372,5.349999999999986,0,1,0,87.72356317937374,9.330046517508372e-06,321,1,0
204,34,59,0,0,0,9.231300354003906,"[0.0, 9.231300354003906]",9.231300354003906,8.571428571428571,9.231300354003906,3.2333333333333267,0,1,0,84.12086722254753,9.231300354003906e-06,194,1,0
204,35,15,0,0,0,9.058701651436941,"[0.0, 9.058701651436941]",9.058701651436941,8.571428571428571,9.058701651436941,3.2333333333333267,0,1,0,84.12067118287086,9.05870165143694e-06,194,1,0
204,36,54,0,0,0,9.054246629987444,"[0.0, 9.054246629987444]",9.054246629987444,8.571428571428571,9.054246629987444,8.18333333333332,0,1,0,76.64373262968002,9.054246629987444e-06,491,1,0
204,37,24,0,0,0,8.923358917236328,"[0.0, 8.923358917236328]",8.923358917236328,8.571428571428571,8.923358917236328,8.283333333333324,0,1,0,74.8853239302698,8.923358917236329e-06,497,1,0
204,38,44,0,0,0,8.843269348144531,"[0.0, 8.843269348144531]",8.843269348144531,8.571428571428571,8.843269348144531,3.21666666666666,0,1,0,83.43275775015354,8.843269348144532e-06,193,1,0
204,39,47,0,0,0,8.509420667375837,"[0.0, 8.509420667375837]",8.509420667375837,5.714285714285714,8.509420667375837,7.316666666666646,0,1,0,64.66302663642273,8.509420667375836e-06,439,1,0
204,40,37,0,0,0,8.43834740774972,"[0.0, 8.43834740774972]",8.43834740774972,5.714285714285714,8.43834740774972,7.416666666666646,0,1,0,63.815181692451006,8.43834740774972e-06,445,1,0
204,41,17,0,0,0,8.414933340890068,"[0.0, 8.414933340890068]",8.414933340890068,5.714285714285714,8.414933340890068,3.4999999999999925,0,1,0,82.90294669568539,8.414933340890068e-06,210,1,0
204,42,51,0,0,0,8.268612452915738,"[0.0, 8.268612452915738]",8.268612452915738,5.714285714285714,8.268612452915738,5.049999999999987,0,1,0,82.71593955159187,8.268612452915737e-06,303,1,0
204,43,40,0,0,0,6.515050615583147,"[0.0, 6.515050615583147]",6.515050615583147,5.714285714285714,6.515050615583147,10.366666666666761,0,1,0,63.61464041254658,6.515050615583146e-06,622,1,0
204,44,62,0,0,0,6.490200587681362,"[0.0, 6.490200587681362]",6.490200587681362,5.714285714285714,6.490200587681362,7.366666666666646,0,1,0,58.58202058695315,6.490200587681362e-06,442,1,0
204,45,61,0,0,0,6.355530875069755,"[0.0, 6.355530875069755]",6.355530875069755,5.714285714285714,6.355530875069755,7.366666666666646,0,1,0,58.581200299631746,6.3555308750697555e-06,442,1,0
204,46,32,0,0,0,6.3420595441545755,"[0.0, 6.3420595441545755]",6.3420595441545755,5.714285714285714,6.3420595441545755,7.366666666666646,0,1,0,58.58163593000063,6.3420595441545755e-06,442,1,0
204,47,10,0,0,0,6.313056945800781,"[0.0, 6.313056945800781]",6.313056945800781,5.714285714285714,6.313056945800781,7.366666666666646,0,1,0,58.58181574400078,6.313056945800781e-06,442,1,0
204,48,25,0,0,0,6.264926365443639,"[0.0, 6.264926365443639]",6.264926365443639,5.714285714285714,6.264926365443639,7.316666666666646,0,1,0,56.96468529733829,6.264926365443639e-06,439,1,0
204,49,19,0,0,0,6.153782435825892,"[0.0, 6.153782435825892]",6.153782435825892,5.714285714285714,6.153782435825892,7.333333333333313,0,1,0,57.00074583591777,6.153782435825892e-06,440,1,0
204,50,29,0,0,0,6.103853498186384,"[0.0, 6.103853498186384]",6.103853498186384,5.714285714285714,6.103853498186384,7.266666666666646,0,1,0,56.363006632527686,6.1038534981863835e-06,436,1,0
204,51,31,0,0,0,6.074823651994977,"[0.0, 6.074823651994977]",6.074823651994977,5.714285714285714,6.074823651994977,7.316666666666646,0,1,0,57.63361605221871,6.074823651994978e-06,439,1,0
204,52,14,0,0,0,5.843794686453683,"[0.0, 5.843794686453683]",5.843794686453683,5.714285714285714,5.843794686453683,4.049999999999991,0,1,0,53.7795053049922,5.843794686453683e-06,243,1,0
204,53,53,0,0,0,5.583844866071429,"[0.0, 5.583844866071429]",5.583844866071429,2.857142857142857,5.583844866071429,3.5499999999999923,0,1,0,49.695773765444756,5.583844866071429e-06,213,1,0
204,54,20,0,0,0,5.578716823032924,"[0.0, 5.578716823032924]",5.578716823032924,2.857142857142857,5.578716823032924,3.399999999999993,0,1,0,49.63063259422779,5.5787168230329235e-06,204,1,0
204,55,60,0,0,0,5.4503631591796875,"[0.0, 5.4503631591796875]",5.4503631591796875,2.857142857142857,5.4503631591796875,3.2833333333333266,0,1,0,48.299458771944046,5.450363159179687e-06,197,1,0
204,56,45,0,0,0,4.970087323869977,"[0.0, 4.970087323869977]",4.970087323869977,2.857142857142857,4.970087323869977,7.216666666666646,0,1,0,41.448592456406914,4.970087323869977e-06,433,1,0
204,57,23,0,0,0,2.9066576276506697,"[0.0, 2.9066576276506697]",2.9066576276506697,2.857142857142857,2.9066576276506697,3.866666666666658,0,1,0,21.08469226723537,2.9066576276506697e-06,232,1,0
204,58,39,0,0,0,2.8873825073242188,"[0.0, 2.8873825073242188]",2.8873825073242188,2.857142857142857,2.8873825073242188,4.383333333333323,0,1,0,20.875732451037038,2.8873825073242186e-06,263,1,0
204,59,28,0,0,0,2.7777372087751115,"[0.0, 2.7777372087751115]",2.7777372087751115,0.0,2.7777372087751115,5.016666666666654,0,1,0,16.195834082114743,2.7777372087751114e-06,301,1,0
204,60,16,0,0,0,2.596195765904018,"[0.0, 2.596195765904018]",2.596195765904018,0.0,2.596195765904018,6.566666666666649,0,1,0,50.14072898559971,2.596195765904018e-06,394,1,0
204,61,46,0,0,0,2.5005395071847096,"[0.0, 2.5005395071847096]",2.5005395071847096,0.0,2.5005395071847096,5.016666666666654,0,1,0,12.348247358488152,2.50053950718471e-06,301,1,0
204,62,33,0,0,0,2.111680167061942,"[0.0, 2.111680167061942]",2.111680167061942,0.0,2.111680167061942,5.016666666666654,0,1,0,7.705947858776199,2.111680167061942e-06,301,1,0
204,63,41,0,0,0,1.8938064575195312,"[0.0, 1.8938064575195312]",1.8938064575195312,0.0,1.8938064575195312,5.016666666666654,0,1,0,5.347281049529556,1.8938064575195313e-06,301,1,0
204,64,57,0,0,0,1.872356959751674,"[0.0, 1.872356959751674]",1.872356959751674,0.0,1.872356959751674,5.016666666666654,0,1,0,5.175748490844853,1.872356959751674e-06,301,1,0
205,1,0,0,1,1,15.883047921316965,"[0.0, 15.883047921316965]",15.883047921316965,14.285714285714285,15.883047921316965,9.100000000000032,0,1,0,140.93718819320202,1.5883047921316966e-05,546,1,0
205,2,1,0,1,1,15.70751190185547,"[0.0, 15.70751190185547]",15.70751190185547,14.285714285714285,15.70751190185547,9.633333333333391,0,1,0,146.96501969200472,1.570751190185547e-05,578,1,0
205,3,54,0,1,1,15.644367762974332,"[0.0, 15.644367762974332]",15.644367762974332,14.285714285714285,15.644367762974332,8.016666666666644,0,1,0,136.0753976404667,1.564436776297433e-05,481,1,0
205,4,2,0,1,1,15.599490574428012,"[0.0, 15.599490574428012]",15.599490574428012,14.285714285714285,15.599490574428012,8.283333333333324,0,1,0,139.76457184180617,1.5599490574428012e-05,497,1,0
205,5,3,0,1,1,15.548155648367745,"[0.0, 15.548155648367745]",15.548155648367745,14.285714285714285,15.548155648367745,9.1166666666667,0,1,0,143.66389998234808,1.5548155648367744e-05,547,1,0
205,6,55,0,1,1,15.513131277901785,"[0.0, 15.513131277901785]",15.513131277901785,14.285714285714285,15.513131277901785,9.350000000000044,0,1,0,142.77148232469335,1.5513131277901783e-05,561,1,0
205,7,4,0,1,1,15.500875200544083,"[0.0, 15.500875200544083]",15.500875200544083,14.285714285714285,15.500875200544083,8.933333333333357,0,1,0,141.63256164640188,1.5500875200544084e-05,536,1,0
205,8,5,0,1,1,15.48877171107701,"[0.0, 15.48877171107701]",15.48877171107701,14.285714285714285,15.48877171107701,8.750000000000014,0,1,0,139.45626084320247,1.548877171107701e-05,525,1,0
205,9,6,0,0,1,15.448570251464844,"[0.0, 15.448570251464844]",15.448570251464844,14.285714285714285,15.448570251464844,8.066666666666647,0,1,0,136.9978540316224,1.5448570251464845e-05,484,1,0
205,10,7,0,0,1,15.418406895228795,"[0.0, 15.418406895228795]",15.418406895228795,14.285714285714285,15.418406895228795,7.033333333333314,0,1,0,132.94597525894642,1.5418406895228794e-05,422,1,0
205,11,39,0,0,1,14.925564357212611,"[0.0, 14.925564357212611]",14.925564357212611,14.285714285714285,14.925564357212611,6.733333333333315,0,1,0,133.94599516689777,1.4925564357212611e-05,404,1,0
205,12,48,0,0,1,14.828453063964844,"[0.0, 14.828453063964844]",14.828453063964844,14.285714285714285,14.828453063964844,9.616666666666724,0,1,0,142.99356901319697,1.4828453063964843e-05,577,1,0
205,13,9,0,0,1,14.577582223074778,"[0.0, 14.577582223074778]",14.577582223074778,14.285714285714285,14.577582223074778,10.166666666666751,0,1,0,140.51547782505077,1.4577582223074778e-05,610,1,0
205,14,31,0,0,1,11.404884883335658,"[0.0, 11.404884883335658]",11.404884883335658,8.571428571428571,11.404884883335658,5.883333333333318,0,1,0,99.64605711400509,1.1404884883335657e-05,353,1,0
205,15,19,0,0,1,11.177692413330078,"[0.0, 11.177692413330078]",11.177692413330078,8.571428571428571,11.177692413330078,5.883333333333318,0,1,0,101.06002317368984,1.1177692413330079e-05,353,1,0
205,16,52,0,0,1,11.165024893624443,"[0.0, 11.165024893624443]",11.165024893624443,8.571428571428571,11.165024893624443,5.749999999999985,0,1,0,102.52944459021091,1.1165024893624443e-05,345,1,0
205,17,46,0,0,1,10.996229989188059,"[0.0, 10.996229989188059]",10.996229989188059,8.571428571428571,10.996229989188059,5.833333333333318,0,1,0,101.36844274401665,1.0996229989188058e-05,350,1,0
205,18,27,0,0,1,10.973671504429408,"[0.0, 10.973671504429408]",10.973671504429408,8.571428571428571,10.973671504429408,6.5333333333333155,0,1,0,99.83052331954241,1.0973671504429408e-05,392,1,0
205,19,25,0,0,1,10.96883773803711,"[0.0, 10.96883773803711]",10.96883773803711,8.571428571428571,10.96883773803711,5.783333333333318,0,1,0,99.76647883653641,1.0968837738037109e-05,347,1,0
205,20,40,0,0,1,10.91050284249442,"[0.0, 10.91050284249442]",10.91050284249442,8.571428571428571,10.91050284249442,5.749999999999985,0,1,0,98.65514086186886,1.091050284249442e-05,345,1,0
205,21,29,0,0,1,10.679492950439453,"[0.0, 10.679492950439453]",10.679492950439453,8.571428571428571,10.679492950439453,5.799999999999985,0,1,0,95.86261082440615,1.0679492950439453e-05,348,1,0
205,22,18,0,0,1,10.566185542515345,"[0.0, 10.566185542515345]",10.566185542515345,8.571428571428571,10.566185542515345,5.649999999999985,0,1,0,94.83628173172474,1.0566185542515346e-05,339,1,0
205,23,47,0,0,1,10.464357648577009,"[0.0, 10.464357648577009]",10.464357648577009,8.571428571428571,10.464357648577009,6.199999999999983,0,1,0,98.44017995148897,1.0464357648577009e-05,372,1,0
205,24,26,0,0,1,10.415962764195033,"[0.0, 10.415962764195033]",10.415962764195033,8.571428571428571,10.415962764195033,5.549999999999986,0,1,0,98.2984122633934,1.0415962764195033e-05,333,1,0
205,25,37,0,0,1,10.309554508754186,"[0.0, 10.309554508754186]",10.309554508754186,8.571428571428571,10.309554508754186,5.599999999999985,0,1,0,93.6981495320797,1.0309554508754186e-05,336,1,0
205,26,10,0,0,1,10.05446025303432,"[0.0, 10.05446025303432]",10.05446025303432,8.571428571428571,10.05446025303432,3.299999999999993,0,1,0,86.89535813033581,1.0054460253034319e-05,198,1,0
205,27,58,0,0,1,9.95039803641183,"[0.0, 9.95039803641183]",9.95039803641183,8.571428571428571,9.95039803641183,3.3166666666666598,0,1,0,87.59519250690937,9.95039803641183e-06,199,1,0
205,28,23,0,0,1,9.926460811070033,"[0.0, 9.926460811070033]",9.926460811070033,8.571428571428571,9.926460811070033,5.416666666666653,0,1,0,94.49821574985981,9.926460811070034e-06,325,1,0
205,29,30,0,0,1,9.925594329833984,"[0.0, 9.925594329833984]",9.925594329833984,8.571428571428571,9.925594329833984,5.433333333333319,0,1,0,95.04399575293064,9.925594329833985e-06,326,1,0
205,30,36,0,0,1,9.868954249790736,"[0.0, 9.868954249790736]",9.868954249790736,8.571428571428571,9.868954249790736,3.299999999999993,0,1,0,86.89551696181297,9.868954249790737e-06,198,1,0
205,31,44,0,0,1,9.620982578822543,"[0.0, 9.620982578822543]",9.620982578822543,8.571428571428571,9.620982578822543,3.2499999999999933,0,1,0,84.81102083623409,9.620982578822544e-06,195,1,0
205,32,33,0,0,1,9.495582580566406,"[0.0, 9.495582580566406]",9.495582580566406,8.571428571428571,9.495582580566406,3.26666666666666,0,1,0,85.50367319583893,9.495582580566406e-06,196,1,0
205,33,61,0,0,0,9.406980787004743,"[0.0, 9.406980787004743]",9.406980787004743,8.571428571428571,9.406980787004743,5.316666666666653,0,1,0,86.12724241614342,9.406980787004742e-06,319,1,0
205,34,59,0,0,0,9.370370592389786,"[0.0, 9.370370592389786]",9.370370592389786,8.571428571428571,9.370370592389786,5.366666666666653,0,1,0,90.76573213934898,9.370370592389787e-06,322,1,0
205,35,51,0,0,0,9.03172356741769,"[0.0, 9.03172356741769]",9.03172356741769,8.571428571428571,9.03172356741769,3.2333333333333267,0,1,0,84.12076222896576,9.03172356741769e-06,194,1,0
205,36,32,0,0,0,8.83593967982701,"[0.0, 8.83593967982701]",8.83593967982701,8.571428571428571,8.83593967982701,5.266666666666653,0,1,0,87.08754746615887,8.83593967982701e-06,316,1,0
205,37,28,0,0,0,8.633177621023995,"[0.0, 8.633177621023995]",8.633177621023995,8.571428571428571,8.633177621023995,3.1999999999999935,0,1,0,82.74674139916897,8.633177621023995e-06,192,1,0
205,38,62,0,0,0,8.550750187465123,"[0.0, 8.550750187465123]",8.550750187465123,5.714285714285714,8.550750187465123,7.783333333333311,0,1,0,66.5507514646306,8.550750187465123e-06,467,1,0
205,39,38,0,0,0,8.545878274100167,"[0.0, 8.545878274100167]",8.545878274100167,5.714285714285714,8.545878274100167,8.71666666666668,0,1,0,73.68511321456026,8.545878274100167e-06,523,1,0
205,40,49,0,0,0,8.448614392961774,"[0.0, 8.448614392961774]",8.448614392961774,5.714285714285714,8.448614392961774,5.3833333333333195,0,1,0,59.404470819979906,8.448614392961775e-06,323,1,0
205,41,56,0,0,0,8.398982456752233,"[0.0, 8.398982456752233]",8.398982456752233,5.714285714285714,8.398982456752233,6.783333333333315,0,1,0,59.872037425258895,8.398982456752233e-06,407,1,0
205,42,17,0,0,0,8.39028767177037,"[0.0, 8.39028767177037]",8.39028767177037,5.714285714285714,8.39028767177037,5.799999999999985,0,1,0,85.60115482658148,8.39028767177037e-06,348,1,0
205,43,8,0,0,0,8.365137917654856,"[0.0, 8.365137917654856]",8.365137917654856,5.714285714285714,8.365137917654856,7.316666666666646,0,1,0,57.63327695215412,8.365137917654856e-06,439,1,0
205,44,20,0,0,0,8.342680249895368,"[0.0, 8.342680249895368]",8.342680249895368,5.714285714285714,8.342680249895368,6.583333333333315,0,1,0,59.00047562656982,8.342680249895368e-06,395,1,0
205,45,14,0,0,0,8.048019409179688,"[0.0, 8.048019409179688]",8.048019409179688,5.714285714285714,8.048019409179688,3.133333333333327,0,1,0,80.02554181218147,8.048019409179687e-06,188,1,0
205,46,53,0,0,0,7.486555916922432,"[0.0, 7.486555916922432]",7.486555916922432,5.714285714285714,7.486555916922432,3.016666666666661,0,1,0,75.35190126299858,7.486555916922433e-06,181,1,0
205,47,16,0,0,0,7.230213710239955,"[0.0, 7.230213710239955]",7.230213710239955,5.714285714285714,7.230213710239955,4.016666666666658,0,1,0,74.29711993038654,7.230213710239955e-06,241,1,0
205,48,15,0,0,0,7.142857142857142,"[0.0, 7.142857142857142]",7.142857142857142,5.714285714285714,7.142857142857142,2.916666666666661,0,1,0,71.43596957623959,7.142857142857143e-06,175,1,0
205,49,42,0,0,0,6.705142429896764,"[0.0, 6.705142429896764]",6.705142429896764,5.714285714285714,6.705142429896764,4.19999999999999,0,1,0,61.00019793212414,6.705142429896764e-06,252,1,0
205,50,22,0,0,0,6.344898768833705,"[0.0, 6.344898768833705]",6.344898768833705,5.714285714285714,6.344898768833705,7.366666666666646,0,1,0,58.58130131233338,6.344898768833705e-06,442,1,0
205,51,43,0,0,0,6.310768127441406,"[0.0, 6.310768127441406]",6.310768127441406,5.714285714285714,6.310768127441406,7.366666666666646,0,1,0,58.601364727575856,6.3107681274414065e-06,442,1,0
205,52,13,0,0,0,6.174910409109933,"[0.0, 6.174910409109933]",6.174910409109933,5.714285714285714,6.174910409109933,7.333333333333313,0,1,0,57.38501542786253,6.174910409109933e-06,440,1,0
205,53,57,0,0,0,5.980725969587054,"[0.0, 5.980725969587054]",5.980725969587054,5.714285714285714,5.980725969587054,4.433333333333323,0,1,0,55.7068220153451,5.980725969587054e-06,266,1,0
205,54,21,0,0,0,5.820557730538504,"[0.0, 5.820557730538504]",5.820557730538504,5.714285714285714,5.820557730538504,3.9166666666666576,0,1,0,53.012702599167824,5.820557730538504e-06,235,1,0
205,55,41,0,0,0,5.6897735595703125,"[0.0, 5.6897735595703125]",5.6897735595703125,2.857142857142857,5.6897735595703125,3.683333333333325,0,1,0,51.4863755851984,5.689773559570313e-06,221,1,0
205,56,60,0,0,0,5.418962751116071,"[0.0, 5.418962751116071]",5.418962751116071,2.857142857142857,5.418962751116071,6.883333333333314,0,1,0,47.82602918577322,5.418962751116071e-06,413,1,0
205,57,12,0,0,0,5.277846200125557,"[0.0, 5.277846200125557]",5.277846200125557,2.857142857142857,5.277846200125557,3.049999999999994,0,1,0,46.093619391322136,5.277846200125557e-06,183,1,0
205,58,24,0,0,0,4.868583679199219,"[0.0, 4.868583679199219]",4.868583679199219,2.857142857142857,4.868583679199219,2.5999999999999956,0,1,0,41.076501712203026,4.868583679199219e-06,156,1,0
205,59,63,0,0,0,4.855875287737165,"[0.0, 4.855875287737165]",4.855875287737165,2.857142857142857,4.855875287737165,2.5999999999999956,0,1,0,41.07706581056118,4.8558752877371645e-06,156,1,0
205,60,50,0,0,0,4.813276018415179,"[0.0, 4.813276018415179]",4.813276018415179,2.857142857142857,4.813276018415179,6.383333333333316,0,1,0,39.509816411547945,4.8132760184151785e-06,383,1,0
205,61,34,0,0,0,2.1114785330636163,"[0.0, 2.1114785330636163]",2.1114785330636163,0.0,2.1114785330636163,5.016666666666654,0,1,0,7.706120221657329,2.1114785330636164e-06,301,1,0
205,62,45,0,0,0,2.1089553833007812,"[0.0, 2.1089553833007812]",2.1089553833007812,0.0,2.1089553833007812,5.016666666666654,0,1,0,7.706317886295437,2.108955383300781e-06,301,1,0
205,63,35,0,0,0,1.8618120465959822,"[0.0, 1.8618120465959822]",1.8618120465959822,0.0,1.8618120465959822,5.016666666666654,0,1,0,5.030117778980639,1.8618120465959823e-06,301,1,0
205,64,11,0,0,0,1.5686416625976565,"[0.0, 1.5686416625976565]",1.5686416625976565,0.0,1.5686416625976565,5.016666666666654,0,1,0,8.926630322821438,1.5686416625976565e-06,301,1,0
206,1,0,0,1,1,15.883047921316965,"[0.0, 15.883047921316965]",15.883047921316965,14.285714285714285,15.883047921316965,9.100000000000032,0,1,0,140.93718819320202,1.5883047921316966e-05,546,1,0
206,2,1,0,1,1,15.70751190185547,"[0.0, 15.70751190185547]",15.70751190185547,14.285714285714285,15.70751190185547,9.633333333333391,0,1,0,146.96501969200472,1.570751190185547e-05,578,1,0
206,3,2,0,1,1,15.644367762974332,"[0.0, 15.644367762974332]",15.644367762974332,14.285714285714285,15.644367762974332,8.016666666666644,0,1,0,136.0753976404667,1.564436776297433e-05,481,1,0
206,4,3,0,1,1,15.599490574428012,"[0.0, 15.599490574428012]",15.599490574428012,14.285714285714285,15.599490574428012,8.283333333333324,0,1,0,139.76457184180617,1.5599490574428012e-05,497,1,0
206,5,4,0,1,1,15.548155648367745,"[0.0, 15.548155648367745]",15.548155648367745,14.285714285714285,15.548155648367745,9.1166666666667,0,1,0,143.66389998234808,1.5548155648367744e-05,547,1,0
206,6,23,0,1,1,15.532313755580358,"[0.0, 15.532313755580358]",15.532313755580358,14.285714285714285,15.532313755580358,8.966666666666692,0,1,0,144.10192952863872,1.5532313755580358e-05,538,1,0
206,7,5,0,1,1,15.513131277901785,"[0.0, 15.513131277901785]",15.513131277901785,14.285714285714285,15.513131277901785,9.350000000000044,0,1,0,142.77148232469335,1.5513131277901783e-05,561,1,0
206,8,6,0,1,1,15.500875200544083,"[0.0, 15.500875200544083]",15.500875200544083,14.285714285714285,15.500875200544083,8.933333333333357,0,1,0,141.63256164640188,1.5500875200544084e-05,536,1,0
206,9,7,0,0,1,15.48877171107701,"[0.0, 15.48877171107701]",15.48877171107701,14.285714285714285,15.48877171107701,8.750000000000014,0,1,0,139.45626084320247,1.548877171107701e-05,525,1,0
206,10,37,0,0,1,15.25503431047712,"[0.0, 15.25503431047712]",15.25503431047712,14.285714285714285,15.25503431047712,6.816666666666648,0,1,0,133.71311040222645,1.525503431047712e-05,409,1,0
206,11,49,0,0,1,14.813581194196429,"[0.0, 14.813581194196429]",14.813581194196429,14.285714285714285,14.813581194196429,7.649999999999978,0,1,0,132.7872158885002,1.481358119419643e-05,459,1,0
206,12,12,0,0,1,14.761129106794085,"[0.0, 14.761129106794085]",14.761129106794085,14.285714285714285,14.761129106794085,9.950000000000074,0,1,0,141.05533144808578,1.4761129106794084e-05,597,1,0
206,13,63,0,0,1,14.681058611188616,"[0.0, 14.681058611188616]",14.681058611188616,14.285714285714285,14.681058611188616,6.866666666666648,0,1,0,133.80714638531208,1.4681058611188616e-05,412,1,0
206,14,39,0,0,1,14.491255623953684,"[0.0, 14.491255623953684]",14.491255623953684,14.285714285714285,14.491255623953684,8.65000000000001,0,1,0,134.1556941382587,1.4491255623953685e-05,519,1,0
206,15,26,0,0,1,11.675213405064174,"[0.0, 11.675213405064174]",11.675213405064174,11.428571428571429,11.675213405064174,7.433333333333312,0,1,0,106.79293264448643,1.1675213405064173e-05,446,1,0
206,16,25,0,0,1,11.349985940115792,"[0.0, 11.349985940115792]",11.349985940115792,8.571428571428571,11.349985940115792,5.866666666666651,0,1,0,102.589545160532,1.1349985940115792e-05,352,1,0
206,17,34,0,0,1,11.34096690586635,"[0.0, 11.34096690586635]",11.34096690586635,8.571428571428571,11.34096690586635,5.8499999999999845,0,1,0,100.84766837954521,1.134096690586635e-05,351,1,0
206,18,57,0,0,1,11.172624315534318,"[0.0, 11.172624315534318]",11.172624315534318,8.571428571428571,11.172624315534318,5.816666666666651,0,1,0,100.88846558332443,1.1172624315534317e-05,349,1,0
206,19,40,0,0,1,11.16619382585798,"[0.0, 11.16619382585798]",11.16619382585798,8.571428571428571,11.16619382585798,5.866666666666651,0,1,0,101.67385278642178,1.116619382585798e-05,352,1,0
206,20,13,0,0,1,11.091215951102122,"[0.0, 11.091215951102122]",11.091215951102122,8.571428571428571,11.091215951102122,5.783333333333318,0,1,0,98.0549458861351,1.1091215951102121e-05,347,1,0
206,21,41,0,0,1,10.976112910679408,"[0.0, 10.976112910679408]",10.976112910679408,8.571428571428571,10.976112910679408,5.799999999999985,0,1,0,103.71807643771172,1.0976112910679409e-05,348,1,0
206,22,14,0,0,1,10.964134761265345,"[0.0, 10.964134761265345]",10.964134761265345,8.571428571428571,10.964134761265345,5.866666666666651,0,1,0,97.01970794796944,1.0964134761265346e-05,352,1,0
206,23,20,0,0,1,10.809304373604911,"[0.0, 10.809304373604911]",10.809304373604911,8.571428571428571,10.809304373604911,5.699999999999985,0,1,0,97.00717571377754,1.080930437360491e-05,342,1,0
206,24,50,0,0,1,10.613855634416852,"[0.0, 10.613855634416852]",10.613855634416852,8.571428571428571,10.613855634416852,4.316666666666657,0,1,0,92.43530622124672,1.0613855634416853e-05,259,1,0
206,25,28,0,0,1,10.601722172328405,"[0.0, 10.601722172328405]",10.601722172328405,8.571428571428571,10.601722172328405,5.566666666666652,0,1,0,92.72623638808727,1.0601722172328405e-05,334,1,0
206,26,52,0,0,1,10.592155456542969,"[0.0, 10.592155456542969]",10.592155456542969,8.571428571428571,10.592155456542969,5.633333333333319,0,1,0,92.69825579226017,1.059215545654297e-05,338,1,0
206,27,9,0,0,1,10.511289324079241,"[0.0, 10.511289324079241]",10.511289324079241,8.571428571428571,10.511289324079241,5.616666666666652,0,1,0,98.58651408553123,1.0511289324079241e-05,337,1,0
206,28,45,0,0,1,10.393115452357701,"[0.0, 10.393115452357701]",10.393115452357701,8.571428571428571,10.393115452357701,5.666666666666652,0,1,0,96.30395093560219,1.0393115452357701e-05,340,1,0
206,29,53,0,0,1,10.342284611293248,"[0.0, 10.342284611293248]",10.342284611293248,8.571428571428571,10.342284611293248,5.533333333333319,0,1,0,95.8381357640028,1.0342284611293248e-05,332,1,0
206,30,54,0,0,1,10.301194872174944,"[0.0, 10.301194872174944]",10.301194872174944,8.571428571428571,10.301194872174944,5.716666666666652,0,1,0,96.31714889407158,1.0301194872174944e-05,343,1,0
206,31,58,0,0,1,10.256985255650111,"[0.0, 10.256985255650111]",10.256985255650111,8.571428571428571,10.256985255650111,5.516666666666652,0,1,0,94.39183503389359,1.0256985255650111e-05,331,1,0
206,32,48,0,0,1,9.989885602678573,"[0.0, 9.989885602678573]",9.989885602678573,8.571428571428571,9.989885602678573,5.549999999999986,0,1,0,92.64305345714092,9.989885602678573e-06,333,1,0
206,33,21,0,0,0,9.642530168805804,"[0.0, 9.642530168805804]",9.642530168805804,8.571428571428571,9.642530168805804,5.249999999999987,0,1,0,92.06681394577026,9.642530168805804e-06,315,1,0
206,34,30,0,0,0,9.557176317487444,"[0.0, 9.557176317487444]",9.557176317487444,8.571428571428571,9.557176317487444,3.2499999999999933,0,1,0,84.81083163619041,9.557176317487444e-06,195,1,0
206,35,22,0,0,0,9.427065168108259,"[0.0, 9.427065168108259]",9.427065168108259,8.571428571428571,9.427065168108259,3.26666666666666,0,1,0,85.50346161425114,9.427065168108258e-06,196,1,0
206,36,46,0,0,0,9.413476671491349,"[0.0, 9.413476671491349]",9.413476671491349,8.571428571428571,9.413476671491349,5.316666666666653,0,1,0,89.71403583884239,9.413476671491349e-06,319,1,0
206,37,8,0,0,0,9.334948403494698,"[0.0, 9.334948403494698]",9.334948403494698,8.571428571428571,9.334948403494698,5.399999999999986,0,1,0,91.57512268424034,9.334948403494697e-06,324,1,0
206,38,42,0,0,0,9.329024723597936,"[0.0, 9.329024723597936]",9.329024723597936,8.571428571428571,9.329024723597936,3.2499999999999933,0,1,0,84.81089016795158,9.329024723597937e-06,195,1,0
206,39,43,0,0,0,9.179821014404297,"[0.0, 9.179821014404297]",9.179821014404297,8.571428571428571,9.179821014404297,5.249999999999987,0,1,0,88.03970332443714,9.179821014404297e-06,315,1,0
206,40,36,0,0,0,9.052693503243582,"[0.0, 9.052693503243582]",9.052693503243582,8.571428571428571,9.052693503243582,3.2333333333333267,0,1,0,84.12006086111069,9.052693503243582e-06,194,1,0
206,41,33,0,0,0,8.876770564488004,"[0.0, 8.876770564488004]",8.876770564488004,8.571428571428571,8.876770564488004,3.21666666666666,0,1,0,83.43253868818283,8.876770564488003e-06,193,1,0
206,42,44,0,0,0,8.631951468331474,"[0.0, 8.631951468331474]",8.631951468331474,8.571428571428571,8.631951468331474,3.3166666666666598,0,1,0,83.74802495539188,8.631951468331475e-06,199,1,0
206,43,27,0,0,0,8.597894396100724,"[0.0, 8.597894396100724]",8.597894396100724,8.571428571428571,8.597894396100724,3.183333333333327,0,1,0,82.06325413286686,8.597894396100724e-06,191,1,0
206,44,51,0,0,0,8.53888920375279,"[0.0, 8.53888920375279]",8.53888920375279,5.714285714285714,8.53888920375279,5.13333333333332,0,1,0,84.0178615450859,8.53888920375279e-06,308,1,0
206,45,55,0,0,0,8.43815667288644,"[0.0, 8.43815667288644]",8.43815667288644,5.714285714285714,8.43815667288644,7.366666666666646,0,1,0,63.60819602425909,8.438156672886439e-06,442,1,0
206,46,11,0,0,0,8.15338134765625,"[0.0, 8.15338134765625]",8.15338134765625,5.714285714285714,8.15338134765625,7.449999999999979,0,1,0,58.945132642344106,8.15338134765625e-06,447,1,0
206,47,15,0,0,0,8.043430873325892,"[0.0, 8.043430873325892]",8.043430873325892,5.714285714285714,8.043430873325892,3.133333333333327,0,1,0,80.02563737332821,8.043430873325892e-06,188,1,0
206,48,38,0,0,0,8.025801522391184,"[0.0, 8.025801522391184]",8.025801522391184,5.714285714285714,8.025801522391184,3.1499999999999937,0,1,0,80.70256744325161,8.025801522391183e-06,189,1,0
206,49,47,0,0,0,7.481637682233538,"[0.0, 7.481637682233538]",7.481637682233538,5.714285714285714,7.481637682233538,3.0333333333333274,0,1,0,76.01267468929291,7.481637682233539e-06,182,1,0
206,50,24,0,0,0,6.333372933523995,"[0.0, 6.333372933523995]",6.333372933523995,5.714285714285714,6.333372933523995,7.499999999999979,0,1,0,59.288959258410614,6.333372933523995e-06,450,1,0
206,51,60,0,0,0,6.260343279157365,"[0.0, 6.260343279157365]",6.260343279157365,5.714285714285714,6.260343279157365,7.366666666666646,0,1,0,58.581928444808,6.260343279157365e-06,442,1,0
206,52,19,0,0,0,6.209934779575893,"[0.0, 6.209934779575893]",6.209934779575893,5.714285714285714,6.209934779575893,7.316666666666646,0,1,0,57.63365141907707,6.209934779575893e-06,439,1,0
206,53,29,0,0,0,6.202392578125,"[0.0, 6.202392578125]",6.202392578125,5.714285714285714,6.202392578125,7.316666666666646,0,1,0,57.71885575199849,6.202392578125e-06,439,1,0
206,54,17,0,0,0,5.853467668805804,"[0.0, 5.853467668805804]",5.853467668805804,5.714285714285714,5.853467668805804,3.6166666666666587,0,1,0,53.81803874671459,5.853467668805804e-06,217,1,0
206,55,18,0,0,0,5.688367571149554,"[0.0, 5.688367571149554]",5.688367571149554,2.857142857142857,5.688367571149554,6.449999999999982,0,1,0,49.1495013810636,5.688367571149554e-06,387,1,0
206,56,16,0,0,0,5.636089869907924,"[0.0, 5.636089869907924]",5.636089869907924,2.857142857142857,5.636089869907924,3.683333333333325,0,1,0,50.75333617627621,5.636089869907923e-06,221,1,0
206,57,32,0,0,0,5.6333432878766745,"[0.0, 5.6333432878766745]",5.6333432878766745,2.857142857142857,5.6333432878766745,3.5833333333333255,0,1,0,50.758809104561806,5.633343287876675e-06,215,1,0
206,58,62,0,0,0,5.607000078473772,"[0.0, 5.607000078473772]",5.607000078473772,2.857142857142857,5.607000078473772,3.5333333333333257,0,1,0,50.37790484726429,5.607000078473771e-06,212,1,0
206,59,59,0,0,0,5.5517578125,"[0.0, 5.5517578125]",5.5517578125,2.857142857142857,5.5517578125,7.4666666666666455,0,1,0,48.473617789684795,5.5517578125e-06,448,1,0
206,60,35,0,0,0,5.366723196847098,"[0.0, 5.366723196847098]",5.366723196847098,2.857142857142857,5.366723196847098,3.1666666666666603,0,1,0,47.22924239933491,5.366723196847098e-06,190,1,0
206,61,31,0,0,0,2.7104786464146207,"[0.0, 2.7104786464146207]",2.7104786464146207,0.0,2.7104786464146207,6.249999999999983,0,1,0,19.572822011556127,2.7104786464146205e-06,375,1,0
206,62,61,0,0,0,2.514512198311942,"[0.0, 2.514512198311942]",2.514512198311942,0.0,2.514512198311942,5.016666666666654,0,1,0,28.84116874926258,2.5145121983119417e-06,301,1,0
206,63,10,0,0,0,2.3472377232142856,"[0.0, 2.3472377232142856]",2.3472377232142856,0.0,2.3472377232142856,5.016666666666654,0,1,0,12.018955147708766,2.3472377232142857e-06,301,1,0
206,64,56,0,0,0,2.111462184361049,"[0.0, 2.111462184361049]",2.111462184361049,0.0,2.111462184361049,5.016666666666654,0,1,0,7.705643712833989,2.111462184361049e-06,301,1,0
207,1,0,0,1,1,15.883047921316965,"[0.0, 15.883047921316965]",15.883047921316965,14.285714285714285,15.883047921316965,9.100000000000032,0,1,0,140.93718819320202,1.5883047921316966e-05,546,1,0
207,2,1,0,1,1,15.70751190185547,"[0.0, 15.70751190185547]",15.70751190185547,14.285714285714285,15.70751190185547,9.633333333333391,0,1,0,146.96501969200472,1.570751190185547e-05,578,1,0
207,3,9,0,1,1,15.67197527204241,"[0.0, 15.67197527204241]",15.67197527204241,14.285714285714285,15.67197527204241,9.716666666666729,0,1,0,148.1015421011325,1.567197527204241e-05,583,1,0
207,4,2,0,1,1,15.644367762974332,"[0.0, 15.644367762974332]",15.644367762974332,14.285714285714285,15.644367762974332,8.016666666666644,0,1,0,136.0753976404667,1.564436776297433e-05,481,1,0
207,5,3,0,1,1,15.599490574428012,"[0.0, 15.599490574428012]",15.599490574428012,14.285714285714285,15.599490574428012,8.283333333333324,0,1,0,139.76457184180617,1.5599490574428012e-05,497,1,0
207,6,29,0,1,1,15.596847534179686,"[0.0, 15.596847534179686]",15.596847534179686,14.285714285714285,15.596847534179686,9.200000000000037,0,1,0,144.85114290751517,1.5596847534179686e-05,552,1,0
207,7,4,0,1,1,15.548155648367745,"[0.0, 15.548155648367745]",15.548155648367745,14.285714285714285,15.548155648367745,9.1166666666667,0,1,0,143.66389998234808,1.5548155648367744e-05,547,1,0
207,8,5,0,1,1,15.532313755580358,"[0.0, 15.532313755580358]",15.532313755580358,14.285714285714285,15.532313755580358,8.966666666666692,0,1,0,144.10192952863872,1.5532313755580358e-05,538,1,0
207,9,6,0,0,1,15.513131277901785,"[0.0, 15.513131277901785]",15.513131277901785,14.285714285714285,15.513131277901785,9.350000000000044,0,1,0,142.77148232469335,1.5513131277901783e-05,561,1,0
207,10,7,0,0,1,15.500875200544083,"[0.0, 15.500875200544083]",15.500875200544083,14.285714285714285,15.500875200544083,8.933333333333357,0,1,0,141.63256164640188,1.5500875200544084e-05,536,1,0
207,11,24,0,0,1,15.472668239048549,"[0.0, 15.472668239048549]",15.472668239048549,14.285714285714285,15.472668239048549,8.466666666666667,0,1,0,134.59072397649288,1.547266823904855e-05,508,1,0
207,12,8,0,0,1,14.638486589704241,"[0.0, 14.638486589704241]",14.638486589704241,14.285714285714285,14.638486589704241,5.199999999999987,0,1,0,126.90319429337978,1.4638486589704242e-05,312,1,0
207,13,14,0,0,1,14.594263349260602,"[0.0, 14.594263349260602]",14.594263349260602,14.285714285714285,14.594263349260602,6.633333333333315,0,1,0,128.78389038145542,1.4594263349260603e-05,398,1,0
207,14,47,0,0,1,11.50402341570173,"[0.0, 11.50402341570173]",11.50402341570173,11.428571428571429,11.50402341570173,7.216666666666646,0,1,0,106.5153706073761,1.1504023415701729e-05,433,1,0
207,15,41,0,0,1,11.385282788957868,"[0.0, 11.385282788957868]",11.385282788957868,8.571428571428571,11.385282788957868,5.866666666666651,0,1,0,102.5895779132843,1.1385282788957868e-05,352,1,0
207,16,17,0,0,1,11.019017355782646,"[0.0, 11.019017355782646]",11.019017355782646,8.571428571428571,11.019017355782646,5.799999999999985,0,1,0,97.6612800359726,1.1019017355782646e-05,348,1,0
207,17,18,0,0,1,10.934731619698661,"[0.0, 10.934731619698661]",10.934731619698661,8.571428571428571,10.934731619698661,5.749999999999985,0,1,0,97.52473020553589,1.0934731619698661e-05,345,1,0
207,18,12,0,0,1,10.832601274762835,"[0.0, 10.832601274762835]",10.832601274762835,8.571428571428571,10.832601274762835,5.599999999999985,0,1,0,96.29088327288628,1.0832601274762836e-05,336,1,0
207,19,52,0,0,1,10.770157405308314,"[0.0, 10.770157405308314]",10.770157405308314,8.571428571428571,10.770157405308314,5.716666666666652,0,1,0,96.99392542243004,1.0770157405308314e-05,343,1,0
207,20,42,0,0,1,10.729252951485769,"[0.0, 10.729252951485769]",10.729252951485769,8.571428571428571,10.729252951485769,5.616666666666652,0,1,0,99.85651123523712,1.0729252951485768e-05,337,1,0
207,21,62,0,0,1,10.719893319266182,"[0.0, 10.719893319266182]",10.719893319266182,8.571428571428571,10.719893319266182,6.133333333333317,0,1,0,99.6582752019167,1.0719893319266182e-05,368,1,0
207,22,46,0,0,1,10.658463069370814,"[0.0, 10.658463069370814]",10.658463069370814,8.571428571428571,10.658463069370814,5.399999999999986,0,1,0,99.79032126069069,1.0658463069370814e-05,324,1,0
207,23,54,0,0,1,10.584681374686104,"[0.0, 10.584681374686104]",10.584681374686104,8.571428571428571,10.584681374686104,5.666666666666652,0,1,0,99.42778749763966,1.0584681374686104e-05,340,1,0
207,24,28,0,0,1,10.385096413748606,"[0.0, 10.385096413748606]",10.385096413748606,8.571428571428571,10.385096413748606,5.549999999999986,0,1,0,95.83710785210133,1.0385096413748606e-05,333,1,0
207,25,48,0,0,1,10.381178174700057,"[0.0, 10.381178174700057]",10.381178174700057,8.571428571428571,10.381178174700057,5.483333333333319,0,1,0,95.45488514006138,1.0381178174700057e-05,329,1,0
207,26,36,0,0,1,10.36041259765625,"[0.0, 10.36041259765625]",10.36041259765625,8.571428571428571,10.36041259765625,5.566666666666652,0,1,0,96.92988000810146,1.036041259765625e-05,334,1,0
207,27,51,0,0,1,10.295922415597099,"[0.0, 10.295922415597099]",10.295922415597099,8.571428571428571,10.295922415597099,5.483333333333319,0,1,0,93.96624816954136,1.02959224155971e-05,329,1,0
207,28,34,0,0,1,10.230456760951451,"[0.0, 10.230456760951451]",10.230456760951451,8.571428571428571,10.230456760951451,5.549999999999986,0,1,0,96.38270798325539,1.0230456760951451e-05,333,1,0
207,29,61,0,0,1,10.174732208251953,"[0.0, 10.174732208251953]",10.174732208251953,8.571428571428571,10.174732208251953,5.566666666666652,0,1,0,96.9298622906208,1.0174732208251953e-05,334,1,0
207,30,45,0,0,1,9.995362418038505,"[0.0, 9.995362418038505]",9.995362418038505,8.571428571428571,9.995362418038505,3.3166666666666598,0,1,0,87.59494622051716,9.995362418038505e-06,199,1,0
207,31,58,0,0,1,9.64315414428711,"[0.0, 9.64315414428711]",9.64315414428711,8.571428571428571,9.64315414428711,5.266666666666653,0,1,0,92.6755728572607,9.64315414428711e-06,316,1,0
207,32,15,0,0,1,9.324542454310826,"[0.0, 9.324542454310826]",9.324542454310826,8.571428571428571,9.324542454310826,7.966666666666644,0,1,0,77.12316679001378,9.324542454310826e-06,478,1,0
207,33,20,0,0,0,8.93101555960519,"[0.0, 8.93101555960519]",8.93101555960519,8.571428571428571,8.93101555960519,3.2333333333333267,0,1,0,83.56558693945408,8.931015559605189e-06,194,1,0
207,34,22,0,0,0,8.918544224330358,"[0.0, 8.918544224330358]",8.918544224330358,8.571428571428571,8.918544224330358,5.083333333333321,0,1,0,85.06904351711273,8.918544224330357e-06,305,1,0
207,35,25,0,0,0,8.896713256835938,"[0.0, 8.896713256835938]",8.896713256835938,8.571428571428571,8.896713256835938,7.283333333333313,0,1,0,68.89906548663566,8.896713256835937e-06,437,1,0
207,36,16,0,0,0,8.69812284197126,"[0.0, 8.69812284197126]",8.69812284197126,8.571428571428571,8.69812284197126,3.2333333333333267,0,1,0,83.49451823532581,8.69812284197126e-06,194,1,0
207,37,30,0,0,0,8.632193974086217,"[0.0, 8.632193974086217]",8.632193974086217,8.571428571428571,8.632193974086217,7.366666666666646,0,1,0,67.59505026556144,8.632193974086217e-06,442,1,0
207,38,37,0,0,0,8.620673588344028,"[0.0, 8.620673588344028]",8.620673588344028,8.571428571428571,8.620673588344028,8.016666666666644,0,1,0,72.58212452891166,8.620673588344028e-06,481,1,0
207,39,23,0,0,0,8.555853707449778,"[0.0, 8.555853707449778]",8.555853707449778,5.714285714285714,8.555853707449778,4.016666666666658,0,1,0,84.05125749111176,8.555853707449778e-06,241,1,0
207,40,35,0,0,0,7.850379943847656,"[0.0, 7.850379943847656]",7.850379943847656,5.714285714285714,7.850379943847656,3.099999999999994,0,1,0,77.97097271680832,7.850379943847656e-06,186,1,0
207,41,13,0,0,0,6.341231209891183,"[0.0, 6.341231209891183]",6.341231209891183,5.714285714285714,6.341231209891183,7.366666666666646,0,1,0,58.58161419380485,6.341231209891183e-06,442,1,0
207,42,57,0,0,0,6.292877197265626,"[0.0, 6.292877197265626]",6.292877197265626,5.714285714285714,6.292877197265626,7.366666666666646,0,1,0,58.58156992033037,6.292877197265626e-06,442,1,0
207,43,27,0,0,0,6.292326790945871,"[0.0, 6.292326790945871]",6.292326790945871,5.714285714285714,6.292326790945871,7.366666666666646,0,1,0,58.49104823318339,6.2923267909458705e-06,442,1,0
207,44,60,0,0,0,6.288517543247768,"[0.0, 6.288517543247768]",6.288517543247768,5.714285714285714,6.288517543247768,7.366666666666646,0,1,0,58.5821926027711,6.288517543247768e-06,442,1,0
207,45,53,0,0,0,6.287825448172433,"[0.0, 6.287825448172433]",6.287825448172433,5.714285714285714,6.287825448172433,7.366666666666646,0,1,0,58.58191351938876,6.287825448172433e-06,442,1,0
207,46,49,0,0,0,6.287433079310826,"[0.0, 6.287433079310826]",6.287433079310826,5.714285714285714,6.287433079310826,7.366666666666646,0,1,0,58.58151635453396,6.287433079310827e-06,442,1,0
207,47,19,0,0,0,6.279803684779576,"[0.0, 6.279803684779576]",6.279803684779576,5.714285714285714,6.279803684779576,7.316666666666646,0,1,0,57.63309097546153,6.279803684779577e-06,439,1,0
207,48,33,0,0,0,6.263950892857142,"[0.0, 6.263950892857142]",6.263950892857142,5.714285714285714,6.263950892857142,7.366666666666646,0,1,0,58.58151975837245,6.263950892857142e-06,442,1,0
207,49,11,0,0,0,5.904786246163504,"[0.0, 5.904786246163504]",5.904786246163504,5.714285714285714,5.904786246163504,3.983333333333324,0,1,0,54.50814674049616,5.9047862461635045e-06,239,1,0
207,50,38,0,0,0,5.710797991071429,"[0.0, 5.710797991071429]",5.710797991071429,2.857142857142857,5.710797991071429,3.6999999999999917,0,1,0,51.603731997311115,5.710797991071429e-06,222,1,0
207,51,55,0,0,0,5.686765398297991,"[0.0, 5.686765398297991]",5.686765398297991,2.857142857142857,5.686765398297991,6.6999999999999815,0,1,0,50.89224784488033,5.686765398297992e-06,402,1,0
207,52,50,0,0,0,5.680591038295201,"[0.0, 5.680591038295201]",5.680591038295201,2.857142857142857,5.680591038295201,6.949999999999981,0,1,0,49.956585728279606,5.680591038295201e-06,417,1,0
207,53,56,0,0,0,5.673315865652902,"[0.0, 5.673315865652902]",5.673315865652902,2.857142857142857,5.673315865652902,7.19999999999998,0,1,0,50.46436137393903,5.673315865652902e-06,432,1,0
207,54,10,0,0,0,5.633288792201451,"[0.0, 5.633288792201451]",5.633288792201451,2.857142857142857,5.633288792201451,3.4999999999999925,0,1,0,50.11692260205746,5.6332887922014515e-06,210,1,0
207,55,63,0,0,0,5.484286717006139,"[0.0, 5.484286717006139]",5.484286717006139,2.857142857142857,5.484286717006139,3.3166666666666598,0,1,0,48.59325668215752,5.484286717006139e-06,199,1,0
207,56,21,0,0,0,5.464254106794085,"[0.0, 5.464254106794085]",5.464254106794085,2.857142857142857,5.464254106794085,3.2833333333333266,0,1,0,48.29934859275818,5.4642541067940854e-06,197,1,0
207,57,44,0,0,0,5.45928955078125,"[0.0, 5.45928955078125]",5.45928955078125,2.857142857142857,5.45928955078125,6.799999999999981,0,1,0,47.08895610475156,5.45928955078125e-06,408,1,0
207,58,32,0,0,0,5.288538251604353,"[0.0, 5.288538251604353]",5.288538251604353,2.857142857142857,5.288538251604353,2.966666666666661,0,1,0,46.16981162130833,5.288538251604353e-06,178,1,0
207,59,59,0,0,0,5.268592834472656,"[0.0, 5.268592834472656]",5.268592834472656,2.857142857142857,5.268592834472656,3.0333333333333274,0,1,0,46.00146475434303,5.268592834472656e-06,182,1,0
207,60,26,0,0,0,2.111870901925223,"[0.0, 2.111870901925223]",2.111870901925223,0.0,2.111870901925223,5.016666666666654,0,1,0,7.7057693759852555,2.1118709019252233e-06,301,1,0
207,61,40,0,0,0,1.8753433227539065,"[0.0, 1.8753433227539065]",1.8753433227539065,0.0,1.8753433227539065,5.016666666666654,0,1,0,5.174867863534018,1.8753433227539064e-06,301,1,0
207,62,43,0,0,0,1.8739482334681918,"[0.0, 1.8739482334681918]",1.8739482334681918,0.0,1.8739482334681918,5.016666666666654,0,1,0,5.174930592649616,1.8739482334681919e-06,301,1,0
207,63,31,0,0,0,1.8714632306780135,"[0.0, 1.8714632306780135]",1.8714632306780135,0.0,1.8714632306780135,5.016666666666654,0,1,0,5.182183396471373,1.8714632306780135e-06,301,1,0
207,64,39,0,0,0,0.0,"[0.0, 0.0]",0.0,0.0,0.0,13.416666666666913,0,1,0,97.03895235224627,0.0,805,1,0
208,1,0,0,1,1,15.883047921316965,"[0.0, 15.883047921316965]",15.883047921316965,14.285714285714285,15.883047921316965,9.100000000000032,0,1,0,140.93718819320202,1.5883047921316966e-05,546,1,0
208,2,18,0,1,1,15.852350507463727,"[0.0, 15.852350507463727]",15.852350507463727,14.285714285714285,15.852350507463727,8.71666666666668,0,1,0,144.94690749794245,1.5852350507463728e-05,523,1,0
208,3,1,0,1,1,15.70751190185547,"[0.0, 15.70751190185547]",15.70751190185547,14.285714285714285,15.70751190185547,9.633333333333391,0,1,0,146.96501969200472,1.570751190185547e-05,578,1,0
208,4,2,0,1,1,15.67197527204241,"[0.0, 15.67197527204241]",15.67197527204241,14.285714285714285,15.67197527204241,9.716666666666729,0,1,0,148.1015421011325,1.567197527204241e-05,583,1,0
208,5,3,0,1,1,15.644367762974332,"[0.0, 15.644367762974332]",15.644367762974332,14.285714285714285,15.644367762974332,8.016666666666644,0,1,0,136.0753976404667,1.564436776297433e-05,481,1,0
208,6,4,0,1,1,15.599490574428012,"[0.0, 15.599490574428012]",15.599490574428012,14.285714285714285,15.599490574428012,8.283333333333324,0,1,0,139.76457184180617,1.5599490574428012e-05,497,1,0
208,7,5,0,1,1,15.596847534179686,"[0.0, 15.596847534179686]",15.596847534179686,14.285714285714285,15.596847534179686,9.200000000000037,0,1,0,144.85114290751517,1.5596847534179686e-05,552,1,0
208,8,50,0,1,1,15.58490208217076,"[0.0, 15.58490208217076]",15.58490208217076,14.285714285714285,15.58490208217076,8.18333333333332,0,1,0,137.61218427866697,1.558490208217076e-05,491,1,0
208,9,6,0,0,1,15.548155648367745,"[0.0, 15.548155648367745]",15.548155648367745,14.285714285714285,15.548155648367745,9.1166666666667,0,1,0,143.66389998234808,1.5548155648367744e-05,547,1,0
208,10,7,0,0,1,15.532313755580358,"[0.0, 15.532313755580358]",15.532313755580358,14.285714285714285,15.532313755580358,8.966666666666692,0,1,0,144.10192952863872,1.5532313755580358e-05,538,1,0
208,11,16,0,0,1,15.38511003766741,"[0.0, 15.38511003766741]",15.38511003766741,14.285714285714285,15.38511003766741,6.883333333333314,0,1,0,132.33056212961674,1.538511003766741e-05,413,1,0
208,12,13,0,0,1,15.128119332449778,"[0.0, 15.128119332449778]",15.128119332449778,14.285714285714285,15.128119332449778,8.750000000000014,0,1,0,138.27190116792917,1.5128119332449778e-05,525,1,0
208,13,9,0,0,1,14.92317199707031,"[0.0, 14.92317199707031]",14.92317199707031,14.285714285714285,14.92317199707031,9.633333333333391,0,1,0,140.04772448340373,1.4923171997070311e-05,578,1,0
208,14,59,0,0,1,14.904327392578127,"[0.0, 14.904327392578127]",14.904327392578127,14.285714285714285,14.904327392578127,7.949999999999977,0,1,0,131.54656470566988,1.4904327392578127e-05,477,1,0
208,15,14,0,0,1,14.848136901855469,"[0.0, 14.848136901855469]",14.848136901855469,14.285714285714285,14.848136901855469,6.733333333333315,0,1,0,131.8121438473463,1.4848136901855469e-05,404,1,0
208,16,32,0,0,1,14.749407087053571,"[0.0, 14.749407087053571]",14.749407087053571,14.285714285714285,14.749407087053571,6.666666666666648,0,1,0,128.99606317281723,1.4749407087053571e-05,400,1,0
208,17,41,0,0,1,14.619391305106028,"[0.0, 14.619391305106028]",14.619391305106028,14.285714285714285,14.619391305106028,6.666666666666648,0,1,0,127.89976035058498,1.4619391305106028e-05,400,1,0
208,18,42,0,0,1,14.594464983258929,"[0.0, 14.594464983258929]",14.594464983258929,14.285714285714285,14.594464983258929,9.666666666666726,0,1,0,140.43283178188722,1.4594464983258929e-05,580,1,0
208,19,8,0,0,1,14.533348083496096,"[0.0, 14.533348083496096]",14.533348083496096,14.285714285714285,14.533348083496096,9.083333333333364,0,1,0,133.8244048396591,1.4533348083496095e-05,545,1,0
208,20,25,0,0,1,14.290449959891182,"[0.0, 14.290449959891182]",14.290449959891182,14.285714285714285,14.290449959891182,6.799999999999981,0,1,0,129.88499592244625,1.4290449959891182e-05,408,1,0
208,21,56,0,0,1,11.619764055524554,"[0.0, 11.619764055524554]",11.619764055524554,11.428571428571429,11.619764055524554,5.966666666666651,0,1,0,106.06110978126526,1.1619764055524555e-05,358,1,0
208,22,26,0,0,1,11.574336460658483,"[0.0, 11.574336460658483]",11.574336460658483,11.428571428571429,11.574336460658483,6.11666666666665,0,1,0,101.62066297233105,1.1574336460658483e-05,367,1,0
208,23,48,0,0,1,11.440691266741071,"[0.0, 11.440691266741071]",11.440691266741071,11.428571428571429,11.440691266741071,5.916666666666651,0,1,0,102.37233163416386,1.144069126674107e-05,355,1,0
208,24,35,0,0,1,11.400743212018693,"[0.0, 11.400743212018693]",11.400743212018693,8.571428571428571,11.400743212018693,5.899999999999984,0,1,0,103.73733180761337,1.1400743212018693e-05,354,1,0
208,25,39,0,0,1,11.21046611240932,"[0.0, 11.21046611240932]",11.21046611240932,8.571428571428571,11.21046611240932,6.033333333333317,0,1,0,101.96859736740589,1.121046611240932e-05,362,1,0
208,26,23,0,0,1,10.755942208426339,"[0.0, 10.755942208426339]",10.755942208426339,8.571428571428571,10.755942208426339,5.599999999999985,0,1,0,99.31096765398979,1.075594220842634e-05,336,1,0
208,27,36,0,0,1,10.717757088797434,"[0.0, 10.717757088797434]",10.717757088797434,8.571428571428571,10.717757088797434,5.633333333333319,0,1,0,99.14388477802277,1.0717757088797434e-05,338,1,0
208,28,20,0,0,1,10.615735735212054,"[0.0, 10.615735735212054]",10.615735735212054,8.571428571428571,10.615735735212054,5.599999999999985,0,1,0,98.03244057297707,1.0615735735212053e-05,336,1,0
208,29,31,0,0,1,10.536790575299944,"[0.0, 10.536790575299944]",10.536790575299944,8.571428571428571,10.536790575299944,5.583333333333319,0,1,0,95.09492641687393,1.0536790575299944e-05,335,1,0
208,30,54,0,0,1,10.393189021519252,"[0.0, 10.393189021519252]",10.393189021519252,8.571428571428571,10.393189021519252,5.599999999999985,0,1,0,98.0318596214056,1.0393189021519252e-05,336,1,0
208,31,21,0,0,1,10.219323294503347,"[0.0, 10.219323294503347]",10.219323294503347,8.571428571428571,10.219323294503347,5.533333333333319,0,1,0,94.98583218455315,1.0219323294503347e-05,332,1,0
208,32,19,0,0,1,10.209260668073382,"[0.0, 10.209260668073382]",10.209260668073382,8.571428571428571,10.209260668073382,5.533333333333319,0,1,0,95.3949049115181,1.0209260668073383e-05,332,1,0
208,33,44,0,0,0,10.177367074148995,"[0.0, 10.177367074148995]",10.177367074148995,8.571428571428571,10.177367074148995,10.883333333333454,0,1,0,91.3479512181948,1.0177367074148995e-05,653,1,0
208,34,10,0,0,0,10.175557817731583,"[0.0, 10.175557817731583]",10.175557817731583,8.571428571428571,10.175557817731583,5.533333333333319,0,1,0,95.83789271116257,1.0175557817731583e-05,332,1,0
208,35,43,0,0,0,10.008811950683594,"[0.0, 10.008811950683594]",10.008811950683594,8.571428571428571,10.008811950683594,5.483333333333319,0,1,0,94.220493003726,1.0008811950683593e-05,329,1,0
208,36,15,0,0,0,9.915033067975726,"[0.0, 9.915033067975726]",9.915033067975726,8.571428571428571,9.915033067975726,5.533333333333319,0,1,0,95.29521641135216,9.915033067975725e-06,332,1,0
208,37,34,0,0,0,9.815417698451451,"[0.0, 9.815417698451451]",9.815417698451451,8.571428571428571,9.815417698451451,5.483333333333319,0,1,0,93.6884703040123,9.815417698451451e-06,329,1,0
208,38,49,0,0,0,9.710096631731306,"[0.0, 9.710096631731306]",9.710096631731306,8.571428571428571,9.710096631731306,3.2833333333333266,0,1,0,85.89771315455437,9.710096631731305e-06,197,1,0
208,39,51,0,0,0,9.324978419712611,"[0.0, 9.324978419712611]",9.324978419712611,8.571428571428571,9.324978419712611,5.33333333333332,0,1,0,91.21566706895828,9.32497841971261e-06,320,1,0
208,40,60,0,0,0,9.323929377964564,"[0.0, 9.323929377964564]",9.323929377964564,8.571428571428571,9.323929377964564,3.3666666666666596,0,1,0,85.4112134128809,9.323929377964565e-06,202,1,0
208,41,11,0,0,0,9.250174931117467,"[0.0, 9.250174931117467]",9.250174931117467,8.571428571428571,9.250174931117467,4.383333333333323,0,1,0,88.3740848749876,9.250174931117466e-06,263,1,0
208,42,57,0,0,0,8.78317151750837,"[0.0, 8.78317151750837]",8.78317151750837,8.571428571428571,8.78317151750837,4.583333333333322,0,1,0,86.39917874336243,8.78317151750837e-06,275,1,0
208,43,58,0,0,0,8.645251137869698,"[0.0, 8.645251137869698]",8.645251137869698,8.571428571428571,8.645251137869698,8.38333333333333,0,1,0,75.17937345939572,8.645251137869697e-06,503,1,0
208,44,22,0,0,0,8.541548592703684,"[0.0, 8.541548592703684]",8.541548592703684,5.714285714285714,8.541548592703684,8.033333333333312,0,1,0,66.98368673778896,8.541548592703684e-06,482,1,0
208,45,46,0,0,0,8.456110273088727,"[0.0, 8.456110273088727]",8.456110273088727,5.714285714285714,8.456110273088727,3.183333333333327,0,1,0,82.06294502317905,8.456110273088727e-06,191,1,0
208,46,61,0,0,0,7.875341687883649,"[0.0, 7.875341687883649]",7.875341687883649,5.714285714285714,7.875341687883649,3.299999999999993,0,1,0,79.48967039585114,7.87534168788365e-06,198,1,0
208,47,30,0,0,0,7.21600123814174,"[0.0, 7.21600123814174]",7.21600123814174,5.714285714285714,7.21600123814174,3.433333333333326,0,1,0,74.9647399187088,7.2160012381417404e-06,206,1,0
208,48,29,0,0,0,7.0192990984235495,"[0.0, 7.0192990984235495]",7.0192990984235495,5.714285714285714,7.0192990984235495,2.716666666666662,0,1,0,63.859266102313995,7.019299098423549e-06,163,1,0
208,49,27,0,0,0,6.339705330984933,"[0.0, 6.339705330984933]",6.339705330984933,5.714285714285714,6.339705330984933,9.900000000000071,0,1,0,61.59942386010516,6.339705330984933e-06,594,1,0
208,50,33,0,0,0,6.324795314243861,"[0.0, 6.324795314243861]",6.324795314243861,5.714285714285714,6.324795314243861,7.366666666666646,0,1,0,58.58212939216901,6.324795314243861e-06,442,1,0
208,51,24,0,0,0,6.290381295340401,"[0.0, 6.290381295340401]",6.290381295340401,5.714285714285714,6.290381295340401,7.366666666666646,0,1,0,58.5819406042865,6.290381295340401e-06,442,1,0
208,52,62,0,0,0,6.258392333984375,"[0.0, 6.258392333984375]",6.258392333984375,5.714285714285714,6.258392333984375,7.366666666666646,0,1,0,58.581725110896514,6.258392333984375e-06,442,1,0
208,53,55,0,0,0,6.109935215541295,"[0.0, 6.109935215541295]",6.109935215541295,5.714285714285714,6.109935215541295,7.316666666666646,0,1,0,57.64773225916724,6.109935215541295e-06,439,1,0
208,54,47,0,0,0,5.898197719029017,"[0.0, 5.898197719029017]",5.898197719029017,5.714285714285714,5.898197719029017,4.016666666666658,0,1,0,54.73169306665659,5.898197719029017e-06,241,1,0
208,55,52,0,0,0,5.853979928152902,"[0.0, 5.853979928152902]",5.853979928152902,5.714285714285714,5.853979928152902,4.083333333333324,0,1,0,54.04939537495375,5.8539799281529015e-06,245,1,0
208,56,40,0,0,0,5.817249843052456,"[0.0, 5.817249843052456]",5.817249843052456,5.714285714285714,5.817249843052456,3.866666666666658,0,1,0,53.124190628528595,5.8172498430524555e-06,232,1,0
208,57,45,0,0,0,5.732285635811942,"[0.0, 5.732285635811942]",5.732285635811942,5.714285714285714,5.732285635811942,2.3499999999999965,0,1,0,50.87862601876259,5.732285635811942e-06,141,1,0
208,58,63,0,0,0,5.518853323800223,"[0.0, 5.518853323800223]",5.518853323800223,2.857142857142857,5.518853323800223,3.4666666666666592,0,1,0,49.26064459979534,5.518853323800223e-06,208,1,0
208,59,17,0,0,0,5.238195146833148,"[0.0, 5.238195146833148]",5.238195146833148,2.857142857142857,5.238195146833148,2.1833333333333305,0,1,0,45.144591718912125,5.238195146833148e-06,131,1,0
208,60,12,0,0,0,5.045220511300223,"[0.0, 5.045220511300223]",5.045220511300223,2.857142857142857,5.045220511300223,2.0999999999999974,0,1,0,42.25214061141014,5.045220511300223e-06,126,1,0
208,61,53,0,0,0,4.181932721819196,"[0.0, 4.181932721819196]",4.181932721819196,2.857142857142857,4.181932721819196,5.883333333333318,0,1,0,31.426329112553503,4.181932721819196e-06,353,1,0
208,62,37,0,0,0,2.1083286830357144,"[0.0, 2.1083286830357144]",2.1083286830357144,0.0,2.1083286830357144,5.016666666666654,0,1,0,7.734961099245993,2.1083286830357145e-06,301,1,0
208,63,28,0,0,0,1.8804877144949776,"[0.0, 1.8804877144949776]",1.8804877144949776,0.0,1.8804877144949776,5.016666666666654,0,1,0,5.211467128865479,1.8804877144949776e-06,301,1,0
208,64,38,0,0,0,1.8737574986049106,"[0.0, 1.8737574986049106]",1.8737574986049106,0.0,1.8737574986049106,5.016666666666654,0,1,0,5.175473268260248,1.8737574986049106e-06,301,1,0
209,1,0,0,1,1,15.883047921316965,"[0.0, 15.883047921316965]",15.883047921316965,14.285714285714285,15.883047921316965,9.100000000000032,0,1,0,140.93718819320202,1.5883047921316966e-05,546,1,0
209,2,1,0,1,1,15.852350507463727,"[0.0, 15.852350507463727]",15.852350507463727,14.285714285714285,15.852350507463727,8.71666666666668,0,1,0,144.94690749794245,1.5852350507463728e-05,523,1,0
209,3,2,0,1,1,15.70751190185547,"[0.0, 15.70751190185547]",15.70751190185547,14.285714285714285,15.70751190185547,9.633333333333391,0,1,0,146.96501969200472,1.570751190185547e-05,578,1,0
209,4,3,0,1,1,15.67197527204241,"[0.0, 15.67197527204241]",15.67197527204241,14.285714285714285,15.67197527204241,9.716666666666729,0,1,0,148.1015421011325,1.567197527204241e-05,583,1,0
209,5,4,0,1,1,15.644367762974332,"[0.0, 15.644367762974332]",15.644367762974332,14.285714285714285,15.644367762974332,8.016666666666644,0,1,0,136.0753976404667,1.564436776297433e-05,481,1,0
209,6,5,0,1,1,15.599490574428012,"[0.0, 15.599490574428012]",15.599490574428012,14.285714285714285,15.599490574428012,8.283333333333324,0,1,0,139.76457184180617,1.5599490574428012e-05,497,1,0
209,7,6,0,1,1,15.596847534179686,"[0.0, 15.596847534179686]",15.596847534179686,14.285714285714285,15.596847534179686,9.200000000000037,0,1,0,144.85114290751517,1.5596847534179686e-05,552,1,0
209,8,7,0,1,1,15.58490208217076,"[0.0, 15.58490208217076]",15.58490208217076,14.285714285714285,15.58490208217076,8.18333333333332,0,1,0,137.61218427866697,1.558490208217076e-05,491,1,0
209,9,54,0,0,1,15.570090157645089,"[0.0, 15.570090157645089]",15.570090157645089,14.285714285714285,15.570090157645089,8.033333333333312,0,1,0,138.05923499912024,1.5570090157645088e-05,482,1,0
209,10,47,0,0,1,15.49208504813058,"[0.0, 15.49208504813058]",15.49208504813058,14.285714285714285,15.49208504813058,7.033333333333314,0,1,0,134.62253088504076,1.549208504813058e-05,422,1,0
209,11,9,0,0,1,15.252276829310826,"[0.0, 15.252276829310826]",15.252276829310826,14.285714285714285,15.252276829310826,8.149999999999984,0,1,0,137.31183839961886,1.5252276829310827e-05,489,1,0
209,12,38,0,0,1,14.995836530412946,"[0.0, 14.995836530412946]",14.995836530412946,14.285714285714285,14.995836530412946,6.733333333333315,0,1,0,129.4369370341301,1.4995836530412946e-05,404,1,0
209,13,30,0,0,1,14.779701232910156,"[0.0, 14.779701232910156]",14.779701232910156,14.285714285714285,14.779701232910156,6.683333333333315,0,1,0,128.66549234092236,1.4779701232910157e-05,401,1,0
209,14,40,0,0,1,14.551942007882253,"[0.0, 14.551942007882253]",14.551942007882253,14.285714285714285,14.551942007882253,7.233333333333313,0,1,0,134.19206032156944,1.4551942007882253e-05,434,1,0
209,15,44,0,0,1,14.416623796735491,"[0.0, 14.416623796735491]",14.416623796735491,14.285714285714285,14.416623796735491,7.016666666666647,0,1,0,126.76743711531162,1.4416623796735492e-05,421,1,0
209,16,20,0,0,1,13.515227181570872,"[0.0, 13.515227181570872]",13.515227181570872,11.428571428571429,13.515227181570872,10.233333333333421,0,1,0,137.28163783247874,1.3515227181570871e-05,614,1,0
209,17,34,0,0,1,11.63334710257394,"[0.0, 11.63334710257394]",11.63334710257394,11.428571428571429,11.63334710257394,8.033333333333312,0,1,0,113.63068695738912,1.163334710257394e-05,482,1,0
209,18,48,0,0,1,11.407993861607142,"[0.0, 11.407993861607142]",11.407993861607142,8.571428571428571,11.407993861607142,5.833333333333318,0,1,0,102.04061384499073,1.1407993861607143e-05,350,1,0
209,19,23,0,0,1,11.251561301095144,"[0.0, 11.251561301095144]",11.251561301095144,8.571428571428571,11.251561301095144,6.749999999999981,0,1,0,104.48862522095442,1.1251561301095145e-05,405,1,0
209,20,43,0,0,1,11.208915710449219,"[0.0, 11.208915710449219]",11.208915710449219,8.571428571428571,11.208915710449219,5.783333333333318,0,1,0,100.92484436929226,1.1208915710449218e-05,347,1,0
209,21,45,0,0,1,11.198932102748325,"[0.0, 11.198932102748325]",11.198932102748325,8.571428571428571,11.198932102748325,4.883333333333321,0,1,0,100.14335890114307,1.1198932102748325e-05,293,1,0
209,22,52,0,0,1,10.94576154436384,"[0.0, 10.94576154436384]",10.94576154436384,8.571428571428571,10.94576154436384,5.733333333333318,0,1,0,99.28901799023151,1.0945761544363841e-05,344,1,0
209,23,18,0,0,1,10.904505593436104,"[0.0, 10.904505593436104]",10.904505593436104,8.571428571428571,10.904505593436104,5.733333333333318,0,1,0,98.10342022776604,1.0904505593436105e-05,344,1,0
209,24,13,0,0,1,10.894576481410436,"[0.0, 10.894576481410436]",10.894576481410436,8.571428571428571,10.894576481410436,6.816666666666648,0,1,0,104.15041290223598,1.0894576481410435e-05,409,1,0
209,25,49,0,0,1,10.88848386492048,"[0.0, 10.88848386492048]",10.88848386492048,8.571428571428571,10.88848386492048,5.833333333333318,0,1,0,96.1397288441658,1.088848386492048e-05,350,1,0
209,26,10,0,0,1,10.715958731515068,"[0.0, 10.715958731515068]",10.715958731515068,8.571428571428571,10.715958731515068,5.6833333333333185,0,1,0,94.814771682024,1.0715958731515067e-05,341,1,0
209,27,21,0,0,1,10.696896144321986,"[0.0, 10.696896144321986]",10.696896144321986,8.571428571428571,10.696896144321986,6.099999999999984,0,1,0,97.36277790367603,1.0696896144321986e-05,366,1,0
209,28,24,0,0,1,10.559934888567243,"[0.0, 10.559934888567243]",10.559934888567243,8.571428571428571,10.559934888567243,5.716666666666652,0,1,0,98.0286405980587,1.0559934888567243e-05,343,1,0
209,29,58,0,0,1,10.558537074497767,"[0.0, 10.558537074497767]",10.558537074497767,8.571428571428571,10.558537074497767,3.766666666666658,0,1,0,91.80417694151402,1.0558537074497768e-05,226,1,0
209,30,37,0,0,1,10.519698006766182,"[0.0, 10.519698006766182]",10.519698006766182,8.571428571428571,10.519698006766182,5.599999999999985,0,1,0,92.18628811836243,1.0519698006766182e-05,336,1,0
209,31,36,0,0,1,10.491057804652623,"[0.0, 10.491057804652623]",10.491057804652623,8.571428571428571,10.491057804652623,5.566666666666652,0,1,0,98.03863500058651,1.0491057804652624e-05,334,1,0
209,32,60,0,0,1,10.472234998430524,"[0.0, 10.472234998430524]",10.472234998430524,8.571428571428571,10.472234998430524,5.566666666666652,0,1,0,96.92936420440674,1.0472234998430524e-05,334,1,0
209,33,46,0,0,0,10.412485940115793,"[0.0, 10.412485940115793]",10.412485940115793,8.571428571428571,10.412485940115793,5.583333333333319,0,1,0,96.5290856808424,1.0412485940115793e-05,335,1,0
209,34,25,0,0,0,10.374668666294642,"[0.0, 10.374668666294642]",10.374668666294642,8.571428571428571,10.374668666294642,5.566666666666652,0,1,0,96.37963083386421,1.0374668666294643e-05,334,1,0
209,35,51,0,0,0,10.273843492780413,"[0.0, 10.273843492780413]",10.273843492780413,8.571428571428571,10.273843492780413,5.616666666666652,0,1,0,96.25220818817616,1.0273843492780413e-05,337,1,0
209,36,31,0,0,0,10.22688456944057,"[0.0, 10.22688456944057]",10.22688456944057,8.571428571428571,10.22688456944057,5.399999999999986,0,1,0,93.83896493911743,1.0226884569440569e-05,324,1,0
209,37,17,0,0,0,10.136748722621373,"[0.0, 10.136748722621373]",10.136748722621373,8.571428571428571,10.136748722621373,5.983333333333317,0,1,0,97.95386338233948,1.0136748722621373e-05,359,1,0
209,38,14,0,0,0,10.067427498953684,"[0.0, 10.067427498953684]",10.067427498953684,8.571428571428571,10.067427498953684,5.533333333333319,0,1,0,95.83779422938824,1.0067427498953684e-05,332,1,0
209,39,35,0,0,0,9.791796548025948,"[0.0, 9.791796548025948]",9.791796548025948,8.571428571428571,9.791796548025948,5.649999999999985,0,1,0,92.58161288499832,9.791796548025949e-06,339,1,0
209,40,41,0,0,0,9.773055485316686,"[0.0, 9.773055485316686]",9.773055485316686,8.571428571428571,9.773055485316686,3.433333333333326,0,1,0,87.49196085333824,9.773055485316685e-06,206,1,0
209,41,16,0,0,0,9.738085610525948,"[0.0, 9.738085610525948]",9.738085610525948,8.571428571428571,9.738085610525948,7.98333333333331,0,1,0,82.51671677971899,9.738085610525947e-06,479,1,0
209,42,59,0,0,0,9.473582676478795,"[0.0, 9.473582676478795]",9.473582676478795,8.571428571428571,9.473582676478795,5.149999999999987,0,1,0,91.31682559847832,9.473582676478795e-06,309,1,0
209,43,22,0,0,0,9.443678174700056,"[0.0, 9.443678174700056]",9.443678174700056,8.571428571428571,9.443678174700056,5.366666666666653,0,1,0,91.04569865763187,9.443678174700056e-06,322,1,0
209,44,26,0,0,0,9.437699999128068,"[0.0, 9.437699999128068]",9.437699999128068,8.571428571428571,9.437699999128068,3.566666666666659,0,1,0,86.27744396030903,9.437699999128067e-06,214,1,0
209,45,33,0,0,0,9.219090597970144,"[0.0, 9.219090597970144]",9.219090597970144,8.571428571428571,9.219090597970144,3.2499999999999933,0,1,0,84.81115114688873,9.219090597970143e-06,195,1,0
209,46,28,0,0,0,8.788871765136719,"[0.0, 8.788871765136719]",8.788871765136719,8.571428571428571,8.788871765136719,5.249999999999987,0,1,0,86.98121227324009,8.788871765136719e-06,315,1,0
209,47,50,0,0,0,8.694027491978236,"[0.0, 8.694027491978236]",8.694027491978236,8.571428571428571,8.694027491978236,3.21666666666666,0,1,0,83.43251378834248,8.694027491978236e-06,193,1,0
209,48,63,0,0,0,8.622657230922155,"[0.0, 8.622657230922155]",8.622657230922155,8.571428571428571,8.622657230922155,7.749999999999978,0,1,0,69.3072827457363,8.622657230922154e-06,465,1,0
209,49,27,0,0,0,8.50166048322405,"[0.0, 8.50166048322405]",8.50166048322405,5.714285714285714,8.50166048322405,7.033333333333314,0,1,0,63.50588345108554,8.50166048322405e-06,422,1,0
209,50,15,0,0,0,8.22206769670759,"[0.0, 8.22206769670759]",8.22206769670759,5.714285714285714,8.22206769670759,3.1499999999999937,0,1,0,80.70246857404709,8.222067696707591e-06,189,1,0
209,51,11,0,0,0,8.070784977504184,"[0.0, 8.070784977504184]",8.070784977504184,5.714285714285714,8.070784977504184,3.1499999999999937,0,1,0,80.70252104103565,8.070784977504184e-06,189,1,0
209,52,57,0,0,0,8.02079609462193,"[0.0, 8.02079609462193]",8.02079609462193,5.714285714285714,8.02079609462193,3.133333333333327,0,1,0,80.02573092281818,8.02079609462193e-06,188,1,0
209,53,42,0,0,0,7.142857142857142,"[0.0, 7.142857142857142]",7.142857142857142,5.714285714285714,7.142857142857142,2.916666666666661,0,1,0,71.43641801178455,7.142857142857143e-06,175,1,0
209,54,62,0,0,0,6.33338383265904,"[0.0, 6.33338383265904]",6.33338383265904,5.714285714285714,6.33338383265904,7.366666666666646,0,1,0,58.5820557074112,6.33338383265904e-06,442,1,0
209,55,56,0,0,0,6.183335440499442,"[0.0, 6.183335440499442]",6.183335440499442,5.714285714285714,6.183335440499442,7.316666666666646,0,1,0,57.63299068638298,6.1833354404994415e-06,439,1,0
209,56,8,0,0,0,6.128501892089844,"[0.0, 6.128501892089844]",6.128501892089844,5.714285714285714,6.128501892089844,7.316666666666646,0,1,0,57.427041142072994,6.1285018920898435e-06,439,1,0
209,57,32,0,0,0,6.120082310267857,"[0.0, 6.120082310267857]",6.120082310267857,5.714285714285714,6.120082310267857,7.316666666666646,0,1,0,57.63312369854248,6.120082310267857e-06,439,1,0
209,58,53,0,0,0,6.106087820870536,"[0.0, 6.106087820870536]",6.106087820870536,5.714285714285714,6.106087820870536,7.316666666666646,0,1,0,57.632853582981625,6.106087820870536e-06,439,1,0
209,59,61,0,0,0,5.537637983049666,"[0.0, 5.537637983049666]",5.537637983049666,2.857142857142857,5.537637983049666,8.833333333333352,0,1,0,58.53811179244076,5.537637983049666e-06,530,1,0
209,60,12,0,0,0,5.248549325125558,"[0.0, 5.248549325125558]",5.248549325125558,2.857142857142857,5.248549325125558,3.016666666666661,0,1,0,45.75644364953041,5.248549325125558e-06,181,1,0
209,61,39,0,0,0,5.016441345214844,"[0.0, 5.016441345214844]",5.016441345214844,2.857142857142857,5.016441345214844,2.749999999999995,0,1,0,42.863097459077835,5.0164413452148434e-06,165,1,0
209,62,55,0,0,0,3.9716938563755577,"[0.0, 3.9716938563755577]",3.9716938563755577,2.857142857142857,3.9716938563755577,6.649999999999982,0,1,0,29.98890188094083,3.971693856375558e-06,399,1,0
209,63,19,0,0,0,2.110933576311384,"[0.0, 2.110933576311384]",2.110933576311384,0.0,2.110933576311384,5.016666666666654,0,1,0,7.705854569743678,2.110933576311384e-06,301,1,0
209,64,29,0,0,0,2.0907156808035716,"[0.0, 2.0907156808035716]",2.0907156808035716,0.0,2.0907156808035716,5.016666666666654,0,1,0,7.70589404997736,2.0907156808035716e-06,301,1,0
210,1,34,0,1,1,15.89160374232701,"[0.0, 15.89160374232701]",15.89160374232701,14.285714285714285,15.89160374232701,9.333333333333377,0,1,0,145.6386794326827,1.589160374232701e-05,560,1,0
210,2,0,0,1,1,15.883047921316965,"[0.0, 15.883047921316965]",15.883047921316965,14.285714285714285,15.883047921316965,9.100000000000032,0,1,0,140.93718819320202,1.5883047921316966e-05,546,1,0
210,3,1,0,1,1,15.852350507463727,"[0.0, 15.852350507463727]",15.852350507463727,14.285714285714285,15.852350507463727,8.71666666666668,0,1,0,144.94690749794245,1.5852350507463728e-05,523,1,0
210,4,2,0,1,1,15.70751190185547,"[0.0, 15.70751190185547]",15.70751190185547,14.285714285714285,15.70751190185547,9.633333333333391,0,1,0,146.96501969200472,1.570751190185547e-05,578,1,0
210,5,3,0,1,1,15.67197527204241,"[0.0, 15.67197527204241]",15.67197527204241,14.285714285714285,15.67197527204241,9.716666666666729,0,1,0,148.1015421011325,1.567197527204241e-05,583,1,0
210,6,4,0,1,1,15.644367762974332,"[0.0, 15.644367762974332]",15.644367762974332,14.285714285714285,15.644367762974332,8.016666666666644,0,1,0,136.0753976404667,1.564436776297433e-05,481,1,0
210,7,5,0,1,1,15.599490574428012,"[0.0, 15.599490574428012]",15.599490574428012,14.285714285714285,15.599490574428012,8.283333333333324,0,1,0,139.76457184180617,1.5599490574428012e-05,497,1,0
210,8,6,0,1,1,15.596847534179686,"[0.0, 15.596847534179686]",15.596847534179686,14.285714285714285,15.596847534179686,9.200000000000037,0,1,0,144.85114290751517,1.5596847534179686e-05,552,1,0
210,9,7,0,0,1,15.58490208217076,"[0.0, 15.58490208217076]",15.58490208217076,14.285714285714285,15.58490208217076,8.18333333333332,0,1,0,137.61218427866697,1.558490208217076e-05,491,1,0
210,10,29,0,0,1,15.415785653250557,"[0.0, 15.415785653250557]",15.415785653250557,14.285714285714285,15.415785653250557,8.149999999999984,0,1,0,138.18045980110765,1.5415785653250557e-05,489,1,0
210,11,62,0,0,1,15.035760062081474,"[0.0, 15.035760062081474]",15.035760062081474,14.285714285714285,15.035760062081474,9.883333333333404,0,1,0,146.25878603176534,1.5035760062081474e-05,593,1,0
210,12,21,0,0,1,14.650056021554128,"[0.0, 14.650056021554128]",14.650056021554128,14.285714285714285,14.650056021554128,9.583333333333389,0,1,0,142.074677005563,1.4650056021554129e-05,575,1,0
210,13,33,0,0,1,14.032799857003347,"[0.0, 14.032799857003347]",14.032799857003347,11.428571428571429,14.032799857003347,6.833333333333314,0,1,0,126.42941626906395,1.4032799857003348e-05,410,1,0
210,14,18,0,0,1,11.676662990025113,"[0.0, 11.676662990025113]",11.676662990025113,11.428571428571429,11.676662990025113,6.133333333333317,0,1,0,103.3200297281146,1.1676662990025113e-05,368,1,0
210,15,15,0,0,1,11.473072596958705,"[0.0, 11.473072596958705]",11.473072596958705,11.428571428571429,11.473072596958705,5.833333333333318,0,1,0,103.35175168514252,1.1473072596958705e-05,350,1,0
210,16,25,0,0,1,11.434985569545201,"[0.0, 11.434985569545201]",11.434985569545201,11.428571428571429,11.434985569545201,5.866666666666651,0,1,0,100.24561713635921,1.1434985569545201e-05,352,1,0
210,17,60,0,0,1,11.317427498953684,"[0.0, 11.317427498953684]",11.317427498953684,8.571428571428571,11.317427498953684,5.833333333333318,0,1,0,105.45364679396152,1.1317427498953684e-05,350,1,0
210,18,26,0,0,1,11.130837031773158,"[0.0, 11.130837031773158]",11.130837031773158,8.571428571428571,11.130837031773158,5.783333333333318,0,1,0,96.93152107298374,1.1130837031773158e-05,347,1,0
210,19,47,0,0,1,10.878710065569198,"[0.0, 10.878710065569198]",10.878710065569198,8.571428571428571,10.878710065569198,6.883333333333314,0,1,0,103.88666657358408,1.0878710065569199e-05,413,1,0
210,20,59,0,0,1,10.70582253592355,"[0.0, 10.70582253592355]",10.70582253592355,8.571428571428571,10.70582253592355,5.666666666666652,0,1,0,93.74491040408611,1.070582253592355e-05,340,1,0
210,21,50,0,0,1,10.407758440290179,"[0.0, 10.407758440290179]",10.407758440290179,8.571428571428571,10.407758440290179,5.749999999999985,0,1,0,97.01920841634274,1.040775844029018e-05,345,1,0
210,22,11,0,0,1,10.405739375523158,"[0.0, 10.405739375523158]",10.405739375523158,8.571428571428571,10.405739375523158,5.483333333333319,0,1,0,95.83571995794773,1.0405739375523158e-05,329,1,0
210,23,49,0,0,1,10.296148572649274,"[0.0, 10.296148572649274]",10.296148572649274,8.571428571428571,10.296148572649274,5.499999999999986,0,1,0,94.75599990785122,1.0296148572649274e-05,330,1,0
210,24,32,0,0,1,10.279429299490793,"[0.0, 10.279429299490793]",10.279429299490793,8.571428571428571,10.279429299490793,6.366666666666649,0,1,0,96.55606014281511,1.0279429299490794e-05,382,1,0
210,25,9,0,0,1,10.175933837890625,"[0.0, 10.175933837890625]",10.175933837890625,8.571428571428571,10.175933837890625,5.833333333333318,0,1,0,96.37492866814137,1.0175933837890625e-05,350,1,0
210,26,22,0,0,1,10.136187417166575,"[0.0, 10.136187417166575]",10.136187417166575,8.571428571428571,10.136187417166575,5.583333333333319,0,1,0,96.80512873828411,1.0136187417166575e-05,335,1,0
210,27,41,0,0,1,10.092904227120536,"[0.0, 10.092904227120536]",10.092904227120536,8.571428571428571,10.092904227120536,5.433333333333319,0,1,0,93.14901085197926,1.0092904227120537e-05,326,1,0
210,28,8,0,0,1,10.055817195347377,"[0.0, 10.055817195347377]",10.055817195347377,8.571428571428571,10.055817195347377,5.316666666666653,0,1,0,95.7442956417799,1.0055817195347376e-05,319,1,0
210,29,20,0,0,1,10.023277827671597,"[0.0, 10.023277827671597]",10.023277827671597,8.571428571428571,10.023277827671597,5.549999999999986,0,1,0,95.83624921739101,1.0023277827671597e-05,333,1,0
210,30,40,0,0,1,9.990261622837611,"[0.0, 9.990261622837611]",9.990261622837611,8.571428571428571,9.990261622837611,5.566666666666652,0,1,0,95.6977406591177,9.99026162283761e-06,334,1,0
210,31,14,0,0,1,9.891294751848493,"[0.0, 9.891294751848493]",9.891294751848493,8.571428571428571,9.891294751848493,3.3166666666666598,0,1,0,87.59495376050472,9.891294751848494e-06,199,1,0
210,32,27,0,0,1,9.691309247698102,"[0.0, 9.691309247698102]",9.691309247698102,8.571428571428571,9.691309247698102,3.2833333333333266,0,1,0,84.82049609720707,9.691309247698102e-06,197,1,0
210,33,13,0,0,0,9.665949685232981,"[0.0, 9.665949685232981]",9.665949685232981,8.571428571428571,9.665949685232981,5.28333333333332,0,1,0,91.20074661076069,9.66594968523298e-06,317,1,0
210,34,56,0,0,0,9.3124144417899,"[0.0, 9.3124144417899]",9.3124144417899,8.571428571428571,9.3124144417899,4.999999999999988,0,1,0,88.74344862997532,9.312414441789899e-06,300,1,0
210,35,52,0,0,0,8.771111624581474,"[0.0, 8.771111624581474]",8.771111624581474,8.571428571428571,8.771111624581474,5.149999999999987,0,1,0,84.07390460371971,8.771111624581473e-06,309,1,0
210,36,58,0,0,0,8.743277958461217,"[0.0, 8.743277958461217]",8.743277958461217,8.571428571428571,8.743277958461217,7.98333333333331,0,1,0,70.43485013242753,8.743277958461218e-06,479,1,0
210,37,46,0,0,0,8.719896589006696,"[0.0, 8.719896589006696]",8.719896589006696,8.571428571428571,8.719896589006696,7.616666666666645,0,1,0,65.85180853998463,8.719896589006696e-06,457,1,0
210,38,31,0,0,0,8.714024680001394,"[0.0, 8.714024680001394]",8.714024680001394,8.571428571428571,8.714024680001394,3.4166666666666594,0,1,0,83.77223771810532,8.714024680001395e-06,205,1,0
210,39,53,0,0,0,8.589131491524833,"[0.0, 8.589131491524833]",8.589131491524833,8.571428571428571,8.589131491524833,3.183333333333327,0,1,0,82.06309878826141,8.589131491524834e-06,191,1,0
210,40,45,0,0,0,8.470330919538226,"[0.0, 8.470330919538226]",8.470330919538226,5.714285714285714,8.470330919538226,3.183333333333327,0,1,0,82.06323355436325,8.470330919538225e-06,191,1,0
210,41,30,0,0,0,8.405426570347377,"[0.0, 8.405426570347377]",8.405426570347377,5.714285714285714,8.405426570347377,3.183333333333327,0,1,0,82.06313714385033,8.405426570347377e-06,191,1,0
210,42,61,0,0,0,8.314961024693082,"[0.0, 8.314961024693082]",8.314961024693082,5.714285714285714,8.314961024693082,5.266666666666653,0,1,0,57.2977232420817,8.314961024693081e-06,316,1,0
210,43,24,0,0,0,8.306871141706194,"[0.0, 8.306871141706194]",8.306871141706194,5.714285714285714,8.306871141706194,3.1666666666666603,0,1,0,81.38164541125298,8.306871141706194e-06,190,1,0
210,44,12,0,0,0,8.034300122942243,"[0.0, 8.034300122942243]",8.034300122942243,5.714285714285714,8.034300122942243,5.8499999999999845,0,1,0,82.17302100360394,8.034300122942243e-06,351,1,0
210,45,39,0,0,0,7.5872312273297995,"[0.0, 7.5872312273297995]",7.5872312273297995,5.714285714285714,7.5872312273297995,6.049999999999984,0,1,0,78.41050152480602,7.5872312273298e-06,363,1,0
210,46,63,0,0,0,7.142857142857142,"[0.0, 7.142857142857142]",7.142857142857142,5.714285714285714,7.142857142857142,2.933333333333328,0,1,0,72.08322238922119,7.142857142857143e-06,176,1,0
210,47,48,0,0,0,6.6724123273577005,"[0.0, 6.6724123273577005]",6.6724123273577005,5.714285714285714,6.6724123273577005,7.583333333333312,0,1,0,61.234968327778915,6.6724123273577005e-06,455,1,0
210,48,55,0,0,0,6.372713361467635,"[0.0, 6.372713361467635]",6.372713361467635,5.714285714285714,6.372713361467635,7.366666666666646,0,1,0,58.63465143462963,6.372713361467635e-06,442,1,0
210,49,42,0,0,0,6.340277535574777,"[0.0, 6.340277535574777]",6.340277535574777,5.714285714285714,6.340277535574777,7.366666666666646,0,1,0,58.581820230065205,6.340277535574777e-06,442,1,0
210,50,23,0,0,0,6.317858014787947,"[0.0, 6.317858014787947]",6.317858014787947,5.714285714285714,6.317858014787947,7.366666666666646,0,1,0,58.5995727710615,6.317858014787947e-06,442,1,0
210,51,36,0,0,0,6.298125130789621,"[0.0, 6.298125130789621]",6.298125130789621,5.714285714285714,6.298125130789621,7.366666666666646,0,1,0,58.484115232669865,6.29812513078962e-06,442,1,0
210,52,37,0,0,0,6.257335117885045,"[0.0, 6.257335117885045]",6.257335117885045,5.714285714285714,6.257335117885045,7.316666666666646,0,1,0,57.726711342766066,6.257335117885045e-06,439,1,0
210,53,38,0,0,0,6.249122619628906,"[0.0, 6.249122619628906]",6.249122619628906,5.714285714285714,6.249122619628906,7.366666666666646,0,1,0,58.70169299474219,6.249122619628906e-06,442,1,0
210,54,10,0,0,0,6.187449863978794,"[0.0, 6.187449863978794]",6.187449863978794,5.714285714285714,6.187449863978794,7.283333333333313,0,1,0,56.595713031463674,6.187449863978794e-06,437,1,0
210,55,54,0,0,0,6.079428536551339,"[0.0, 6.079428536551339]",6.079428536551339,5.714285714285714,6.079428536551339,7.316666666666646,0,1,0,57.63266660437512,6.07942853655134e-06,439,1,0
210,56,44,0,0,0,5.902655465262277,"[0.0, 5.902655465262277]",5.902655465262277,5.714285714285714,5.902655465262277,3.9666666666666575,0,1,0,54.641104847192764,5.902655465262277e-06,238,1,0
210,57,19,0,0,0,5.780274527413504,"[0.0, 5.780274527413504]",5.780274527413504,5.714285714285714,5.780274527413504,3.849999999999991,0,1,0,52.81798889487982,5.7802745274135045e-06,231,1,0
210,58,16,0,0,0,5.097836085728236,"[0.0, 5.097836085728236]",5.097836085728236,2.857142857142857,5.097836085728236,2.583333333333329,0,1,0,43.84554544091225,5.097836085728236e-06,155,1,0
210,59,43,0,0,0,3.5718645368303568,"[0.0, 3.5718645368303568]",3.5718645368303568,2.857142857142857,3.5718645368303568,4.033333333333324,0,1,0,27.095321704167873,3.5718645368303567e-06,242,1,0
210,60,35,0,0,0,2.261575971330915,"[0.0, 2.261575971330915]",2.261575971330915,0.0,2.261575971330915,5.016666666666654,0,1,0,10.488521850114921,2.261575971330915e-06,301,1,0
210,61,28,0,0,0,2.1117401123046875,"[0.0, 2.1117401123046875]",2.1117401123046875,0.0,2.1117401123046875,5.016666666666654,0,1,0,7.705893185222521,2.1117401123046874e-06,301,1,0
210,62,57,0,0,0,2.1045684814453125,"[0.0, 2.1045684814453125]",2.1045684814453125,0.0,2.1045684814453125,5.016666666666654,0,1,0,7.72172829927149,2.1045684814453124e-06,301,1,0
210,63,51,0,0,0,1.999261038643973,"[0.0, 1.999261038643973]",1.999261038643973,0.0,1.999261038643973,5.916666666666651,0,1,0,10.010807706763444,1.9992610386439733e-06,355,1,0
210,64,17,0,0,0,1.8684605189732144,"[0.0, 1.8684605189732144]",1.8684605189732144,0.0,1.8684605189732144,5.016666666666654,0,1,0,5.200890094565693,1.8684605189732145e-06,301,1,0
211,1,0,0,1,1,15.89160374232701,"[0.0, 15.89160374232701]",15.89160374232701,14.285714285714285,15.89160374232701,9.333333333333377,0,1,0,145.6386794326827,1.589160374232701e-05,560,1,0
211,2,1,0,1,1,15.883047921316965,"[0.0, 15.883047921316965]",15.883047921316965,14.285714285714285,15.883047921316965,9.100000000000032,0,1,0,140.93718819320202,1.5883047921316966e-05,546,1,0
211,3,2,0,1,1,15.852350507463727,"[0.0, 15.852350507463727]",15.852350507463727,14.285714285714285,15.852350507463727,8.71666666666668,0,1,0,144.94690749794245,1.5852350507463728e-05,523,1,0
211,4,38,0,1,1,15.721593584333146,"[0.0, 15.721593584333146]",15.721593584333146,14.285714285714285,15.721593584333146,8.866666666666687,0,1,0,143.5482431985438,1.5721593584333146e-05,532,1,0
211,5,3,0,1,1,15.70751190185547,"[0.0, 15.70751190185547]",15.70751190185547,14.285714285714285,15.70751190185547,9.633333333333391,0,1,0,146.96501969200472,1.570751190185547e-05,578,1,0
211,6,4,0,1,1,15.67197527204241,"[0.0, 15.67197527204241]",15.67197527204241,14.285714285714285,15.67197527204241,9.716666666666729,0,1,0,148.1015421011325,1.567197527204241e-05,583,1,0
211,7,5,0,1,1,15.644367762974332,"[0.0, 15.644367762974332]",15.644367762974332,14.285714285714285,15.644367762974332,8.016666666666644,0,1,0,136.0753976404667,1.564436776297433e-05,481,1,0
211,8,6,0,1,1,15.599490574428012,"[0.0, 15.599490574428012]",15.599490574428012,14.285714285714285,15.599490574428012,8.283333333333324,0,1,0,139.76457184180617,1.5599490574428012e-05,497,1,0
211,9,7,0,0,1,15.596847534179686,"[0.0, 15.596847534179686]",15.596847534179686,14.285714285714285,15.596847534179686,9.200000000000037,0,1,0,144.85114290751517,1.5596847534179686e-05,552,1,0
211,10,55,0,0,1,15.519812447684153,"[0.0, 15.519812447684153]",15.519812447684153,14.285714285714285,15.519812447684153,9.450000000000049,0,1,0,144.0357425052789,1.5519812447684153e-05,567,1,0
211,11,42,0,0,1,15.229225158691406,"[0.0, 15.229225158691406]",15.229225158691406,14.285714285714285,15.229225158691406,8.766666666666682,0,1,0,132.94918036274612,1.5229225158691406e-05,526,1,0
211,12,61,0,0,1,15.21271296909877,"[0.0, 15.21271296909877]",15.21271296909877,14.285714285714285,15.21271296909877,8.766666666666682,0,1,0,135.17197331413627,1.521271296909877e-05,526,1,0
211,13,12,0,0,1,14.998441423688616,"[0.0, 14.998441423688616]",14.998441423688616,14.285714285714285,14.998441423688616,6.683333333333315,0,1,0,134.9857497960329,1.4998441423688617e-05,401,1,0
211,14,13,0,0,1,14.799297877720424,"[0.0, 14.799297877720424]",14.799297877720424,14.285714285714285,14.799297877720424,6.716666666666648,0,1,0,134.19860203564167,1.4799297877720423e-05,403,1,0
211,15,41,0,0,1,14.449991498674667,"[0.0, 14.449991498674667]",14.449991498674667,14.285714285714285,14.449991498674667,7.816666666666644,0,1,0,129.8780438117683,1.4449991498674667e-05,469,1,0
211,16,8,0,0,1,14.203763689313616,"[0.0, 14.203763689313616]",14.203763689313616,11.428571428571429,14.203763689313616,9.666666666666726,0,1,0,134.64551709972147,1.4203763689313617e-05,580,1,0
211,17,21,0,0,1,13.921230861118861,"[0.0, 13.921230861118861]",13.921230861118861,11.428571428571429,13.921230861118861,8.966666666666692,0,1,0,132.52431775443256,1.3921230861118861e-05,538,1,0
211,18,32,0,0,1,11.392149244035993,"[0.0, 11.392149244035993]",11.392149244035993,8.571428571428571,11.392149244035993,7.183333333333313,0,1,0,103.67356872186065,1.1392149244035994e-05,431,1,0
211,19,47,0,0,1,10.975379943847656,"[0.0, 10.975379943847656]",10.975379943847656,8.571428571428571,10.975379943847656,5.783333333333318,0,1,0,99.76668994128704,1.0975379943847657e-05,347,1,0
211,20,10,0,0,1,10.957178388323102,"[0.0, 10.957178388323102]",10.957178388323102,8.571428571428571,10.957178388323102,5.699999999999985,0,1,0,101.39965054392815,1.0957178388323102e-05,342,1,0
211,21,35,0,0,1,10.850434984479632,"[0.0, 10.850434984479632]",10.850434984479632,8.571428571428571,10.850434984479632,5.733333333333318,0,1,0,97.29282294213772,1.0850434984479632e-05,344,1,0
211,22,45,0,0,1,10.791560581752233,"[0.0, 10.791560581752233]",10.791560581752233,8.571428571428571,10.791560581752233,7.316666666666646,0,1,0,106.04817735031247,1.0791560581752232e-05,439,1,0
211,23,58,0,0,1,10.697830745152064,"[0.0, 10.697830745152064]",10.697830745152064,8.571428571428571,10.697830745152064,5.783333333333318,0,1,0,95.38934923708439,1.0697830745152065e-05,347,1,0
211,24,26,0,0,1,10.591354370117188,"[0.0, 10.591354370117188]",10.591354370117188,8.571428571428571,10.591354370117188,5.649999999999985,0,1,0,95.49588753283024,1.0591354370117188e-05,339,1,0
211,25,33,0,0,1,10.556300027029856,"[0.0, 10.556300027029856]",10.556300027029856,8.571428571428571,10.556300027029856,5.599999999999985,0,1,0,98.59153744578362,1.0556300027029856e-05,336,1,0
211,26,59,0,0,1,10.512992313929967,"[0.0, 10.512992313929967]",10.512992313929967,8.571428571428571,10.512992313929967,6.583333333333315,0,1,0,96.88185957074165,1.0512992313929967e-05,395,1,0
211,27,18,0,0,1,10.409295218331472,"[0.0, 10.409295218331472]",10.409295218331472,8.571428571428571,10.409295218331472,5.533333333333319,0,1,0,96.38385942578316,1.0409295218331472e-05,332,1,0
211,28,52,0,0,1,10.378341674804688,"[0.0, 10.378341674804688]",10.378341674804688,8.571428571428571,10.378341674804688,5.516666666666652,0,1,0,95.39881251752377,1.0378341674804687e-05,331,1,0
211,29,50,0,0,1,10.32921382359096,"[0.0, 10.32921382359096]",10.32921382359096,8.571428571428571,10.32921382359096,5.599999999999985,0,1,0,93.0444670021534,1.032921382359096e-05,336,1,0
211,30,46,0,0,1,10.314358302525111,"[0.0, 10.314358302525111]",10.314358302525111,8.571428571428571,10.314358302525111,4.783333333333322,0,1,0,93.0923680216074,1.0314358302525111e-05,287,1,0
211,31,16,0,0,1,10.296682630266464,"[0.0, 10.296682630266464]",10.296682630266464,8.571428571428571,10.296682630266464,5.499999999999986,0,1,0,95.29509894549847,1.0296682630266464e-05,330,1,0
211,32,34,0,0,1,10.1632445199149,"[0.0, 10.1632445199149]",10.1632445199149,8.571428571428571,10.1632445199149,5.566666666666652,0,1,0,96.37998974323273,1.01632445199149e-05,334,1,0
211,33,23,0,0,0,10.119173867361885,"[0.0, 10.119173867361885]",10.119173867361885,8.571428571428571,10.119173867361885,5.583333333333319,0,1,0,96.92610275745392,1.0119173867361886e-05,335,1,0
211,34,53,0,0,0,10.085517338344028,"[0.0, 10.085517338344028]",10.085517338344028,8.571428571428571,10.085517338344028,5.449999999999986,0,1,0,95.52671809494495,1.0085517338344028e-05,327,1,0
211,35,24,0,0,0,10.065422058105469,"[0.0, 10.065422058105469]",10.065422058105469,8.571428571428571,10.065422058105469,5.466666666666653,0,1,0,93.68521942198277,1.006542205810547e-05,328,1,0
211,36,51,0,0,0,10.056373051234655,"[0.0, 10.056373051234655]",10.056373051234655,8.571428571428571,10.056373051234655,3.299999999999993,0,1,0,86.89540982246399,1.0056373051234655e-05,198,1,0
211,37,19,0,0,0,9.880763462611606,"[0.0, 9.880763462611606]",9.880763462611606,8.571428571428571,9.880763462611606,5.416666666666653,0,1,0,92.61970008909702,9.880763462611605e-06,325,1,0
211,38,14,0,0,0,9.87879889351981,"[0.0, 9.87879889351981]",9.87879889351981,8.571428571428571,9.87879889351981,3.2833333333333266,0,1,0,86.19797475636005,9.87879889351981e-06,197,1,0
211,39,28,0,0,0,9.814916338239398,"[0.0, 9.814916338239398]",9.814916338239398,8.571428571428571,9.814916338239398,5.549999999999986,0,1,0,93.12285342812538,9.814916338239397e-06,333,1,0
211,40,60,0,0,0,9.764581407819476,"[0.0, 9.764581407819476]",9.764581407819476,8.571428571428571,9.764581407819476,5.599999999999985,0,1,0,94.69460043311119,9.764581407819475e-06,336,1,0
211,41,20,0,0,0,9.638094220842634,"[0.0, 9.638094220842634]",9.638094220842634,8.571428571428571,9.638094220842634,5.516666666666652,0,1,0,94.38643668591976,9.638094220842633e-06,331,1,0
211,42,9,0,0,0,9.561454227992467,"[0.0, 9.561454227992467]",9.561454227992467,8.571428571428571,9.561454227992467,5.449999999999986,0,1,0,92.69767928123474,9.561454227992468e-06,327,1,0
211,43,48,0,0,0,9.103736877441406,"[0.0, 9.103736877441406]",9.103736877441406,8.571428571428571,9.103736877441406,8.166666666666652,0,1,0,78.18449265560048,9.103736877441405e-06,490,1,0
211,44,30,0,0,0,8.946328844342913,"[0.0, 8.946328844342913]",8.946328844342913,8.571428571428571,8.946328844342913,3.2333333333333267,0,1,0,84.12018412351608,8.946328844342914e-06,194,1,0
211,45,39,0,0,0,8.689501626150948,"[0.0, 8.689501626150948]",8.689501626150948,8.571428571428571,8.689501626150948,8.11666666666665,0,1,0,74.24469312711881,8.689501626150947e-06,487,1,0
211,46,22,0,0,0,8.523581368582589,"[0.0, 8.523581368582589]",8.523581368582589,5.714285714285714,8.523581368582589,3.183333333333327,0,1,0,82.06287606060505,8.523581368582588e-06,191,1,0
211,47,49,0,0,0,8.399720873151505,"[0.0, 8.399720873151505]",8.399720873151505,5.714285714285714,8.399720873151505,3.183333333333327,0,1,0,82.06298792362213,8.399720873151505e-06,191,1,0
211,48,31,0,0,0,8.274811335972379,"[0.0, 8.274811335972379]",8.274811335972379,5.714285714285714,8.274811335972379,3.483333333333326,0,1,0,81.79415847361088,8.274811335972379e-06,209,1,0
211,49,11,0,0,0,7.7666119166782925,"[0.0, 7.7666119166782925]",7.7666119166782925,5.714285714285714,7.7666119166782925,3.0833333333333273,0,1,0,78.00911471247673,7.766611916678293e-06,185,1,0
211,50,27,0,0,0,7.546849931989397,"[0.0, 7.546849931989397]",7.546849931989397,5.714285714285714,7.546849931989397,3.0333333333333274,0,1,0,76.01265361905098,7.546849931989397e-06,182,1,0
211,51,54,0,0,0,6.315983363560268,"[0.0, 6.315983363560268]",6.315983363560268,5.714285714285714,6.315983363560268,7.366666666666646,0,1,0,58.58241178296157,6.315983363560268e-06,442,1,0
211,52,25,0,0,0,6.208621433803013,"[0.0, 6.208621433803013]",6.208621433803013,5.714285714285714,6.208621433803013,7.316666666666646,0,1,0,57.633168337561074,6.208621433803013e-06,439,1,0
211,53,40,0,0,0,6.173411778041295,"[0.0, 6.173411778041295]",6.173411778041295,5.714285714285714,6.173411778041295,7.316666666666646,0,1,0,57.427433423828916,6.173411778041295e-06,439,1,0
211,54,44,0,0,0,5.90012686593192,"[0.0, 5.90012686593192]",5.90012686593192,5.714285714285714,5.90012686593192,4.149999999999991,0,1,0,54.303849413990974,5.90012686593192e-06,249,1,0
211,55,37,0,0,0,5.743860517229352,"[0.0, 5.743860517229352]",5.743860517229352,5.714285714285714,5.743860517229352,3.7833333333333248,0,1,0,52.21889270842075,5.743860517229353e-06,227,1,0
211,56,43,0,0,0,5.742241995675224,"[0.0, 5.742241995675224]",5.742241995675224,5.714285714285714,5.742241995675224,3.6999999999999917,0,1,0,51.6331455335021,5.742241995675224e-06,222,1,0
211,57,57,0,0,0,5.689430236816406,"[0.0, 5.689430236816406]",5.689430236816406,2.857142857142857,5.689430236816406,3.683333333333325,0,1,0,51.4868621006608,5.689430236816406e-06,221,1,0
211,58,17,0,0,0,5.6833376203264505,"[0.0, 5.6833376203264505]",5.6833376203264505,2.857142857142857,5.6833376203264505,7.533333333333312,0,1,0,50.32284494176565,5.683337620326451e-06,452,1,0
211,59,62,0,0,0,5.629757472446987,"[0.0, 5.629757472446987]",5.629757472446987,2.857142857142857,5.629757472446987,3.566666666666659,0,1,0,50.63338981568813,5.629757472446987e-06,214,1,0
211,60,36,0,0,0,5.565294538225447,"[0.0, 5.565294538225447]",5.565294538225447,2.857142857142857,5.565294538225447,3.5333333333333257,0,1,0,49.765749141573906,5.565294538225447e-06,212,1,0
211,61,63,0,0,0,5.344761439732143,"[0.0, 5.344761439732143]",5.344761439732143,2.857142857142857,5.344761439732143,6.183333333333317,0,1,0,45.548946844472084,5.3447614397321436e-06,371,1,0
211,62,29,0,0,0,4.505746023995536,"[0.0, 4.505746023995536]",4.505746023995536,2.857142857142857,4.505746023995536,6.1499999999999835,0,1,0,35.26084733071184,4.505746023995535e-06,369,1,0
211,63,15,0,0,0,3.2551792689732144,"[0.0, 3.2551792689732144]",3.2551792689732144,2.857142857142857,3.2551792689732144,9.000000000000027,0,1,0,55.62350423456519,3.2551792689732145e-06,540,1,0
211,64,56,0,0,0,2.0968736921037947,"[0.0, 2.0968736921037947]",2.0968736921037947,0.0,2.0968736921037947,5.016666666666654,0,1,0,7.70592150430457,2.0968736921037946e-06,301,1,0
212,1,0,0,1,1,15.89160374232701,"[0.0, 15.89160374232701]",15.89160374232701,14.285714285714285,15.89160374232701,9.333333333333377,0,1,0,145.6386794326827,1.589160374232701e-05,560,1,0
212,2,1,0,1,1,15.883047921316965,"[0.0, 15.883047921316965]",15.883047921316965,14.285714285714285,15.883047921316965,9.100000000000032,0,1,0,140.93718819320202,1.5883047921316966e-05,546,1,0
212,3,2,0,1,1,15.852350507463727,"[0.0, 15.852350507463727]",15.852350507463727,14.285714285714285,15.852350507463727,8.71666666666668,0,1,0,144.94690749794245,1.5852350507463728e-05,523,1,0
212,4,3,0,1,1,15.721593584333146,"[0.0, 15.721593584333146]",15.721593584333146,14.285714285714285,15.721593584333146,8.866666666666687,0,1,0,143.5482431985438,1.5721593584333146e-05,532,1,0
212,5,4,0,1,1,15.70751190185547,"[0.0, 15.70751190185547]",15.70751190185547,14.285714285714285,15.70751190185547,9.633333333333391,0,1,0,146.96501969200472,1.570751190185547e-05,578,1,0
212,6,60,0,1,1,15.684716360909597,"[0.0, 15.684716360909597]",15.684716360909597,14.285714285714285,15.684716360909597,9.500000000000052,0,1,0,145.25672271457734,1.5684716360909598e-05,570,1,0
212,7,27,0,1,1,15.676754542759486,"[0.0, 15.676754542759486]",15.676754542759486,14.285714285714285,15.676754542759486,9.083333333333364,0,1,0,140.71066871937364,1.5676754542759485e-05,545,1,0
212,8,5,0,1,1,15.67197527204241,"[0.0, 15.67197527204241]",15.67197527204241,14.285714285714285,15.67197527204241,9.716666666666729,0,1,0,148.1015421011325,1.567197527204241e-05,583,1,0
212,9,6,0,0,1,15.644367762974332,"[0.0, 15.644367762974332]",15.644367762974332,14.285714285714285,15.644367762974332,8.016666666666644,0,1,0,136.0753976404667,1.564436776297433e-05,481,1,0
212,10,7,0,0,1,15.599490574428012,"[0.0, 15.599490574428012]",15.599490574428012,14.285714285714285,15.599490574428012,8.283333333333324,0,1,0,139.76457184180617,1.5599490574428012e-05,497,1,0
212,11,54,0,0,1,15.389600481305804,"[0.0, 15.389600481305804]",15.389600481305804,14.285714285714285,15.389600481305804,8.816666666666684,0,1,0,142.93602431938052,1.5389600481305804e-05,529,1,0
212,12,49,0,0,1,15.318826947893417,"[0.0, 15.318826947893417]",15.318826947893417,14.285714285714285,15.318826947893417,9.550000000000054,0,1,0,144.4964828667944,1.5318826947893417e-05,573,1,0
212,13,62,0,0,1,15.153590611049106,"[0.0, 15.153590611049106]",15.153590611049106,14.285714285714285,15.153590611049106,10.700000000000111,0,1,0,146.29344711003796,1.5153590611049105e-05,642,1,0
212,14,8,0,0,1,14.95917728969029,"[0.0, 14.95917728969029]",14.95917728969029,14.285714285714285,14.95917728969029,6.6999999999999815,0,1,0,133.87572042644024,1.495917728969029e-05,402,1,0
212,15,35,0,0,1,14.927951267787387,"[0.0, 14.927951267787387]",14.927951267787387,14.285714285714285,14.927951267787387,8.18333333333332,0,1,0,134.61181324720383,1.4927951267787387e-05,491,1,0
212,16,18,0,0,1,14.891864231654575,"[0.0, 14.891864231654575]",14.891864231654575,14.285714285714285,14.891864231654575,9.716666666666729,0,1,0,141.83844766874972,1.4891864231654575e-05,583,1,0
212,17,41,0,0,1,14.837401253836497,"[0.0, 14.837401253836497]",14.837401253836497,14.285714285714285,14.837401253836497,6.733333333333315,0,1,0,131.72206318378448,1.4837401253836497e-05,404,1,0
212,18,43,0,0,1,14.79254586356027,"[0.0, 14.79254586356027]",14.79254586356027,14.285714285714285,14.79254586356027,6.799999999999981,0,1,0,129.46690936386585,1.4792545863560269e-05,408,1,0
212,19,50,0,0,1,14.616601126534597,"[0.0, 14.616601126534597]",14.616601126534597,14.285714285714285,14.616601126534597,9.733333333333396,0,1,0,140.71414023591205,1.4616601126534597e-05,584,1,0
212,20,42,0,0,1,13.695934840611049,"[0.0, 13.695934840611049]",13.695934840611049,11.428571428571429,13.695934840611049,6.566666666666649,0,1,0,130.33592841029167,1.3695934840611048e-05,394,1,0
212,21,29,0,0,1,11.447462354387556,"[0.0, 11.447462354387556]",11.447462354387556,11.428571428571429,11.447462354387556,7.749999999999978,0,1,0,108.59470735490322,1.1447462354387556e-05,465,1,0
212,22,57,0,0,1,11.327182224818639,"[0.0, 11.327182224818639]",11.327182224818639,8.571428571428571,11.327182224818639,5.833333333333318,0,1,0,99.13640059530735,1.132718222481864e-05,350,1,0
212,23,53,0,0,1,11.23748234340123,"[0.0, 11.23748234340123]",11.23748234340123,8.571428571428571,11.23748234340123,6.766666666666648,0,1,0,102.27030961960554,1.1237482343401229e-05,406,1,0
212,24,34,0,0,1,11.184558868408203,"[0.0, 11.184558868408203]",11.184558868408203,8.571428571428571,11.184558868408203,8.266666666666657,0,1,0,110.18270858377218,1.1184558868408203e-05,496,1,0
212,25,44,0,0,1,11.010308946881974,"[0.0, 11.010308946881974]",11.010308946881974,8.571428571428571,11.010308946881974,7.399999999999979,0,1,0,104.75884299725294,1.1010308946881974e-05,444,1,0
212,26,58,0,0,1,10.871500287737165,"[0.0, 10.871500287737165]",10.871500287737165,8.571428571428571,10.871500287737165,5.699999999999985,0,1,0,96.45094615221024,1.0871500287737164e-05,342,1,0
212,27,36,0,0,1,10.743915012904576,"[0.0, 10.743915012904576]",10.743915012904576,8.571428571428571,10.743915012904576,5.699999999999985,0,1,0,97.00680184364319,1.0743915012904576e-05,342,1,0
212,28,23,0,0,1,10.66023417881557,"[0.0, 10.66023417881557]",10.66023417881557,8.571428571428571,10.66023417881557,5.666666666666652,0,1,0,97.02711421251297,1.066023417881557e-05,340,1,0
212,29,39,0,0,1,10.542019435337611,"[0.0, 10.542019435337611]",10.542019435337611,8.571428571428571,10.542019435337611,5.816666666666651,0,1,0,97.54117034375668,1.0542019435337612e-05,349,1,0
212,30,24,0,0,1,10.508624485560826,"[0.0, 10.508624485560826]",10.508624485560826,8.571428571428571,10.508624485560826,5.616666666666652,0,1,0,98.58686774969101,1.0508624485560826e-05,337,1,0
212,31,31,0,0,1,10.473899841308594,"[0.0, 10.473899841308594]",10.473899841308594,8.571428571428571,10.473899841308594,5.616666666666652,0,1,0,98.02683165669441,1.0473899841308594e-05,337,1,0
212,32,37,0,0,1,10.456286839076451,"[0.0, 10.456286839076451]",10.456286839076451,8.571428571428571,10.456286839076451,5.499999999999986,0,1,0,97.65043456852436,1.0456286839076452e-05,330,1,0
212,33,55,0,0,0,10.452126094273158,"[0.0, 10.452126094273158]",10.452126094273158,8.571428571428571,10.452126094273158,6.16666666666665,0,1,0,97.60500258207321,1.0452126094273158e-05,370,1,0
212,34,45,0,0,0,10.257701873779297,"[0.0, 10.257701873779297]",10.257701873779297,8.571428571428571,10.257701873779297,7.98333333333331,0,1,0,98.4690708401613,1.0257701873779296e-05,479,1,0
212,35,26,0,0,0,10.223113468715123,"[0.0, 10.223113468715123]",10.223113468715123,8.571428571428571,10.223113468715123,5.533333333333319,0,1,0,95.69903235137463,1.0223113468715123e-05,332,1,0
212,36,52,0,0,0,10.188263484409879,"[0.0, 10.188263484409879]",10.188263484409879,8.571428571428571,10.188263484409879,5.533333333333319,0,1,0,95.83759294450283,1.0188263484409878e-05,332,1,0
212,37,15,0,0,0,10.159290858677455,"[0.0, 10.159290858677455]",10.159290858677455,8.571428571428571,10.159290858677455,5.533333333333319,0,1,0,95.32074339687824,1.0159290858677455e-05,332,1,0
212,38,17,0,0,0,10.056356702532089,"[0.0, 10.056356702532089]",10.056356702532089,8.571428571428571,10.056356702532089,5.416666666666653,0,1,0,93.79227657616138,1.0056356702532088e-05,325,1,0
212,39,19,0,0,0,10.042784554617745,"[0.0, 10.042784554617745]",10.042784554617745,8.571428571428571,10.042784554617745,5.999999999999984,0,1,0,94.99922512471676,1.0042784554617744e-05,360,1,0
212,40,46,0,0,0,9.915346418108259,"[0.0, 9.915346418108259]",9.915346418108259,8.571428571428571,9.915346418108259,5.499999999999986,0,1,0,94.22121402621269,9.915346418108259e-06,330,1,0
212,41,59,0,0,0,9.818284170968191,"[0.0, 9.818284170968191]",9.818284170968191,8.571428571428571,9.818284170968191,8.04999999999998,0,1,0,99.12929018959403,9.818284170968191e-06,483,1,0
212,42,56,0,0,0,9.600276947021484,"[0.0, 9.600276947021484]",9.600276947021484,8.571428571428571,9.600276947021484,4.499999999999989,0,1,0,90.49975979328156,9.600276947021485e-06,270,1,0
212,43,12,0,0,0,9.587947300502233,"[0.0, 9.587947300502233]",9.587947300502233,8.571428571428571,9.587947300502233,5.399999999999986,0,1,0,91.57456187903881,9.587947300502233e-06,324,1,0
212,44,10,0,0,0,9.463413783482142,"[0.0, 9.463413783482142]",9.463413783482142,8.571428571428571,9.463413783482142,5.349999999999986,0,1,0,91.03646269440651,9.463413783482143e-06,321,1,0
212,45,47,0,0,0,9.308359963553292,"[0.0, 9.308359963553292]",9.308359963553292,8.571428571428571,9.308359963553292,5.249999999999987,0,1,0,87.61716544628143,9.308359963553291e-06,315,1,0
212,46,38,0,0,0,9.265264783586774,"[0.0, 9.265264783586774]",9.265264783586774,8.571428571428571,9.265264783586774,3.2499999999999933,0,1,0,83.733972504735,9.265264783586773e-06,195,1,0
212,47,51,0,0,0,9.21858651297433,"[0.0, 9.21858651297433]",9.21858651297433,8.571428571428571,9.21858651297433,4.816666666666655,0,1,0,88.33806045353413,9.21858651297433e-06,289,1,0
212,48,32,0,0,0,8.443633488246373,"[0.0, 8.443633488246373]",8.443633488246373,5.714285714285714,8.443633488246373,4.649999999999989,0,1,0,84.85827784240246,8.443633488246373e-06,279,1,0
212,49,20,0,0,0,8.421658107212611,"[0.0, 8.421658107212611]",8.421658107212611,5.714285714285714,8.421658107212611,5.266666666666653,0,1,0,59.192600939422846,8.42165810721261e-06,316,1,0
212,50,25,0,0,0,8.364832741873606,"[0.0, 8.364832741873606]",8.364832741873606,5.714285714285714,8.364832741873606,3.183333333333327,0,1,0,82.06311583518982,8.364832741873606e-06,191,1,0
212,51,11,0,0,0,8.349385942731585,"[0.0, 8.349385942731585]",8.349385942731585,5.714285714285714,8.349385942731585,4.633333333333322,0,1,0,57.81009894609451,8.349385942731586e-06,278,1,0
212,52,30,0,0,0,8.318802969796318,"[0.0, 8.318802969796318]",8.318802969796318,5.714285714285714,8.318802969796318,4.149999999999991,0,1,0,56.95677764713764,8.318802969796318e-06,249,1,0
212,53,63,0,0,0,7.955965314592634,"[0.0, 7.955965314592634]",7.955965314592634,5.714285714285714,7.955965314592634,3.099999999999994,0,1,0,78.6791860461235,7.955965314592633e-06,186,1,0
212,54,16,0,0,0,7.307338714599609,"[0.0, 7.307338714599609]",7.307338714599609,5.714285714285714,7.307338714599609,3.0333333333333274,0,1,0,74.50668977200985,7.3073387145996095e-06,182,1,0
212,55,21,0,0,0,6.330620901925223,"[0.0, 6.330620901925223]",6.330620901925223,5.714285714285714,6.330620901925223,7.366666666666646,0,1,0,58.582181698940985,6.330620901925223e-06,442,1,0
212,56,14,0,0,0,6.285749162946429,"[0.0, 6.285749162946429]",6.285749162946429,5.714285714285714,6.285749162946429,7.366666666666646,0,1,0,58.59170852855459,6.285749162946429e-06,442,1,0
212,57,48,0,0,0,6.282986232212612,"[0.0, 6.282986232212612]",6.282986232212612,5.714285714285714,6.282986232212612,7.366666666666646,0,1,0,58.581567062676186,6.282986232212612e-06,442,1,0
212,58,40,0,0,0,5.52323477608817,"[0.0, 5.52323477608817]",5.52323477608817,2.857142857142857,5.52323477608817,3.383333333333326,0,1,0,49.165797650814056,5.52323477608817e-06,203,1,0
212,59,13,0,0,0,5.4749298095703125,"[0.0, 5.4749298095703125]",5.4749298095703125,2.857142857142857,5.4749298095703125,3.3166666666666598,0,1,0,48.59353590011597,5.474929809570312e-06,199,1,0
212,60,28,0,0,0,5.423643929617746,"[0.0, 5.423643929617746]",5.423643929617746,2.857142857142857,5.423643929617746,3.3333333333333264,0,1,0,47.96714177727699,5.423643929617746e-06,200,1,0
212,61,9,0,0,0,5.272565569196429,"[0.0, 5.272565569196429]",5.272565569196429,2.857142857142857,5.272565569196429,6.749999999999981,0,1,0,44.92933976556378,5.272565569196429e-06,405,1,0
212,62,22,0,0,0,2.563018798828125,"[0.0, 2.563018798828125]",2.563018798828125,0.0,2.563018798828125,5.249999999999987,0,1,0,25.70272523383028,2.563018798828125e-06,315,1,0
212,63,33,0,0,0,2.1063831874302457,"[0.0, 2.1063831874302457]",2.1063831874302457,0.0,2.1063831874302457,5.016666666666654,0,1,0,7.706025008024881,2.1063831874302457e-06,301,1,0
212,64,61,0,0,0,1.874950953892299,"[0.0, 1.874950953892299]",1.874950953892299,0.0,1.874950953892299,5.016666666666654,0,1,0,5.210389155545272,1.8749509538922991e-06,301,1,0
213,1,0,0,1,1,15.89160374232701,"[0.0, 15.89160374232701]",15.89160374232701,14.285714285714285,15.89160374232701,9.333333333333377,0,1,0,145.6386794326827,1.589160374232701e-05,560,1,0
213,2,1,0,1,1,15.883047921316965,"[0.0, 15.883047921316965]",15.883047921316965,14.285714285714285,15.883047921316965,9.100000000000032,0,1,0,140.93718819320202,1.5883047921316966e-05,546,1,0
213,3,2,0,1,1,15.852350507463727,"[0.0, 15.852350507463727]",15.852350507463727,14.285714285714285,15.852350507463727,8.71666666666668,0,1,0,144.94690749794245,1.5852350507463728e-05,523,1,0
213,4,3,0,1,1,15.721593584333146,"[0.0, 15.721593584333146]",15.721593584333146,14.285714285714285,15.721593584333146,8.866666666666687,0,1,0,143.5482431985438,1.5721593584333146e-05,532,1,0
213,5,4,0,1,1,15.70751190185547,"[0.0, 15.70751190185547]",15.70751190185547,14.285714285714285,15.70751190185547,9.633333333333391,0,1,0,146.96501969200472,1.570751190185547e-05,578,1,0
213,6,5,0,1,1,15.684716360909597,"[0.0, 15.684716360909597]",15.684716360909597,14.285714285714285,15.684716360909597,9.500000000000052,0,1,0,145.25672271457734,1.5684716360909598e-05,570,1,0
213,7,6,0,1,1,15.676754542759486,"[0.0, 15.676754542759486]",15.676754542759486,14.285714285714285,15.676754542759486,9.083333333333364,0,1,0,140.71066871937364,1.5676754542759485e-05,545,1,0
213,8,7,0,1,1,15.67197527204241,"[0.0, 15.67197527204241]",15.67197527204241,14.285714285714285,15.67197527204241,9.716666666666729,0,1,0,148.1015421011325,1.567197527204241e-05,583,1,0
213,9,23,0,0,1,15.669190543038505,"[0.0, 15.669190543038505]",15.669190543038505,14.285714285714285,15.669190543038505,8.199999999999987,0,1,0,137.8739112690091,1.5669190543038506e-05,492,1,0
213,10,53,0,0,1,15.491218566894533,"[0.0, 15.491218566894533]",15.491218566894533,14.285714285714285,15.491218566894533,10.550000000000104,0,1,0,147.68840566630388,1.5491218566894534e-05,633,1,0
213,11,18,0,0,1,15.393120901925222,"[0.0, 15.393120901925222]",15.393120901925222,14.285714285714285,15.393120901925222,9.516666666666719,0,1,0,145.0633415333432,1.5393120901925224e-05,571,1,0
213,12,33,0,0,1,15.382368905203684,"[0.0, 15.382368905203684]",15.382368905203684,14.285714285714285,15.382368905203684,8.933333333333357,0,1,0,142.5471549052745,1.5382368905203683e-05,536,1,0
213,13,30,0,0,1,15.358227321079799,"[0.0, 15.358227321079799]",15.358227321079799,14.285714285714285,15.358227321079799,10.100000000000081,0,1,0,146.14574352545606,1.5358227321079797e-05,606,1,0
213,14,44,0,0,1,14.918790544782365,"[0.0, 14.918790544782365]",14.918790544782365,14.285714285714285,14.918790544782365,7.233333333333313,0,1,0,132.05282726883888,1.4918790544782365e-05,434,1,0
213,15,56,0,0,1,14.88936288016183,"[0.0, 14.88936288016183]",14.88936288016183,14.285714285714285,14.88936288016183,6.733333333333315,0,1,0,128.82446399331093,1.488936288016183e-05,404,1,0
213,16,10,0,0,1,14.706409999302455,"[0.0, 14.706409999302455]",14.706409999302455,14.285714285714285,14.706409999302455,9.283333333333374,0,1,0,133.9385535530746,1.4706409999302454e-05,557,1,0
213,17,29,0,0,1,14.411664690290179,"[0.0, 14.411664690290179]",14.411664690290179,14.285714285714285,14.411664690290179,10.900000000000121,0,1,0,143.5870885674958,1.4411664690290179e-05,654,1,0
213,18,55,0,0,1,11.453304290771484,"[0.0, 11.453304290771484]",11.453304290771484,11.428571428571429,11.453304290771484,5.899999999999984,0,1,0,104.9438569098711,1.1453304290771485e-05,354,1,0
213,19,24,0,0,1,11.2978880746024,"[0.0, 11.2978880746024]",11.2978880746024,8.571428571428571,11.2978880746024,5.999999999999984,0,1,0,100.1176100820303,1.12978880746024e-05,360,1,0
213,20,47,0,0,1,10.819931030273438,"[0.0, 10.819931030273438]",10.819931030273438,8.571428571428571,10.819931030273438,5.833333333333318,0,1,0,97.55405523627996,1.0819931030273438e-05,350,1,0
213,21,31,0,0,1,10.622896466936384,"[0.0, 10.622896466936384]",10.622896466936384,8.571428571428571,10.622896466936384,6.449999999999982,0,1,0,100.27650156617165,1.0622896466936384e-05,387,1,0
213,22,51,0,0,1,10.48792975289481,"[0.0, 10.48792975289481]",10.48792975289481,8.571428571428571,10.48792975289481,5.616666666666652,0,1,0,92.70650275051594,1.0487929752894811e-05,337,1,0
213,23,9,0,0,1,10.47652380807059,"[0.0, 10.47652380807059]",10.47652380807059,8.571428571428571,10.47652380807059,5.616666666666652,0,1,0,98.0267394632101,1.047652380807059e-05,337,1,0
213,24,26,0,0,1,10.443262372698104,"[0.0, 10.443262372698104]",10.443262372698104,8.571428571428571,10.443262372698104,6.2333333333333165,0,1,0,98.9656414911151,1.0443262372698105e-05,374,1,0
213,25,27,0,0,1,10.33787591116769,"[0.0, 10.33787591116769]",10.33787591116769,8.571428571428571,10.33787591116769,6.033333333333317,0,1,0,97.99717505276203,1.033787591116769e-05,362,1,0
213,26,60,0,0,1,10.334415435791016,"[0.0, 10.334415435791016]",10.334415435791016,8.571428571428571,10.334415435791016,7.583333333333312,0,1,0,100.34966332651675,1.0334415435791016e-05,455,1,0
213,27,22,0,0,1,10.136963980538505,"[0.0, 10.136963980538505]",10.136963980538505,8.571428571428571,10.136963980538505,5.516666666666652,0,1,0,94.44794039428234,1.0136963980538504e-05,331,1,0
213,28,50,0,0,1,10.1272828238351,"[0.0, 10.1272828238351]",10.1272828238351,8.571428571428571,10.1272828238351,5.516666666666652,0,1,0,95.29594385623932,1.0127282823835101e-05,331,1,0
213,29,14,0,0,1,10.124577113560267,"[0.0, 10.124577113560267]",10.124577113560267,8.571428571428571,10.124577113560267,5.499999999999986,0,1,0,94.75655083358288,1.0124577113560267e-05,330,1,0
213,30,12,0,0,1,10.087427411760602,"[0.0, 10.087427411760602]",10.087427411760602,8.571428571428571,10.087427411760602,5.633333333333319,0,1,0,95.98915272951126,1.0087427411760603e-05,338,1,0
213,31,58,0,0,1,9.888793400355748,"[0.0, 9.888793400355748]",9.888793400355748,8.571428571428571,9.888793400355748,6.766666666666648,0,1,0,93.05489625781775,9.888793400355749e-06,406,1,0
213,32,38,0,0,1,9.79161126273019,"[0.0, 9.79161126273019]",9.79161126273019,8.571428571428571,9.79161126273019,5.399999999999986,0,1,0,92.0916455835104,9.791611262730189e-06,324,1,0
213,33,15,0,0,0,9.681249346051898,"[0.0, 9.681249346051898]",9.681249346051898,8.571428571428571,9.681249346051898,5.416666666666653,0,1,0,93.90672881901264,9.681249346051898e-06,325,1,0
213,34,28,0,0,0,9.524849482945033,"[0.0, 9.524849482945033]",9.524849482945033,8.571428571428571,9.524849482945033,5.416666666666653,0,1,0,88.89866334199905,9.524849482945033e-06,325,1,0
213,35,61,0,0,0,9.45218767438616,"[0.0, 9.45218767438616]",9.45218767438616,8.571428571428571,9.45218767438616,5.3833333333333195,0,1,0,91.56799371540546,9.45218767438616e-06,323,1,0
213,36,62,0,0,0,9.442315782819476,"[0.0, 9.442315782819476]",9.442315782819476,8.571428571428571,9.442315782819476,5.399999999999986,0,1,0,91.57510137557983,9.442315782819476e-06,324,1,0
213,37,59,0,0,0,9.30342538016183,"[0.0, 9.30342538016183]",9.30342538016183,8.571428571428571,9.30342538016183,5.983333333333317,0,1,0,90.14321903884411,9.30342538016183e-06,359,1,0
213,38,32,0,0,0,9.277774265834264,"[0.0, 9.277774265834264]",9.277774265834264,8.571428571428571,9.277774265834264,3.6666666666666585,0,1,0,86.47398622334003,9.277774265834264e-06,220,1,0
213,39,54,0,0,0,9.166251591273717,"[0.0, 9.166251591273717]",9.166251591273717,8.571428571428571,9.166251591273717,5.33333333333332,0,1,0,89.50664660334587,9.166251591273717e-06,320,1,0
213,40,40,0,0,0,8.899974822998047,"[0.0, 8.899974822998047]",8.899974822998047,8.571428571428571,8.899974822998047,7.999999999999977,0,1,0,75.05255617643707,8.899974822998047e-06,480,1,0
213,41,25,0,0,0,8.717523302350726,"[0.0, 8.717523302350726]",8.717523302350726,8.571428571428571,8.717523302350726,8.11666666666665,0,1,0,75.26608623629,8.717523302350725e-06,487,1,0
213,42,19,0,0,0,8.664136614118304,"[0.0, 8.664136614118304]",8.664136614118304,8.571428571428571,8.664136614118304,8.083333333333314,0,1,0,72.41428858677682,8.664136614118303e-06,485,1,0
213,43,49,0,0,0,8.549265180315292,"[0.0, 8.549265180315292]",8.549265180315292,5.714285714285714,8.549265180315292,3.1999999999999935,0,1,0,82.74671107530594,8.549265180315292e-06,192,1,0
213,44,52,0,0,0,8.423802512032646,"[0.0, 8.423802512032646]",8.423802512032646,5.714285714285714,8.423802512032646,5.2166666666666535,0,1,0,85.9905956685543,8.423802512032646e-06,313,1,0
213,45,39,0,0,0,8.419064113071986,"[0.0, 8.419064113071986]",8.419064113071986,5.714285714285714,8.419064113071986,7.433333333333312,0,1,0,63.4319186208304,8.419064113071987e-06,446,1,0
213,46,8,0,0,0,8.334271567208425,"[0.0, 8.334271567208425]",8.334271567208425,5.714285714285714,8.334271567208425,4.166666666666657,0,1,0,57.19883073866367,8.334271567208425e-06,250,1,0
213,47,13,0,0,0,8.301574162074496,"[0.0, 8.301574162074496]",8.301574162074496,5.714285714285714,8.301574162074496,5.033333333333321,0,1,0,56.92731677927077,8.301574162074497e-06,302,1,0
213,48,45,0,0,0,8.292086465018137,"[0.0, 8.292086465018137]",8.292086465018137,5.714285714285714,8.292086465018137,6.016666666666651,0,1,0,57.561096257704776,8.292086465018137e-06,361,1,0
213,49,17,0,0,0,8.149498530796597,"[0.0, 8.149498530796597]",8.149498530796597,5.714285714285714,8.149498530796597,3.3333333333333264,0,1,0,80.9302419424057,8.149498530796598e-06,200,1,0
213,50,36,0,0,0,7.142857142857142,"[0.0, 7.142857142857142]",7.142857142857142,5.714285714285714,7.142857142857142,2.8999999999999946,0,1,0,70.79177905619144,7.142857142857143e-06,174,1,0
213,51,48,0,0,0,6.34408678327288,"[0.0, 6.34408678327288]",6.34408678327288,5.714285714285714,6.34408678327288,7.366666666666646,0,1,0,58.58102427813719,6.34408678327288e-06,442,1,0
213,52,34,0,0,0,6.268408639090402,"[0.0, 6.268408639090402]",6.268408639090402,5.714285714285714,6.268408639090402,7.366666666666646,0,1,0,58.58213081101712,6.268408639090402e-06,442,1,0
213,53,63,0,0,0,6.198714120047432,"[0.0, 6.198714120047432]",6.198714120047432,5.714285714285714,6.198714120047432,7.24999999999998,0,1,0,56.65727930284629,6.198714120047432e-06,435,1,0
213,54,11,0,0,0,6.133613586425781,"[0.0, 6.133613586425781]",6.133613586425781,5.714285714285714,6.133613586425781,7.316666666666646,0,1,0,57.63324475400441,6.133613586425781e-06,439,1,0
213,55,46,0,0,0,5.783446175711496,"[0.0, 5.783446175711496]",5.783446175711496,5.714285714285714,5.783446175711496,3.7833333333333248,0,1,0,52.34430506825447,5.783446175711496e-06,227,1,0
213,56,37,0,0,0,5.64788818359375,"[0.0, 5.64788818359375]",5.64788818359375,2.857142857142857,5.64788818359375,3.5499999999999923,0,1,0,50.85506707429886,5.64788818359375e-06,213,1,0
213,57,42,0,0,0,5.584760393415179,"[0.0, 5.584760393415179]",5.584760393415179,2.857142857142857,5.584760393415179,5.983333333333317,0,1,0,49.36730728490511,5.584760393415179e-06,359,1,0
213,58,57,0,0,0,5.54931640625,"[0.0, 5.54931640625]",5.54931640625,2.857142857142857,5.54931640625,3.433333333333326,0,1,0,49.58139203488827,5.54931640625e-06,206,1,0
213,59,43,0,0,0,5.153345380510602,"[0.0, 5.153345380510602]",5.153345380510602,2.857142857142857,5.153345380510602,6.649999999999982,0,1,0,43.358884860397666,5.153345380510603e-06,399,1,0
213,60,20,0,0,0,4.970773969377791,"[0.0, 4.970773969377791]",4.970773969377791,2.857142857142857,4.970773969377791,6.449999999999982,0,1,0,41.076085789798526,4.970773969377791e-06,387,1,0
213,61,35,0,0,0,4.961182730538505,"[0.0, 4.961182730538505]",4.961182730538505,2.857142857142857,4.961182730538505,2.6999999999999953,0,1,0,42.28068865835667,4.961182730538505e-06,162,1,0
213,62,41,0,0,0,3.4598105294363837,"[0.0, 3.4598105294363837]",3.4598105294363837,2.857142857142857,3.4598105294363837,5.449999999999986,0,1,0,24.121462090355635,3.4598105294363836e-06,327,1,0
213,63,21,0,0,0,2.1072006225585938,"[0.0, 2.1072006225585938]",2.1072006225585938,0.0,2.1072006225585938,5.016666666666654,0,1,0,7.70580329016957,2.107200622558594e-06,301,1,0
213,64,16,0,0,0,2.0996311732700894,"[0.0, 2.0996311732700894]",2.0996311732700894,0.0,2.0996311732700894,5.016666666666654,0,1,0,7.705256823304808,2.0996311732700892e-06,301,1,0
214,1,0,0,1,1,15.89160374232701,"[0.0, 15.89160374232701]",15.89160374232701,14.285714285714285,15.89160374232701,9.333333333333377,0,1,0,145.6386794326827,1.589160374232701e-05,560,1,0
214,2,1,0,1,1,15.883047921316965,"[0.0, 15.883047921316965]",15.883047921316965,14.285714285714285,15.883047921316965,9.100000000000032,0,1,0,140.93718819320202,1.5883047921316966e-05,546,1,0
214,3,2,0,1,1,15.852350507463727,"[0.0, 15.852350507463727]",15.852350507463727,14.285714285714285,15.852350507463727,8.71666666666668,0,1,0,144.94690749794245,1.5852350507463728e-05,523,1,0
214,4,48,0,1,1,15.822808401925222,"[0.0, 15.822808401925222]",15.822808401925222,14.285714285714285,15.822808401925222,9.933333333333406,0,1,0,147.67753175555117,1.5822808401925223e-05,596,1,0
214,5,32,0,1,1,15.73824201311384,"[0.0, 15.73824201311384]",15.73824201311384,14.285714285714285,15.73824201311384,10.366666666666761,0,1,0,148.27479582462547,1.573824201311384e-05,622,1,0
214,6,3,0,1,1,15.721593584333146,"[0.0, 15.721593584333146]",15.721593584333146,14.285714285714285,15.721593584333146,8.866666666666687,0,1,0,143.5482431985438,1.5721593584333146e-05,532,1,0
214,7,4,0,1,1,15.70751190185547,"[0.0, 15.70751190185547]",15.70751190185547,14.285714285714285,15.70751190185547,9.633333333333391,0,1,0,146.96501969200472,1.570751190185547e-05,578,1,0
214,8,5,0,1,1,15.684716360909597,"[0.0, 15.684716360909597]",15.684716360909597,14.285714285714285,15.684716360909597,9.500000000000052,0,1,0,145.25672271457734,1.5684716360909598e-05,570,1,0
214,9,6,0,0,1,15.676754542759486,"[0.0, 15.676754542759486]",15.676754542759486,14.285714285714285,15.676754542759486,9.083333333333364,0,1,0,140.71066871937364,1.5676754542759485e-05,545,1,0
214,10,7,0,0,1,15.67197527204241,"[0.0, 15.67197527204241]",15.67197527204241,14.285714285714285,15.67197527204241,9.716666666666729,0,1,0,148.1015421011325,1.567197527204241e-05,583,1,0
214,11,60,0,0,1,15.283889770507814,"[0.0, 15.283889770507814]",15.283889770507814,14.285714285714285,15.283889770507814,8.58333333333334,0,1,0,135.41041453182697,1.5283889770507814e-05,515,1,0
214,12,30,0,0,1,15.257235935756139,"[0.0, 15.257235935756139]",15.257235935756139,14.285714285714285,15.257235935756139,9.416666666666714,0,1,0,142.84632297744974,1.525723593575614e-05,565,1,0
214,13,31,0,0,1,15.221116202218191,"[0.0, 15.221116202218191]",15.221116202218191,14.285714285714285,15.221116202218191,9.416666666666714,0,1,0,143.92019512038678,1.522111620221819e-05,565,1,0
214,14,41,0,0,1,15.189813886369977,"[0.0, 15.189813886369977]",15.189813886369977,14.285714285714285,15.189813886369977,6.783333333333315,0,1,0,132.3849055916071,1.5189813886369978e-05,407,1,0
214,15,20,0,0,1,15.173841203962054,"[0.0, 15.173841203962054]",15.173841203962054,14.285714285714285,15.173841203962054,8.31666666666666,0,1,0,137.8235515654087,1.5173841203962053e-05,499,1,0
214,16,38,0,0,1,14.982910156250002,"[0.0, 14.982910156250002]",14.982910156250002,14.285714285714285,14.982910156250002,9.816666666666734,0,1,0,138.67502875968057,1.4982910156250002e-05,589,1,0
214,17,22,0,0,1,14.79216984340123,"[0.0, 14.79216984340123]",14.79216984340123,14.285714285714285,14.79216984340123,9.950000000000074,0,1,0,144.87225897027383,1.479216984340123e-05,597,1,0
214,18,51,0,0,1,14.69549996512277,"[0.0, 14.69549996512277]",14.69549996512277,14.285714285714285,14.69549996512277,10.983333333333459,0,1,0,146.59749482428742,1.469549996512277e-05,659,1,0
214,19,40,0,0,1,14.423839024135043,"[0.0, 14.423839024135043]",14.423839024135043,14.285714285714285,14.423839024135043,7.133333333333313,0,1,0,131.55380300432444,1.4423839024135044e-05,428,1,0
214,20,56,0,0,1,14.171682085309708,"[0.0, 14.171682085309708]",14.171682085309708,11.428571428571429,14.171682085309708,9.700000000000061,0,1,0,140.7509398842958,1.4171682085309709e-05,582,1,0
214,21,45,0,0,1,13.781187874930245,"[0.0, 13.781187874930245]",13.781187874930245,11.428571428571429,13.781187874930245,9.550000000000054,0,1,0,131.76573528027802,1.3781187874930246e-05,573,1,0
214,22,55,0,0,1,13.31988743373326,"[0.0, 13.31988743373326]",13.31988743373326,11.428571428571429,13.31988743373326,8.349999999999994,0,1,0,121.96828093007207,1.331988743373326e-05,501,1,0
214,23,34,0,0,1,11.264839172363281,"[0.0, 11.264839172363281]",11.264839172363281,8.571428571428571,11.264839172363281,6.966666666666647,0,1,0,102.68675470352173,1.1264839172363281e-05,418,1,0
214,24,21,0,0,1,11.218032836914062,"[0.0, 11.218032836914062]",11.218032836914062,8.571428571428571,11.218032836914062,9.016666666666694,0,1,0,109.35784767319274,1.1218032836914062e-05,541,1,0
214,25,11,0,0,1,11.085845402308873,"[0.0, 11.085845402308873]",11.085845402308873,8.571428571428571,11.085845402308873,7.366666666666646,0,1,0,101.00528863444924,1.1085845402308874e-05,442,1,0
214,26,47,0,0,1,11.07177734375,"[0.0, 11.07177734375]",11.07177734375,8.571428571428571,11.07177734375,5.816666666666651,0,1,0,98.75127725303173,1.107177734375e-05,349,1,0
214,27,16,0,0,1,10.935720716203962,"[0.0, 10.935720716203962]",10.935720716203962,8.571428571428571,10.935720716203962,5.749999999999985,0,1,0,97.52457158267498,1.0935720716203963e-05,345,1,0
214,28,13,0,0,1,10.886426653180802,"[0.0, 10.886426653180802]",10.886426653180802,8.571428571428571,10.886426653180802,6.649999999999982,0,1,0,102.39291400462389,1.0886426653180801e-05,399,1,0
214,29,8,0,0,1,10.829475947788783,"[0.0, 10.829475947788783]",10.829475947788783,8.571428571428571,10.829475947788783,6.6999999999999815,0,1,0,102.41659770160913,1.0829475947788784e-05,402,1,0
214,30,26,0,0,1,10.795541490827286,"[0.0, 10.795541490827286]",10.795541490827286,8.571428571428571,10.795541490827286,5.716666666666652,0,1,0,95.33473543822765,1.0795541490827286e-05,343,1,0
214,31,37,0,0,1,10.74467522757394,"[0.0, 10.74467522757394]",10.74467522757394,8.571428571428571,10.74467522757394,8.199999999999987,0,1,0,91.39766670088284,1.074467522757394e-05,492,1,0
214,32,27,0,0,1,10.560883113316127,"[0.0, 10.560883113316127]",10.560883113316127,8.571428571428571,10.560883113316127,5.716666666666652,0,1,0,101.38838584721088,1.0560883113316126e-05,343,1,0
214,33,54,0,0,0,10.537572588239396,"[0.0, 10.537572588239396]",10.537572588239396,8.571428571428571,10.537572588239396,6.099999999999984,0,1,0,97.90252708643675,1.0537572588239395e-05,366,1,0
214,34,33,0,0,0,10.456502096993582,"[0.0, 10.456502096993582]",10.456502096993582,8.571428571428571,10.456502096993582,5.566666666666652,0,1,0,96.92902536690235,1.0456502096993581e-05,334,1,0
214,35,15,0,0,0,10.3643798828125,"[0.0, 10.3643798828125]",10.3643798828125,8.571428571428571,10.3643798828125,5.549999999999986,0,1,0,96.38222071528435,1.03643798828125e-05,333,1,0
214,36,52,0,0,0,10.230672018868582,"[0.0, 10.230672018868582]",10.230672018868582,8.571428571428571,10.230672018868582,5.533333333333319,0,1,0,95.29561024904251,1.0230672018868582e-05,332,1,0
214,37,50,0,0,0,10.199574061802455,"[0.0, 10.199574061802455]",10.199574061802455,8.571428571428571,10.199574061802455,5.549999999999986,0,1,0,93.26280942559242,1.0199574061802455e-05,333,1,0
214,38,39,0,0,0,10.075814383370536,"[0.0, 10.075814383370536]",10.075814383370536,8.571428571428571,10.075814383370536,5.566666666666652,0,1,0,95.6137298643589,1.0075814383370537e-05,334,1,0
214,39,36,0,0,0,9.84267098563058,"[0.0, 9.84267098563058]",9.84267098563058,8.571428571428571,9.84267098563058,5.516666666666652,0,1,0,94.06635837256908,9.84267098563058e-06,331,1,0
214,40,17,0,0,0,9.808063507080078,"[0.0, 9.808063507080078]",9.808063507080078,8.571428571428571,9.808063507080078,5.433333333333319,0,1,0,94.37837217748165,9.808063507080078e-06,326,1,0
214,41,25,0,0,0,9.649805341448104,"[0.0, 9.649805341448104]",9.649805341448104,8.571428571428571,9.649805341448104,5.416666666666653,0,1,0,92.09867922961712,9.649805341448104e-06,325,1,0
214,42,14,0,0,0,9.307458060128349,"[0.0, 9.307458060128349]",9.307458060128349,8.571428571428571,9.307458060128349,5.349999999999986,0,1,0,89.72752194106579,9.307458060128349e-06,321,1,0
214,43,18,0,0,0,9.05378886631557,"[0.0, 9.05378886631557]",9.05378886631557,8.571428571428571,9.05378886631557,3.866666666666658,0,1,0,85.98694398999214,9.05378886631557e-06,232,1,0
214,44,28,0,0,0,8.808517456054688,"[0.0, 8.808517456054688]",8.808517456054688,8.571428571428571,8.808517456054688,5.28333333333332,0,1,0,87.98328931629658,8.808517456054687e-06,317,1,0
214,45,46,0,0,0,8.601145063127792,"[0.0, 8.601145063127792]",8.601145063127792,8.571428571428571,8.601145063127792,5.016666666666654,0,1,0,85.36154562234879,8.601145063127791e-06,301,1,0
214,46,9,0,0,0,8.527232578822545,"[0.0, 8.527232578822545]",8.527232578822545,5.714285714285714,8.527232578822545,8.033333333333312,0,1,0,69.4981760327064,8.527232578822546e-06,482,1,0
214,47,63,0,0,0,8.470322745186943,"[0.0, 8.470322745186943]",8.470322745186943,5.714285714285714,8.470322745186943,6.866666666666648,0,1,0,62.600991693048854,8.470322745186943e-06,412,1,0
214,48,62,0,0,0,8.318753923688615,"[0.0, 8.318753923688615]",8.318753923688615,5.714285714285714,8.318753923688615,3.483333333333326,0,1,0,82.19415356218815,8.318753923688615e-06,209,1,0
214,49,24,0,0,0,7.951041630336217,"[0.0, 7.951041630336217]",7.951041630336217,5.714285714285714,7.951041630336217,4.966666666666654,0,1,0,80.08684556186199,7.951041630336216e-06,298,1,0
214,50,19,0,0,0,7.510381426130023,"[0.0, 7.510381426130023]",7.510381426130023,5.714285714285714,7.510381426130023,3.049999999999994,0,1,0,76.67570915818214,7.510381426130022e-06,183,1,0
214,51,12,0,0,0,6.432865687779017,"[0.0, 6.432865687779017]",6.432865687779017,5.714285714285714,6.432865687779017,7.366666666666646,0,1,0,58.58175376242434,6.4328656877790175e-06,442,1,0
214,52,29,0,0,0,6.364740644182477,"[0.0, 6.364740644182477]",6.364740644182477,5.714285714285714,6.364740644182477,7.366666666666646,0,1,0,58.58895817865414,6.364740644182477e-06,442,1,0
214,53,58,0,0,0,6.313601902553014,"[0.0, 6.313601902553014]",6.313601902553014,5.714285714285714,6.313601902553014,7.366666666666646,0,1,0,58.581657569455274,6.313601902553014e-06,442,1,0
214,54,35,0,0,0,6.265367780412946,"[0.0, 6.265367780412946]",6.265367780412946,5.714285714285714,6.265367780412946,7.316666666666646,0,1,0,57.601087365204876,6.265367780412946e-06,439,1,0
214,55,43,0,0,0,5.975118364606584,"[0.0, 5.975118364606584]",5.975118364606584,5.714285714285714,5.975118364606584,4.333333333333323,0,1,0,55.15827728807926,5.975118364606584e-06,260,1,0
214,56,61,0,0,0,5.906579153878348,"[0.0, 5.906579153878348]",5.906579153878348,5.714285714285714,5.906579153878348,7.733333333333311,0,1,0,63.50536168707913,5.906579153878348e-06,464,1,0
214,57,57,0,0,0,5.755408150809152,"[0.0, 5.755408150809152]",5.755408150809152,5.714285714285714,5.755408150809152,3.516666666666659,0,1,0,52.24849581718445,5.755408150809152e-06,211,1,0
214,58,42,0,0,0,5.695468357631139,"[0.0, 5.695468357631139]",5.695468357631139,2.857142857142857,5.695468357631139,3.683333333333325,0,1,0,51.486944526433945,5.695468357631139e-06,221,1,0
214,59,10,0,0,0,5.475839887346541,"[0.0, 5.475839887346541]",5.475839887346541,2.857142857142857,5.475839887346541,3.3166666666666598,0,1,0,48.59347766637802,5.475839887346541e-06,199,1,0
214,60,59,0,0,0,4.906114850725447,"[0.0, 4.906114850725447]",4.906114850725447,2.857142857142857,4.906114850725447,2.549999999999996,0,1,0,40.790598556399345,4.906114850725447e-06,153,1,0
214,61,23,0,0,0,3.5152326311383932,"[0.0, 3.5152326311383932]",3.5152326311383932,2.857142857142857,3.5152326311383932,4.9166666666666545,0,1,0,26.891160645056516,3.515232631138393e-06,295,1,0
214,62,44,0,0,0,3.2140404837472096,"[0.0, 3.2140404837472096]",3.2140404837472096,2.857142857142857,3.2140404837472096,3.983333333333324,0,1,0,23.978734534677642,3.2140404837472097e-06,239,1,0
214,63,49,0,0,0,2.8266089303152904,"[0.0, 2.8266089303152904]",2.8266089303152904,0.0,2.8266089303152904,5.066666666666654,0,1,0,41.02198875515023,2.8266089303152904e-06,304,1,0
214,64,53,0,0,0,1.8712942940848216,"[0.0, 1.8712942940848216]",1.8712942940848216,0.0,1.8712942940848216,5.016666666666654,0,1,0,5.175456257886253,1.8712942940848217e-06,301,1,0
215,1,0,0,1,1,15.89160374232701,"[0.0, 15.89160374232701]",15.89160374232701,14.285714285714285,15.89160374232701,9.333333333333377,0,1,0,145.6386794326827,1.589160374232701e-05,560,1,0
215,2,1,0,1,1,15.883047921316965,"[0.0, 15.883047921316965]",15.883047921316965,14.285714285714285,15.883047921316965,9.100000000000032,0,1,0,140.93718819320202,1.5883047921316966e-05,546,1,0
215,3,53,0,1,1,15.86254664829799,"[0.0, 15.86254664829799]",15.86254664829799,14.285714285714285,15.86254664829799,9.133333333333367,0,1,0,145.39780705794692,1.586254664829799e-05,548,1,0
215,4,2,0,1,1,15.852350507463727,"[0.0, 15.852350507463727]",15.852350507463727,14.285714285714285,15.852350507463727,8.71666666666668,0,1,0,144.94690749794245,1.5852350507463728e-05,523,1,0
215,5,3,0,1,1,15.822808401925222,"[0.0, 15.822808401925222]",15.822808401925222,14.285714285714285,15.822808401925222,9.933333333333406,0,1,0,147.67753175555117,1.5822808401925223e-05,596,1,0
215,6,11,0,1,1,15.744541713169644,"[0.0, 15.744541713169644]",15.744541713169644,14.285714285714285,15.744541713169644,8.500000000000002,0,1,0,143.1787635013461,1.5744541713169643e-05,510,1,0
215,7,4,0,1,1,15.73824201311384,"[0.0, 15.73824201311384]",15.73824201311384,14.285714285714285,15.73824201311384,10.366666666666761,0,1,0,148.27479582462547,1.573824201311384e-05,622,1,0
215,8,5,0,1,1,15.721593584333146,"[0.0, 15.721593584333146]",15.721593584333146,14.285714285714285,15.721593584333146,8.866666666666687,0,1,0,143.5482431985438,1.5721593584333146e-05,532,1,0
215,9,6,0,0,1,15.70751190185547,"[0.0, 15.70751190185547]",15.70751190185547,14.285714285714285,15.70751190185547,9.633333333333391,0,1,0,146.96501969200472,1.570751190185547e-05,578,1,0
215,10,7,0,0,1,15.684716360909597,"[0.0, 15.684716360909597]",15.684716360909597,14.285714285714285,15.684716360909597,9.500000000000052,0,1,0,145.25672271457734,1.5684716360909598e-05,570,1,0
215,11,14,0,0,1,15.633092607770646,"[0.0, 15.633092607770646]",15.633092607770646,14.285714285714285,15.633092607770646,9.583333333333389,0,1,0,141.71576628601906,1.5633092607770645e-05,575,1,0
215,12,8,0,0,1,15.615299769810267,"[0.0, 15.615299769810267]",15.615299769810267,14.285714285714285,15.615299769810267,9.683333333333394,0,1,0,147.21086345366348,1.5615299769810268e-05,581,1,0
215,13,49,0,0,1,15.461049761090958,"[0.0, 15.461049761090958]",15.461049761090958,14.285714285714285,15.461049761090958,10.150000000000084,0,1,0,145.41751553195354,1.546104976109096e-05,609,1,0
215,14,46,0,0,1,15.377562386648997,"[0.0, 15.377562386648997]",15.377562386648997,14.285714285714285,15.377562386648997,9.133333333333367,0,1,0,142.4965789988637,1.5377562386648998e-05,548,1,0
215,15,12,0,0,1,15.312598092215401,"[0.0, 15.312598092215401]",15.312598092215401,14.285714285714285,15.312598092215401,8.700000000000012,0,1,0,142.12878002226353,1.53125980922154e-05,522,1,0
215,16,25,0,0,1,15.186189923967634,"[0.0, 15.186189923967634]",15.186189923967634,14.285714285714285,15.186189923967634,8.38333333333333,0,1,0,134.90246834605932,1.5186189923967634e-05,503,1,0
215,17,29,0,0,1,15.086391993931361,"[0.0, 15.086391993931361]",15.086391993931361,14.285714285714285,15.086391993931361,8.45,0,1,0,133.48197419196367,1.5086391993931361e-05,507,1,0
215,18,34,0,0,1,14.931733267647878,"[0.0, 14.931733267647878]",14.931733267647878,14.285714285714285,14.931733267647878,8.45,0,1,0,138.39869916439056,1.4931733267647878e-05,507,1,0
215,19,19,0,0,1,14.818769182477679,"[0.0, 14.818769182477679]",14.818769182477679,14.285714285714285,14.818769182477679,8.91666666666669,0,1,0,134.02775085158646,1.4818769182477678e-05,535,1,0
215,20,63,0,0,1,14.301267351422991,"[0.0, 14.301267351422991]",14.301267351422991,14.285714285714285,14.301267351422991,9.566666666666721,0,1,0,139.11694220649224,1.4301267351422992e-05,574,1,0
215,21,13,0,0,1,11.602567945207868,"[0.0, 11.602567945207868]",11.602567945207868,11.428571428571429,11.602567945207868,7.566666666666645,0,1,0,110.73341119661927,1.1602567945207868e-05,454,1,0
215,22,56,0,0,1,11.380680629185267,"[0.0, 11.380680629185267]",11.380680629185267,8.571428571428571,11.380680629185267,8.11666666666665,0,1,0,106.47070149052888,1.1380680629185267e-05,487,1,0
215,23,61,0,0,1,10.871132441929408,"[0.0, 10.871132441929408]",10.871132441929408,8.571428571428571,10.871132441929408,5.666666666666652,0,1,0,100.26592172682285,1.0871132441929407e-05,340,1,0
215,24,40,0,0,1,10.638918195452009,"[0.0, 10.638918195452009]",10.638918195452009,8.571428571428571,10.638918195452009,6.6999999999999815,0,1,0,101.84149371832609,1.0638918195452009e-05,402,1,0
215,25,57,0,0,1,10.551065717424665,"[0.0, 10.551065717424665]",10.551065717424665,8.571428571428571,10.551065717424665,5.649999999999985,0,1,0,99.13687302172184,1.0551065717424666e-05,339,1,0
215,26,9,0,0,1,10.547242845807757,"[0.0, 10.547242845807757]",10.547242845807757,8.571428571428571,10.547242845807757,5.633333333333319,0,1,0,98.23149026930332,1.0547242845807758e-05,338,1,0
215,27,58,0,0,1,10.539142063685826,"[0.0, 10.539142063685826]",10.539142063685826,8.571428571428571,10.539142063685826,5.699999999999985,0,1,0,97.07538954913616,1.0539142063685826e-05,342,1,0
215,28,23,0,0,1,10.318194798060826,"[0.0, 10.318194798060826]",10.318194798060826,8.571428571428571,10.318194798060826,5.549999999999986,0,1,0,96.38264892995358,1.0318194798060827e-05,333,1,0
215,29,28,0,0,1,10.251919882638113,"[0.0, 10.251919882638113]",10.251919882638113,8.571428571428571,10.251919882638113,5.599999999999985,0,1,0,93.81553319096565,1.0251919882638112e-05,336,1,0
215,30,45,0,0,1,10.065817151750837,"[0.0, 10.065817151750837]",10.065817151750837,8.571428571428571,10.065817151750837,5.466666666666653,0,1,0,93.68539902567863,1.0065817151750837e-05,328,1,0
215,31,51,0,0,1,10.007618495396205,"[0.0, 10.007618495396205]",10.007618495396205,8.571428571428571,10.007618495396205,5.499999999999986,0,1,0,94.75615887343884,1.0007618495396204e-05,330,1,0
215,32,21,0,0,1,9.945133754185267,"[0.0, 9.945133754185267]",9.945133754185267,8.571428571428571,9.945133754185267,5.466666666666653,0,1,0,93.55509397387505,9.945133754185267e-06,328,1,0
215,33,30,0,0,0,9.747358049665177,"[0.0, 9.747358049665177]",9.747358049665177,8.571428571428571,9.747358049665177,5.449999999999986,0,1,0,92.62905287742615,9.747358049665176e-06,327,1,0
215,34,48,0,0,0,9.564988272530691,"[0.0, 9.564988272530691]",9.564988272530691,8.571428571428571,9.564988272530691,5.449999999999986,0,1,0,90.73250491917133,9.56498827253069e-06,327,1,0
215,35,36,0,0,0,9.464988708496094,"[0.0, 9.464988708496094]",9.464988708496094,8.571428571428571,9.464988708496094,5.433333333333319,0,1,0,92.10419894754887,9.464988708496093e-06,326,1,0
215,36,55,0,0,0,9.45990971156529,"[0.0, 9.45990971156529]",9.45990971156529,8.571428571428571,9.45990971156529,5.416666666666653,0,1,0,92.0985118150711,9.45990971156529e-06,325,1,0
215,37,62,0,0,0,8.638294764927455,"[0.0, 8.638294764927455]",8.638294764927455,8.571428571428571,8.638294764927455,7.999999999999977,0,1,0,72.7341056328878,8.638294764927455e-06,480,1,0
215,38,52,0,0,0,8.434257507324219,"[0.0, 8.434257507324219]",8.434257507324219,5.714285714285714,8.434257507324219,7.499999999999979,0,1,0,64.75428982591256,8.434257507324218e-06,450,1,0
215,39,47,0,0,0,8.418042319161552,"[0.0, 8.418042319161552]",8.418042319161552,5.714285714285714,8.418042319161552,8.149999999999984,0,1,0,63.73728805752762,8.418042319161552e-06,489,1,0
215,40,54,0,0,0,7.972286769321986,"[0.0, 7.972286769321986]",7.972286769321986,5.714285714285714,7.972286769321986,3.1666666666666603,0,1,0,79.84270124137402,7.972286769321986e-06,190,1,0
215,41,39,0,0,0,7.841622488839286,"[0.0, 7.841622488839286]",7.841622488839286,5.714285714285714,7.841622488839286,3.1166666666666605,0,1,0,79.35118709504604,7.841622488839285e-06,187,1,0
215,42,37,0,0,0,7.78184073311942,"[0.0, 7.78184073311942]",7.78184073311942,5.714285714285714,7.78184073311942,3.4499999999999926,0,1,0,77.17886306345463,7.78184073311942e-06,207,1,0
215,43,44,0,0,0,6.462854657854352,"[0.0, 6.462854657854352]",6.462854657854352,5.714285714285714,6.462854657854352,7.366666666666646,0,1,0,58.581943524950475,6.462854657854353e-06,442,1,0
215,44,10,0,0,0,6.4430999755859375,"[0.0, 6.4430999755859375]",6.4430999755859375,5.714285714285714,6.4430999755859375,7.366666666666646,0,1,0,58.59668734964362,6.443099975585937e-06,442,1,0
215,45,33,0,0,0,6.425579616001674,"[0.0, 6.425579616001674]",6.425579616001674,5.714285714285714,6.425579616001674,7.366666666666646,0,1,0,58.581712987754145,6.4255796160016734e-06,442,1,0
215,46,26,0,0,0,6.368871416364397,"[0.0, 6.368871416364397]",6.368871416364397,5.714285714285714,6.368871416364397,7.516666666666645,0,1,0,58.95109005345148,6.368871416364397e-06,451,1,0
215,47,20,0,0,0,6.352985927036831,"[0.0, 6.352985927036831]",6.352985927036831,5.714285714285714,6.352985927036831,7.366666666666646,0,1,0,58.581682466981874,6.352985927036831e-06,442,1,0
215,48,60,0,0,0,6.350991385323661,"[0.0, 6.350991385323661]",6.350991385323661,5.714285714285714,6.350991385323661,7.316666666666646,0,1,0,57.646690719077014,6.350991385323661e-06,439,1,0
215,49,15,0,0,0,6.268751961844308,"[0.0, 6.268751961844308]",6.268751961844308,5.714285714285714,6.268751961844308,7.366666666666646,0,1,0,58.58191871996678,6.268751961844308e-06,442,1,0
215,50,18,0,0,0,6.265743800571986,"[0.0, 6.265743800571986]",6.265743800571986,5.714285714285714,6.265743800571986,7.366666666666646,0,1,0,58.58193618989026,6.265743800571986e-06,442,1,0
215,51,27,0,0,0,6.256108965192523,"[0.0, 6.256108965192523]",6.256108965192523,5.714285714285714,6.256108965192523,7.316666666666646,0,1,0,57.316951544969925,6.2561089651925225e-06,439,1,0
215,52,42,0,0,0,6.237798418317523,"[0.0, 6.237798418317523]",6.237798418317523,5.714285714285714,6.237798418317523,7.366666666666646,0,1,0,59.52567297985661,6.237798418317523e-06,442,1,0
215,53,50,0,0,0,6.221188136509487,"[0.0, 6.221188136509487]",6.221188136509487,5.714285714285714,6.221188136509487,7.316666666666646,0,1,0,57.63268225299544,6.221188136509487e-06,439,1,0
215,54,38,0,0,0,6.166943141392299,"[0.0, 6.166943141392299]",6.166943141392299,5.714285714285714,6.166943141392299,7.316666666666646,0,1,0,57.63329208474897,6.166943141392299e-06,439,1,0
215,55,35,0,0,0,6.093804495675223,"[0.0, 6.093804495675223]",6.093804495675223,5.714285714285714,6.093804495675223,7.316666666666646,0,1,0,57.633290551413666,6.093804495675223e-06,439,1,0
215,56,22,0,0,0,6.011897495814733,"[0.0, 6.011897495814733]",6.011897495814733,5.714285714285714,6.011897495814733,7.283333333333313,0,1,0,56.641715199511964,6.011897495814733e-06,437,1,0
215,57,43,0,0,0,5.991178240094866,"[0.0, 5.991178240094866]",5.991178240094866,5.714285714285714,5.991178240094866,4.666666666666655,0,1,0,56.36364188790321,5.991178240094866e-06,280,1,0
215,58,41,0,0,0,5.831925528390067,"[0.0, 5.831925528390067]",5.831925528390067,5.714285714285714,5.831925528390067,3.949999999999991,0,1,0,53.67250856757164,5.831925528390067e-06,237,1,0
215,59,32,0,0,0,5.679571969168527,"[0.0, 5.679571969168527]",5.679571969168527,2.857142857142857,5.679571969168527,3.649999999999992,0,1,0,51.248877204954624,5.679571969168527e-06,219,1,0
215,60,16,0,0,0,5.5162538800920755,"[0.0, 5.5162538800920755]",5.5162538800920755,2.857142857142857,5.5162538800920755,3.4666666666666592,0,1,0,49.25735384225845,5.5162538800920755e-06,208,1,0
215,61,17,0,0,0,4.670497349330357,"[0.0, 4.670497349330357]",4.670497349330357,2.857142857142857,4.670497349330357,3.2499999999999933,0,1,0,39.05601913481951,4.6704973493303564e-06,195,1,0
215,62,24,0,0,0,4.570116315569196,"[0.0, 4.570116315569196]",4.570116315569196,2.857142857142857,4.570116315569196,6.183333333333317,0,1,0,36.28320181697927,4.5701163155691965e-06,371,1,0
215,63,59,0,0,0,4.333910260881697,"[0.0, 4.333910260881697]",4.333910260881697,2.857142857142857,4.333910260881697,10.066666666666746,0,1,0,52.75162363688287,4.3339102608816974e-06,604,1,0
215,64,31,0,0,0,3.8357162475585938,"[0.0, 3.8357162475585938]",3.8357162475585938,2.857142857142857,3.8357162475585938,5.616666666666652,0,1,0,27.546923151036026,3.835716247558593e-06,337,1,0
216,1,37,0,1,1,16.046098981584823,"[0.0, 16.046098981584823]",16.046098981584823,14.285714285714285,16.046098981584823,10.533333333333436,0,1,0,150.81990255322307,1.6046098981584822e-05,632,1,0
216,2,0,0,1,1,15.89160374232701,"[0.0, 15.89160374232701]",15.89160374232701,14.285714285714285,15.89160374232701,9.333333333333377,0,1,0,145.6386794326827,1.589160374232701e-05,560,1,0
216,3,1,0,1,1,15.883047921316965,"[0.0, 15.883047921316965]",15.883047921316965,14.285714285714285,15.883047921316965,9.100000000000032,0,1,0,140.93718819320202,1.5883047921316966e-05,546,1,0
216,4,2,0,1,1,15.86254664829799,"[0.0, 15.86254664829799]",15.86254664829799,14.285714285714285,15.86254664829799,9.133333333333367,0,1,0,145.39780705794692,1.586254664829799e-05,548,1,0
216,5,3,0,1,1,15.852350507463727,"[0.0, 15.852350507463727]",15.852350507463727,14.285714285714285,15.852350507463727,8.71666666666668,0,1,0,144.94690749794245,1.5852350507463728e-05,523,1,0
216,6,4,0,1,1,15.822808401925222,"[0.0, 15.822808401925222]",15.822808401925222,14.285714285714285,15.822808401925222,9.933333333333406,0,1,0,147.67753175555117,1.5822808401925223e-05,596,1,0
216,7,5,0,1,1,15.744541713169644,"[0.0, 15.744541713169644]",15.744541713169644,14.285714285714285,15.744541713169644,8.500000000000002,0,1,0,143.1787635013461,1.5744541713169643e-05,510,1,0
216,8,6,0,1,1,15.73824201311384,"[0.0, 15.73824201311384]",15.73824201311384,14.285714285714285,15.73824201311384,10.366666666666761,0,1,0,148.27479582462547,1.573824201311384e-05,622,1,0
216,9,7,0,0,1,15.721593584333146,"[0.0, 15.721593584333146]",15.721593584333146,14.285714285714285,15.721593584333146,8.866666666666687,0,1,0,143.5482431985438,1.5721593584333146e-05,532,1,0
216,10,15,0,0,1,15.697310311453682,"[0.0, 15.697310311453682]",15.697310311453682,14.285714285714285,15.697310311453682,8.91666666666669,0,1,0,142.7362338155508,1.5697310311453683e-05,535,1,0
216,11,60,0,0,1,15.607577732631139,"[0.0, 15.607577732631139]",15.607577732631139,14.285714285714285,15.607577732631139,9.05000000000003,0,1,0,143.1232259888202,1.560757773263114e-05,543,1,0
216,12,24,0,0,1,15.418079921177455,"[0.0, 15.418079921177455]",15.418079921177455,14.285714285714285,15.418079921177455,8.38333333333333,0,1,0,139.96846666559577,1.5418079921177454e-05,503,1,0
216,13,29,0,0,1,15.0458254132952,"[0.0, 15.0458254132952]",15.0458254132952,14.285714285714285,15.0458254132952,6.733333333333315,0,1,0,131.41724500060081,1.50458254132952e-05,404,1,0
216,14,38,0,0,1,14.979542323521205,"[0.0, 14.979542323521205]",14.979542323521205,14.285714285714285,14.979542323521205,9.400000000000047,0,1,0,137.39430806282326,1.4979542323521205e-05,564,1,0
216,15,41,0,0,1,14.97222355433873,"[0.0, 14.97222355433873]",14.97222355433873,14.285714285714285,14.97222355433873,6.749999999999981,0,1,0,133.3732542693615,1.4972223554338729e-05,405,1,0
216,16,36,0,0,1,14.904796055385045,"[0.0, 14.904796055385045]",14.904796055385045,14.285714285714285,14.904796055385045,9.266666666666707,0,1,0,136.58990628030733,1.4904796055385046e-05,556,1,0
216,17,57,0,0,1,14.35518537248884,"[0.0, 14.35518537248884]",14.35518537248884,14.285714285714285,14.35518537248884,9.900000000000071,0,1,0,140.14874646968383,1.435518537248884e-05,594,1,0
216,18,56,0,0,1,11.348773411342076,"[0.0, 11.348773411342076]",11.348773411342076,8.571428571428571,11.348773411342076,5.883333333333318,0,1,0,101.97607366740704,1.1348773411342076e-05,353,1,0
216,19,52,0,0,1,11.288315909249443,"[0.0, 11.288315909249443]",11.288315909249443,8.571428571428571,11.288315909249443,8.550000000000004,0,1,0,113.33945684367791,1.1288315909249443e-05,513,1,0
216,20,46,0,0,1,10.963328225272043,"[0.0, 10.963328225272043]",10.963328225272043,8.571428571428571,10.963328225272043,7.0833333333333135,0,1,0,103.92992298305035,1.0963328225272043e-05,425,1,0
216,21,22,0,0,1,10.76606478009905,"[0.0, 10.76606478009905]",10.76606478009905,8.571428571428571,10.76606478009905,5.649999999999985,0,1,0,97.04098407924175,1.076606478009905e-05,339,1,0
216,22,17,0,0,1,10.720811571393694,"[0.0, 10.720811571393694]",10.720811571393694,8.571428571428571,10.720811571393694,6.799999999999981,0,1,0,101.13468188047409,1.0720811571393694e-05,408,1,0
216,23,51,0,0,1,10.694280351911273,"[0.0, 10.694280351911273]",10.694280351911273,8.571428571428571,10.694280351911273,5.649999999999985,0,1,0,96.54348570108414,1.0694280351911272e-05,339,1,0
216,24,9,0,0,1,10.679223196847099,"[0.0, 10.679223196847099]",10.679223196847099,8.571428571428571,10.679223196847099,5.616666666666652,0,1,0,97.6024888753891,1.0679223196847098e-05,337,1,0
216,25,13,0,0,1,10.489319392613002,"[0.0, 10.489319392613002]",10.489319392613002,8.571428571428571,10.489319392613002,6.299999999999983,0,1,0,100.0333936214447,1.0489319392613002e-05,378,1,0
216,26,49,0,0,1,10.265944344656807,"[0.0, 10.265944344656807]",10.265944344656807,8.571428571428571,10.265944344656807,5.666666666666652,0,1,0,95.25494085252285,1.0265944344656806e-05,340,1,0
216,27,8,0,0,1,10.068449292864118,"[0.0, 10.068449292864118]",10.068449292864118,8.571428571428571,10.068449292864118,5.699999999999985,0,1,0,94.70853906869888,1.0068449292864117e-05,342,1,0
216,28,61,0,0,1,9.839809962681361,"[0.0, 9.839809962681361]",9.839809962681361,8.571428571428571,9.839809962681361,5.516666666666652,0,1,0,94.09125854074955,9.83980996268136e-06,331,1,0
216,29,50,0,0,1,9.695568084716797,"[0.0, 9.695568084716797]",9.695568084716797,8.571428571428571,9.695568084716797,5.3833333333333195,0,1,0,91.59520165622234,9.695568084716796e-06,323,1,0
216,30,21,0,0,1,9.670554569789342,"[0.0, 9.670554569789342]",9.670554569789342,8.571428571428571,9.670554569789342,3.3666666666666596,0,1,0,85.9760212302208,9.670554569789342e-06,202,1,0
216,31,12,0,0,1,9.584266117640903,"[0.0, 9.584266117640903]",9.584266117640903,8.571428571428571,9.584266117640903,5.316666666666653,0,1,0,91.22997045516968,9.584266117640902e-06,319,1,0
216,32,30,0,0,1,9.370013645717076,"[0.0, 9.370013645717076]",9.370013645717076,8.571428571428571,9.370013645717076,5.316666666666653,0,1,0,91.90193974971771,9.370013645717076e-06,319,1,0
216,33,28,0,0,0,8.96326882498605,"[0.0, 8.96326882498605]",8.96326882498605,8.571428571428571,8.96326882498605,8.166666666666652,0,1,0,76.85261919373443,8.96326882498605e-06,490,1,0
216,34,40,0,0,0,8.715378897530691,"[0.0, 8.715378897530691]",8.715378897530691,8.571428571428571,8.715378897530691,5.266666666666653,0,1,0,86.99633269011974,8.715378897530691e-06,316,1,0
216,35,63,0,0,0,8.613428388323102,"[0.0, 8.613428388323102]",8.613428388323102,8.571428571428571,8.613428388323102,3.7833333333333248,0,1,0,85.11983789503574,8.613428388323103e-06,227,1,0
216,36,23,0,0,0,8.566703796386719,"[0.0, 8.566703796386719]",8.566703796386719,5.714285714285714,8.566703796386719,7.849999999999977,0,1,0,63.843076425400795,8.566703796386718e-06,471,1,0
216,37,18,0,0,0,8.440083095005582,"[0.0, 8.440083095005582]",8.440083095005582,5.714285714285714,8.440083095005582,6.649999999999982,0,1,0,61.00443678347801,8.440083095005581e-06,399,1,0
216,38,32,0,0,0,8.348165239606585,"[0.0, 8.348165239606585]",8.348165239606585,5.714285714285714,8.348165239606585,5.116666666666654,0,1,0,83.08220884203911,8.348165239606585e-06,307,1,0
216,39,25,0,0,0,8.318391527448382,"[0.0, 8.318391527448382]",8.318391527448382,5.714285714285714,8.318391527448382,7.366666666666646,0,1,0,63.34952059167699,8.318391527448382e-06,442,1,0
216,40,19,0,0,0,8.269339970179965,"[0.0, 8.269339970179965]",8.269339970179965,5.714285714285714,8.269339970179965,7.383333333333312,0,1,0,59.25503749286872,8.269339970179965e-06,443,1,0
216,41,11,0,0,0,8.249214717320033,"[0.0, 8.249214717320033]",8.249214717320033,5.714285714285714,8.249214717320033,3.1666666666666603,0,1,0,81.38162533938885,8.249214717320033e-06,190,1,0
216,42,20,0,0,0,8.06971686226981,"[0.0, 8.06971686226981]",8.06971686226981,5.714285714285714,8.06971686226981,3.1666666666666603,0,1,0,80.71354341506958,8.06971686226981e-06,190,1,0
216,43,47,0,0,0,7.885319846017021,"[0.0, 7.885319846017021]",7.885319846017021,5.714285714285714,7.885319846017021,3.1499999999999937,0,1,0,79.41900886595249,7.88531984601702e-06,189,1,0
216,44,14,0,0,0,6.579524448939732,"[0.0, 6.579524448939732]",6.579524448939732,5.714285714285714,6.579524448939732,7.5499999999999785,0,1,0,60.16339425156184,6.579524448939731e-06,453,1,0
216,45,55,0,0,0,6.359830583844866,"[0.0, 6.359830583844866]",6.359830583844866,5.714285714285714,6.359830583844866,7.366666666666646,0,1,0,58.58137788785825,6.359830583844866e-06,442,1,0
216,46,10,0,0,0,6.328626360212053,"[0.0, 6.328626360212053]",6.328626360212053,5.714285714285714,6.328626360212053,7.366666666666646,0,1,0,58.59766648521327,6.328626360212053e-06,442,1,0
216,47,48,0,0,0,6.303863525390625,"[0.0, 6.303863525390625]",6.303863525390625,5.714285714285714,6.303863525390625,7.366666666666646,0,1,0,58.58672903775732,6.303863525390625e-06,442,1,0
216,48,35,0,0,0,6.266523088727678,"[0.0, 6.266523088727678]",6.266523088727678,5.714285714285714,6.266523088727678,7.366666666666646,0,1,0,58.59056270502333,6.266523088727678e-06,442,1,0
216,49,16,0,0,0,6.246125357491629,"[0.0, 6.246125357491629]",6.246125357491629,5.714285714285714,6.246125357491629,7.366666666666646,0,1,0,58.581425644573756,6.2461253574916295e-06,442,1,0
216,50,27,0,0,0,6.203101021902901,"[0.0, 6.203101021902901]",6.203101021902901,5.714285714285714,6.203101021902901,7.316666666666646,0,1,0,57.63339087591157,6.203101021902901e-06,439,1,0
216,51,26,0,0,0,6.174027579171317,"[0.0, 6.174027579171317]",6.174027579171317,5.714285714285714,6.174027579171317,7.316666666666646,0,1,0,57.54438243669574,6.1740275791713165e-06,439,1,0
216,52,31,0,0,0,6.102305821010045,"[0.0, 6.102305821010045]",6.102305821010045,5.714285714285714,6.102305821010045,7.316666666666646,0,1,0,57.555771024286514,6.102305821010045e-06,439,1,0
216,53,45,0,0,0,5.998998369489398,"[0.0, 5.998998369489398]",5.998998369489398,5.714285714285714,5.998998369489398,4.766666666666655,0,1,0,56.64025367423892,5.998998369489398e-06,286,1,0
216,54,43,0,0,0,5.974235534667969,"[0.0, 5.974235534667969]",5.974235534667969,5.714285714285714,5.974235534667969,4.24999999999999,0,1,0,56.07818956673145,5.974235534667968e-06,255,1,0
216,55,44,0,0,0,5.760160173688615,"[0.0, 5.760160173688615]",5.760160173688615,5.714285714285714,5.760160173688615,3.9166666666666576,0,1,0,52.4323814958334,5.7601601736886155e-06,235,1,0
216,56,34,0,0,0,5.233704703194754,"[0.0, 5.233704703194754]",5.233704703194754,2.857142857142857,5.233704703194754,2.1499999999999972,0,1,0,44.31390222907066,5.233704703194754e-06,129,1,0
216,57,62,0,0,0,5.104609898158482,"[0.0, 5.104609898158482]",5.104609898158482,2.857142857142857,5.104609898158482,2.8499999999999948,0,1,0,43.98988212645054,5.104609898158482e-06,171,1,0
216,58,33,0,0,0,4.946076529366629,"[0.0, 4.946076529366629]",4.946076529366629,2.857142857142857,4.946076529366629,6.566666666666649,0,1,0,40.86677864398371,4.94607652936663e-06,394,1,0
216,59,39,0,0,0,4.816507611955915,"[0.0, 4.816507611955915]",4.816507611955915,2.857142857142857,4.816507611955915,2.5666666666666624,0,1,0,40.66400961577892,4.816507611955915e-06,154,1,0
216,60,53,0,0,0,2.960619245256696,"[0.0, 2.960619245256696]",2.960619245256696,2.857142857142857,2.960619245256696,3.6333333333333253,0,1,0,21.42962862283457,2.960619245256696e-06,218,1,0
216,61,42,0,0,0,2.1114458356584818,"[0.0, 2.1114458356584818]",2.1114458356584818,0.0,2.1114458356584818,5.016666666666654,0,1,0,7.706116102344822,2.111445835658482e-06,301,1,0
216,62,59,0,0,0,2.110955374581473,"[0.0, 2.110955374581473]",2.110955374581473,0.0,2.110955374581473,5.016666666666654,0,1,0,7.825184298439126,2.110955374581473e-06,301,1,0
216,63,58,0,0,0,1.864978245326451,"[0.0, 1.864978245326451]",1.864978245326451,0.0,1.864978245326451,5.016666666666654,0,1,0,5.018892672211223,1.864978245326451e-06,301,1,0
216,64,54,0,0,0,0.0,"[0.0, 0.0]",0.0,0.0,0.0,9.600000000000056,0,1,0,55.225742663489655,0.0,576,1,0
217,1,42,0,1,1,16.11116681780134,"[0.0, 16.11116681780134]",16.11116681780134,14.285714285714285,16.11116681780134,9.466666666666717,0,1,0,149.59969844296575,1.611116681780134e-05,568,1,0
217,2,0,0,1,1,16.046098981584823,"[0.0, 16.046098981584823]",16.046098981584823,14.285714285714285,16.046098981584823,10.533333333333436,0,1,0,150.81990255322307,1.6046098981584822e-05,632,1,0
217,3,1,0,1,1,15.89160374232701,"[0.0, 15.89160374232701]",15.89160374232701,14.285714285714285,15.89160374232701,9.333333333333377,0,1,0,145.6386794326827,1.589160374232701e-05,560,1,0
217,4,2,0,1,1,15.883047921316965,"[0.0, 15.883047921316965]",15.883047921316965,14.285714285714285,15.883047921316965,9.100000000000032,0,1,0,140.93718819320202,1.5883047921316966e-05,546,1,0
217,5,3,0,1,1,15.86254664829799,"[0.0, 15.86254664829799]",15.86254664829799,14.285714285714285,15.86254664829799,9.133333333333367,0,1,0,145.39780705794692,1.586254664829799e-05,548,1,0
217,6,4,0,1,1,15.852350507463727,"[0.0, 15.852350507463727]",15.852350507463727,14.285714285714285,15.852350507463727,8.71666666666668,0,1,0,144.94690749794245,1.5852350507463728e-05,523,1,0
217,7,5,0,1,1,15.822808401925222,"[0.0, 15.822808401925222]",15.822808401925222,14.285714285714285,15.822808401925222,9.933333333333406,0,1,0,147.67753175555117,1.5822808401925223e-05,596,1,0
217,8,9,0,1,1,15.798852103097097,"[0.0, 15.798852103097097]",15.798852103097097,14.285714285714285,15.798852103097097,10.500000000000101,0,1,0,148.49965377349145,1.5798852103097097e-05,630,1,0
217,9,6,0,0,1,15.744541713169644,"[0.0, 15.744541713169644]",15.744541713169644,14.285714285714285,15.744541713169644,8.500000000000002,0,1,0,143.1787635013461,1.5744541713169643e-05,510,1,0
217,10,7,0,0,1,15.73824201311384,"[0.0, 15.73824201311384]",15.73824201311384,14.285714285714285,15.73824201311384,10.366666666666761,0,1,0,148.27479582462547,1.573824201311384e-05,622,1,0
217,11,61,0,0,1,15.59802464076451,"[0.0, 15.59802464076451]",15.59802464076451,14.285714285714285,15.59802464076451,11.116666666666799,0,1,0,148.29529239399562,1.559802464076451e-05,667,1,0
217,12,21,0,0,1,15.504891531808035,"[0.0, 15.504891531808035]",15.504891531808035,14.285714285714285,15.504891531808035,8.349999999999994,0,1,0,142.70512983947992,1.5504891531808033e-05,501,1,0
217,13,45,0,0,1,15.41916983468192,"[0.0, 15.41916983468192]",15.41916983468192,14.285714285714285,15.41916983468192,9.666666666666726,0,1,0,146.18600219470682,1.541916983468192e-05,580,1,0
217,14,54,0,0,1,15.070452008928573,"[0.0, 15.070452008928573]",15.070452008928573,14.285714285714285,15.070452008928573,9.600000000000056,0,1,0,143.99428201909177,1.5070452008928574e-05,576,1,0
217,15,18,0,0,1,14.926201956612722,"[0.0, 14.926201956612722]",14.926201956612722,14.285714285714285,14.926201956612722,9.766666666666731,0,1,0,142.45428981682926,1.4926201956612723e-05,586,1,0
217,16,13,0,0,1,14.911782400948661,"[0.0, 14.911782400948661]",14.911782400948661,14.285714285714285,14.911782400948661,9.133333333333367,0,1,0,137.51701933238655,1.4911782400948662e-05,548,1,0
217,17,48,0,0,1,13.876250130789622,"[0.0, 13.876250130789622]",13.876250130789622,11.428571428571429,13.876250130789622,9.450000000000049,0,1,0,130.17983980153804,1.3876250130789622e-05,567,1,0
217,18,41,0,0,1,11.259253365652903,"[0.0, 11.259253365652903]",11.259253365652903,8.571428571428571,11.259253365652903,6.433333333333316,0,1,0,106.69968571513891,1.1259253365652902e-05,386,1,0
217,19,47,0,0,1,10.777062007359097,"[0.0, 10.777062007359097]",10.777062007359097,8.571428571428571,10.777062007359097,5.699999999999985,0,1,0,95.89734791219234,1.0777062007359097e-05,342,1,0
217,20,59,0,0,1,10.729432787214007,"[0.0, 10.729432787214007]",10.729432787214007,8.571428571428571,10.729432787214007,6.833333333333314,0,1,0,100.6704933270812,1.0729432787214007e-05,410,1,0
217,21,8,0,0,1,10.449496677943639,"[0.0, 10.449496677943639]",10.449496677943639,8.571428571428571,10.449496677943639,5.583333333333319,0,1,0,98.03544469177723,1.0449496677943639e-05,335,1,0
217,22,28,0,0,1,10.411303383963448,"[0.0, 10.411303383963448]",10.411303383963448,8.571428571428571,10.411303383963448,5.616666666666652,0,1,0,93.9909587353468,1.0411303383963448e-05,337,1,0
217,23,36,0,0,1,10.33632823399135,"[0.0, 10.33632823399135]",10.33632823399135,8.571428571428571,10.33632823399135,5.549999999999986,0,1,0,92.73129473626614,1.033632823399135e-05,333,1,0
217,24,35,0,0,1,10.310352870396205,"[0.0, 10.310352870396205]",10.310352870396205,8.571428571428571,10.310352870396205,5.599999999999985,0,1,0,97.21436762809753,1.0310352870396206e-05,336,1,0
217,25,30,0,0,1,10.230184282575335,"[0.0, 10.230184282575335]",10.230184282575335,8.571428571428571,10.230184282575335,5.449999999999986,0,1,0,94.88165678083897,1.0230184282575335e-05,327,1,0
217,26,49,0,0,1,10.223620278494698,"[0.0, 10.223620278494698]",10.223620278494698,8.571428571428571,10.223620278494698,5.566666666666652,0,1,0,96.11240032315254,1.0223620278494698e-05,334,1,0
217,27,53,0,0,1,10.152252742222377,"[0.0, 10.152252742222377]",10.152252742222377,8.571428571428571,10.152252742222377,5.499999999999986,0,1,0,93.88681022822857,1.0152252742222378e-05,330,1,0
217,28,62,0,0,1,10.07528577532087,"[0.0, 10.07528577532087]",10.07528577532087,8.571428571428571,10.07528577532087,5.499999999999986,0,1,0,94.75634868443012,1.007528577532087e-05,330,1,0
217,29,14,0,0,1,9.980787549700056,"[0.0, 9.980787549700056]",9.980787549700056,8.571428571428571,9.980787549700056,5.549999999999986,0,1,0,95.39320802688599,9.980787549700055e-06,333,1,0
217,30,52,0,0,1,9.942054748535156,"[0.0, 9.942054748535156]",9.942054748535156,8.571428571428571,9.942054748535156,5.516666666666652,0,1,0,94.59331974387169,9.942054748535157e-06,331,1,0
217,31,26,0,0,1,9.875537327357701,"[0.0, 9.875537327357701]",9.875537327357701,8.571428571428571,9.875537327357701,5.566666666666652,0,1,0,95.66957706212997,9.875537327357702e-06,334,1,0
217,32,38,0,0,1,9.850790841238839,"[0.0, 9.850790841238839]",9.850790841238839,8.571428571428571,9.850790841238839,5.533333333333319,0,1,0,94.6254014223814,9.850790841238839e-06,332,1,0
217,33,31,0,0,0,9.795842851911273,"[0.0, 9.795842851911273]",9.795842851911273,8.571428571428571,9.795842851911273,5.483333333333319,0,1,0,94.21961291134357,9.795842851911273e-06,329,1,0
217,34,15,0,0,0,9.618691035679408,"[0.0, 9.618691035679408]",9.618691035679408,8.571428571428571,9.618691035679408,5.449999999999986,0,1,0,93.15365244448185,9.618691035679408e-06,327,1,0
217,35,34,0,0,0,9.613900865827288,"[0.0, 9.613900865827288]",9.613900865827288,8.571428571428571,9.613900865827288,4.933333333333321,0,1,0,90.67064473032951,9.613900865827288e-06,296,1,0
217,36,22,0,0,0,9.590249742780413,"[0.0, 9.590249742780413]",9.590249742780413,8.571428571428571,9.590249742780413,5.18333333333332,0,1,0,91.60368326306343,9.590249742780412e-06,311,1,0
217,37,44,0,0,0,9.379607609340121,"[0.0, 9.379607609340121]",9.379607609340121,8.571428571428571,9.379607609340121,5.366666666666653,0,1,0,91.0453049838543,9.379607609340122e-06,322,1,0
217,38,23,0,0,0,9.228719983782087,"[0.0, 9.228719983782087]",9.228719983782087,8.571428571428571,9.228719983782087,5.366666666666653,0,1,0,90.02902209758759,9.228719983782087e-06,322,1,0
217,39,56,0,0,0,9.157232557024276,"[0.0, 9.157232557024276]",9.157232557024276,8.571428571428571,9.157232557024276,8.299999999999992,0,1,0,75.04207463194325,9.157232557024276e-06,498,1,0
217,40,10,0,0,0,9.139284406389509,"[0.0, 9.139284406389509]",9.139284406389509,8.571428571428571,9.139284406389509,3.2333333333333267,0,1,0,84.12037393450737,9.139284406389508e-06,194,1,0
217,41,27,0,0,0,8.792465754917691,"[0.0, 8.792465754917691]",8.792465754917691,8.571428571428571,8.792465754917691,5.266666666666653,0,1,0,87.86966904997826,8.792465754917691e-06,316,1,0
217,42,43,0,0,0,8.670193808419365,"[0.0, 8.670193808419365]",8.670193808419365,8.571428571428571,8.670193808419365,7.366666666666646,0,1,0,67.44407932604372,8.670193808419364e-06,442,1,0
217,43,29,0,0,0,8.608134133475168,"[0.0, 8.608134133475168]",8.608134133475168,8.571428571428571,8.608134133475168,3.399999999999993,0,1,0,83.36922831833363,8.608134133475168e-06,204,1,0
217,44,63,0,0,0,8.459933144705637,"[0.0, 8.459933144705637]",8.459933144705637,5.714285714285714,8.459933144705637,7.116666666666647,0,1,0,62.913924074571696,8.459933144705637e-06,427,1,0
217,45,40,0,0,0,7.26822989327567,"[0.0, 7.26822989327567]",7.26822989327567,5.714285714285714,7.26822989327567,2.9833333333333276,0,1,0,74.03717823326588,7.26822989327567e-06,179,1,0
217,46,58,0,0,0,6.752847943987166,"[0.0, 6.752847943987166]",6.752847943987166,5.714285714285714,6.752847943987166,4.149999999999991,0,1,0,61.26450973749161,6.752847943987166e-06,249,1,0
217,47,25,0,0,0,6.406228201729911,"[0.0, 6.406228201729911]",6.406228201729911,5.714285714285714,6.406228201729911,7.366666666666646,0,1,0,58.58160510450398,6.40622820172991e-06,442,1,0
217,48,37,0,0,0,6.33864266531808,"[0.0, 6.33864266531808]",6.33864266531808,5.714285714285714,6.33864266531808,7.366666666666646,0,1,0,58.58177165840607,6.33864266531808e-06,442,1,0
217,49,33,0,0,0,6.324092320033483,"[0.0, 6.324092320033483]",6.324092320033483,5.714285714285714,6.324092320033483,7.366666666666646,0,1,0,58.866226863981865,6.324092320033483e-06,442,1,0
217,50,46,0,0,0,6.30997794015067,"[0.0, 6.30997794015067]",6.30997794015067,5.714285714285714,6.30997794015067,7.366666666666646,0,1,0,58.5943895542805,6.30997794015067e-06,442,1,0
217,51,24,0,0,0,6.293819972446986,"[0.0, 6.293819972446986]",6.293819972446986,5.714285714285714,6.293819972446986,7.366666666666646,0,1,0,58.58185207124916,6.293819972446986e-06,442,1,0
217,52,17,0,0,0,6.246452331542969,"[0.0, 6.246452331542969]",6.246452331542969,5.714285714285714,6.246452331542969,7.366666666666646,0,1,0,58.411045970337,6.246452331542969e-06,442,1,0
217,53,20,0,0,0,6.209602355957031,"[0.0, 6.209602355957031]",6.209602355957031,5.714285714285714,6.209602355957031,7.316666666666646,0,1,0,57.63290978432633,6.209602355957031e-06,439,1,0
217,54,51,0,0,0,6.2003326416015625,"[0.0, 6.2003326416015625]",6.2003326416015625,5.714285714285714,6.2003326416015625,7.316666666666646,0,1,0,57.53427372206352,6.200332641601563e-06,439,1,0
217,55,39,0,0,0,6.137837001255581,"[0.0, 6.137837001255581]",6.137837001255581,5.714285714285714,6.137837001255581,7.316666666666646,0,1,0,57.63321924539923,6.137837001255581e-06,439,1,0
217,56,55,0,0,0,5.722923278808594,"[0.0, 5.722923278808594]",5.722923278808594,5.714285714285714,5.722923278808594,3.733333333333325,0,1,0,51.83915767073631,5.7229232788085936e-06,224,1,0
217,57,19,0,0,0,5.654291425432477,"[0.0, 5.654291425432477]",5.654291425432477,2.857142857142857,5.654291425432477,3.6166666666666587,0,1,0,51.00632459670305,5.654291425432477e-06,217,1,0
217,58,57,0,0,0,5.486929757254464,"[0.0, 5.486929757254464]",5.486929757254464,2.857142857142857,5.486929757254464,3.3333333333333264,0,1,0,48.73817154765129,5.486929757254464e-06,200,1,0
217,59,32,0,0,0,5.3917694091796875,"[0.0, 5.3917694091796875]",5.3917694091796875,2.857142857142857,5.3917694091796875,3.1999999999999935,0,1,0,47.54178521037102,5.391769409179687e-06,192,1,0
217,60,16,0,0,0,4.95849609375,"[0.0, 4.95849609375]",4.95849609375,2.857142857142857,4.95849609375,2.6999999999999953,0,1,0,42.28047804534435,4.95849609375e-06,162,1,0
217,61,11,0,0,0,4.33938707624163,"[0.0, 4.33938707624163]",4.33938707624163,2.857142857142857,4.33938707624163,2.8499999999999948,0,1,0,34.85462200641632,4.33938707624163e-06,171,1,0
217,62,12,0,0,0,3.5907363891601562,"[0.0, 3.5907363891601562]",3.5907363891601562,2.857142857142857,3.5907363891601562,2.8666666666666614,0,1,0,27.244951270520687,3.590736389160156e-06,172,1,0
217,63,60,0,0,0,2.5255257742745534,"[0.0, 2.5255257742745534]",2.5255257742745534,0.0,2.5255257742745534,4.483333333333323,0,1,0,18.26994106856,2.5255257742745533e-06,269,1,0
217,64,50,0,0,0,1.925016130719866,"[0.0, 1.925016130719866]",1.925016130719866,0.0,1.925016130719866,5.016666666666654,0,1,0,6.00878601075965,1.9250161307198663e-06,301,1,0
218,1,0,0,1,1,16.11116681780134,"[0.0, 16.11116681780134]",16.11116681780134,14.285714285714285,16.11116681780134,9.466666666666717,0,1,0,149.59969844296575,1.611116681780134e-05,568,1,0
218,2,1,0,1,1,16.046098981584823,"[0.0, 16.046098981584823]",16.046098981584823,14.285714285714285,16.046098981584823,10.533333333333436,0,1,0,150.81990255322307,1.6046098981584822e-05,632,1,0
218,3,2,0,1,1,15.89160374232701,"[0.0, 15.89160374232701]",15.89160374232701,14.285714285714285,15.89160374232701,9.333333333333377,0,1,0,145.6386794326827,1.589160374232701e-05,560,1,0
218,4,3,0,1,1,15.883047921316965,"[0.0, 15.883047921316965]",15.883047921316965,14.285714285714285,15.883047921316965,9.100000000000032,0,1,0,140.93718819320202,1.5883047921316966e-05,546,1,0
218,5,4,0,1,1,15.86254664829799,"[0.0, 15.86254664829799]",15.86254664829799,14.285714285714285,15.86254664829799,9.133333333333367,0,1,0,145.39780705794692,1.586254664829799e-05,548,1,0
218,6,5,0,1,1,15.852350507463727,"[0.0, 15.852350507463727]",15.852350507463727,14.285714285714285,15.852350507463727,8.71666666666668,0,1,0,144.94690749794245,1.5852350507463728e-05,523,1,0
218,7,6,0,1,1,15.822808401925222,"[0.0, 15.822808401925222]",15.822808401925222,14.285714285714285,15.822808401925222,9.933333333333406,0,1,0,147.67753175555117,1.5822808401925223e-05,596,1,0
218,8,7,0,1,1,15.798852103097097,"[0.0, 15.798852103097097]",15.798852103097097,14.285714285714285,15.798852103097097,10.500000000000101,0,1,0,148.49965377349145,1.5798852103097097e-05,630,1,0
218,9,35,0,0,1,15.746781485421316,"[0.0, 15.746781485421316]",15.746781485421316,14.285714285714285,15.746781485421316,9.550000000000054,0,1,0,144.08838199636375,1.5746781485421315e-05,573,1,0
218,10,43,0,0,1,15.702225821358818,"[0.0, 15.702225821358818]",15.702225821358818,14.285714285714285,15.702225821358818,10.833333333333451,0,1,0,148.10024487588817,1.5702225821358818e-05,650,1,0
218,11,54,0,0,1,15.633430480957031,"[0.0, 15.633430480957031]",15.633430480957031,14.285714285714285,15.633430480957031,9.366666666666712,0,1,0,144.68680884037167,1.563343048095703e-05,562,1,0
218,12,58,0,0,1,15.549436296735491,"[0.0, 15.549436296735491]",15.549436296735491,14.285714285714285,15.549436296735491,9.183333333333369,0,1,0,144.14391594566405,1.554943629673549e-05,551,1,0
218,13,13,0,0,1,15.429431370326451,"[0.0, 15.429431370326451]",15.429431370326451,14.285714285714285,15.429431370326451,9.233333333333372,0,1,0,139.65110878366977,1.542943137032645e-05,554,1,0
218,14,56,0,0,1,15.102124895368304,"[0.0, 15.102124895368304]",15.102124895368304,14.285714285714285,15.102124895368304,10.850000000000119,0,1,0,148.38867565924738,1.5102124895368304e-05,651,1,0
218,15,27,0,0,1,14.984648568289622,"[0.0, 14.984648568289622]",14.984648568289622,14.285714285714285,14.984648568289622,9.950000000000074,0,1,0,146.30897433862992,1.4984648568289622e-05,597,1,0
218,16,57,0,0,1,11.260999952043806,"[0.0, 11.260999952043806]",11.260999952043806,8.571428571428571,11.260999952043806,7.09999999999998,0,1,0,104.12446470186114,1.1260999952043806e-05,426,1,0
218,17,19,0,0,1,11.069450378417969,"[0.0, 11.069450378417969]",11.069450378417969,8.571428571428571,11.069450378417969,7.04999999999998,0,1,0,104.56068886071444,1.1069450378417969e-05,423,1,0
218,18,62,0,0,1,11.050780160086497,"[0.0, 11.050780160086497]",11.050780160086497,8.571428571428571,11.050780160086497,7.233333333333313,0,1,0,106.60547619313002,1.1050780160086496e-05,434,1,0
218,19,8,0,0,1,11.017156328473773,"[0.0, 11.017156328473773]",11.017156328473773,8.571428571428571,11.017156328473773,6.06666666666665,0,1,0,97.6532740443945,1.1017156328473773e-05,364,1,0
218,20,52,0,0,1,11.00555147443499,"[0.0, 11.00555147443499]",11.00555147443499,8.571428571428571,11.00555147443499,6.633333333333315,0,1,0,101.32482935488224,1.100555147443499e-05,398,1,0
218,21,63,0,0,1,10.915772574288503,"[0.0, 10.915772574288503]",10.915772574288503,8.571428571428571,10.915772574288503,5.733333333333318,0,1,0,97.53961016237736,1.0915772574288504e-05,344,1,0
218,22,12,0,0,1,10.607272556849887,"[0.0, 10.607272556849887]",10.607272556849887,8.571428571428571,10.607272556849887,5.666666666666652,0,1,0,99.69604113698006,1.0607272556849887e-05,340,1,0
218,23,16,0,0,1,10.576234545026507,"[0.0, 10.576234545026507]",10.576234545026507,8.571428571428571,10.576234545026507,5.599999999999985,0,1,0,97.47537638247013,1.0576234545026506e-05,336,1,0
218,24,24,0,0,1,10.551632472446986,"[0.0, 10.551632472446986]",10.551632472446986,8.571428571428571,10.551632472446986,5.616666666666652,0,1,0,99.8695487678051,1.0551632472446987e-05,337,1,0
218,25,37,0,0,1,10.431335994175502,"[0.0, 10.431335994175502]",10.431335994175502,8.571428571428571,10.431335994175502,5.616666666666652,0,1,0,98.5868431776762,1.0431335994175501e-05,337,1,0
218,26,53,0,0,1,10.401357923235212,"[0.0, 10.401357923235212]",10.401357923235212,8.571428571428571,10.401357923235212,5.566666666666652,0,1,0,96.48277226090431,1.0401357923235212e-05,334,1,0
218,27,39,0,0,1,10.381875719342913,"[0.0, 10.381875719342913]",10.381875719342913,8.571428571428571,10.381875719342913,5.566666666666652,0,1,0,96.3203030526638,1.0381875719342913e-05,334,1,0
218,28,38,0,0,1,10.290382930210658,"[0.0, 10.290382930210658]",10.290382930210658,8.571428571428571,10.290382930210658,5.583333333333319,0,1,0,95.76791752874851,1.0290382930210657e-05,335,1,0
218,29,47,0,0,1,10.280453818184988,"[0.0, 10.280453818184988]",10.280453818184988,8.571428571428571,10.280453818184988,5.516666666666652,0,1,0,95.29597839713097,1.0280453818184988e-05,331,1,0
218,30,45,0,0,1,10.25348390851702,"[0.0, 10.25348390851702]",10.25348390851702,8.571428571428571,10.25348390851702,5.549999999999986,0,1,0,95.50731727480888,1.025348390851702e-05,333,1,0
218,31,48,0,0,1,10.241244179861885,"[0.0, 10.241244179861885]",10.241244179861885,8.571428571428571,10.241244179861885,5.749999999999985,0,1,0,98.30563001334667,1.0241244179861885e-05,345,1,0
218,32,17,0,0,1,10.227693830217634,"[0.0, 10.227693830217634]",10.227693830217634,8.571428571428571,10.227693830217634,5.566666666666652,0,1,0,95.54329444468021,1.0227693830217633e-05,334,1,0
218,33,28,0,0,0,10.21362032209124,"[0.0, 10.21362032209124]",10.21362032209124,8.571428571428571,10.21362032209124,5.516666666666652,0,1,0,95.29573322832584,1.021362032209124e-05,331,1,0
218,34,36,0,0,0,10.185110909598215,"[0.0, 10.185110909598215]",10.185110909598215,8.571428571428571,10.185110909598215,6.716666666666648,0,1,0,99.65541712194681,1.0185110909598215e-05,403,1,0
218,35,10,0,0,0,10.078879765101842,"[0.0, 10.078879765101842]",10.078879765101842,8.571428571428571,10.078879765101842,5.499999999999986,0,1,0,94.75626939535141,1.0078879765101843e-05,330,1,0
218,36,26,0,0,0,10.053751809256417,"[0.0, 10.053751809256417]",10.053751809256417,8.571428571428571,10.053751809256417,5.499999999999986,0,1,0,94.75626100599766,1.0053751809256417e-05,330,1,0
218,37,14,0,0,0,10.00122342790876,"[0.0, 10.00122342790876]",10.00122342790876,8.571428571428571,10.00122342790876,5.516666666666652,0,1,0,94.75700655579567,1.0001223427908761e-05,331,1,0
218,38,42,0,0,0,9.859845297677177,"[0.0, 9.859845297677177]",9.859845297677177,8.571428571428571,9.859845297677177,5.483333333333319,0,1,0,94.21983924508095,9.859845297677178e-06,329,1,0
218,39,33,0,0,0,9.828243255615234,"[0.0, 9.828243255615234]",9.828243255615234,8.571428571428571,9.828243255615234,5.6833333333333185,0,1,0,94.17535561323166,9.828243255615234e-06,341,1,0
218,40,49,0,0,0,9.706717899867465,"[0.0, 9.706717899867465]",9.706717899867465,8.571428571428571,9.706717899867465,5.2166666666666535,0,1,0,92.88546818494797,9.706717899867465e-06,313,1,0
218,41,41,0,0,0,9.641453879220146,"[0.0, 9.641453879220146]",9.641453879220146,8.571428571428571,9.641453879220146,4.683333333333322,0,1,0,90.78834220767021,9.641453879220146e-06,281,1,0
218,42,59,0,0,0,9.630451202392578,"[0.0, 9.630451202392578]",9.630451202392578,8.571428571428571,9.630451202392578,5.416666666666653,0,1,0,92.09848649799824,9.630451202392578e-06,325,1,0
218,43,11,0,0,0,9.210750034877233,"[0.0, 9.210750034877233]",9.210750034877233,8.571428571428571,9.210750034877233,5.316666666666653,0,1,0,89.49506045877934,9.210750034877232e-06,319,1,0
218,44,9,0,0,0,8.996930803571429,"[0.0, 8.996930803571429]",8.996930803571429,8.571428571428571,8.996930803571429,4.39999999999999,0,1,0,87.28321920335293,8.996930803571428e-06,264,1,0
218,45,50,0,0,0,8.659501756940568,"[0.0, 8.659501756940568]",8.659501756940568,8.571428571428571,8.659501756940568,8.199999999999987,0,1,0,73.20736621998367,8.659501756940568e-06,492,1,0
218,46,61,0,0,0,8.462698800223215,"[0.0, 8.462698800223215]",8.462698800223215,5.714285714285714,8.462698800223215,7.4666666666666455,0,1,0,65.1707191051828,8.462698800223215e-06,448,1,0
218,47,40,0,0,0,8.442589896065849,"[0.0, 8.442589896065849]",8.442589896065849,5.714285714285714,8.442589896065849,7.266666666666646,0,1,0,63.44008660349937,8.44258989606585e-06,436,1,0
218,48,44,0,0,0,8.430361066545759,"[0.0, 8.430361066545759]",8.430361066545759,5.714285714285714,8.430361066545759,7.416666666666646,0,1,0,62.81390630932583,8.43036106654576e-06,445,1,0
218,49,18,0,0,0,8.356538500104632,"[0.0, 8.356538500104632]",8.356538500104632,5.714285714285714,8.356538500104632,5.099999999999987,0,1,0,82.60691522061825,8.356538500104631e-06,306,1,0
218,50,60,0,0,0,8.308470589773997,"[0.0, 8.308470589773997]",8.308470589773997,5.714285714285714,8.308470589773997,7.316666666666646,0,1,0,57.63350558083039,8.308470589773996e-06,439,1,0
218,51,21,0,0,0,6.568723406110491,"[0.0, 6.568723406110491]",6.568723406110491,5.714285714285714,6.568723406110491,7.583333333333312,0,1,0,61.61296407347254,6.568723406110491e-06,455,1,0
218,52,55,0,0,0,6.3624790736607135,"[0.0, 6.3624790736607135]",6.3624790736607135,5.714285714285714,6.3624790736607135,7.366666666666646,0,1,0,58.58146835712978,6.362479073660714e-06,442,1,0
218,53,32,0,0,0,6.320037841796874,"[0.0, 6.320037841796874]",6.320037841796874,5.714285714285714,6.320037841796874,7.366666666666646,0,1,0,58.581904051949095,6.320037841796874e-06,442,1,0
218,54,34,0,0,0,6.308457510811942,"[0.0, 6.308457510811942]",6.308457510811942,5.714285714285714,6.308457510811942,7.366666666666646,0,1,0,58.58130539951526,6.308457510811942e-06,442,1,0
218,55,51,0,0,0,6.29171643938337,"[0.0, 6.29171643938337]",6.29171643938337,5.714285714285714,6.29171643938337,7.366666666666646,0,1,0,58.58172106006532,6.29171643938337e-06,442,1,0
218,56,20,0,0,0,6.231776646205358,"[0.0, 6.231776646205358]",6.231776646205358,5.714285714285714,6.231776646205358,7.366666666666646,0,1,0,58.58197630869108,6.231776646205358e-06,442,1,0
218,57,23,0,0,0,6.189488002232143,"[0.0, 6.189488002232143]",6.189488002232143,5.714285714285714,6.189488002232143,7.316666666666646,0,1,0,57.55066729581449,6.189488002232143e-06,439,1,0
218,58,15,0,0,0,6.183248247419085,"[0.0, 6.183248247419085]",6.183248247419085,5.714285714285714,6.183248247419085,7.266666666666646,0,1,0,57.24136616374017,6.183248247419085e-06,436,1,0
218,59,22,0,0,0,6.154915945870536,"[0.0, 6.154915945870536]",6.154915945870536,5.714285714285714,6.154915945870536,7.316666666666646,0,1,0,57.55069805175299,6.1549159458705354e-06,439,1,0
218,60,30,0,0,0,5.950600760323661,"[0.0, 5.950600760323661]",5.950600760323661,5.714285714285714,5.950600760323661,8.58333333333334,0,1,0,70.3593736912735,5.95060076032366e-06,515,1,0
218,61,25,0,0,0,5.758487156459263,"[0.0, 5.758487156459263]",5.758487156459263,5.714285714285714,5.758487156459263,3.8333333333333246,0,1,0,52.59690932184458,5.758487156459263e-06,230,1,0
218,62,31,0,0,0,5.089999607631138,"[0.0, 5.089999607631138]",5.089999607631138,2.857142857142857,5.089999607631138,6.499999999999982,0,1,0,42.52201149412576,5.089999607631138e-06,390,1,0
218,63,29,0,0,0,3.322606767926897,"[0.0, 3.322606767926897]",3.322606767926897,2.857142857142857,3.322606767926897,5.866666666666651,0,1,0,24.840393632868654,3.322606767926897e-06,352,1,0
218,64,46,0,0,0,2.972651890345982,"[0.0, 2.972651890345982]",2.972651890345982,2.857142857142857,2.972651890345982,4.666666666666655,0,1,0,18.400196158065228,2.972651890345982e-06,280,1,0
219,1,0,0,1,1,16.11116681780134,"[0.0, 16.11116681780134]",16.11116681780134,14.285714285714285,16.11116681780134,9.466666666666717,0,1,0,149.59969844296575,1.611116681780134e-05,568,1,0
219,2,59,0,1,1,16.078981672014507,"[0.0, 16.078981672014507]",16.078981672014507,14.285714285714285,16.078981672014507,10.766666666666781,0,1,0,151.76539163760026,1.6078981672014508e-05,646,1,0
219,3,1,0,1,1,16.046098981584823,"[0.0, 16.046098981584823]",16.046098981584823,14.285714285714285,16.046098981584823,10.533333333333436,0,1,0,150.81990255322307,1.6046098981584822e-05,632,1,0
219,4,2,0,1,1,15.89160374232701,"[0.0, 15.89160374232701]",15.89160374232701,14.285714285714285,15.89160374232701,9.333333333333377,0,1,0,145.6386794326827,1.589160374232701e-05,560,1,0
219,5,3,0,1,1,15.883047921316965,"[0.0, 15.883047921316965]",15.883047921316965,14.285714285714285,15.883047921316965,9.100000000000032,0,1,0,140.93718819320202,1.5883047921316966e-05,546,1,0
219,6,4,0,1,1,15.86254664829799,"[0.0, 15.86254664829799]",15.86254664829799,14.285714285714285,15.86254664829799,9.133333333333367,0,1,0,145.39780705794692,1.586254664829799e-05,548,1,0
219,7,5,0,1,1,15.852350507463727,"[0.0, 15.852350507463727]",15.852350507463727,14.285714285714285,15.852350507463727,8.71666666666668,0,1,0,144.94690749794245,1.5852350507463728e-05,523,1,0
219,8,6,0,1,1,15.822808401925222,"[0.0, 15.822808401925222]",15.822808401925222,14.285714285714285,15.822808401925222,9.933333333333406,0,1,0,147.67753175555117,1.5822808401925223e-05,596,1,0
219,9,7,0,0,1,15.798852103097097,"[0.0, 15.798852103097097]",15.798852103097097,14.285714285714285,15.798852103097097,10.500000000000101,0,1,0,148.49965377349145,1.5798852103097097e-05,630,1,0
219,10,25,0,0,1,15.795909336635045,"[0.0, 15.795909336635045]",15.795909336635045,14.285714285714285,15.795909336635045,9.583333333333389,0,1,0,144.71492300224782,1.5795909336635044e-05,575,1,0
219,11,48,0,0,1,15.792263575962611,"[0.0, 15.792263575962611]",15.792263575962611,14.285714285714285,15.792263575962611,8.950000000000024,0,1,0,142.8285067398101,1.579226357596261e-05,537,1,0
219,12,58,0,0,1,15.776203700474332,"[0.0, 15.776203700474332]",15.776203700474332,14.285714285714285,15.776203700474332,9.250000000000039,0,1,0,141.8699913593009,1.577620370047433e-05,555,1,0
219,13,62,0,0,1,15.774187360491071,"[0.0, 15.774187360491071]",15.774187360491071,14.285714285714285,15.774187360491071,9.733333333333396,0,1,0,146.27334251025604,1.5774187360491073e-05,584,1,0
219,14,63,0,0,1,15.733560834612165,"[0.0, 15.733560834612165]",15.733560834612165,14.285714285714285,15.733560834612165,9.550000000000054,0,1,0,147.26672999566654,1.5733560834612166e-05,573,1,0
219,15,31,0,0,1,15.634765625,"[0.0, 15.634765625]",15.634765625,14.285714285714285,15.634765625,9.933333333333406,0,1,0,145.49207406705682,1.5634765625e-05,596,1,0
219,16,39,0,0,1,15.45342581612723,"[0.0, 15.45342581612723]",15.45342581612723,14.285714285714285,15.45342581612723,8.816666666666684,0,1,0,140.26718464121222,1.545342581612723e-05,529,1,0
219,17,44,0,0,1,15.12711661202567,"[0.0, 15.12711661202567]",15.12711661202567,14.285714285714285,15.12711661202567,10.566666666666771,0,1,0,143.29338420627028,1.512711661202567e-05,634,1,0
219,18,55,0,0,1,15.121367318289622,"[0.0, 15.121367318289622]",15.121367318289622,14.285714285714285,15.121367318289622,10.333333333333426,0,1,0,144.55583965848928,1.5121367318289622e-05,620,1,0
219,19,33,0,0,1,15.025422232491628,"[0.0, 15.025422232491628]",15.025422232491628,14.285714285714285,15.025422232491628,9.750000000000064,0,1,0,143.86467688379344,1.5025422232491628e-05,585,1,0
219,20,36,0,0,1,14.436204092843191,"[0.0, 14.436204092843191]",14.436204092843191,14.285714285714285,14.436204092843191,9.533333333333387,0,1,0,133.5985897816281,1.4436204092843192e-05,572,1,0
219,21,15,0,0,1,14.09693581717355,"[0.0, 14.09693581717355]",14.09693581717355,11.428571428571429,14.09693581717355,9.716666666666729,0,1,0,137.35939918705844,1.409693581717355e-05,583,1,0
219,22,29,0,0,1,13.570109776088168,"[0.0, 13.570109776088168]",13.570109776088168,11.428571428571429,13.570109776088168,6.5333333333333155,0,1,0,122.97827908396721,1.3570109776088168e-05,392,1,0
219,23,11,0,0,1,13.44097682407924,"[0.0, 13.44097682407924]",13.44097682407924,11.428571428571429,13.44097682407924,10.600000000000106,0,1,0,134.2788602283763,1.344097682407924e-05,636,1,0
219,24,12,0,0,1,11.605804988316129,"[0.0, 11.605804988316129]",11.605804988316129,11.428571428571429,11.605804988316129,7.616666666666645,0,1,0,106.54738796874881,1.1605804988316128e-05,457,1,0
219,25,14,0,0,1,11.414500645228795,"[0.0, 11.414500645228795]",11.414500645228795,8.571428571428571,11.414500645228795,5.883333333333318,0,1,0,100.80368135869503,1.1414500645228795e-05,353,1,0
219,26,50,0,0,1,11.360179356166295,"[0.0, 11.360179356166295]",11.360179356166295,8.571428571428571,11.360179356166295,5.799999999999985,0,1,0,104.25986278057098,1.1360179356166295e-05,348,1,0
219,27,32,0,0,1,11.275969914027623,"[0.0, 11.275969914027623]",11.275969914027623,8.571428571428571,11.275969914027623,5.949999999999984,0,1,0,100.13963986933231,1.1275969914027623e-05,357,1,0
219,28,20,0,0,1,11.270746503557477,"[0.0, 11.270746503557477]",11.270746503557477,8.571428571428571,11.270746503557477,6.5333333333333155,0,1,0,99.38905080407858,1.1270746503557477e-05,392,1,0
219,29,27,0,0,1,11.155504499162946,"[0.0, 11.155504499162946]",11.155504499162946,8.571428571428571,11.155504499162946,8.533333333333337,0,1,0,106.05717690278107,1.1155504499162946e-05,512,1,0
219,30,43,0,0,1,10.98227092197963,"[0.0, 10.98227092197963]",10.98227092197963,8.571428571428571,10.98227092197963,7.366666666666646,0,1,0,104.82846445217729,1.098227092197963e-05,442,1,0
219,31,23,0,0,1,10.835394178118024,"[0.0, 10.835394178118024]",10.835394178118024,8.571428571428571,10.835394178118024,5.733333333333318,0,1,0,102.54252795875072,1.0835394178118025e-05,344,1,0
219,32,57,0,0,1,10.832740238734655,"[0.0, 10.832740238734655]",10.832740238734655,8.571428571428571,10.832740238734655,6.6166666666666485,0,1,0,97.9141051620245,1.0832740238734654e-05,397,1,0
219,33,24,0,0,0,10.8062744140625,"[0.0, 10.8062744140625]",10.8062744140625,8.571428571428571,10.8062744140625,6.733333333333315,0,1,0,102.58787565678358,1.08062744140625e-05,404,1,0
219,34,41,0,0,0,10.677223205566406,"[0.0, 10.677223205566406]",10.677223205566406,8.571428571428571,10.677223205566406,7.14999999999998,0,1,0,101.99261995404959,1.0677223205566407e-05,429,1,0
219,35,21,0,0,0,10.605487823486328,"[0.0, 10.605487823486328]",10.605487823486328,8.571428571428571,10.605487823486328,6.683333333333315,0,1,0,102.55060247331858,1.0605487823486329e-05,401,1,0
219,36,19,0,0,0,10.553084782191686,"[0.0, 10.553084782191686]",10.553084782191686,8.571428571428571,10.553084782191686,5.666666666666652,0,1,0,95.98664151132107,1.0553084782191686e-05,340,1,0
219,37,56,0,0,0,10.498294830322266,"[0.0, 10.498294830322266]",10.498294830322266,8.571428571428571,10.498294830322266,6.583333333333315,0,1,0,101.58619535714388,1.0498294830322266e-05,395,1,0
219,38,49,0,0,0,10.3281375340053,"[0.0, 10.3281375340053]",10.3281375340053,8.571428571428571,10.3281375340053,5.516666666666652,0,1,0,94.34883317351341,1.0328137534005301e-05,331,1,0
219,39,40,0,0,0,10.239214215959821,"[0.0, 10.239214215959821]",10.239214215959821,8.571428571428571,10.239214215959821,5.749999999999985,0,1,0,97.04036058485508,1.0239214215959822e-05,345,1,0
219,40,28,0,0,0,10.08354731968471,"[0.0, 10.08354731968471]",10.08354731968471,8.571428571428571,10.08354731968471,5.549999999999986,0,1,0,95.07203474640846,1.008354731968471e-05,333,1,0
219,41,22,0,0,0,10.076092311314174,"[0.0, 10.076092311314174]",10.076092311314174,8.571428571428571,10.076092311314174,5.566666666666652,0,1,0,96.37993495166302,1.0076092311314174e-05,334,1,0
219,42,53,0,0,0,10.051776341029576,"[0.0, 10.051776341029576]",10.051776341029576,8.571428571428571,10.051776341029576,5.433333333333319,0,1,0,93.67692829668522,1.0051776341029576e-05,326,1,0
219,43,18,0,0,0,10.000416891915458,"[0.0, 10.000416891915458]",10.000416891915458,8.571428571428571,10.000416891915458,5.533333333333319,0,1,0,95.29554922878742,1.0000416891915458e-05,332,1,0
219,44,42,0,0,0,9.975634983607701,"[0.0, 9.975634983607701]",9.975634983607701,8.571428571428571,9.975634983607701,5.516666666666652,0,1,0,94.75689804553986,9.9756349836077e-06,331,1,0
219,45,9,0,0,0,9.926253727504184,"[0.0, 9.926253727504184]",9.926253727504184,8.571428571428571,9.926253727504184,5.516666666666652,0,1,0,94.65890078246593,9.926253727504184e-06,331,1,0
219,46,60,0,0,0,9.864185878208705,"[0.0, 9.864185878208705]",9.864185878208705,8.571428571428571,9.864185878208705,5.449999999999986,0,1,0,92.98834177851677,9.864185878208705e-06,327,1,0
219,47,34,0,0,0,9.753551483154297,"[0.0, 9.753551483154297]",9.753551483154297,8.571428571428571,9.753551483154297,5.28333333333332,0,1,0,90.61512944102287,9.753551483154297e-06,317,1,0
219,48,54,0,0,0,9.742183685302734,"[0.0, 9.742183685302734]",9.742183685302734,8.571428571428571,9.742183685302734,5.499999999999986,0,1,0,94.22142732143402,9.742183685302734e-06,330,1,0
219,49,37,0,0,0,9.620838165283203,"[0.0, 9.620838165283203]",9.620838165283203,8.571428571428571,9.620838165283203,5.483333333333319,0,1,0,93.15954419970512,9.620838165283203e-06,329,1,0
219,50,45,0,0,0,9.609097072056363,"[0.0, 9.609097072056363]",9.609097072056363,8.571428571428571,9.609097072056363,5.7666666666666515,0,1,0,93.44088114798069,9.609097072056364e-06,346,1,0
219,51,46,0,0,0,9.461266653878349,"[0.0, 9.461266653878349]",9.461266653878349,8.571428571428571,9.461266653878349,5.433333333333319,0,1,0,92.10379636287689,9.461266653878348e-06,326,1,0
219,52,8,0,0,0,9.397059849330356,"[0.0, 9.397059849330356]",9.397059849330356,8.571428571428571,9.397059849330356,5.366666666666653,0,1,0,90.74514618515968,9.397059849330356e-06,322,1,0
219,53,30,0,0,0,8.918958391462054,"[0.0, 8.918958391462054]",8.918958391462054,8.571428571428571,8.918958391462054,5.18333333333332,0,1,0,85.05358842015266,8.918958391462054e-06,311,1,0
219,54,38,0,0,0,8.88347898210798,"[0.0, 8.88347898210798]",8.88347898210798,8.571428571428571,8.88347898210798,5.2166666666666535,0,1,0,87.62557603418827,8.883478982107979e-06,313,1,0
219,55,10,0,0,0,8.366783687046595,"[0.0, 8.366783687046595]",8.366783687046595,5.714285714285714,8.366783687046595,6.916666666666647,0,1,0,59.072739558963804,8.366783687046595e-06,415,1,0
219,56,47,0,0,0,8.266822269984655,"[0.0, 8.266822269984655]",8.266822269984655,5.714285714285714,8.266822269984655,7.316666666666646,0,1,0,57.633194200869184,8.266822269984654e-06,439,1,0
219,57,35,0,0,0,8.230697086879186,"[0.0, 8.230697086879186]",8.230697086879186,5.714285714285714,8.230697086879186,11.466666666666816,0,1,0,68.76733831167803,8.230697086879186e-06,688,1,0
219,58,61,0,0,0,7.6356915065220425,"[0.0, 7.6356915065220425]",7.6356915065220425,5.714285714285714,7.6356915065220425,3.0833333333333273,0,1,0,78.00904342532158,7.635691506522042e-06,185,1,0
219,59,26,0,0,0,7.315469469342912,"[0.0, 7.315469469342912]",7.315469469342912,5.714285714285714,7.315469469342912,2.9999999999999942,0,1,0,74.69357404112816,7.315469469342913e-06,180,1,0
219,60,51,0,0,0,6.922901698521206,"[0.0, 6.922901698521206]",6.922901698521206,5.714285714285714,6.922901698521206,2.6999999999999953,0,1,0,63.2431488186121,6.922901698521206e-06,162,1,0
219,61,17,0,0,0,6.311727251325334,"[0.0, 6.311727251325334]",6.311727251325334,5.714285714285714,6.311727251325334,7.366666666666646,0,1,0,58.58157217311236,6.311727251325334e-06,442,1,0
219,62,16,0,0,0,6.269476754324776,"[0.0, 6.269476754324776]",6.269476754324776,5.714285714285714,6.269476754324776,7.366666666666646,0,1,0,58.581557607642026,6.269476754324776e-06,442,1,0
219,63,52,0,0,0,6.268087114606585,"[0.0, 6.268087114606585]",6.268087114606585,5.714285714285714,6.268087114606585,7.366666666666646,0,1,0,58.58178198801761,6.268087114606585e-06,442,1,0
219,64,13,0,0,0,1.89361572265625,"[0.0, 1.89361572265625]",1.89361572265625,0.0,1.89361572265625,5.016666666666654,0,1,0,5.482227805769071,1.89361572265625e-06,301,1,0
220,1,0,0,1,1,16.11116681780134,"[0.0, 16.11116681780134]",16.11116681780134,14.285714285714285,16.11116681780134,9.466666666666717,0,1,0,149.59969844296575,1.611116681780134e-05,568,1,0
220,2,1,0,1,1,16.078981672014507,"[0.0, 16.078981672014507]",16.078981672014507,14.285714285714285,16.078981672014507,10.766666666666781,0,1,0,151.76539163760026,1.6078981672014508e-05,646,1,0
220,3,2,0,1,1,16.046098981584823,"[0.0, 16.046098981584823]",16.046098981584823,14.285714285714285,16.046098981584823,10.533333333333436,0,1,0,150.81990255322307,1.6046098981584822e-05,632,1,0
220,4,9,0,1,1,15.968235560825894,"[0.0, 15.968235560825894]",15.968235560825894,14.285714285714285,15.968235560825894,9.616666666666724,0,1,0,147.72507513005985,1.5968235560825894e-05,577,1,0
220,5,3,0,1,1,15.89160374232701,"[0.0, 15.89160374232701]",15.89160374232701,14.285714285714285,15.89160374232701,9.333333333333377,0,1,0,145.6386794326827,1.589160374232701e-05,560,1,0
220,6,4,0,1,1,15.883047921316965,"[0.0, 15.883047921316965]",15.883047921316965,14.285714285714285,15.883047921316965,9.100000000000032,0,1,0,140.93718819320202,1.5883047921316966e-05,546,1,0
220,7,5,0,1,1,15.86254664829799,"[0.0, 15.86254664829799]",15.86254664829799,14.285714285714285,15.86254664829799,9.133333333333367,0,1,0,145.39780705794692,1.586254664829799e-05,548,1,0
220,8,6,0,1,1,15.852350507463727,"[0.0, 15.852350507463727]",15.852350507463727,14.285714285714285,15.852350507463727,8.71666666666668,0,1,0,144.94690749794245,1.5852350507463728e-05,523,1,0
220,9,7,0,0,1,15.822808401925222,"[0.0, 15.822808401925222]",15.822808401925222,14.285714285714285,15.822808401925222,9.933333333333406,0,1,0,147.67753175555117,1.5822808401925223e-05,596,1,0
220,10,25,0,0,1,15.818666730608259,"[0.0, 15.818666730608259]",15.818666730608259,14.285714285714285,15.818666730608259,9.233333333333372,0,1,0,146.5532044135034,1.581866673060826e-05,554,1,0
220,11,14,0,0,1,15.704280308314733,"[0.0, 15.704280308314733]",15.704280308314733,14.285714285714285,15.704280308314733,10.183333333333419,0,1,0,147.73783366768475,1.570428030831473e-05,611,1,0
220,12,50,0,0,1,15.69110325404576,"[0.0, 15.69110325404576]",15.69110325404576,14.285714285714285,15.69110325404576,10.816666666666784,0,1,0,148.3589203096708,1.569110325404576e-05,649,1,0
220,13,39,0,0,1,15.285568237304686,"[0.0, 15.285568237304686]",15.285568237304686,14.285714285714285,15.285568237304686,9.833333333333401,0,1,0,143.9378474574769,1.5285568237304687e-05,590,1,0
220,14,63,0,0,1,15.256631033761161,"[0.0, 15.256631033761161]",15.256631033761161,14.285714285714285,15.256631033761161,10.350000000000094,0,1,0,145.11260690191557,1.5256631033761162e-05,621,1,0
220,15,27,0,0,1,15.250631059919083,"[0.0, 15.250631059919083]",15.250631059919083,14.285714285714285,15.250631059919083,9.550000000000054,0,1,0,135.8719474847021,1.5250631059919083e-05,573,1,0
220,16,40,0,0,1,15.006158011300222,"[0.0, 15.006158011300222]",15.006158011300222,14.285714285714285,15.006158011300222,8.31666666666666,0,1,0,137.76576840132475,1.5006158011300223e-05,499,1,0
220,17,12,0,0,1,14.953651428222656,"[0.0, 14.953651428222656]",14.953651428222656,14.285714285714285,14.953651428222656,6.6999999999999815,0,1,0,129.97607038915157,1.4953651428222656e-05,402,1,0
220,18,33,0,0,1,14.863450186593191,"[0.0, 14.863450186593191]",14.863450186593191,14.285714285714285,14.863450186593191,10.483333333333434,0,1,0,147.75342881288816,1.486345018659319e-05,629,1,0
220,19,31,0,0,1,14.437048775809153,"[0.0, 14.437048775809153]",14.437048775809153,14.285714285714285,14.437048775809153,9.883333333333404,0,1,0,139.95298308267957,1.4437048775809152e-05,593,1,0
220,20,42,0,0,1,13.635003226143974,"[0.0, 13.635003226143974]",13.635003226143974,11.428571428571429,13.635003226143974,8.500000000000002,0,1,0,127.67745499685407,1.3635003226143974e-05,510,1,0
220,21,57,0,0,1,11.322612762451172,"[0.0, 11.322612762451172]",11.322612762451172,8.571428571428571,11.322612762451172,7.483333333333312,0,1,0,108.7283531986177,1.1322612762451171e-05,449,1,0
220,22,47,0,0,1,11.20718002319336,"[0.0, 11.20718002319336]",11.20718002319336,8.571428571428571,11.20718002319336,9.533333333333387,0,1,0,103.97593628801405,1.120718002319336e-05,572,1,0
220,23,20,0,0,1,10.920260293143135,"[0.0, 10.920260293143135]",10.920260293143135,8.571428571428571,10.920260293143135,5.749999999999985,0,1,0,96.40795792639256,1.0920260293143136e-05,345,1,0
220,24,8,0,0,1,10.85111345563616,"[0.0, 10.85111345563616]",10.85111345563616,8.571428571428571,10.85111345563616,6.249999999999983,0,1,0,100.9396513402462,1.085111345563616e-05,375,1,0
220,25,19,0,0,1,10.80423082624163,"[0.0, 10.80423082624163]",10.80423082624163,8.571428571428571,10.80423082624163,6.716666666666648,0,1,0,103.36077246814966,1.080423082624163e-05,403,1,0
220,26,16,0,0,1,10.72828837803432,"[0.0, 10.72828837803432]",10.72828837803432,8.571428571428571,10.72828837803432,5.7666666666666515,0,1,0,98.99187052249908,1.0728288378034319e-05,346,1,0
220,27,29,0,0,1,10.59197289603097,"[0.0, 10.59197289603097]",10.59197289603097,8.571428571428571,10.59197289603097,5.666666666666652,0,1,0,95.92089788615704,1.059197289603097e-05,340,1,0
220,28,10,0,0,1,10.562182835170201,"[0.0, 10.562182835170201]",10.562182835170201,8.571428571428571,10.562182835170201,5.866666666666651,0,1,0,97.04204335808754,1.0562182835170201e-05,352,1,0
220,29,41,0,0,1,10.53276879446847,"[0.0, 10.53276879446847]",10.53276879446847,8.571428571428571,10.53276879446847,5.716666666666652,0,1,0,95.78509676456451,1.053276879446847e-05,343,1,0
220,30,15,0,0,1,10.461578369140625,"[0.0, 10.461578369140625]",10.461578369140625,8.571428571428571,10.461578369140625,5.633333333333319,0,1,0,95.39158894121647,1.0461578369140626e-05,338,1,0
220,31,17,0,0,1,10.442946297781807,"[0.0, 10.442946297781807]",10.442946297781807,8.571428571428571,10.442946297781807,5.599999999999985,0,1,0,96.39273272454739,1.0442946297781807e-05,336,1,0
220,32,59,0,0,1,10.3591673714774,"[0.0, 10.3591673714774]",10.3591673714774,8.571428571428571,10.3591673714774,5.633333333333319,0,1,0,97.7439463287592,1.0359167371477399e-05,338,1,0
220,33,60,0,0,0,10.247628348214285,"[0.0, 10.247628348214285]",10.247628348214285,8.571428571428571,10.247628348214285,5.699999999999985,0,1,0,94.8867851048708,1.0247628348214284e-05,342,1,0
220,34,13,0,0,0,10.026253291538783,"[0.0, 10.026253291538783]",10.026253291538783,8.571428571428571,10.026253291538783,5.449999999999986,0,1,0,93.15360923111439,1.0026253291538783e-05,327,1,0
220,35,18,0,0,0,9.85537120274135,"[0.0, 9.85537120274135]",9.85537120274135,8.571428571428571,9.85537120274135,5.516666666666652,0,1,0,94.75695665180683,9.85537120274135e-06,331,1,0
220,36,21,0,0,0,9.16118894304548,"[0.0, 9.16118894304548]",9.16118894304548,8.571428571428571,9.16118894304548,8.199999999999987,0,1,0,78.16505942206277,9.161188943045479e-06,492,1,0
220,37,49,0,0,0,9.130785805838448,"[0.0, 9.130785805838448]",9.130785805838448,8.571428571428571,9.130785805838448,5.349999999999986,0,1,0,90.0200562775135,9.130785805838448e-06,321,1,0
220,38,58,0,0,0,8.951129913330078,"[0.0, 8.951129913330078]",8.951129913330078,8.571428571428571,8.951129913330078,5.316666666666653,0,1,0,88.99602444469929,8.951129913330078e-06,319,1,0
220,39,28,0,0,0,8.938873835972377,"[0.0, 8.938873835972377]",8.938873835972377,8.571428571428571,8.938873835972377,8.31666666666666,0,1,0,75.16422278105892,8.938873835972377e-06,499,1,0
220,40,62,0,0,0,8.7325804574149,"[0.0, 8.7325804574149]",8.7325804574149,8.571428571428571,8.7325804574149,7.966666666666644,0,1,0,70.77120085920615,8.732580457414899e-06,478,1,0
220,41,43,0,0,0,8.60938480922154,"[0.0, 8.60938480922154]",8.60938480922154,8.571428571428571,8.60938480922154,8.18333333333332,0,1,0,69.57590915489709,8.60938480922154e-06,491,1,0
220,42,30,0,0,0,8.538518633161273,"[0.0, 8.538518633161273]",8.538518633161273,5.714285714285714,8.538518633161273,5.149999999999987,0,1,0,86.32887360453606,8.538518633161272e-06,309,1,0
220,43,55,0,0,0,8.11671393258231,"[0.0, 8.11671393258231]",8.11671393258231,5.714285714285714,8.11671393258231,5.066666666666654,0,1,0,82.1080087274313,8.116713932582311e-06,304,1,0
220,44,11,0,0,0,6.506287711007254,"[0.0, 6.506287711007254]",6.506287711007254,5.714285714285714,6.506287711007254,7.366666666666646,0,1,0,58.581752882782894,6.506287711007255e-06,442,1,0
220,45,24,0,0,0,6.35270254952567,"[0.0, 6.35270254952567]",6.35270254952567,5.714285714285714,6.35270254952567,7.366666666666646,0,1,0,58.58194571118656,6.35270254952567e-06,442,1,0
220,46,46,0,0,0,6.338789803641183,"[0.0, 6.338789803641183]",6.338789803641183,5.714285714285714,6.338789803641183,7.366666666666646,0,1,0,58.581633341622364,6.338789803641183e-06,442,1,0
220,47,36,0,0,0,6.31031036376953,"[0.0, 6.31031036376953]",6.31031036376953,5.714285714285714,6.31031036376953,7.366666666666646,0,1,0,59.46355060895439,6.31031036376953e-06,442,1,0
220,48,48,0,0,0,6.300130571637835,"[0.0, 6.300130571637835]",6.300130571637835,5.714285714285714,6.300130571637835,7.366666666666646,0,1,0,58.58155843368877,6.300130571637835e-06,442,1,0
220,49,35,0,0,0,6.278964451381139,"[0.0, 6.278964451381139]",6.278964451381139,5.714285714285714,6.278964451381139,7.366666666666646,0,1,0,58.58209352348058,6.278964451381139e-06,442,1,0
220,50,53,0,0,0,6.269563947405134,"[0.0, 6.269563947405134]",6.269563947405134,5.714285714285714,6.269563947405134,7.366666666666646,0,1,0,58.581998718655086,6.269563947405134e-06,442,1,0
220,51,54,0,0,0,6.266512189592634,"[0.0, 6.266512189592634]",6.266512189592634,5.714285714285714,6.266512189592634,7.266666666666646,0,1,0,56.19095267151715,6.2665121895926335e-06,436,1,0
220,52,52,0,0,0,6.262016296386719,"[0.0, 6.262016296386719]",6.262016296386719,5.714285714285714,6.262016296386719,7.366666666666646,0,1,0,58.581755756938946,6.262016296386719e-06,442,1,0
220,53,32,0,0,0,6.258108956473214,"[0.0, 6.258108956473214]",6.258108956473214,5.714285714285714,6.258108956473214,7.366666666666646,0,1,0,58.581973407635815,6.258108956473215e-06,442,1,0
220,54,34,0,0,0,6.146959577287946,"[0.0, 6.146959577287946]",6.146959577287946,5.714285714285714,6.146959577287946,7.316666666666646,0,1,0,57.56662281733588,6.146959577287946e-06,439,1,0
220,55,38,0,0,0,6.048409598214286,"[0.0, 6.048409598214286]",6.048409598214286,5.714285714285714,6.048409598214286,7.383333333333312,0,1,0,55.95311860379297,6.048409598214286e-06,443,1,0
220,56,23,0,0,0,5.9259796142578125,"[0.0, 5.9259796142578125]",5.9259796142578125,5.714285714285714,5.9259796142578125,3.9999999999999907,0,1,0,54.81639010459185,5.925979614257813e-06,240,1,0
220,57,51,0,0,0,5.674040658133371,"[0.0, 5.674040658133371]",5.674040658133371,2.857142857142857,5.674040658133371,6.949999999999981,0,1,0,49.64402045201132,5.6740406581333705e-06,417,1,0
220,58,61,0,0,0,5.533746991838727,"[0.0, 5.533746991838727]",5.533746991838727,2.857142857142857,5.533746991838727,3.399999999999993,0,1,0,49.30558209121227,5.533746991838728e-06,204,1,0
220,59,22,0,0,0,5.465502057756696,"[0.0, 5.465502057756696]",5.465502057756696,2.857142857142857,5.465502057756696,3.2833333333333266,0,1,0,48.29953917860985,5.465502057756696e-06,197,1,0
220,60,45,0,0,0,4.926038469587054,"[0.0, 4.926038469587054]",4.926038469587054,2.857142857142857,4.926038469587054,2.666666666666662,0,1,0,41.88494838774204,4.926038469587054e-06,160,1,0
220,61,56,0,0,0,4.783548627580915,"[0.0, 4.783548627580915]",4.783548627580915,2.857142857142857,4.783548627580915,2.533333333333329,0,1,0,40.24563853442669,4.783548627580915e-06,152,1,0
220,62,37,0,0,0,3.3456638881138394,"[0.0, 3.3456638881138394]",3.3456638881138394,2.857142857142857,3.3456638881138394,3.9999999999999907,0,1,0,24.863946799305268,3.3456638881138394e-06,240,1,0
220,63,44,0,0,0,3.0277361188616068,"[0.0, 3.0277361188616068]",3.0277361188616068,2.857142857142857,3.0277361188616068,7.383333333333312,0,1,0,33.963467438166845,3.0277361188616068e-06,443,1,0
220,64,26,0,0,0,2.0845413208007812,"[0.0, 2.0845413208007812]",2.0845413208007812,0.0,2.0845413208007812,5.016666666666654,0,1,0,7.439437071698194,2.0845413208007812e-06,301,1,0
221,1,0,0,1,1,16.11116681780134,"[0.0, 16.11116681780134]",16.11116681780134,14.285714285714285,16.11116681780134,9.466666666666717,0,1,0,149.59969844296575,1.611116681780134e-05,568,1,0
221,2,1,0,1,1,16.078981672014507,"[0.0, 16.078981672014507]",16.078981672014507,14.285714285714285,16.078981672014507,10.766666666666781,0,1,0,151.76539163760026,1.6078981672014508e-05,646,1,0
221,3,2,0,1,1,16.046098981584823,"[0.0, 16.046098981584823]",16.046098981584823,14.285714285714285,16.046098981584823,10.533333333333436,0,1,0,150.81990255322307,1.6046098981584822e-05,632,1,0
221,4,3,0,1,1,15.968235560825894,"[0.0, 15.968235560825894]",15.968235560825894,14.285714285714285,15.968235560825894,9.616666666666724,0,1,0,147.72507513005985,1.5968235560825894e-05,577,1,0
221,5,4,0,1,1,15.89160374232701,"[0.0, 15.89160374232701]",15.89160374232701,14.285714285714285,15.89160374232701,9.333333333333377,0,1,0,145.6386794326827,1.589160374232701e-05,560,1,0
221,6,5,0,1,1,15.883047921316965,"[0.0, 15.883047921316965]",15.883047921316965,14.285714285714285,15.883047921316965,9.100000000000032,0,1,0,140.93718819320202,1.5883047921316966e-05,546,1,0
221,7,6,0,1,1,15.86254664829799,"[0.0, 15.86254664829799]",15.86254664829799,14.285714285714285,15.86254664829799,9.133333333333367,0,1,0,145.39780705794692,1.586254664829799e-05,548,1,0
221,8,7,0,1,1,15.852350507463727,"[0.0, 15.852350507463727]",15.852350507463727,14.285714285714285,15.852350507463727,8.71666666666668,0,1,0,144.94690749794245,1.5852350507463728e-05,523,1,0
221,9,45,0,0,1,15.646340506417411,"[0.0, 15.646340506417411]",15.646340506417411,14.285714285714285,15.646340506417411,9.466666666666717,0,1,0,141.576300359593,1.564634050641741e-05,568,1,0
221,10,16,0,0,1,15.428930010114398,"[0.0, 15.428930010114398]",15.428930010114398,14.285714285714285,15.428930010114398,7.916666666666644,0,1,0,135.7181430608034,1.5428930010114396e-05,475,1,0
221,11,12,0,0,1,15.348320007324217,"[0.0, 15.348320007324217]",15.348320007324217,14.285714285714285,15.348320007324217,8.04999999999998,0,1,0,138.887187756598,1.5348320007324217e-05,483,1,0
221,12,10,0,0,1,15.303595406668528,"[0.0, 15.303595406668528]",15.303595406668528,14.285714285714285,15.303595406668528,9.833333333333401,0,1,0,139.56802606284327,1.5303595406668527e-05,590,1,0
221,13,61,0,0,1,15.209465026855467,"[0.0, 15.209465026855467]",15.209465026855467,14.285714285714285,15.209465026855467,9.733333333333396,0,1,0,142.5197961097292,1.5209465026855467e-05,584,1,0
221,14,31,0,0,1,15.207366943359373,"[0.0, 15.207366943359373]",15.207366943359373,14.285714285714285,15.207366943359373,9.716666666666729,0,1,0,144.87908055307344,1.5207366943359374e-05,583,1,0
221,15,46,0,0,1,15.181612287248884,"[0.0, 15.181612287248884]",15.181612287248884,14.285714285714285,15.181612287248884,9.666666666666726,0,1,0,143.19843117850542,1.5181612287248884e-05,580,1,0
221,16,50,0,0,1,14.885820661272323,"[0.0, 14.885820661272323]",14.885820661272323,14.285714285714285,14.885820661272323,10.766666666666781,0,1,0,136.77419142684084,1.4885820661272324e-05,646,1,0
221,17,62,0,0,1,11.45017078944615,"[0.0, 11.45017078944615]",11.45017078944615,11.428571428571429,11.45017078944615,8.066666666666647,0,1,0,110.02914110943675,1.1450170789446149e-05,484,1,0
221,18,15,0,0,1,11.392835889543807,"[0.0, 11.392835889543807]",11.392835889543807,8.571428571428571,11.392835889543807,7.04999999999998,0,1,0,102.71876368671656,1.1392835889543807e-05,423,1,0
221,19,34,0,0,1,11.3543210710798,"[0.0, 11.3543210710798]",11.3543210710798,8.571428571428571,11.3543210710798,9.500000000000052,0,1,0,111.17626976314205,1.13543210710798e-05,570,1,0
221,20,48,0,0,1,11.348045894077845,"[0.0, 11.348045894077845]",11.348045894077845,8.571428571428571,11.348045894077845,6.11666666666665,0,1,0,101.33153712749481,1.1348045894077845e-05,367,1,0
221,21,58,0,0,1,11.229869297572545,"[0.0, 11.229869297572545]",11.229869297572545,8.571428571428571,11.229869297572545,7.116666666666647,0,1,0,104.11361714452505,1.1229869297572545e-05,427,1,0
221,22,44,0,0,1,10.999229976109095,"[0.0, 10.999229976109095]",10.999229976109095,8.571428571428571,10.999229976109095,5.7666666666666515,0,1,0,98.07181270420551,1.0999229976109095e-05,346,1,0
221,23,57,0,0,1,10.983172825404576,"[0.0, 10.983172825404576]",10.983172825404576,8.571428571428571,10.983172825404576,6.816666666666648,0,1,0,103.70632239431143,1.0983172825404576e-05,409,1,0
221,24,27,0,0,1,10.824778420584542,"[0.0, 10.824778420584542]",10.824778420584542,8.571428571428571,10.824778420584542,5.949999999999984,0,1,0,97.9701401591301,1.0824778420584542e-05,357,1,0
221,25,8,0,0,1,10.319674355643137,"[0.0, 10.319674355643137]",10.319674355643137,8.571428571428571,10.319674355643137,6.433333333333316,0,1,0,98.80551658570766,1.0319674355643137e-05,386,1,0
221,26,22,0,0,1,10.16993658883231,"[0.0, 10.16993658883231]",10.16993658883231,8.571428571428571,10.16993658883231,5.583333333333319,0,1,0,96.92655259370804,1.0169936588832311e-05,335,1,0
221,27,43,0,0,1,10.033749171665736,"[0.0, 10.033749171665736]",10.033749171665736,8.571428571428571,10.033749171665736,5.399999999999986,0,1,0,92.76367855072021,1.0033749171665736e-05,324,1,0
221,28,13,0,0,1,9.950122833251953,"[0.0, 9.950122833251953]",9.950122833251953,8.571428571428571,9.950122833251953,5.416666666666653,0,1,0,93.82163482904434,9.950122833251953e-06,325,1,0
221,29,18,0,0,1,9.943319048200335,"[0.0, 9.943319048200335]",9.943319048200335,8.571428571428571,9.943319048200335,3.299999999999993,0,1,0,86.89543621242046,9.943319048200336e-06,198,1,0
221,30,30,0,0,1,9.8935181753976,"[0.0, 9.8935181753976]",9.8935181753976,8.571428571428571,9.8935181753976,5.516666666666652,0,1,0,94.75675873458385,9.893518175397601e-06,331,1,0
221,31,49,0,0,1,9.8708861214774,"[0.0, 9.8708861214774]",9.8708861214774,8.571428571428571,9.8708861214774,5.483333333333319,0,1,0,93.68791195750237,9.870886121477399e-06,329,1,0
221,32,35,0,0,1,9.795613970075333,"[0.0, 9.795613970075333]",9.795613970075333,8.571428571428571,9.795613970075333,5.33333333333332,0,1,0,92.27555310726166,9.795613970075334e-06,320,1,0
221,33,21,0,0,0,9.771720341273717,"[0.0, 9.771720341273717]",9.771720341273717,8.571428571428571,9.771720341273717,3.866666666666658,0,1,0,87.07898391783237,9.771720341273718e-06,232,1,0
221,34,11,0,0,0,9.680865151541573,"[0.0, 9.680865151541573]",9.680865151541573,8.571428571428571,9.680865151541573,5.466666666666653,0,1,0,92.68048647046089,9.680865151541574e-06,328,1,0
221,35,25,0,0,0,9.62383542742048,"[0.0, 9.62383542742048]",9.62383542742048,8.571428571428571,9.62383542742048,5.33333333333332,0,1,0,92.34278832376003,9.623835427420479e-06,320,1,0
221,36,38,0,0,0,9.618821825299944,"[0.0, 9.618821825299944]",9.618821825299944,8.571428571428571,9.618821825299944,5.266666666666653,0,1,0,92.64112696051598,9.618821825299945e-06,316,1,0
221,37,63,0,0,0,9.338013785226003,"[0.0, 9.338013785226003]",9.338013785226003,8.571428571428571,9.338013785226003,5.2166666666666535,0,1,0,88.5784869492054,9.338013785226003e-06,313,1,0
221,38,26,0,0,0,9.094012124197825,"[0.0, 9.094012124197825]",9.094012124197825,8.571428571428571,9.094012124197825,3.433333333333326,0,1,0,85.0848238915205,9.094012124197825e-06,206,1,0
221,39,32,0,0,0,8.837242126464844,"[0.0, 8.837242126464844]",8.837242126464844,8.571428571428571,8.837242126464844,8.099999999999982,0,1,0,74.62634674187575,8.837242126464844e-06,486,1,0
221,40,47,0,0,0,8.572303227015905,"[0.0, 8.572303227015905]",8.572303227015905,8.571428571428571,8.572303227015905,5.23333333333332,0,1,0,85.42696037888527,8.572303227015905e-06,314,1,0
221,41,19,0,0,0,8.55412346976144,"[0.0, 8.55412346976144]",8.55412346976144,5.714285714285714,8.55412346976144,8.266666666666657,0,1,0,70.78402637962427,8.55412346976144e-06,496,1,0
221,42,23,0,0,0,8.467053004673549,"[0.0, 8.467053004673549]",8.467053004673549,5.714285714285714,8.467053004673549,7.433333333333312,0,1,0,64.04638262187655,8.467053004673549e-06,446,1,0
221,43,53,0,0,0,8.337323325020925,"[0.0, 8.337323325020925]",8.337323325020925,5.714285714285714,8.337323325020925,4.966666666666654,0,1,0,57.44124125316739,8.337323325020925e-06,298,1,0
221,44,24,0,0,0,8.305729457310267,"[0.0, 8.305729457310267]",8.305729457310267,5.714285714285714,8.305729457310267,8.966666666666692,0,1,0,66.56140156515903,8.305729457310268e-06,538,1,0
221,45,60,0,0,0,8.299023764474052,"[0.0, 8.299023764474052]",8.299023764474052,5.714285714285714,8.299023764474052,4.149999999999991,0,1,0,56.664952486753464,8.299023764474053e-06,249,1,0
221,46,36,0,0,0,6.35601043701172,"[0.0, 6.35601043701172]",6.35601043701172,5.714285714285714,6.35601043701172,7.366666666666646,0,1,0,58.5998985176484,6.35601043701172e-06,442,1,0
221,47,56,0,0,0,6.342163085937499,"[0.0, 6.342163085937499]",6.342163085937499,5.714285714285714,6.342163085937499,7.366666666666646,0,1,0,58.58190161403763,6.342163085937499e-06,442,1,0
221,48,37,0,0,0,6.335808890206474,"[0.0, 6.335808890206474]",6.335808890206474,5.714285714285714,6.335808890206474,7.366666666666646,0,1,0,58.581293055911374,6.335808890206474e-06,442,1,0
221,49,51,0,0,0,6.33185795375279,"[0.0, 6.33185795375279]",6.33185795375279,5.714285714285714,6.33185795375279,7.366666666666646,0,1,0,58.794101974555815,6.33185795375279e-06,442,1,0
221,50,20,0,0,0,6.320315769740513,"[0.0, 6.320315769740513]",6.320315769740513,5.714285714285714,6.320315769740513,7.366666666666646,0,1,0,59.38725185342628,6.320315769740513e-06,442,1,0
221,51,33,0,0,0,6.310174124581473,"[0.0, 6.310174124581473]",6.310174124581473,5.714285714285714,6.310174124581473,7.366666666666646,0,1,0,58.59155022212508,6.310174124581473e-06,442,1,0
221,52,59,0,0,0,6.3077817644391745,"[0.0, 6.3077817644391745]",6.3077817644391745,5.714285714285714,6.3077817644391745,7.366666666666646,0,1,0,58.48440515069524,6.307781764439174e-06,442,1,0
221,53,9,0,0,0,6.111128670828683,"[0.0, 6.111128670828683]",6.111128670828683,5.714285714285714,6.111128670828683,7.316666666666646,0,1,0,57.654048965268885,6.1111286708286835e-06,439,1,0
221,54,29,0,0,0,6.022164481026786,"[0.0, 6.022164481026786]",6.022164481026786,5.714285714285714,6.022164481026786,7.283333333333313,0,1,0,56.61523503623903,6.022164481026786e-06,437,1,0
221,55,52,0,0,0,5.906508309500557,"[0.0, 5.906508309500557]",5.906508309500557,5.714285714285714,5.906508309500557,4.266666666666657,0,1,0,54.86402975022793,5.906508309500557e-06,256,1,0
221,56,14,0,0,0,5.850459507533482,"[0.0, 5.850459507533482]",5.850459507533482,5.714285714285714,5.850459507533482,7.09999999999998,0,1,0,52.81464618521568,5.850459507533482e-06,426,1,0
221,57,39,0,0,0,5.465965270996094,"[0.0, 5.465965270996094]",5.465965270996094,2.857142857142857,5.465965270996094,3.299999999999993,0,1,0,48.44729609787464,5.465965270996094e-06,198,1,0
221,58,54,0,0,0,4.895166669573102,"[0.0, 4.895166669573102]",4.895166669573102,2.857142857142857,4.895166669573102,2.0499999999999976,0,1,0,40.69707769155502,4.895166669573103e-06,123,1,0
221,59,28,0,0,0,4.821493966238839,"[0.0, 4.821493966238839]",4.821493966238839,2.857142857142857,4.821493966238839,2.5666666666666624,0,1,0,40.66396002471447,4.821493966238839e-06,154,1,0
221,60,41,0,0,0,3.98383549281529,"[0.0, 3.98383549281529]",3.98383549281529,2.857142857142857,3.98383549281529,2.833333333333328,0,1,0,31.114442996680737,3.98383549281529e-06,170,1,0
221,61,17,0,0,0,2.528326851981027,"[0.0, 2.528326851981027]",2.528326851981027,0.0,2.528326851981027,4.033333333333324,0,1,0,18.207025907118805,2.528326851981027e-06,242,1,0
221,62,40,0,0,0,2.4445343017578125,"[0.0, 2.4445343017578125]",2.4445343017578125,0.0,2.4445343017578125,5.016666666666654,0,1,0,11.591729554493213,2.4445343017578123e-06,301,1,0
221,63,55,0,0,0,2.1016965593610495,"[0.0, 2.1016965593610495]",2.1016965593610495,0.0,2.1016965593610495,5.016666666666654,0,1,0,7.706368655613915,2.1016965593610495e-06,301,1,0
221,64,42,0,0,0,1.8705804007393974,"[0.0, 1.8705804007393974]",1.8705804007393974,0.0,1.8705804007393974,5.016666666666654,0,1,0,5.175375709193759,1.8705804007393973e-06,301,1,0
222,1,13,0,1,1,16.37524196079799,"[0.0, 16.37524196079799]",16.37524196079799,14.285714285714285,16.37524196079799,10.016666666666744,0,1,0,151.82105824040627,1.637524196079799e-05,601,1,0
222,2,0,0,1,1,16.11116681780134,"[0.0, 16.11116681780134]",16.11116681780134,14.285714285714285,16.11116681780134,9.466666666666717,0,1,0,149.59969844296575,1.611116681780134e-05,568,1,0
222,3,37,0,1,1,16.084627423967635,"[0.0, 16.084627423967635]",16.084627423967635,14.285714285714285,16.084627423967635,10.283333333333424,0,1,0,149.7584463838066,1.6084627423967636e-05,617,1,0
222,4,1,0,1,1,16.078981672014507,"[0.0, 16.078981672014507]",16.078981672014507,14.285714285714285,16.078981672014507,10.766666666666781,0,1,0,151.76539163760026,1.6078981672014508e-05,646,1,0
222,5,2,0,1,1,16.046098981584823,"[0.0, 16.046098981584823]",16.046098981584823,14.285714285714285,16.046098981584823,10.533333333333436,0,1,0,150.81990255322307,1.6046098981584822e-05,632,1,0
222,6,3,0,1,1,15.968235560825894,"[0.0, 15.968235560825894]",15.968235560825894,14.285714285714285,15.968235560825894,9.616666666666724,0,1,0,147.72507513005985,1.5968235560825894e-05,577,1,0
222,7,43,0,1,1,15.951826913016184,"[0.0, 15.951826913016184]",15.951826913016184,14.285714285714285,15.951826913016184,9.883333333333404,0,1,0,146.84898799923394,1.5951826913016183e-05,593,1,0
222,8,4,0,1,1,15.89160374232701,"[0.0, 15.89160374232701]",15.89160374232701,14.285714285714285,15.89160374232701,9.333333333333377,0,1,0,145.6386794326827,1.589160374232701e-05,560,1,0
222,9,5,0,0,1,15.883047921316965,"[0.0, 15.883047921316965]",15.883047921316965,14.285714285714285,15.883047921316965,9.100000000000032,0,1,0,140.93718819320202,1.5883047921316966e-05,546,1,0
222,10,6,0,0,1,15.86254664829799,"[0.0, 15.86254664829799]",15.86254664829799,14.285714285714285,15.86254664829799,9.133333333333367,0,1,0,145.39780705794692,1.586254664829799e-05,548,1,0
222,11,7,0,0,1,15.852350507463727,"[0.0, 15.852350507463727]",15.852350507463727,14.285714285714285,15.852350507463727,8.71666666666668,0,1,0,144.94690749794245,1.5852350507463728e-05,523,1,0
222,12,23,0,0,1,15.816748482840401,"[0.0, 15.816748482840401]",15.816748482840401,14.285714285714285,15.816748482840401,9.833333333333401,0,1,0,147.83816107302118,1.58167484828404e-05,590,1,0
222,13,35,0,0,1,15.7684326171875,"[0.0, 15.7684326171875]",15.7684326171875,14.285714285714285,15.7684326171875,10.866666666666786,0,1,0,143.90266439582774,1.57684326171875e-05,652,1,0
222,14,56,0,0,1,15.548618861607144,"[0.0, 15.548618861607144]",15.548618861607144,14.285714285714285,15.548618861607144,10.466666666666766,0,1,0,147.98117539573286,1.5548618861607143e-05,628,1,0
222,15,52,0,0,1,15.049106052943639,"[0.0, 15.049106052943639]",15.049106052943639,14.285714285714285,15.049106052943639,10.250000000000089,0,1,0,142.8734106926422,1.504910605294364e-05,615,1,0
222,16,38,0,0,1,14.804769243512835,"[0.0, 14.804769243512835]",14.804769243512835,14.285714285714285,14.804769243512835,10.966666666666791,0,1,0,146.18381675144337,1.4804769243512836e-05,658,1,0
222,17,51,0,0,1,13.790250505719866,"[0.0, 13.790250505719866]",13.790250505719866,11.428571428571429,13.790250505719866,6.783333333333315,0,1,0,122.81766004860401,1.3790250505719866e-05,407,1,0
222,18,16,0,0,1,11.530483790806361,"[0.0, 11.530483790806361]",11.530483790806361,11.428571428571429,11.530483790806361,5.933333333333318,0,1,0,100.73129902780056,1.153048379080636e-05,356,1,0
222,19,55,0,0,1,11.518159593854632,"[0.0, 11.518159593854632]",11.518159593854632,11.428571428571429,11.518159593854632,7.499999999999979,0,1,0,106.60268124938011,1.1518159593854632e-05,450,1,0
222,20,21,0,0,1,11.18217740740095,"[0.0, 11.18217740740095]",11.18217740740095,8.571428571428571,11.18217740740095,7.533333333333312,0,1,0,103.21648430079222,1.118217740740095e-05,452,1,0
222,21,47,0,0,1,11.046417781284877,"[0.0, 11.046417781284877]",11.046417781284877,8.571428571428571,11.046417781284877,7.19999999999998,0,1,0,104.38181556761265,1.1046417781284877e-05,432,1,0
222,22,58,0,0,1,10.852925436837332,"[0.0, 10.852925436837332]",10.852925436837332,8.571428571428571,10.852925436837332,6.333333333333316,0,1,0,99.2839387357235,1.0852925436837331e-05,380,1,0
222,23,63,0,0,1,10.653830936976842,"[0.0, 10.653830936976842]",10.653830936976842,8.571428571428571,10.653830936976842,6.249999999999983,0,1,0,99.10034947097301,1.0653830936976842e-05,375,1,0
222,24,45,0,0,1,10.539237431117467,"[0.0, 10.539237431117467]",10.539237431117467,8.571428571428571,10.539237431117467,5.716666666666652,0,1,0,97.39572766423225,1.0539237431117466e-05,343,1,0
222,25,19,0,0,1,10.538057599748885,"[0.0, 10.538057599748885]",10.538057599748885,8.571428571428571,10.538057599748885,5.33333333333332,0,1,0,94.71876442432404,1.0538057599748886e-05,320,1,0
222,26,41,0,0,1,10.391458783830915,"[0.0, 10.391458783830915]",10.391458783830915,8.571428571428571,10.391458783830915,5.566666666666652,0,1,0,92.5182613581419,1.0391458783830915e-05,334,1,0
222,27,44,0,0,1,10.281541006905693,"[0.0, 10.281541006905693]",10.281541006905693,8.571428571428571,10.281541006905693,5.516666666666652,0,1,0,94.3991380482912,1.0281541006905692e-05,331,1,0
222,28,57,0,0,1,10.252197810581752,"[0.0, 10.252197810581752]",10.252197810581752,8.571428571428571,10.252197810581752,5.916666666666651,0,1,0,97.560885861516,1.0252197810581752e-05,355,1,0
222,29,53,0,0,1,10.162042890276227,"[0.0, 10.162042890276227]",10.162042890276227,8.571428571428571,10.162042890276227,6.6166666666666485,0,1,0,98.50153943151236,1.0162042890276227e-05,397,1,0
222,30,46,0,0,1,10.116838727678571,"[0.0, 10.116838727678571]",10.116838727678571,8.571428571428571,10.116838727678571,5.499999999999986,0,1,0,93.90540976822376,1.0116838727678571e-05,330,1,0
222,31,50,0,0,1,10.116138458251953,"[0.0, 10.116138458251953]",10.116138458251953,8.571428571428571,10.116138458251953,5.516666666666652,0,1,0,94.46347157657146,1.0116138458251953e-05,331,1,0
222,32,39,0,0,1,10.096947806222097,"[0.0, 10.096947806222097]",10.096947806222097,8.571428571428571,10.096947806222097,5.516666666666652,0,1,0,95.2959321886301,1.0096947806222097e-05,331,1,0
222,33,49,0,0,0,10.04035132271903,"[0.0, 10.04035132271903]",10.04035132271903,8.571428571428571,10.04035132271903,5.483333333333319,0,1,0,94.21986305713654,1.004035132271903e-05,329,1,0
222,34,28,0,0,0,10.037555694580078,"[0.0, 10.037555694580078]",10.037555694580078,8.571428571428571,10.037555694580078,5.483333333333319,0,1,0,94.21918587386608,1.0037555694580078e-05,329,1,0
222,35,34,0,0,0,9.977877480643137,"[0.0, 9.977877480643137]",9.977877480643137,8.571428571428571,9.977877480643137,5.399999999999986,0,1,0,93.81949256360531,9.977877480643137e-06,324,1,0
222,36,42,0,0,0,9.813545772007533,"[0.0, 9.813545772007533]",9.813545772007533,8.571428571428571,9.813545772007533,5.499999999999986,0,1,0,94.22089253365993,9.813545772007532e-06,330,1,0
222,37,27,0,0,0,9.807897295270648,"[0.0, 9.807897295270648]",9.807897295270648,8.571428571428571,9.807897295270648,5.466666666666653,0,1,0,93.6848429441452,9.807897295270647e-06,328,1,0
222,38,14,0,0,0,9.80760029384068,"[0.0, 9.80760029384068]",9.80760029384068,8.571428571428571,9.80760029384068,5.399999999999986,0,1,0,92.09196503460407,9.80760029384068e-06,324,1,0
222,39,25,0,0,0,9.78705542428153,"[0.0, 9.78705542428153]",9.78705542428153,8.571428571428571,9.78705542428153,5.433333333333319,0,1,0,94.48276694118977,9.787055424281529e-06,326,1,0
222,40,20,0,0,0,9.585140773228236,"[0.0, 9.585140773228236]",9.585140773228236,8.571428571428571,9.585140773228236,5.833333333333318,0,1,0,92.70487086847425,9.585140773228236e-06,350,1,0
222,41,36,0,0,0,9.49770518711635,"[0.0, 9.49770518711635]",9.49770518711635,8.571428571428571,9.49770518711635,5.3833333333333195,0,1,0,90.6845191270113,9.49770518711635e-06,323,1,0
222,42,59,0,0,0,8.924533299037389,"[0.0, 8.924533299037389]",8.924533299037389,8.571428571428571,8.924533299037389,5.23333333333332,0,1,0,86.96554474532604,8.924533299037389e-06,314,1,0
222,43,22,0,0,0,8.751476832798549,"[0.0, 8.751476832798549]",8.751476832798549,8.571428571428571,8.751476832798549,7.499999999999979,0,1,0,67.92791374538501,8.751476832798549e-06,450,1,0
222,44,40,0,0,0,8.66553170340402,"[0.0, 8.66553170340402]",8.66553170340402,8.571428571428571,8.66553170340402,7.9333333333333105,0,1,0,71.55516434645688,8.665531703404018e-06,476,1,0
222,45,32,0,0,0,8.575592041015625,"[0.0, 8.575592041015625]",8.575592041015625,8.571428571428571,8.575592041015625,7.566666666666645,0,1,0,68.67558438237756,8.575592041015625e-06,454,1,0
222,46,18,0,0,0,8.520723070417132,"[0.0, 8.520723070417132]",8.520723070417132,5.714285714285714,8.520723070417132,5.13333333333332,0,1,0,83.56010791659355,8.520723070417131e-06,308,1,0
222,47,30,0,0,0,8.32909175327846,"[0.0, 8.32909175327846]",8.32909175327846,5.714285714285714,8.32909175327846,5.349999999999986,0,1,0,57.50852433685213,8.32909175327846e-06,321,1,0
222,48,15,0,0,0,8.326266152518135,"[0.0, 8.326266152518135]",8.326266152518135,5.714285714285714,8.326266152518135,5.366666666666653,0,1,0,57.69179215095937,8.326266152518135e-06,322,1,0
222,49,10,0,0,0,8.237945011683873,"[0.0, 8.237945011683873]",8.237945011683873,5.714285714285714,8.237945011683873,5.049999999999987,0,1,0,82.52768371999264,8.237945011683873e-06,303,1,0
222,50,31,0,0,0,6.505987984793526,"[0.0, 6.505987984793526]",6.505987984793526,5.714285714285714,6.505987984793526,7.366666666666646,0,1,0,58.58121657248557,6.505987984793526e-06,442,1,0
222,51,62,0,0,0,6.405083792550223,"[0.0, 6.405083792550223]",6.405083792550223,5.714285714285714,6.405083792550223,7.366666666666646,0,1,0,58.58181235833035,6.405083792550223e-06,442,1,0
222,52,48,0,0,0,6.324163164411273,"[0.0, 6.324163164411273]",6.324163164411273,5.714285714285714,6.324163164411273,7.366666666666646,0,1,0,58.58225107011822,6.324163164411273e-06,442,1,0
222,53,9,0,0,0,6.323596409388951,"[0.0, 6.323596409388951]",6.323596409388951,5.714285714285714,6.323596409388951,7.366666666666646,0,1,0,58.58165229642327,6.3235964093889515e-06,442,1,0
222,54,33,0,0,0,6.189231872558594,"[0.0, 6.189231872558594]",6.189231872558594,5.714285714285714,6.189231872558594,10.150000000000084,0,1,0,59.94333323952014,6.189231872558594e-06,609,1,0
222,55,17,0,0,0,6.163815089634487,"[0.0, 6.163815089634487]",6.163815089634487,5.714285714285714,6.163815089634487,7.316666666666646,0,1,0,57.632985710937646,6.163815089634487e-06,439,1,0
222,56,8,0,0,0,5.994219098772321,"[0.0, 5.994219098772321]",5.994219098772321,5.714285714285714,5.994219098772321,5.999999999999984,0,1,0,57.21178052088362,5.994219098772321e-06,360,1,0
222,57,60,0,0,0,5.778650556291852,"[0.0, 5.778650556291852]",5.778650556291852,5.714285714285714,5.778650556291852,3.849999999999991,0,1,0,52.60170092433691,5.778650556291852e-06,231,1,0
222,58,12,0,0,0,5.656907217843192,"[0.0, 5.656907217843192]",5.656907217843192,2.857142857142857,5.656907217843192,6.949999999999981,0,1,0,49.53791644910234,5.656907217843192e-06,417,1,0
222,59,11,0,0,0,5.543828691755023,"[0.0, 5.543828691755023]",5.543828691755023,2.857142857142857,5.543828691755023,3.399999999999993,0,1,0,49.42786978185177,5.5438286917550225e-06,204,1,0
222,60,54,0,0,0,4.285501752580915,"[0.0, 4.285501752580915]",4.285501752580915,2.857142857142857,4.285501752580915,4.19999999999999,0,1,0,49.43866977537982,4.285501752580915e-06,252,1,0
222,61,61,0,0,0,3.5492324829101562,"[0.0, 3.5492324829101562]",3.5492324829101562,2.857142857142857,3.5492324829101562,4.3666666666666565,0,1,0,26.809720772434957,3.549232482910156e-06,262,1,0
222,62,26,0,0,0,3.2040241786411827,"[0.0, 3.2040241786411827]",3.2040241786411827,2.857142857142857,3.2040241786411827,4.3666666666666565,0,1,0,47.93426278955303,3.2040241786411827e-06,262,1,0
222,63,29,0,0,0,2.6130458286830356,"[0.0, 2.6130458286830356]",2.6130458286830356,0.0,2.6130458286830356,4.216666666666657,0,1,0,18.757286908803508,2.6130458286830355e-06,253,1,0
222,64,24,0,0,0,1.8934467860630582,"[0.0, 1.8934467860630582]",1.8934467860630582,0.0,1.8934467860630582,5.016666666666654,0,1,0,5.430325167690171,1.8934467860630583e-06,301,1,0
223,1,0,0,1,1,16.37524196079799,"[0.0, 16.37524196079799]",16.37524196079799,14.285714285714285,16.37524196079799,10.016666666666744,0,1,0,151.82105824040627,1.637524196079799e-05,601,1,0
223,2,1,0,1,1,16.11116681780134,"[0.0, 16.11116681780134]",16.11116681780134,14.285714285714285,16.11116681780134,9.466666666666717,0,1,0,149.59969844296575,1.611116681780134e-05,568,1,0
223,3,2,0,1,1,16.084627423967635,"[0.0, 16.084627423967635]",16.084627423967635,14.285714285714285,16.084627423967635,10.283333333333424,0,1,0,149.7584463838066,1.6084627423967636e-05,617,1,0
223,4,3,0,1,1,16.078981672014507,"[0.0, 16.078981672014507]",16.078981672014507,14.285714285714285,16.078981672014507,10.766666666666781,0,1,0,151.76539163760026,1.6078981672014508e-05,646,1,0
223,5,59,0,1,1,16.04658944266183,"[0.0, 16.04658944266183]",16.04658944266183,14.285714285714285,16.04658944266183,9.850000000000069,0,1,0,148.7615180331777,1.604658944266183e-05,591,1,0
223,6,4,0,1,1,16.046098981584823,"[0.0, 16.046098981584823]",16.046098981584823,14.285714285714285,16.046098981584823,10.533333333333436,0,1,0,150.81990255322307,1.6046098981584822e-05,632,1,0
223,7,61,0,1,1,16.037445068359375,"[0.0, 16.037445068359375]",16.037445068359375,14.285714285714285,16.037445068359375,9.250000000000039,0,1,0,145.6890205182135,1.6037445068359374e-05,555,1,0
223,8,5,0,1,1,15.968235560825894,"[0.0, 15.968235560825894]",15.968235560825894,14.285714285714285,15.968235560825894,9.616666666666724,0,1,0,147.72507513005985,1.5968235560825894e-05,577,1,0
223,9,6,0,0,1,15.951826913016184,"[0.0, 15.951826913016184]",15.951826913016184,14.285714285714285,15.951826913016184,9.883333333333404,0,1,0,146.84898799923394,1.5951826913016183e-05,593,1,0
223,10,32,0,0,1,15.912764413016184,"[0.0, 15.912764413016184]",15.912764413016184,14.285714285714285,15.912764413016184,9.216666666666704,0,1,0,145.96343875303864,1.5912764413016185e-05,553,1,0
223,11,7,0,0,1,15.89160374232701,"[0.0, 15.89160374232701]",15.89160374232701,14.285714285714285,15.89160374232701,9.333333333333377,0,1,0,145.6386794326827,1.589160374232701e-05,560,1,0
223,12,14,0,0,1,15.79674857003348,"[0.0, 15.79674857003348]",15.79674857003348,14.285714285714285,15.79674857003348,9.133333333333367,0,1,0,143.90614860411733,1.579674857003348e-05,548,1,0
223,13,21,0,0,1,15.7958493913923,"[0.0, 15.7958493913923]",15.7958493913923,14.285714285714285,15.7958493913923,9.850000000000069,0,1,0,143.66381872675993,1.57958493913923e-05,591,1,0
223,14,57,0,0,1,15.76781681605748,"[0.0, 15.76781681605748]",15.76781681605748,14.285714285714285,15.76781681605748,9.05000000000003,0,1,0,140.96571720577776,1.576781681605748e-05,543,1,0
223,15,50,0,0,1,15.72838374546596,"[0.0, 15.72838374546596]",15.72838374546596,14.285714285714285,15.72838374546596,9.766666666666731,0,1,0,149.47516361613089,1.572838374546596e-05,586,1,0
223,16,37,0,0,1,15.714988708496094,"[0.0, 15.714988708496094]",15.714988708496094,14.285714285714285,15.714988708496094,9.566666666666721,0,1,0,145.31990884649713,1.5714988708496092e-05,574,1,0
223,17,48,0,0,1,15.603577750069755,"[0.0, 15.603577750069755]",15.603577750069755,14.285714285714285,15.603577750069755,9.616666666666724,0,1,0,145.7012087311159,1.5603577750069757e-05,577,1,0
223,18,9,0,0,1,15.50437927246094,"[0.0, 15.50437927246094]",15.50437927246094,14.285714285714285,15.50437927246094,10.366666666666761,0,1,0,143.93190356664127,1.550437927246094e-05,622,1,0
223,19,53,0,0,1,15.430254255022321,"[0.0, 15.430254255022321]",15.430254255022321,14.285714285714285,15.430254255022321,10.633333333333441,0,1,0,145.85193998067552,1.5430254255022323e-05,638,1,0
223,20,44,0,0,1,15.213197980608259,"[0.0, 15.213197980608259]",15.213197980608259,14.285714285714285,15.213197980608259,10.400000000000096,0,1,0,145.8472833842461,1.5213197980608258e-05,624,1,0
223,21,49,0,0,1,15.059340340750557,"[0.0, 15.059340340750557]",15.059340340750557,14.285714285714285,15.059340340750557,9.533333333333387,0,1,0,137.70731379726203,1.5059340340750558e-05,572,1,0
223,22,30,0,0,1,14.697080339704241,"[0.0, 14.697080339704241]",14.697080339704241,14.285714285714285,14.697080339704241,9.550000000000054,0,1,0,140.55747401671397,1.4697080339704241e-05,573,1,0
223,23,22,0,0,1,11.419130052839007,"[0.0, 11.419130052839007]",11.419130052839007,8.571428571428571,11.419130052839007,8.066666666666647,0,1,0,111.44939290173352,1.1419130052839007e-05,484,1,0
223,24,55,0,0,1,11.417489733014788,"[0.0, 11.417489733014788]",11.417489733014788,8.571428571428571,11.417489733014788,7.6333333333333115,0,1,0,107.59180063381791,1.1417489733014788e-05,458,1,0
223,25,27,0,0,1,11.156346457345146,"[0.0, 11.156346457345146]",11.156346457345146,8.571428571428571,11.156346457345146,7.116666666666647,0,1,0,102.997613504529,1.1156346457345146e-05,427,1,0
223,26,62,0,0,1,11.010082789829799,"[0.0, 11.010082789829799]",11.010082789829799,8.571428571428571,11.010082789829799,5.733333333333318,0,1,0,97.54016053676605,1.10100827898298e-05,344,1,0
223,27,41,0,0,1,10.93508039202009,"[0.0, 10.93508039202009]",10.93508039202009,8.571428571428571,10.93508039202009,6.516666666666649,0,1,0,97.13454543799162,1.093508039202009e-05,391,1,0
223,28,63,0,0,1,10.899080548967634,"[0.0, 10.899080548967634]",10.899080548967634,8.571428571428571,10.899080548967634,7.499999999999979,0,1,0,105.18525812402368,1.0899080548967634e-05,450,1,0
223,29,36,0,0,1,10.71524211338588,"[0.0, 10.71524211338588]",10.71524211338588,8.571428571428571,10.71524211338588,7.016666666666647,0,1,0,103.2765232771635,1.071524211338588e-05,421,1,0
223,30,19,0,0,1,10.670787266322543,"[0.0, 10.670787266322543]",10.670787266322543,8.571428571428571,10.670787266322543,6.583333333333315,0,1,0,99.55676209926605,1.0670787266322543e-05,395,1,0
223,31,47,0,0,1,10.61546870640346,"[0.0, 10.61546870640346]",10.61546870640346,8.571428571428571,10.61546870640346,3.816666666666658,0,1,0,91.30759374797344,1.061546870640346e-05,229,1,0
223,32,18,0,0,1,10.522142137799944,"[0.0, 10.522142137799944]",10.522142137799944,8.571428571428571,10.522142137799944,6.466666666666649,0,1,0,100.29352271556854,1.0522142137799945e-05,388,1,0
223,33,58,0,0,0,10.433172498430524,"[0.0, 10.433172498430524]",10.433172498430524,8.571428571428571,10.433172498430524,5.649999999999985,0,1,0,94.09309285879135,1.0433172498430524e-05,339,1,0
223,34,43,0,0,0,10.406584058489118,"[0.0, 10.406584058489118]",10.406584058489118,8.571428571428571,10.406584058489118,5.749999999999985,0,1,0,97.05054005980492,1.0406584058489118e-05,345,1,0
223,35,26,0,0,0,10.325938633510043,"[0.0, 10.325938633510043]",10.325938633510043,8.571428571428571,10.325938633510043,5.549999999999986,0,1,0,95.18451464176178,1.0325938633510044e-05,333,1,0
223,36,13,0,0,0,10.229726518903458,"[0.0, 10.229726518903458]",10.229726518903458,8.571428571428571,10.229726518903458,5.499999999999986,0,1,0,94.7562010884285,1.0229726518903458e-05,330,1,0
223,37,35,0,0,0,10.21644047328404,"[0.0, 10.21644047328404]",10.21644047328404,8.571428571428571,10.21644047328404,5.549999999999986,0,1,0,95.03126549720764,1.021644047328404e-05,333,1,0
223,38,51,0,0,0,10.162653241838727,"[0.0, 10.162653241838727]",10.162653241838727,8.571428571428571,10.162653241838727,5.516666666666652,0,1,0,94.43267749249935,1.0162653241838728e-05,331,1,0
223,39,16,0,0,0,10.138601575578962,"[0.0, 10.138601575578962]",10.138601575578962,8.571428571428571,10.138601575578962,5.583333333333319,0,1,0,96.92634443938732,1.0138601575578962e-05,335,1,0
223,40,39,0,0,0,10.072029658726283,"[0.0, 10.072029658726283]",10.072029658726283,8.571428571428571,10.072029658726283,5.533333333333319,0,1,0,95.29550808668137,1.0072029658726283e-05,332,1,0
223,41,11,0,0,0,10.052849905831474,"[0.0, 10.052849905831474]",10.052849905831474,8.571428571428571,10.052849905831474,5.566666666666652,0,1,0,95.5982982814312,1.0052849905831474e-05,334,1,0
223,42,8,0,0,0,9.954779488699776,"[0.0, 9.954779488699776]",9.954779488699776,8.571428571428571,9.954779488699776,3.3166666666666598,0,1,0,87.31919617950916,9.954779488699776e-06,199,1,0
223,43,52,0,0,0,9.661832536969866,"[0.0, 9.661832536969866]",9.661832536969866,8.571428571428571,9.661832536969866,5.466666666666653,0,1,0,93.15665102005005,9.661832536969866e-06,328,1,0
223,44,25,0,0,0,9.61456571306501,"[0.0, 9.61456571306501]",9.61456571306501,8.571428571428571,9.61456571306501,5.483333333333319,0,1,0,93.68792921304703,9.61456571306501e-06,329,1,0
223,45,42,0,0,0,9.471233912876674,"[0.0, 9.471233912876674]",9.471233912876674,8.571428571428571,9.471233912876674,5.23333333333332,0,1,0,90.97429277002811,9.471233912876674e-06,314,1,0
223,46,15,0,0,0,8.941435132707868,"[0.0, 8.941435132707868]",8.941435132707868,8.571428571428571,8.941435132707868,8.550000000000004,0,1,0,74.77426031098003,8.941435132707868e-06,513,1,0
223,47,46,0,0,0,8.709062848772321,"[0.0, 8.709062848772321]",8.709062848772321,8.571428571428571,8.709062848772321,3.21666666666666,0,1,0,82.78168867528439,8.709062848772321e-06,193,1,0
223,48,23,0,0,0,8.461815970284599,"[0.0, 8.461815970284599]",8.461815970284599,5.714285714285714,8.461815970284599,7.499999999999979,0,1,0,65.12627291872923,8.461815970284598e-06,450,1,0
223,49,40,0,0,0,6.333105904715401,"[0.0, 6.333105904715401]",6.333105904715401,5.714285714285714,6.333105904715401,7.366666666666646,0,1,0,58.58201816541987,6.333105904715401e-06,442,1,0
223,50,10,0,0,0,6.331509181431362,"[0.0, 6.331509181431362]",6.331509181431362,5.714285714285714,6.331509181431362,7.366666666666646,0,1,0,58.58152827088634,6.331509181431362e-06,442,1,0
223,51,56,0,0,0,6.305209568568639,"[0.0, 6.305209568568639]",6.305209568568639,5.714285714285714,6.305209568568639,7.366666666666646,0,1,0,58.48220516027504,6.305209568568639e-06,442,1,0
223,52,45,0,0,0,6.293307713099888,"[0.0, 6.293307713099888]",6.293307713099888,5.714285714285714,6.293307713099888,7.366666666666646,0,1,0,58.58179454921628,6.293307713099888e-06,442,1,0
223,53,54,0,0,0,6.253923688616071,"[0.0, 6.253923688616071]",6.253923688616071,5.714285714285714,6.253923688616071,7.366666666666646,0,1,0,58.602245424248395,6.2539236886160715e-06,442,1,0
223,54,60,0,0,0,6.179003034319196,"[0.0, 6.179003034319196]",6.179003034319196,5.714285714285714,6.179003034319196,7.316666666666646,0,1,0,57.54052931370097,6.179003034319196e-06,439,1,0
223,55,17,0,0,0,6.1725888933454245,"[0.0, 6.1725888933454245]",6.1725888933454245,5.714285714285714,6.1725888933454245,7.316666666666646,0,1,0,57.54568777581153,6.1725888933454245e-06,439,1,0
223,56,28,0,0,0,6.016322544642857,"[0.0, 6.016322544642857]",6.016322544642857,5.714285714285714,6.016322544642857,6.883333333333314,0,1,0,54.157712474421714,6.0163225446428564e-06,413,1,0
223,57,24,0,0,0,5.9507261003766745,"[0.0, 5.9507261003766745]",5.9507261003766745,5.714285714285714,5.9507261003766745,4.033333333333324,0,1,0,54.730441108345985,5.9507261003766746e-06,242,1,0
223,58,20,0,0,0,5.876399448939732,"[0.0, 5.876399448939732]",5.876399448939732,5.714285714285714,5.876399448939732,4.433333333333323,0,1,0,54.63378233835101,5.876399448939732e-06,266,1,0
223,59,34,0,0,0,5.771173749651227,"[0.0, 5.771173749651227]",5.771173749651227,5.714285714285714,5.771173749651227,2.3499999999999965,0,1,0,50.23159486055374,5.771173749651227e-06,141,1,0
223,60,12,0,0,0,5.716988699776786,"[0.0, 5.716988699776786]",5.716988699776786,5.714285714285714,5.716988699776786,3.733333333333325,0,1,0,51.833888441324234,5.716988699776785e-06,224,1,0
223,61,31,0,0,0,5.38198743547712,"[0.0, 5.38198743547712]",5.38198743547712,2.857142857142857,5.38198743547712,6.766666666666648,0,1,0,46.264707402238855,5.38198743547712e-06,406,1,0
223,62,38,0,0,0,5.04234858921596,"[0.0, 5.04234858921596]",5.04234858921596,2.857142857142857,5.04234858921596,2.7833333333333283,0,1,0,43.263098046183586,5.04234858921596e-06,167,1,0
223,63,29,0,0,0,4.653151375906808,"[0.0, 4.653151375906808]",4.653151375906808,2.857142857142857,4.653151375906808,2.416666666666663,0,1,0,38.73343200981617,4.653151375906808e-06,145,1,0
223,64,33,0,0,0,2.779709952218192,"[0.0, 2.779709952218192]",2.779709952218192,0.0,2.779709952218192,4.049999999999991,0,1,0,43.39834826684091,2.779709952218192e-06,243,1,0
224,1,0,0,1,1,16.37524196079799,"[0.0, 16.37524196079799]",16.37524196079799,14.285714285714285,16.37524196079799,10.016666666666744,0,1,0,151.82105824040627,1.637524196079799e-05,601,1,0
224,2,1,0,1,1,16.11116681780134,"[0.0, 16.11116681780134]",16.11116681780134,14.285714285714285,16.11116681780134,9.466666666666717,0,1,0,149.59969844296575,1.611116681780134e-05,568,1,0
224,3,2,0,1,1,16.084627423967635,"[0.0, 16.084627423967635]",16.084627423967635,14.285714285714285,16.084627423967635,10.283333333333424,0,1,0,149.7584463838066,1.6084627423967636e-05,617,1,0
224,4,3,0,1,1,16.078981672014507,"[0.0, 16.078981672014507]",16.078981672014507,14.285714285714285,16.078981672014507,10.766666666666781,0,1,0,151.76539163760026,1.6078981672014508e-05,646,1,0
224,5,4,0,1,1,16.04658944266183,"[0.0, 16.04658944266183]",16.04658944266183,14.285714285714285,16.04658944266183,9.850000000000069,0,1,0,148.7615180331777,1.604658944266183e-05,591,1,0
224,6,5,0,1,1,16.046098981584823,"[0.0, 16.046098981584823]",16.046098981584823,14.285714285714285,16.046098981584823,10.533333333333436,0,1,0,150.81990255322307,1.6046098981584822e-05,632,1,0
224,7,6,0,1,1,16.037445068359375,"[0.0, 16.037445068359375]",16.037445068359375,14.285714285714285,16.037445068359375,9.250000000000039,0,1,0,145.6890205182135,1.6037445068359374e-05,555,1,0
224,8,33,0,1,1,16.036883762904573,"[0.0, 16.036883762904573]",16.036883762904573,14.285714285714285,16.036883762904573,11.333333333333476,0,1,0,152.28813276629808,1.6036883762904573e-05,680,1,0
224,9,55,0,0,1,15.98693302699498,"[0.0, 15.98693302699498]",15.98693302699498,14.285714285714285,15.98693302699498,9.250000000000039,0,1,0,144.7502973806113,1.598693302699498e-05,555,1,0
224,10,7,0,0,1,15.968235560825894,"[0.0, 15.968235560825894]",15.968235560825894,14.285714285714285,15.968235560825894,9.616666666666724,0,1,0,147.72507513005985,1.5968235560825894e-05,577,1,0
224,11,13,0,0,1,15.890737261090958,"[0.0, 15.890737261090958]",15.890737261090958,14.285714285714285,15.890737261090958,10.166666666666751,0,1,0,149.97581125710713,1.589073726109096e-05,610,1,0
224,12,57,0,0,1,15.809849330357142,"[0.0, 15.809849330357142]",15.809849330357142,14.285714285714285,15.809849330357142,9.716666666666729,0,1,0,147.85500233583298,1.5809849330357144e-05,583,1,0
224,13,51,0,0,1,15.790884835379465,"[0.0, 15.790884835379465]",15.790884835379465,14.285714285714285,15.790884835379465,10.016666666666744,0,1,0,150.01355752608652,1.5790884835379466e-05,601,1,0
224,14,12,0,0,1,15.727511814662387,"[0.0, 15.727511814662387]",15.727511814662387,14.285714285714285,15.727511814662387,10.133333333333416,0,1,0,148.48073952763662,1.572751181466239e-05,608,1,0
224,15,28,0,0,1,15.710667201450892,"[0.0, 15.710667201450892]",15.710667201450892,14.285714285714285,15.710667201450892,9.883333333333404,0,1,0,141.6988867239561,1.571066720145089e-05,593,1,0
224,16,36,0,0,1,15.699413844517299,"[0.0, 15.699413844517299]",15.699413844517299,14.285714285714285,15.699413844517299,9.150000000000034,0,1,0,144.81498807668686,1.56994138445173e-05,549,1,0
224,17,15,0,0,1,15.490155901227679,"[0.0, 15.490155901227679]",15.490155901227679,14.285714285714285,15.490155901227679,9.366666666666712,0,1,0,141.4546323059476,1.549015590122768e-05,562,1,0
224,18,52,0,0,1,15.386385236467634,"[0.0, 15.386385236467634]",15.386385236467634,14.285714285714285,15.386385236467634,11.400000000000146,0,1,0,149.57979697449628,1.5386385236467632e-05,684,1,0
224,19,56,0,0,1,15.254696437290738,"[0.0, 15.254696437290738]",15.254696437290738,14.285714285714285,15.254696437290738,8.616666666666674,0,1,0,133.84870083257556,1.5254696437290738e-05,517,1,0
224,20,47,0,0,1,15.118609837123326,"[0.0, 15.118609837123326]",15.118609837123326,14.285714285714285,15.118609837123326,10.466666666666766,0,1,0,144.96259052269306,1.5118609837123327e-05,628,1,0
224,21,25,0,0,1,14.434334891183035,"[0.0, 14.434334891183035]",14.434334891183035,14.285714285714285,14.434334891183035,10.233333333333421,0,1,0,144.2776086911981,1.4434334891183035e-05,614,1,0
224,22,35,0,0,1,14.359850202287946,"[0.0, 14.359850202287946]",14.359850202287946,14.285714285714285,14.359850202287946,8.800000000000017,0,1,0,133.0031686294824,1.4359850202287945e-05,528,1,0
224,23,62,0,0,1,11.623210906982422,"[0.0, 11.623210906982422]",11.623210906982422,11.428571428571429,11.623210906982422,7.866666666666644,0,1,0,110.82921520248055,1.1623210906982422e-05,472,1,0
224,24,14,0,0,1,11.570747920445033,"[0.0, 11.570747920445033]",11.570747920445033,11.428571428571429,11.570747920445033,8.483333333333334,0,1,0,112.97789987386204,1.1570747920445033e-05,509,1,0
224,25,41,0,0,1,11.45090103149414,"[0.0, 11.45090103149414]",11.45090103149414,11.428571428571429,11.45090103149414,7.09999999999998,0,1,0,104.35018017888069,1.145090103149414e-05,426,1,0
224,26,43,0,0,1,11.41930171421596,"[0.0, 11.41930171421596]",11.41930171421596,8.571428571428571,11.41930171421596,7.816666666666644,0,1,0,110.49778525531292,1.141930171421596e-05,469,1,0
224,27,19,0,0,1,11.275419507707868,"[0.0, 11.275419507707868]",11.275419507707868,8.571428571428571,11.275419507707868,5.8499999999999845,0,1,0,100.29532690346241,1.1275419507707868e-05,351,1,0
224,28,21,0,0,1,11.231983729771205,"[0.0, 11.231983729771205]",11.231983729771205,8.571428571428571,11.231983729771205,6.966666666666647,0,1,0,101.92563059926033,1.1231983729771206e-05,418,1,0
224,29,50,0,0,1,11.207362583705358,"[0.0, 11.207362583705358]",11.207362583705358,8.571428571428571,11.207362583705358,7.283333333333313,0,1,0,102.02726359665394,1.1207362583705357e-05,437,1,0
224,30,18,0,0,1,10.908094133649554,"[0.0, 10.908094133649554]",10.908094133649554,8.571428571428571,10.908094133649554,7.383333333333312,0,1,0,104.40419001504779,1.0908094133649554e-05,443,1,0
224,31,24,0,0,1,10.876456669398717,"[0.0, 10.876456669398717]",10.876456669398717,8.571428571428571,10.876456669398717,5.749999999999985,0,1,0,98.76725846529007,1.0876456669398716e-05,345,1,0
224,32,61,0,0,1,10.605776650565012,"[0.0, 10.605776650565012]",10.605776650565012,8.571428571428571,10.605776650565012,5.699999999999985,0,1,0,94.31637518107891,1.0605776650565012e-05,342,1,0
224,33,34,0,0,0,10.389840262276785,"[0.0, 10.389840262276785]",10.389840262276785,8.571428571428571,10.389840262276785,5.666666666666652,0,1,0,95.42540939152241,1.0389840262276784e-05,340,1,0
224,34,53,0,0,0,10.38837160382952,"[0.0, 10.38837160382952]",10.38837160382952,8.571428571428571,10.38837160382952,5.649999999999985,0,1,0,92.83271127939224,1.0388371603829521e-05,339,1,0
224,35,54,0,0,0,10.328611646379743,"[0.0, 10.328611646379743]",10.328611646379743,8.571428571428571,10.328611646379743,6.433333333333316,0,1,0,96.16139153391123,1.0328611646379742e-05,386,1,0
224,36,30,0,0,0,10.308974129813057,"[0.0, 10.308974129813057]",10.308974129813057,8.571428571428571,10.308974129813057,5.549999999999986,0,1,0,92.20354399085045,1.0308974129813057e-05,333,1,0
224,37,49,0,0,0,10.101727076939174,"[0.0, 10.101727076939174]",10.101727076939174,8.571428571428571,10.101727076939174,6.11666666666665,0,1,0,96.18012095987797,1.0101727076939173e-05,367,1,0
224,38,9,0,0,0,10.07080350603376,"[0.0, 10.07080350603376]",10.07080350603376,8.571428571428571,10.07080350603376,5.716666666666652,0,1,0,96.67744751274586,1.0070803506033761e-05,343,1,0
224,39,16,0,0,0,9.86581802368164,"[0.0, 9.86581802368164]",9.86581802368164,8.571428571428571,9.86581802368164,6.333333333333316,0,1,0,95.485511995852,9.86581802368164e-06,380,1,0
224,40,20,0,0,0,9.838469369070872,"[0.0, 9.838469369070872]",9.838469369070872,8.571428571428571,9.838469369070872,5.499999999999986,0,1,0,94.22109174728394,9.838469369070872e-06,330,1,0
224,41,58,0,0,0,9.798134395054408,"[0.0, 9.798134395054408]",9.798134395054408,8.571428571428571,9.798134395054408,4.599999999999989,0,1,0,87.7405545860529,9.798134395054408e-06,276,1,0
224,42,31,0,0,0,9.732758658272878,"[0.0, 9.732758658272878]",9.732758658272878,8.571428571428571,9.732758658272878,6.199999999999983,0,1,0,94.34388638287783,9.73275865827288e-06,372,1,0
224,43,60,0,0,0,9.677260262625557,"[0.0, 9.677260262625557]",9.677260262625557,8.571428571428571,9.677260262625557,5.466666666666653,0,1,0,93.15716028213501,9.677260262625557e-06,328,1,0
224,44,26,0,0,0,9.582862854003906,"[0.0, 9.582862854003906]",9.582862854003906,8.571428571428571,9.582862854003906,5.466666666666653,0,1,0,92.6117597669363,9.582862854003907e-06,328,1,0
224,45,40,0,0,0,9.536113739013672,"[0.0, 9.536113739013672]",9.536113739013672,8.571428571428571,9.536113739013672,5.433333333333319,0,1,0,92.10436007380486,9.536113739013672e-06,326,1,0
224,46,39,0,0,0,9.184682028634207,"[0.0, 9.184682028634207]",9.184682028634207,8.571428571428571,9.184682028634207,5.266666666666653,0,1,0,87.74048417806625,9.184682028634207e-06,316,1,0
224,47,22,0,0,0,8.947489602225167,"[0.0, 8.947489602225167]",8.947489602225167,8.571428571428571,8.947489602225167,5.2166666666666535,0,1,0,85.51722823083401,8.947489602225167e-06,313,1,0
224,48,48,0,0,0,8.806157793317523,"[0.0, 8.806157793317523]",8.806157793317523,8.571428571428571,8.806157793317523,8.78333333333335,0,1,0,78.46490537102363,8.806157793317522e-06,527,1,0
224,49,23,0,0,0,8.787591116768974,"[0.0, 8.787591116768974]",8.787591116768974,8.571428571428571,8.787591116768974,8.233333333333322,0,1,0,75.32449568660377,8.787591116768975e-06,494,1,0
224,50,59,0,0,0,8.426224844796316,"[0.0, 8.426224844796316]",8.426224844796316,5.714285714285714,8.426224844796316,5.116666666666654,0,1,0,85.34282083809376,8.426224844796316e-06,307,1,0
224,51,8,0,0,0,8.326895577566965,"[0.0, 8.326895577566965]",8.326895577566965,5.714285714285714,8.326895577566965,11.116666666666799,0,1,0,66.9733753550172,8.326895577566965e-06,667,1,0
224,52,29,0,0,0,8.259522574288503,"[0.0, 8.259522574288503]",8.259522574288503,5.714285714285714,8.259522574288503,3.766666666666658,0,1,0,82.28377883136272,8.259522574288504e-06,226,1,0
224,53,37,0,0,0,8.10425077165876,"[0.0, 8.10425077165876]",8.10425077165876,5.714285714285714,8.10425077165876,5.099999999999987,0,1,0,82.60658903419971,8.104250771658761e-06,306,1,0
224,54,44,0,0,0,6.399388994489397,"[0.0, 6.399388994489397]",6.399388994489397,5.714285714285714,6.399388994489397,7.366666666666646,0,1,0,58.58182747550018,6.399388994489397e-06,442,1,0
224,55,32,0,0,0,6.387378147670201,"[0.0, 6.387378147670201]",6.387378147670201,5.714285714285714,6.387378147670201,7.366666666666646,0,1,0,58.49514943938266,6.387378147670202e-06,442,1,0
224,56,11,0,0,0,6.264768327985491,"[0.0, 6.264768327985491]",6.264768327985491,5.714285714285714,6.264768327985491,7.366666666666646,0,1,0,58.58160130177566,6.264768327985491e-06,442,1,0
224,57,27,0,0,0,6.261569431849888,"[0.0, 6.261569431849888]",6.261569431849888,5.714285714285714,6.261569431849888,7.366666666666646,0,1,0,58.58189646665414,6.261569431849888e-06,442,1,0
224,58,10,0,0,0,6.188131059919085,"[0.0, 6.188131059919085]",6.188131059919085,5.714285714285714,6.188131059919085,7.316666666666646,0,1,0,57.414423556365364,6.188131059919085e-06,439,1,0
224,59,46,0,0,0,6.170741489955358,"[0.0, 6.170741489955358]",6.170741489955358,5.714285714285714,6.170741489955358,7.316666666666646,0,1,0,57.632440417059115,6.1707414899553576e-06,439,1,0
224,60,63,0,0,0,6.127646309988839,"[0.0, 6.127646309988839]",6.127646309988839,5.714285714285714,6.127646309988839,11.216666666666804,0,1,0,67.95764650941419,6.1276463099888396e-06,673,1,0
224,61,42,0,0,0,5.945701599121094,"[0.0, 5.945701599121094]",5.945701599121094,5.714285714285714,5.945701599121094,6.099999999999984,0,1,0,55.97508777854091,5.945701599121094e-06,366,1,0
224,62,38,0,0,0,5.568357195172991,"[0.0, 5.568357195172991]",5.568357195172991,2.857142857142857,5.568357195172991,6.849999999999981,0,1,0,47.95881165397441,5.568357195172991e-06,411,1,0
224,63,45,0,0,0,5.519256591796875,"[0.0, 5.519256591796875]",5.519256591796875,2.857142857142857,5.519256591796875,3.383333333333326,0,1,0,49.165878400206566,5.519256591796875e-06,203,1,0
224,64,17,0,0,0,2.8244291033063615,"[0.0, 2.8244291033063615]",2.8244291033063615,0.0,2.8244291033063615,5.016666666666654,0,1,0,40.33603538025636,2.8244291033063615e-06,301,1,0
225,1,0,0,1,1,16.37524196079799,"[0.0, 16.37524196079799]",16.37524196079799,14.285714285714285,16.37524196079799,10.016666666666744,0,1,0,151.82105824040627,1.637524196079799e-05,601,1,0
225,2,1,0,1,1,16.11116681780134,"[0.0, 16.11116681780134]",16.11116681780134,14.285714285714285,16.11116681780134,9.466666666666717,0,1,0,149.59969844296575,1.611116681780134e-05,568,1,0
225,3,2,0,1,1,16.084627423967635,"[0.0, 16.084627423967635]",16.084627423967635,14.285714285714285,16.084627423967635,10.283333333333424,0,1,0,149.7584463838066,1.6084627423967636e-05,617,1,0
225,4,3,0,1,1,16.078981672014507,"[0.0, 16.078981672014507]",16.078981672014507,14.285714285714285,16.078981672014507,10.766666666666781,0,1,0,151.76539163760026,1.6078981672014508e-05,646,1,0
225,5,4,0,1,1,16.04658944266183,"[0.0, 16.04658944266183]",16.04658944266183,14.285714285714285,16.04658944266183,9.850000000000069,0,1,0,148.7615180331777,1.604658944266183e-05,591,1,0
225,6,5,0,1,1,16.046098981584823,"[0.0, 16.046098981584823]",16.046098981584823,14.285714285714285,16.046098981584823,10.533333333333436,0,1,0,150.81990255322307,1.6046098981584822e-05,632,1,0
225,7,6,0,1,1,16.037445068359375,"[0.0, 16.037445068359375]",16.037445068359375,14.285714285714285,16.037445068359375,9.250000000000039,0,1,0,145.6890205182135,1.6037445068359374e-05,555,1,0
225,8,7,0,1,1,16.036883762904573,"[0.0, 16.036883762904573]",16.036883762904573,14.285714285714285,16.036883762904573,11.333333333333476,0,1,0,152.28813276629808,1.6036883762904573e-05,680,1,0
225,9,36,0,0,1,16.001652308872767,"[0.0, 16.001652308872767]",16.001652308872767,14.285714285714285,16.001652308872767,10.000000000000076,0,1,0,146.13544504523452,1.6001652308872768e-05,600,1,0
225,10,13,0,0,1,15.906758989606583,"[0.0, 15.906758989606583]",15.906758989606583,14.285714285714285,15.906758989606583,9.783333333333399,0,1,0,148.8171514580681,1.5906758989606583e-05,587,1,0
225,11,63,0,0,1,15.858917236328123,"[0.0, 15.858917236328123]",15.858917236328123,14.285714285714285,15.858917236328123,9.166666666666702,0,1,0,147.02740256115794,1.5858917236328123e-05,550,1,0
225,12,46,0,0,1,15.854813711983818,"[0.0, 15.854813711983818]",15.854813711983818,14.285714285714285,15.854813711983818,9.750000000000064,0,1,0,147.38729321928986,1.5854813711983818e-05,585,1,0
225,13,39,0,0,1,15.787299019949778,"[0.0, 15.787299019949778]",15.787299019949778,14.285714285714285,15.787299019949778,9.600000000000056,0,1,0,146.1234621827025,1.578729901994978e-05,576,1,0
225,14,40,0,0,1,15.727097647530691,"[0.0, 15.727097647530691]",15.727097647530691,14.285714285714285,15.727097647530691,9.350000000000044,0,1,0,145.28293705172837,1.572709764753069e-05,561,1,0
225,15,26,0,0,1,15.627773829868863,"[0.0, 15.627773829868863]",15.627773829868863,14.285714285714285,15.627773829868863,9.733333333333396,0,1,0,148.05802474488883,1.5627773829868864e-05,584,1,0
225,16,61,0,0,1,15.445616585867747,"[0.0, 15.445616585867747]",15.445616585867747,14.285714285714285,15.445616585867747,9.433333333333382,0,1,0,142.0867287030851,1.5445616585867747e-05,566,1,0
225,17,21,0,0,1,15.1892580304827,"[0.0, 15.1892580304827]",15.1892580304827,14.285714285714285,15.1892580304827,10.533333333333436,0,1,0,147.30625590819545,1.51892580304827e-05,632,1,0
225,18,50,0,0,1,15.066980634416852,"[0.0, 15.066980634416852]",15.066980634416852,14.285714285714285,15.066980634416852,9.133333333333367,0,1,0,138.8896037451923,1.5066980634416853e-05,548,1,0
225,19,44,0,0,1,14.670164925711497,"[0.0, 14.670164925711497]",14.670164925711497,14.285714285714285,14.670164925711497,10.433333333333431,0,1,0,143.23972045109986,1.4670164925711497e-05,626,1,0
225,20,49,0,0,1,14.60310799734933,"[0.0, 14.60310799734933]",14.60310799734933,14.285714285714285,14.60310799734933,10.366666666666761,0,1,0,142.94553660194651,1.460310799734933e-05,622,1,0
225,21,19,0,0,1,11.631480625697545,"[0.0, 11.631480625697545]",11.631480625697545,11.428571428571429,11.631480625697545,8.366666666666662,0,1,0,111.25521847233176,1.1631480625697545e-05,502,1,0
225,22,10,0,0,1,11.574459075927734,"[0.0, 11.574459075927734]",11.574459075927734,11.428571428571429,11.574459075927734,7.499999999999979,0,1,0,108.3913186751306,1.1574459075927734e-05,450,1,0
225,23,17,0,0,1,11.551249367850168,"[0.0, 11.551249367850168]",11.551249367850168,11.428571428571429,11.551249367850168,8.199999999999987,0,1,0,106.92515875818208,1.155124936785017e-05,492,1,0
225,24,33,0,0,1,11.51052474975586,"[0.0, 11.51052474975586]",11.51052474975586,11.428571428571429,11.51052474975586,8.31666666666666,0,1,0,110.90043164044619,1.151052474975586e-05,499,1,0
225,25,35,0,0,1,11.297304970877512,"[0.0, 11.297304970877512]",11.297304970877512,8.571428571428571,11.297304970877512,5.799999999999985,0,1,0,104.26039497554302,1.1297304970877513e-05,348,1,0
225,26,45,0,0,1,11.27824238368443,"[0.0, 11.27824238368443]",11.27824238368443,8.571428571428571,11.27824238368443,10.100000000000081,0,1,0,110.75673166476918,1.127824238368443e-05,606,1,0
225,27,55,0,0,1,10.979134695870536,"[0.0, 10.979134695870536]",10.979134695870536,8.571428571428571,10.979134695870536,5.716666666666652,0,1,0,96.99376644194126,1.0979134695870537e-05,343,1,0
225,28,54,0,0,1,10.927772521972656,"[0.0, 10.927772521972656]",10.927772521972656,8.571428571428571,10.927772521972656,7.399999999999979,0,1,0,105.49852145463228,1.0927772521972657e-05,444,1,0
225,29,48,0,0,1,10.49656731741769,"[0.0, 10.49656731741769]",10.49656731741769,8.571428571428571,10.49656731741769,6.583333333333315,0,1,0,100.53873963654041,1.049656731741769e-05,395,1,0
225,30,31,0,0,1,10.429695674351283,"[0.0, 10.429695674351283]",10.429695674351283,8.571428571428571,10.429695674351283,5.566666666666652,0,1,0,95.07659670710564,1.0429695674351284e-05,334,1,0
225,31,15,0,0,1,10.404930114746094,"[0.0, 10.404930114746094]",10.404930114746094,8.571428571428571,10.404930114746094,6.399999999999983,0,1,0,95.30403372645378,1.0404930114746094e-05,384,1,0
225,32,42,0,0,1,10.346478053501675,"[0.0, 10.346478053501675]",10.346478053501675,8.571428571428571,10.346478053501675,5.549999999999986,0,1,0,95.29362192749977,1.0346478053501675e-05,333,1,0
225,33,11,0,0,0,10.18155779157366,"[0.0, 10.18155779157366]",10.18155779157366,8.571428571428571,10.18155779157366,5.499999999999986,0,1,0,94.75638222694397,1.018155779157366e-05,330,1,0
225,34,14,0,0,0,10.180658612932477,"[0.0, 10.180658612932477]",10.180658612932477,8.571428571428571,10.180658612932477,5.516666666666652,0,1,0,94.41367509961128,1.0180658612932477e-05,331,1,0
225,35,34,0,0,0,10.067190442766462,"[0.0, 10.067190442766462]",10.067190442766462,8.571428571428571,10.067190442766462,5.516666666666652,0,1,0,94.75703586637974,1.0067190442766461e-05,331,1,0
225,36,8,0,0,0,9.956490652901785,"[0.0, 9.956490652901785]",9.956490652901785,8.571428571428571,9.956490652901785,5.449999999999986,0,1,0,93.23527437448502,9.956490652901784e-06,327,1,0
225,37,37,0,0,0,9.918038504464285,"[0.0, 9.918038504464285]",9.918038504464285,8.571428571428571,9.918038504464285,5.466666666666653,0,1,0,92.94752302765846,9.918038504464285e-06,328,1,0
225,38,20,0,0,0,9.369585854666573,"[0.0, 9.369585854666573]",9.369585854666573,8.571428571428571,9.369585854666573,5.416666666666653,0,1,0,91.58129243552685,9.369585854666572e-06,325,1,0
225,39,25,0,0,0,9.13506099155971,"[0.0, 9.13506099155971]",9.13506099155971,8.571428571428571,9.13506099155971,6.016666666666651,0,1,0,89.33905305713415,9.13506099155971e-06,361,1,0
225,40,41,0,0,0,9.129159109933035,"[0.0, 9.129159109933035]",9.129159109933035,8.571428571428571,9.129159109933035,5.33333333333332,0,1,0,89.50668720901012,9.129159109933035e-06,320,1,0
225,41,16,0,0,0,9.069243839808873,"[0.0, 9.069243839808873]",9.069243839808873,8.571428571428571,9.069243839808873,5.416666666666653,0,1,0,89.47121082246304,9.069243839808873e-06,325,1,0
225,42,59,0,0,0,8.889072963169644,"[0.0, 8.889072963169644]",8.889072963169644,8.571428571428571,8.889072963169644,7.799999999999978,0,1,0,74.2076138966222,8.889072963169644e-06,468,1,0
225,43,52,0,0,0,8.866751534598215,"[0.0, 8.866751534598215]",8.866751534598215,8.571428571428571,8.866751534598215,5.249999999999987,0,1,0,86.50098611414433,8.866751534598215e-06,315,1,0
225,44,57,0,0,0,8.837484632219587,"[0.0, 8.837484632219587]",8.837484632219587,8.571428571428571,8.837484632219587,8.166666666666652,0,1,0,75.07680633775453,8.837484632219587e-06,490,1,0
225,45,23,0,0,0,8.712408883231026,"[0.0, 8.712408883231026]",8.712408883231026,8.571428571428571,8.712408883231026,8.333333333333327,0,1,0,76.65353076317842,8.712408883231026e-06,500,1,0
225,46,58,0,0,0,8.657973153250557,"[0.0, 8.657973153250557]",8.657973153250557,8.571428571428571,8.657973153250557,7.949999999999977,0,1,0,72.28453895240091,8.657973153250558e-06,477,1,0
225,47,30,0,0,0,8.611109597342354,"[0.0, 8.611109597342354]",8.611109597342354,8.571428571428571,8.611109597342354,5.2166666666666535,0,1,0,86.46701808273792,8.611109597342353e-06,313,1,0
225,48,38,0,0,0,8.520682198660715,"[0.0, 8.520682198660715]",8.520682198660715,5.714285714285714,8.520682198660715,8.016666666666644,0,1,0,66.05164512898773,8.520682198660716e-06,481,1,0
225,49,9,0,0,0,8.353971753801618,"[0.0, 8.353971753801618]",8.353971753801618,5.714285714285714,8.353971753801618,5.099999999999987,0,1,0,82.60680443048477,8.353971753801619e-06,306,1,0
225,50,56,0,0,0,8.314323425292969,"[0.0, 8.314323425292969]",8.314323425292969,5.714285714285714,8.314323425292969,6.033333333333317,0,1,0,57.82911008501833,8.314323425292968e-06,362,1,0
225,51,60,0,0,0,6.401361737932477,"[0.0, 6.401361737932477]",6.401361737932477,5.714285714285714,6.401361737932477,7.366666666666646,0,1,0,58.47897489097522,6.401361737932477e-06,442,1,0
225,52,12,0,0,0,6.349569048200335,"[0.0, 6.349569048200335]",6.349569048200335,5.714285714285714,6.349569048200335,7.366666666666646,0,1,0,58.83853507863387,6.349569048200335e-06,442,1,0
225,53,43,0,0,0,6.345939636230469,"[0.0, 6.345939636230469]",6.345939636230469,5.714285714285714,6.345939636230469,7.366666666666646,0,1,0,58.594142519192246,6.345939636230469e-06,442,1,0
225,54,53,0,0,0,6.327759878976004,"[0.0, 6.327759878976004]",6.327759878976004,5.714285714285714,6.327759878976004,7.366666666666646,0,1,0,58.58167917060928,6.327759878976004e-06,442,1,0
225,55,24,0,0,0,6.315373011997767,"[0.0, 6.315373011997767]",6.315373011997767,5.714285714285714,6.315373011997767,7.316666666666646,0,1,0,57.540808695499436,6.315373011997768e-06,439,1,0
225,56,18,0,0,0,6.295830862862724,"[0.0, 6.295830862862724]",6.295830862862724,5.714285714285714,6.295830862862724,7.366666666666646,0,1,0,58.581712538114516,6.295830862862724e-06,442,1,0
225,57,22,0,0,0,6.241978236607143,"[0.0, 6.241978236607143]",6.241978236607143,5.714285714285714,6.241978236607143,10.566666666666771,0,1,0,62.435446259754826,6.241978236607143e-06,634,1,0
225,58,32,0,0,0,6.143041338239398,"[0.0, 6.143041338239398]",6.143041338239398,5.714285714285714,6.143041338239398,7.316666666666646,0,1,0,57.54602293808421,6.143041338239398e-06,439,1,0
225,59,62,0,0,0,5.728476388113839,"[0.0, 5.728476388113839]",5.728476388113839,5.714285714285714,5.728476388113839,3.6166666666666587,0,1,0,51.806187123060226,5.728476388113839e-06,217,1,0
225,60,27,0,0,0,5.543185642787388,"[0.0, 5.543185642787388]",5.543185642787388,2.857142857142857,5.543185642787388,3.4999999999999925,0,1,0,49.51611103117466,5.543185642787388e-06,210,1,0
225,61,29,0,0,0,5.2379608154296875,"[0.0, 5.2379608154296875]",5.2379608154296875,2.857142857142857,5.2379608154296875,2.9999999999999942,0,1,0,45.58579830825329,5.2379608154296875e-06,180,1,0
225,62,47,0,0,0,2.827388218470982,"[0.0, 2.827388218470982]",2.827388218470982,0.0,2.827388218470982,5.23333333333332,0,1,0,40.81179797160439,2.827388218470982e-06,314,1,0
225,63,28,0,0,0,2.059762137276786,"[0.0, 2.059762137276786]",2.059762137276786,0.0,2.059762137276786,5.016666666666654,0,1,0,7.154236644833873,2.059762137276786e-06,301,1,0
225,64,51,0,0,0,0.9887804303850447,"[0.0, 0.9887804303850447]",0.9887804303850447,0.0,0.9887804303850447,5.016666666666654,0,1,0,16.828225146251498,9.887804303850448e-07,301,1,0
226,1,0,0,1,1,16.37524196079799,"[0.0, 16.37524196079799]",16.37524196079799,14.285714285714285,16.37524196079799,10.016666666666744,0,1,0,151.82105824040627,1.637524196079799e-05,601,1,0
226,2,31,0,1,1,16.134163992745535,"[0.0, 16.134163992745535]",16.134163992745535,14.285714285714285,16.134163992745535,9.833333333333401,0,1,0,150.7844099543654,1.6134163992745536e-05,590,1,0
226,3,1,0,1,1,16.11116681780134,"[0.0, 16.11116681780134]",16.11116681780134,14.285714285714285,16.11116681780134,9.466666666666717,0,1,0,149.59969844296575,1.611116681780134e-05,568,1,0
226,4,2,0,1,1,16.084627423967635,"[0.0, 16.084627423967635]",16.084627423967635,14.285714285714285,16.084627423967635,10.283333333333424,0,1,0,149.7584463838066,1.6084627423967636e-05,617,1,0
226,5,3,0,1,1,16.078981672014507,"[0.0, 16.078981672014507]",16.078981672014507,14.285714285714285,16.078981672014507,10.766666666666781,0,1,0,151.76539163760026,1.6078981672014508e-05,646,1,0
226,6,4,0,1,1,16.04658944266183,"[0.0, 16.04658944266183]",16.04658944266183,14.285714285714285,16.04658944266183,9.850000000000069,0,1,0,148.7615180331777,1.604658944266183e-05,591,1,0
226,7,5,0,1,1,16.046098981584823,"[0.0, 16.046098981584823]",16.046098981584823,14.285714285714285,16.046098981584823,10.533333333333436,0,1,0,150.81990255322307,1.6046098981584822e-05,632,1,0
226,8,30,0,1,1,16.04142325265067,"[0.0, 16.04142325265067]",16.04142325265067,14.285714285714285,16.04142325265067,11.233333333333471,0,1,0,151.76941724685457,1.604142325265067e-05,674,1,0
226,9,6,0,0,1,16.037445068359375,"[0.0, 16.037445068359375]",16.037445068359375,14.285714285714285,16.037445068359375,9.250000000000039,0,1,0,145.6890205182135,1.6037445068359374e-05,555,1,0
226,10,7,0,0,1,16.036883762904573,"[0.0, 16.036883762904573]",16.036883762904573,14.285714285714285,16.036883762904573,11.333333333333476,0,1,0,152.28813276629808,1.6036883762904573e-05,680,1,0
226,11,26,0,0,1,16.02491106305804,"[0.0, 16.02491106305804]",16.02491106305804,14.285714285714285,16.02491106305804,10.983333333333459,0,1,0,149.37877656364435,1.602491106305804e-05,659,1,0
226,12,36,0,0,1,15.985919407435825,"[0.0, 15.985919407435825]",15.985919407435825,14.285714285714285,15.985919407435825,9.383333333333379,0,1,0,145.2898843009025,1.5985919407435825e-05,563,1,0
226,13,21,0,0,1,15.980764116559708,"[0.0, 15.980764116559708]",15.980764116559708,14.285714285714285,15.980764116559708,10.200000000000086,0,1,0,148.99354697262606,1.598076411655971e-05,612,1,0
226,14,53,0,0,1,15.954192025320872,"[0.0, 15.954192025320872]",15.954192025320872,14.285714285714285,15.954192025320872,9.633333333333391,0,1,0,148.04033801681362,1.5954192025320873e-05,578,1,0
226,15,15,0,0,1,15.893598284040177,"[0.0, 15.893598284040177]",15.893598284040177,14.285714285714285,15.893598284040177,9.283333333333374,0,1,0,143.02061923779547,1.5893598284040177e-05,557,1,0
226,16,37,0,0,1,15.872503008161273,"[0.0, 15.872503008161273]",15.872503008161273,14.285714285714285,15.872503008161273,9.600000000000056,0,1,0,145.27226647961652,1.5872503008161273e-05,576,1,0
226,17,29,0,0,1,15.793217250279017,"[0.0, 15.793217250279017]",15.793217250279017,14.285714285714285,15.793217250279017,9.366666666666712,0,1,0,147.29792890138924,1.5793217250279018e-05,562,1,0
226,18,39,0,0,1,15.718160356794083,"[0.0, 15.718160356794083]",15.718160356794083,14.285714285714285,15.718160356794083,10.166666666666751,0,1,0,148.3641893323438,1.5718160356794084e-05,610,1,0
226,19,14,0,0,1,15.698062351771764,"[0.0, 15.698062351771764]",15.698062351771764,14.285714285714285,15.698062351771764,9.183333333333369,0,1,0,144.97713861614466,1.5698062351771764e-05,551,1,0
226,20,62,0,0,1,15.512253897530693,"[0.0, 15.512253897530693]",15.512253897530693,14.285714285714285,15.512253897530693,9.866666666666736,0,1,0,145.73956705311866,1.5512253897530692e-05,592,1,0
226,21,43,0,0,1,15.340172903878349,"[0.0, 15.340172903878349]",15.340172903878349,14.285714285714285,15.340172903878349,10.450000000000099,0,1,0,143.09977615519165,1.5340172903878348e-05,627,1,0
226,22,13,0,0,1,15.257971627371653,"[0.0, 15.257971627371653]",15.257971627371653,14.285714285714285,15.257971627371653,9.633333333333391,0,1,0,144.79976197132055,1.5257971627371653e-05,578,1,0
226,23,52,0,0,1,15.012059892926896,"[0.0, 15.012059892926896]",15.012059892926896,14.285714285714285,15.012059892926896,8.31666666666666,0,1,0,133.8515169210732,1.5012059892926896e-05,499,1,0
226,24,12,0,0,1,14.644666399274552,"[0.0, 14.644666399274552]",14.644666399274552,14.285714285714285,14.644666399274552,8.733333333333347,0,1,0,133.25856124423444,1.4644666399274553e-05,524,1,0
226,25,16,0,0,1,11.515225001743861,"[0.0, 11.515225001743861]",11.515225001743861,11.428571428571429,11.515225001743861,8.433333333333332,0,1,0,107.51586554793175,1.151522500174386e-05,506,1,0
226,26,23,0,0,1,11.397598811558314,"[0.0, 11.397598811558314]",11.397598811558314,8.571428571428571,11.397598811558314,6.733333333333315,0,1,0,102.29769743233919,1.1397598811558315e-05,404,1,0
226,27,44,0,0,1,11.329269409179688,"[0.0, 11.329269409179688]",11.329269409179688,8.571428571428571,11.329269409179688,9.600000000000056,0,1,0,110.19926529857912,1.1329269409179687e-05,576,1,0
226,28,22,0,0,1,11.092145102364677,"[0.0, 11.092145102364677]",11.092145102364677,8.571428571428571,11.092145102364677,6.733333333333315,0,1,0,101.66272756457329,1.1092145102364677e-05,404,1,0
226,29,60,0,0,1,10.611013684953964,"[0.0, 10.611013684953964]",10.611013684953964,8.571428571428571,10.611013684953964,6.449999999999982,0,1,0,93.78468582779169,1.0611013684953963e-05,387,1,0
226,30,46,0,0,1,10.604934692382812,"[0.0, 10.604934692382812]",10.604934692382812,8.571428571428571,10.604934692382812,5.883333333333318,0,1,0,94.58250325918198,1.0604934692382812e-05,353,1,0
226,31,42,0,0,1,10.582302638462611,"[0.0, 10.582302638462611]",10.582302638462611,8.571428571428571,10.582302638462611,5.983333333333317,0,1,0,95.2554068416357,1.0582302638462611e-05,359,1,0
226,32,47,0,0,1,10.177089146205358,"[0.0, 10.177089146205358]",10.177089146205358,8.571428571428571,10.177089146205358,6.399999999999983,0,1,0,96.2933709770441,1.0177089146205357e-05,384,1,0
226,33,34,0,0,0,10.131348201206752,"[0.0, 10.131348201206752]",10.131348201206752,8.571428571428571,10.131348201206752,5.566666666666652,0,1,0,95.56703962385654,1.0131348201206751e-05,334,1,0
226,34,55,0,0,0,10.095386505126953,"[0.0, 10.095386505126953]",10.095386505126953,8.571428571428571,10.095386505126953,5.499999999999986,0,1,0,94.53659614920616,1.0095386505126953e-05,330,1,0
226,35,54,0,0,0,10.055833544049944,"[0.0, 10.055833544049944]",10.055833544049944,8.571428571428571,10.055833544049944,5.7666666666666515,0,1,0,95.69049733877182,1.0055833544049945e-05,346,1,0
226,36,19,0,0,0,9.996370588030135,"[0.0, 9.996370588030135]",9.996370588030135,8.571428571428571,9.996370588030135,5.449999999999986,0,1,0,93.82910937070847,9.996370588030136e-06,327,1,0
226,37,59,0,0,0,9.947349003383092,"[0.0, 9.947349003383092]",9.947349003383092,8.571428571428571,9.947349003383092,5.549999999999986,0,1,0,93.62186519801617,9.947349003383091e-06,333,1,0
226,38,20,0,0,0,9.944891248430524,"[0.0, 9.944891248430524]",9.944891248430524,8.571428571428571,9.944891248430524,5.449999999999986,0,1,0,93.15333914756775,9.944891248430524e-06,327,1,0
226,39,45,0,0,0,9.905341012137276,"[0.0, 9.905341012137276]",9.905341012137276,8.571428571428571,9.905341012137276,5.566666666666652,0,1,0,95.83410322666168,9.905341012137276e-06,334,1,0
226,40,24,0,0,0,9.866913386753627,"[0.0, 9.866913386753627]",9.866913386753627,8.571428571428571,9.866913386753627,5.483333333333319,0,1,0,94.21927151083946,9.866913386753627e-06,329,1,0
226,41,56,0,0,0,9.809523991176059,"[0.0, 9.809523991176059]",9.809523991176059,8.571428571428571,9.809523991176059,5.499999999999986,0,1,0,93.53966055810452,9.809523991176058e-06,330,1,0
226,42,28,0,0,0,9.669791630336217,"[0.0, 9.669791630336217]",9.669791630336217,8.571428571428571,9.669791630336217,5.449999999999986,0,1,0,93.22829733788967,9.669791630336218e-06,327,1,0
226,43,35,0,0,0,9.649309430803571,"[0.0, 9.649309430803571]",9.649309430803571,8.571428571428571,9.649309430803571,5.466666666666653,0,1,0,93.15718622505665,9.649309430803571e-06,328,1,0
226,44,40,0,0,0,9.519762311662946,"[0.0, 9.519762311662946]",9.519762311662946,8.571428571428571,9.519762311662946,5.3833333333333195,0,1,0,91.56712417304516,9.519762311662947e-06,323,1,0
226,45,63,0,0,0,9.49812480381557,"[0.0, 9.49812480381557]",9.49812480381557,8.571428571428571,9.49812480381557,5.349999999999986,0,1,0,90.01988771557808,9.49812480381557e-06,321,1,0
226,46,51,0,0,0,9.376163482666016,"[0.0, 9.376163482666016]",9.376163482666016,8.571428571428571,9.376163482666016,3.683333333333325,0,1,0,85.59672465920448,9.376163482666015e-06,221,1,0
226,47,33,0,0,0,9.204368591308594,"[0.0, 9.204368591308594]",9.204368591308594,8.571428571428571,9.204368591308594,5.33333333333332,0,1,0,89.5065625756979,9.204368591308593e-06,320,1,0
226,48,17,0,0,0,9.126510620117188,"[0.0, 9.126510620117188]",9.126510620117188,8.571428571428571,9.126510620117188,5.2999999999999865,0,1,0,88.77676601707935,9.126510620117187e-06,318,1,0
226,49,48,0,0,0,8.558447701590403,"[0.0, 8.558447701590403]",8.558447701590403,5.714285714285714,8.558447701590403,7.599999999999978,0,1,0,67.44754316729086,8.558447701590403e-06,456,1,0
226,50,10,0,0,0,8.515232631138394,"[0.0, 8.515232631138394]",8.515232631138394,5.714285714285714,8.515232631138394,7.98333333333331,0,1,0,68.74186217719398,8.515232631138395e-06,479,1,0
226,51,32,0,0,0,8.500946589878627,"[0.0, 8.500946589878627]",8.500946589878627,5.714285714285714,8.500946589878627,8.11666666666665,0,1,0,67.9520114618499,8.500946589878626e-06,487,1,0
226,52,38,0,0,0,8.41905048915318,"[0.0, 8.41905048915318]",8.41905048915318,5.714285714285714,8.41905048915318,7.383333333333312,0,1,0,61.27013298259408,8.41905048915318e-06,443,1,0
226,53,41,0,0,0,7.728666578020368,"[0.0, 7.728666578020368]",7.728666578020368,5.714285714285714,7.728666578020368,4.766666666666655,0,1,0,77.34325306117535,7.728666578020368e-06,286,1,0
226,54,58,0,0,0,7.466019221714565,"[0.0, 7.466019221714565]",7.466019221714565,5.714285714285714,7.466019221714565,3.183333333333327,0,1,0,76.08776177465916,7.466019221714565e-06,191,1,0
226,55,61,0,0,0,7.228529793875558,"[0.0, 7.228529793875558]",7.228529793875558,5.714285714285714,7.228529793875558,4.549999999999989,0,1,0,73.9973810762167,7.228529793875558e-06,273,1,0
226,56,8,0,0,0,7.142857142857142,"[0.0, 7.142857142857142]",7.142857142857142,5.714285714285714,7.142857142857142,3.4499999999999926,0,1,0,70.7691908031702,7.142857142857143e-06,207,1,0
226,57,57,0,0,0,6.3154111589704245,"[0.0, 6.3154111589704245]",6.3154111589704245,5.714285714285714,6.3154111589704245,7.366666666666646,0,1,0,58.5821487571593,6.315411158970424e-06,442,1,0
226,58,11,0,0,0,6.308582850864955,"[0.0, 6.308582850864955]",6.308582850864955,5.714285714285714,6.308582850864955,7.366666666666646,0,1,0,58.58179155624384,6.308582850864955e-06,442,1,0
226,59,9,0,0,0,6.301492963518415,"[0.0, 6.301492963518415]",6.301492963518415,5.714285714285714,6.301492963518415,7.366666666666646,0,1,0,58.48905249531526,6.301492963518415e-06,442,1,0
226,60,49,0,0,0,6.217858450753348,"[0.0, 6.217858450753348]",6.217858450753348,5.714285714285714,6.217858450753348,7.316666666666646,0,1,0,57.485335353107075,6.217858450753348e-06,439,1,0
226,61,25,0,0,0,5.885282244001115,"[0.0, 5.885282244001115]",5.885282244001115,5.714285714285714,5.885282244001115,4.083333333333324,0,1,0,54.610553063452244,5.885282244001115e-06,245,1,0
226,62,18,0,0,0,4.685985020228794,"[0.0, 4.685985020228794]",4.685985020228794,2.857142857142857,4.685985020228794,2.366666666666663,0,1,0,38.40074488520622,4.685985020228795e-06,142,1,0
226,63,50,0,0,0,2.107527596609933,"[0.0, 2.107527596609933]",2.107527596609933,0.0,2.107527596609933,5.016666666666654,0,1,0,7.70581135682005,2.107527596609933e-06,301,1,0
226,64,27,0,0,0,2.0985194614955356,"[0.0, 2.0985194614955356]",2.0985194614955356,0.0,2.0985194614955356,5.016666666666654,0,1,0,7.705990454465791,2.0985194614955355e-06,301,1,0
227,1,0,0,1,1,16.37524196079799,"[0.0, 16.37524196079799]",16.37524196079799,14.285714285714285,16.37524196079799,10.016666666666744,0,1,0,151.82105824040627,1.637524196079799e-05,601,1,0
227,2,1,0,1,1,16.134163992745535,"[0.0, 16.134163992745535]",16.134163992745535,14.285714285714285,16.134163992745535,9.833333333333401,0,1,0,150.7844099543654,1.6134163992745536e-05,590,1,0
227,3,2,0,1,1,16.11116681780134,"[0.0, 16.11116681780134]",16.11116681780134,14.285714285714285,16.11116681780134,9.466666666666717,0,1,0,149.59969844296575,1.611116681780134e-05,568,1,0
227,4,36,0,1,1,16.09893798828125,"[0.0, 16.09893798828125]",16.09893798828125,14.285714285714285,16.09893798828125,10.883333333333454,0,1,0,148.61423048550932,1.609893798828125e-05,653,1,0
227,5,3,0,1,1,16.084627423967635,"[0.0, 16.084627423967635]",16.084627423967635,14.285714285714285,16.084627423967635,10.283333333333424,0,1,0,149.7584463838066,1.6084627423967636e-05,617,1,0
227,6,4,0,1,1,16.078981672014507,"[0.0, 16.078981672014507]",16.078981672014507,14.285714285714285,16.078981672014507,10.766666666666781,0,1,0,151.76539163760026,1.6078981672014508e-05,646,1,0
227,7,5,0,1,1,16.04658944266183,"[0.0, 16.04658944266183]",16.04658944266183,14.285714285714285,16.04658944266183,9.850000000000069,0,1,0,148.7615180331777,1.604658944266183e-05,591,1,0
227,8,6,0,1,1,16.046098981584823,"[0.0, 16.046098981584823]",16.046098981584823,14.285714285714285,16.046098981584823,10.533333333333436,0,1,0,150.81990255322307,1.6046098981584822e-05,632,1,0
227,9,7,0,0,1,16.04142325265067,"[0.0, 16.04142325265067]",16.04142325265067,14.285714285714285,16.04142325265067,11.233333333333471,0,1,0,151.76941724685457,1.604142325265067e-05,674,1,0
227,10,54,0,0,1,15.953232901436943,"[0.0, 15.953232901436943]",15.953232901436943,14.285714285714285,15.953232901436943,9.250000000000039,0,1,0,146.0775013184175,1.5953232901436944e-05,555,1,0
227,11,34,0,0,1,15.849718366350446,"[0.0, 15.849718366350446]",15.849718366350446,14.285714285714285,15.849718366350446,9.283333333333374,0,1,0,140.09352528466843,1.5849718366350445e-05,557,1,0
227,12,60,0,0,1,15.759795052664622,"[0.0, 15.759795052664622]",15.759795052664622,14.285714285714285,15.759795052664622,9.400000000000047,0,1,0,146.01866790745407,1.575979505266462e-05,564,1,0
227,13,57,0,0,1,15.671839032854354,"[0.0, 15.671839032854354]",15.671839032854354,14.285714285714285,15.671839032854354,9.900000000000071,0,1,0,144.68493931773992,1.5671839032854353e-05,594,1,0
227,14,25,0,0,1,15.638416835239955,"[0.0, 15.638416835239955]",15.638416835239955,14.285714285714285,15.638416835239955,10.250000000000089,0,1,0,148.78736156803643,1.5638416835239955e-05,615,1,0
227,15,49,0,0,1,15.472243172781807,"[0.0, 15.472243172781807]",15.472243172781807,14.285714285714285,15.472243172781807,8.033333333333312,0,1,0,134.9082295820117,1.5472243172781807e-05,482,1,0
227,16,38,0,0,1,15.42020525251116,"[0.0, 15.42020525251116]",15.42020525251116,14.285714285714285,15.42020525251116,10.350000000000094,0,1,0,142.86239683291205,1.542020525251116e-05,621,1,0
227,17,32,0,0,1,15.234778267996651,"[0.0, 15.234778267996651]",15.234778267996651,14.285714285714285,15.234778267996651,9.566666666666721,0,1,0,144.13458495261148,1.523477826799665e-05,574,1,0
227,18,50,0,0,1,14.997062683105469,"[0.0, 14.997062683105469]",14.997062683105469,14.285714285714285,14.997062683105469,9.516666666666719,0,1,0,138.43856573112134,1.4997062683105469e-05,571,1,0
227,19,28,0,0,1,14.940697806222097,"[0.0, 14.940697806222097]",14.940697806222097,14.285714285714285,14.940697806222097,10.716666666666779,0,1,0,143.72796184624167,1.4940697806222098e-05,643,1,0
227,20,19,0,0,1,14.918087550571988,"[0.0, 14.918087550571988]",14.918087550571988,14.285714285714285,14.918087550571988,10.300000000000091,0,1,0,143.73687590513873,1.4918087550571988e-05,618,1,0
227,21,10,0,0,1,11.6705322265625,"[0.0, 11.6705322265625]",11.6705322265625,11.428571428571429,11.6705322265625,7.949999999999977,0,1,0,108.26965069398284,1.16705322265625e-05,477,1,0
227,22,14,0,0,1,11.463347843715123,"[0.0, 11.463347843715123]",11.463347843715123,11.428571428571429,11.463347843715123,7.866666666666644,0,1,0,108.02701917476952,1.1463347843715124e-05,472,1,0
227,23,23,0,0,1,11.449767521449498,"[0.0, 11.449767521449498]",11.449767521449498,11.428571428571429,11.449767521449498,7.766666666666644,0,1,0,106.67871563322842,1.1449767521449498e-05,466,1,0
227,24,37,0,0,1,11.396680559430804,"[0.0, 11.396680559430804]",11.396680559430804,8.571428571428571,11.396680559430804,7.333333333333313,0,1,0,101.81689455360174,1.1396680559430803e-05,440,1,0
227,25,9,0,0,1,11.379547119140625,"[0.0, 11.379547119140625]",11.379547119140625,8.571428571428571,11.379547119140625,8.500000000000002,0,1,0,109.50794579235662,1.1379547119140626e-05,510,1,0
227,26,29,0,0,1,11.148452758789062,"[0.0, 11.148452758789062]",11.148452758789062,8.571428571428571,11.148452758789062,8.31666666666666,0,1,0,105.67634366580751,1.1148452758789062e-05,499,1,0
227,27,61,0,0,1,11.06626238141741,"[0.0, 11.06626238141741]",11.06626238141741,8.571428571428571,11.06626238141741,8.600000000000007,0,1,0,104.59413512502942,1.106626238141741e-05,516,1,0
227,28,35,0,0,1,10.832113538469587,"[0.0, 10.832113538469587]",10.832113538469587,8.571428571428571,10.832113538469587,5.633333333333319,0,1,0,99.14419427514076,1.0832113538469586e-05,338,1,0
227,29,40,0,0,1,10.622967311314174,"[0.0, 10.622967311314174]",10.622967311314174,8.571428571428571,10.622967311314174,6.6999999999999815,0,1,0,101.26598308235407,1.0622967311314174e-05,402,1,0
227,30,46,0,0,1,10.494545527866908,"[0.0, 10.494545527866908]",10.494545527866908,8.571428571428571,10.494545527866908,5.6833333333333185,0,1,0,95.02510483562946,1.0494545527866908e-05,341,1,0
227,31,53,0,0,1,10.461769104003906,"[0.0, 10.461769104003906]",10.461769104003906,8.571428571428571,10.461769104003906,5.633333333333319,0,1,0,94.84546057879925,1.0461769104003907e-05,338,1,0
227,32,8,0,0,1,10.389219011579241,"[0.0, 10.389219011579241]",10.389219011579241,8.571428571428571,10.389219011579241,5.566666666666652,0,1,0,92.26462441682816,1.0389219011579241e-05,334,1,0
227,33,17,0,0,0,10.284273965018135,"[0.0, 10.284273965018135]",10.284273965018135,8.571428571428571,10.284273965018135,6.06666666666665,0,1,0,97.1345417201519,1.0284273965018135e-05,364,1,0
227,34,45,0,0,0,10.092334747314453,"[0.0, 10.092334747314453]",10.092334747314453,8.571428571428571,10.092334747314453,6.21666666666665,0,1,0,96.25568086653948,1.0092334747314453e-05,373,1,0
227,35,62,0,0,0,9.959915706089564,"[0.0, 9.959915706089564]",9.959915706089564,8.571428571428571,9.959915706089564,5.516666666666652,0,1,0,94.75719460844994,9.959915706089564e-06,331,1,0
227,36,39,0,0,0,9.95420183454241,"[0.0, 9.95420183454241]",9.95420183454241,8.571428571428571,9.95420183454241,5.733333333333318,0,1,0,95.35491831600666,9.95420183454241e-06,344,1,0
227,37,16,0,0,0,9.9197142464774,"[0.0, 9.9197142464774]",9.9197142464774,8.571428571428571,9.9197142464774,5.399999999999986,0,1,0,92.0923507809639,9.9197142464774e-06,324,1,0
227,38,58,0,0,0,9.771363394601003,"[0.0, 9.771363394601003]",9.771363394601003,8.571428571428571,9.771363394601003,5.366666666666653,0,1,0,91.14661918580532,9.771363394601003e-06,322,1,0
227,39,41,0,0,0,9.540337153843472,"[0.0, 9.540337153843472]",9.540337153843472,8.571428571428571,9.540337153843472,5.516666666666652,0,1,0,90.32759034633636,9.540337153843472e-06,331,1,0
227,40,22,0,0,0,9.440699986049108,"[0.0, 9.440699986049108]",9.440699986049108,8.571428571428571,9.440699986049108,5.349999999999986,0,1,0,90.01915399730206,9.440699986049107e-06,321,1,0
227,41,47,0,0,0,9.260951450892858,"[0.0, 9.260951450892858]",9.260951450892858,8.571428571428571,9.260951450892858,8.65000000000001,0,1,0,80.04721195903403,9.260951450892857e-06,519,1,0
227,42,15,0,0,0,8.753855569022043,"[0.0, 8.753855569022043]",8.753855569022043,8.571428571428571,8.753855569022043,5.249999999999987,0,1,0,86.9815914183855,8.753855569022043e-06,315,1,0
227,43,18,0,0,0,8.49996566772461,"[0.0, 8.49996566772461]",8.49996566772461,5.714285714285714,8.49996566772461,3.183333333333327,0,1,0,82.0629178583622,8.49996566772461e-06,191,1,0
227,44,42,0,0,0,8.47996575491769,"[0.0, 8.47996575491769]",8.47996575491769,5.714285714285714,8.47996575491769,7.09999999999998,0,1,0,63.443306978806504,8.479965754917688e-06,426,1,0
227,45,33,0,0,0,8.083959306989396,"[0.0, 8.083959306989396]",8.083959306989396,5.714285714285714,8.083959306989396,5.083333333333321,0,1,0,81.13440917432308,8.083959306989396e-06,305,1,0
227,46,44,0,0,0,7.419665200369699,"[0.0, 7.419665200369699]",7.419665200369699,5.714285714285714,7.419665200369699,4.849999999999988,0,1,0,75.73423336446285,7.419665200369699e-06,291,1,0
227,47,63,0,0,0,7.1741213117327005,"[0.0, 7.1741213117327005]",7.1741213117327005,5.714285714285714,7.1741213117327005,4.7499999999999885,0,1,0,73.64655093848705,7.174121311732701e-06,285,1,0
227,48,51,0,0,0,6.411323547363282,"[0.0, 6.411323547363282]",6.411323547363282,5.714285714285714,6.411323547363282,7.366666666666646,0,1,0,58.58145443502872,6.411323547363282e-06,442,1,0
227,49,52,0,0,0,6.399721418108259,"[0.0, 6.399721418108259]",6.399721418108259,5.714285714285714,6.399721418108259,7.366666666666646,0,1,0,58.481789976554865,6.399721418108259e-06,442,1,0
227,50,31,0,0,0,6.388239179338728,"[0.0, 6.388239179338728]",6.388239179338728,5.714285714285714,6.388239179338728,7.366666666666646,0,1,0,58.58129003633803,6.3882391793387285e-06,442,1,0
227,51,43,0,0,0,6.364152090890067,"[0.0, 6.364152090890067]",6.364152090890067,5.714285714285714,6.364152090890067,7.366666666666646,0,1,0,58.582129044232715,6.364152090890067e-06,442,1,0
227,52,59,0,0,0,6.333787100655693,"[0.0, 6.333787100655693]",6.333787100655693,5.714285714285714,6.333787100655693,7.366666666666646,0,1,0,58.47853955606843,6.333787100655693e-06,442,1,0
227,53,26,0,0,0,6.297950744628906,"[0.0, 6.297950744628906]",6.297950744628906,5.714285714285714,6.297950744628906,7.366666666666646,0,1,0,58.58218510946608,6.2979507446289064e-06,442,1,0
227,54,13,0,0,0,6.239335196358817,"[0.0, 6.239335196358817]",6.239335196358817,5.714285714285714,6.239335196358817,7.366666666666646,0,1,0,57.11483401853911,6.239335196358817e-06,442,1,0
227,55,20,0,0,0,5.996513366699219,"[0.0, 5.996513366699219]",5.996513366699219,5.714285714285714,5.996513366699219,5.749999999999985,0,1,0,56.7391172353673,5.996513366699219e-06,345,1,0
227,56,24,0,0,0,5.968104771205357,"[0.0, 5.968104771205357]",5.968104771205357,5.714285714285714,5.968104771205357,4.549999999999989,0,1,0,55.9919425919652,5.9681047712053565e-06,273,1,0
227,57,21,0,0,0,5.186048235212053,"[0.0, 5.186048235212053]",5.186048235212053,2.857142857142857,5.186048235212053,6.633333333333315,0,1,0,43.74831599456229,5.186048235212053e-06,398,1,0
227,58,27,0,0,0,4.243338448660714,"[0.0, 4.243338448660714]",4.243338448660714,2.857142857142857,4.243338448660714,5.933333333333318,0,1,0,32.11542478171032,4.243338448660715e-06,356,1,0
227,59,48,0,0,0,3.9494160243443077,"[0.0, 3.9494160243443077]",3.9494160243443077,2.857142857142857,3.9494160243443077,2.466666666666663,0,1,0,30.75017911195755,3.949416024344307e-06,148,1,0
227,60,55,0,0,0,2.829982212611607,"[0.0, 2.829982212611607]",2.829982212611607,0.0,2.829982212611607,5.116666666666654,0,1,0,41.49871511981473,2.829982212611607e-06,307,1,0
227,61,11,0,0,0,2.659252711704799,"[0.0, 2.659252711704799]",2.659252711704799,0.0,2.659252711704799,3.599999999999992,0,1,0,19.076291339006275,2.659252711704799e-06,216,1,0
227,62,30,0,0,0,2.570397513253348,"[0.0, 2.570397513253348]",2.570397513253348,0.0,2.570397513253348,5.549999999999986,0,1,0,18.65826811332954,2.570397513253348e-06,333,1,0
227,63,56,0,0,0,2.132197788783482,"[0.0, 2.132197788783482]",2.132197788783482,0.0,2.132197788783482,5.199999999999987,0,1,0,10.680103297519963,2.1321977887834823e-06,312,1,0
227,64,12,0,0,0,2.094879150390625,"[0.0, 2.094879150390625]",2.094879150390625,0.0,2.094879150390625,5.016666666666654,0,1,0,7.705987268120225,2.094879150390625e-06,301,1,0
228,1,0,0,1,1,16.37524196079799,"[0.0, 16.37524196079799]",16.37524196079799,14.285714285714285,16.37524196079799,10.016666666666744,0,1,0,151.82105824040627,1.637524196079799e-05,601,1,0
228,2,1,0,1,1,16.134163992745535,"[0.0, 16.134163992745535]",16.134163992745535,14.285714285714285,16.134163992745535,9.833333333333401,0,1,0,150.7844099543654,1.6134163992745536e-05,590,1,0
228,3,2,0,1,1,16.11116681780134,"[0.0, 16.11116681780134]",16.11116681780134,14.285714285714285,16.11116681780134,9.466666666666717,0,1,0,149.59969844296575,1.611116681780134e-05,568,1,0
228,4,3,0,1,1,16.09893798828125,"[0.0, 16.09893798828125]",16.09893798828125,14.285714285714285,16.09893798828125,10.883333333333454,0,1,0,148.61423048550932,1.609893798828125e-05,653,1,0
228,5,4,0,1,1,16.084627423967635,"[0.0, 16.084627423967635]",16.084627423967635,14.285714285714285,16.084627423967635,10.283333333333424,0,1,0,149.7584463838066,1.6084627423967636e-05,617,1,0
228,6,5,0,1,1,16.078981672014507,"[0.0, 16.078981672014507]",16.078981672014507,14.285714285714285,16.078981672014507,10.766666666666781,0,1,0,151.76539163760026,1.6078981672014508e-05,646,1,0
228,7,6,0,1,1,16.04658944266183,"[0.0, 16.04658944266183]",16.04658944266183,14.285714285714285,16.04658944266183,9.850000000000069,0,1,0,148.7615180331777,1.604658944266183e-05,591,1,0
228,8,7,0,1,1,16.046098981584823,"[0.0, 16.046098981584823]",16.046098981584823,14.285714285714285,16.046098981584823,10.533333333333436,0,1,0,150.81990255322307,1.6046098981584822e-05,632,1,0
228,9,34,0,0,1,15.885674612862724,"[0.0, 15.885674612862724]",15.885674612862724,14.285714285714285,15.885674612862724,9.266666666666707,0,1,0,146.01149681396782,1.5885674612862725e-05,556,1,0
228,10,60,0,0,1,15.834786551339286,"[0.0, 15.834786551339286]",15.834786551339286,14.285714285714285,15.834786551339286,10.933333333333456,0,1,0,149.0218598036663,1.5834786551339286e-05,656,1,0
228,11,48,0,0,1,15.707043239048549,"[0.0, 15.707043239048549]",15.707043239048549,14.285714285714285,15.707043239048549,9.733333333333396,0,1,0,145.25338648321485,1.570704323904855e-05,584,1,0
228,12,8,0,0,1,15.694868905203682,"[0.0, 15.694868905203682]",15.694868905203682,14.285714285714285,15.694868905203682,8.366666666666662,0,1,0,138.63757691904902,1.5694868905203684e-05,502,1,0
228,13,19,0,0,1,15.690051487513951,"[0.0, 15.690051487513951]",15.690051487513951,14.285714285714285,15.690051487513951,9.166666666666702,0,1,0,145.85359171777964,1.569005148751395e-05,550,1,0
228,14,26,0,0,1,15.498956952776227,"[0.0, 15.498956952776227]",15.498956952776227,14.285714285714285,15.498956952776227,9.683333333333394,0,1,0,141.50276501262852,1.5498956952776227e-05,581,1,0
228,15,55,0,0,1,15.079122270856585,"[0.0, 15.079122270856585]",15.079122270856585,14.285714285714285,15.079122270856585,10.150000000000084,0,1,0,145.4414257170065,1.5079122270856586e-05,609,1,0
228,16,49,0,0,1,14.819526672363281,"[0.0, 14.819526672363281]",14.819526672363281,14.285714285714285,14.819526672363281,7.299999999999979,0,1,0,134.81584703922272,1.4819526672363282e-05,438,1,0
228,17,50,0,0,1,14.723625183105469,"[0.0, 14.723625183105469]",14.723625183105469,14.285714285714285,14.723625183105469,10.200000000000086,0,1,0,138.8875400210527,1.472362518310547e-05,612,1,0
228,18,56,0,0,1,14.648541041782925,"[0.0, 14.648541041782925]",14.648541041782925,14.285714285714285,14.648541041782925,10.766666666666781,0,1,0,140.30409801573114,1.4648541041782925e-05,646,1,0
228,19,40,0,0,1,11.455012730189733,"[0.0, 11.455012730189733]",11.455012730189733,11.428571428571429,11.455012730189733,7.566666666666645,0,1,0,107.4261025711894,1.1455012730189732e-05,454,1,0
228,20,38,0,0,1,11.40378407069615,"[0.0, 11.40378407069615]",11.40378407069615,8.571428571428571,11.40378407069615,8.349999999999994,0,1,0,109.11666724085808,1.140378407069615e-05,501,1,0
228,21,32,0,0,1,11.311890738351005,"[0.0, 11.311890738351005]",11.311890738351005,8.571428571428571,11.311890738351005,7.733333333333311,0,1,0,109.06887154653668,1.1311890738351006e-05,464,1,0
228,22,63,0,0,1,11.052897317068917,"[0.0, 11.052897317068917]",11.052897317068917,8.571428571428571,11.052897317068917,7.19999999999998,0,1,0,100.85872439295053,1.1052897317068917e-05,432,1,0
228,23,28,0,0,1,10.98034177507673,"[0.0, 10.98034177507673]",10.98034177507673,8.571428571428571,10.98034177507673,7.566666666666645,0,1,0,102.99619348347187,1.0980341775076729e-05,454,1,0
228,24,31,0,0,1,10.962908608572823,"[0.0, 10.962908608572823]",10.962908608572823,8.571428571428571,10.962908608572823,5.899999999999984,0,1,0,96.27916567027569,1.0962908608572823e-05,354,1,0
228,25,30,0,0,1,10.84587642124721,"[0.0, 10.84587642124721]",10.84587642124721,8.571428571428571,10.84587642124721,5.716666666666652,0,1,0,98.11749349534512,1.084587642124721e-05,343,1,0
228,26,11,0,0,1,10.782664162772042,"[0.0, 10.782664162772042]",10.782664162772042,8.571428571428571,10.782664162772042,6.6999999999999815,0,1,0,100.8839216157794,1.0782664162772042e-05,402,1,0
228,27,15,0,0,1,10.61453410557338,"[0.0, 10.61453410557338]",10.61453410557338,8.571428571428571,10.61453410557338,5.733333333333318,0,1,0,96.79969838261604,1.061453410557338e-05,344,1,0
228,28,9,0,0,1,10.507488250732422,"[0.0, 10.507488250732422]",10.507488250732422,8.571428571428571,10.507488250732422,6.416666666666649,0,1,0,100.24249881505966,1.0507488250732421e-05,385,1,0
228,29,61,0,0,1,10.404962812151227,"[0.0, 10.404962812151227]",10.404962812151227,8.571428571428571,10.404962812151227,7.349999999999979,0,1,0,100.72719547897577,1.0404962812151228e-05,441,1,0
228,30,45,0,0,1,10.182083674839564,"[0.0, 10.182083674839564]",10.182083674839564,8.571428571428571,10.182083674839564,5.549999999999986,0,1,0,96.38249896466732,1.0182083674839564e-05,333,1,0
228,31,57,0,0,1,9.895242963518415,"[0.0, 9.895242963518415]",9.895242963518415,8.571428571428571,9.895242963518415,5.399999999999986,0,1,0,92.09183935821056,9.895242963518415e-06,324,1,0
228,32,44,0,0,1,9.84435762677874,"[0.0, 9.84435762677874]",9.84435762677874,8.571428571428571,9.84435762677874,5.316666666666653,0,1,0,91.87547647953033,9.84435762677874e-06,319,1,0
228,33,58,0,0,0,9.763720376150948,"[0.0, 9.763720376150948]",9.763720376150948,8.571428571428571,9.763720376150948,5.483333333333319,0,1,0,93.58654497563839,9.763720376150948e-06,329,1,0
228,34,51,0,0,0,9.686363765171595,"[0.0, 9.686363765171595]",9.686363765171595,8.571428571428571,9.686363765171595,5.483333333333319,0,1,0,93.68763530254364,9.686363765171595e-06,329,1,0
228,35,13,0,0,0,9.665483747209821,"[0.0, 9.665483747209821]",9.665483747209821,8.571428571428571,9.665483747209821,5.483333333333319,0,1,0,93.10554486513138,9.66548374720982e-06,329,1,0
228,36,39,0,0,0,9.658783503941129,"[0.0, 9.658783503941129]",9.658783503941129,8.571428571428571,9.658783503941129,5.516666666666652,0,1,0,90.25616586208344,9.658783503941129e-06,331,1,0
228,37,54,0,0,0,9.603486742292132,"[0.0, 9.603486742292132]",9.603486742292132,8.571428571428571,9.603486742292132,5.483333333333319,0,1,0,90.52303871512413,9.603486742292132e-06,329,1,0
228,38,53,0,0,0,9.51338631766183,"[0.0, 9.51338631766183]",9.51338631766183,8.571428571428571,9.51338631766183,5.416666666666653,0,1,0,91.62577900290489,9.51338631766183e-06,325,1,0
228,39,16,0,0,0,9.487198420933314,"[0.0, 9.487198420933314]",9.487198420933314,8.571428571428571,9.487198420933314,5.966666666666651,0,1,0,91.87055949866772,9.487198420933314e-06,358,1,0
228,40,14,0,0,0,9.408215114048549,"[0.0, 9.408215114048549]",9.408215114048549,8.571428571428571,9.408215114048549,5.23333333333332,0,1,0,90.427385404706,9.408215114048548e-06,314,1,0
228,41,62,0,0,0,9.127066476004464,"[0.0, 9.127066476004464]",9.127066476004464,8.571428571428571,9.127066476004464,5.2999999999999865,0,1,0,86.49947227537632,9.127066476004464e-06,318,1,0
228,42,22,0,0,0,8.813040597098214,"[0.0, 8.813040597098214]",8.813040597098214,8.571428571428571,8.813040597098214,5.316666666666653,0,1,0,88.00559841096401,8.813040597098213e-06,319,1,0
228,43,27,0,0,0,8.59733854021345,"[0.0, 8.59733854021345]",8.59733854021345,8.571428571428571,8.59733854021345,7.5499999999999785,0,1,0,67.57118032165454,8.59733854021345e-06,453,1,0
228,44,17,0,0,0,8.55851309640067,"[0.0, 8.55851309640067]",8.55851309640067,5.714285714285714,8.55851309640067,7.866666666666644,0,1,0,65.52181113402185,8.55851309640067e-06,472,1,0
228,45,12,0,0,0,8.494338989257812,"[0.0, 8.494338989257812]",8.494338989257812,5.714285714285714,8.494338989257812,7.216666666666646,0,1,0,62.276305131133995,8.494338989257812e-06,433,1,0
228,46,23,0,0,0,8.456949506487167,"[0.0, 8.456949506487167]",8.456949506487167,5.714285714285714,8.456949506487167,5.28333333333332,0,1,0,59.544839318841696,8.456949506487167e-06,317,1,0
228,47,41,0,0,0,8.306734902518135,"[0.0, 8.306734902518135]",8.306734902518135,5.714285714285714,8.306734902518135,4.783333333333322,0,1,0,56.682349771261215,8.306734902518136e-06,287,1,0
228,48,37,0,0,0,6.377236502511161,"[0.0, 6.377236502511161]",6.377236502511161,5.714285714285714,6.377236502511161,7.366666666666646,0,1,0,58.581804066365294,6.377236502511161e-06,442,1,0
228,49,36,0,0,0,6.347846984863281,"[0.0, 6.347846984863281]",6.347846984863281,5.714285714285714,6.347846984863281,7.366666666666646,0,1,0,58.581988294747134,6.347846984863281e-06,442,1,0
228,50,43,0,0,0,6.335765293666294,"[0.0, 6.335765293666294]",6.335765293666294,5.714285714285714,6.335765293666294,7.366666666666646,0,1,0,58.581970965453365,6.3357652936662945e-06,442,1,0
228,51,20,0,0,0,6.334342956542968,"[0.0, 6.334342956542968]",6.334342956542968,5.714285714285714,6.334342956542968,7.366666666666646,0,1,0,58.06288245772157,6.334342956542968e-06,442,1,0
228,52,52,0,0,0,6.322768075125558,"[0.0, 6.322768075125558]",6.322768075125558,5.714285714285714,6.322768075125558,7.366666666666646,0,1,0,58.58203270010563,6.322768075125558e-06,442,1,0
228,53,47,0,0,0,6.283934456961496,"[0.0, 6.283934456961496]",6.283934456961496,5.714285714285714,6.283934456961496,7.366666666666646,0,1,0,58.581727406271966,6.283934456961496e-06,442,1,0
228,54,21,0,0,0,6.236272539411273,"[0.0, 6.236272539411273]",6.236272539411273,5.714285714285714,6.236272539411273,7.366666666666646,0,1,0,58.581740496796556,6.236272539411273e-06,442,1,0
228,55,24,0,0,0,5.846726553780692,"[0.0, 5.846726553780692]",5.846726553780692,5.714285714285714,5.846726553780692,4.133333333333324,0,1,0,53.46329011768103,5.846726553780692e-06,248,1,0
228,56,10,0,0,0,5.532330104282924,"[0.0, 5.532330104282924]",5.532330104282924,2.857142857142857,5.532330104282924,3.349999999999993,0,1,0,48.88244001567364,5.532330104282924e-06,201,1,0
228,57,42,0,0,0,5.279998779296875,"[0.0, 5.279998779296875]",5.279998779296875,2.857142857142857,5.279998779296875,7.883333333333311,0,1,0,56.237407493797946,5.279998779296875e-06,473,1,0
228,58,33,0,0,0,5.090593610491071,"[0.0, 5.090593610491071]",5.090593610491071,2.857142857142857,5.090593610491071,7.616666666666645,0,1,0,62.86523782535369,5.090593610491071e-06,457,1,0
228,59,35,0,0,0,5.03561292375837,"[0.0, 5.03561292375837]",5.03561292375837,2.857142857142857,5.03561292375837,6.516666666666649,0,1,0,41.936997681805224,5.03561292375837e-06,391,1,0
228,60,46,0,0,0,3.650872366768973,"[0.0, 3.650872366768973]",3.650872366768973,2.857142857142857,3.650872366768973,5.533333333333319,0,1,0,25.743305492418585,3.650872366768973e-06,332,1,0
228,61,59,0,0,0,3.048842293875558,"[0.0, 3.048842293875558]",3.048842293875558,2.857142857142857,3.048842293875558,6.849999999999981,0,1,0,38.085392984598,3.048842293875558e-06,411,1,0
228,62,25,0,0,0,1.9441005161830356,"[0.0, 1.9441005161830356]",1.9441005161830356,0.0,1.9441005161830356,5.016666666666654,0,1,0,6.527964325810899,1.9441005161830357e-06,301,1,0
228,63,29,0,0,0,1.8968527657645091,"[0.0, 1.8968527657645091]",1.8968527657645091,0.0,1.8968527657645091,5.016666666666654,0,1,0,5.5182519984664395,1.8968527657645091e-06,301,1,0
228,64,18,0,0,0,0.0,"[0.0, 0.0]",0.0,0.0,0.0,30.016666666666243,0,0,1,264.10470654896926,0.0,1801,0,1
229,1,0,0,1,1,16.37524196079799,"[0.0, 16.37524196079799]",16.37524196079799,14.285714285714285,16.37524196079799,10.016666666666744,0,1,0,151.82105824040627,1.637524196079799e-05,601,1,0
229,2,1,0,1,1,16.134163992745535,"[0.0, 16.134163992745535]",16.134163992745535,14.285714285714285,16.134163992745535,9.833333333333401,0,1,0,150.7844099543654,1.6134163992745536e-05,590,1,0
229,3,2,0,1,1,16.11116681780134,"[0.0, 16.11116681780134]",16.11116681780134,14.285714285714285,16.11116681780134,9.466666666666717,0,1,0,149.59969844296575,1.611116681780134e-05,568,1,0
229,4,3,0,1,1,16.09893798828125,"[0.0, 16.09893798828125]",16.09893798828125,14.285714285714285,16.09893798828125,10.883333333333454,0,1,0,148.61423048550932,1.609893798828125e-05,653,1,0
229,5,4,0,1,1,16.084627423967635,"[0.0, 16.084627423967635]",16.084627423967635,14.285714285714285,16.084627423967635,10.283333333333424,0,1,0,149.7584463838066,1.6084627423967636e-05,617,1,0
229,6,5,0,1,1,16.078981672014507,"[0.0, 16.078981672014507]",16.078981672014507,14.285714285714285,16.078981672014507,10.766666666666781,0,1,0,151.76539163760026,1.6078981672014508e-05,646,1,0
229,7,6,0,1,1,16.04658944266183,"[0.0, 16.04658944266183]",16.04658944266183,14.285714285714285,16.04658944266183,9.850000000000069,0,1,0,148.7615180331777,1.604658944266183e-05,591,1,0
229,8,7,0,1,1,16.046098981584823,"[0.0, 16.046098981584823]",16.046098981584823,14.285714285714285,16.046098981584823,10.533333333333436,0,1,0,150.81990255322307,1.6046098981584822e-05,632,1,0
229,9,54,0,0,1,15.847816467285156,"[0.0, 15.847816467285156]",15.847816467285156,14.285714285714285,15.847816467285156,11.016666666666794,0,1,0,150.5098280761158,1.5847816467285158e-05,661,1,0
229,10,33,0,0,1,15.697244916643417,"[0.0, 15.697244916643417]",15.697244916643417,14.285714285714285,15.697244916643417,10.483333333333434,0,1,0,148.75434007216973,1.5697244916643416e-05,629,1,0
229,11,22,0,0,1,15.630787440708705,"[0.0, 15.630787440708705]",15.630787440708705,14.285714285714285,15.630787440708705,9.666666666666726,0,1,0,147.14355857761257,1.5630787440708705e-05,580,1,0
229,12,47,0,0,1,15.61661856515067,"[0.0, 15.61661856515067]",15.61661856515067,14.285714285714285,15.61661856515067,10.983333333333459,0,1,0,148.02735097700497,1.561661856515067e-05,659,1,0
229,13,24,0,0,1,15.581103733607701,"[0.0, 15.581103733607701]",15.581103733607701,14.285714285714285,15.581103733607701,10.150000000000084,0,1,0,145.81286857573286,1.55811037336077e-05,609,1,0
229,14,35,0,0,1,15.480346679687502,"[0.0, 15.480346679687502]",15.480346679687502,14.285714285714285,15.480346679687502,11.016666666666794,0,1,0,151.37056301957637,1.54803466796875e-05,661,1,0
229,15,9,0,0,1,15.195247105189733,"[0.0, 15.195247105189733]",15.195247105189733,14.285714285714285,15.195247105189733,10.650000000000109,0,1,0,145.35574813791754,1.5195247105189732e-05,639,1,0
229,16,28,0,0,1,14.963629586356028,"[0.0, 14.963629586356028]",14.963629586356028,14.285714285714285,14.963629586356028,9.666666666666726,0,1,0,138.7797607855464,1.4963629586356028e-05,580,1,0
229,17,11,0,0,1,14.538759504045759,"[0.0, 14.538759504045759]",14.538759504045759,14.285714285714285,14.538759504045759,8.566666666666672,0,1,0,131.53324677422643,1.453875950404576e-05,514,1,0
229,18,27,0,0,1,11.615804944719589,"[0.0, 11.615804944719589]",11.615804944719589,11.428571428571429,11.615804944719589,8.45,0,1,0,107.89711141082807,1.161580494471959e-05,507,1,0
229,19,51,0,0,1,11.589696066720146,"[0.0, 11.589696066720146]",11.589696066720146,11.428571428571429,11.589696066720146,8.04999999999998,0,1,0,108.65645667351782,1.1589696066720146e-05,483,1,0
229,20,34,0,0,1,11.350904192243304,"[0.0, 11.350904192243304]",11.350904192243304,8.571428571428571,11.350904192243304,8.566666666666672,0,1,0,105.86944398240303,1.1350904192243303e-05,514,1,0
229,21,17,0,0,1,11.330204010009766,"[0.0, 11.330204010009766]",11.330204010009766,8.571428571428571,11.330204010009766,7.033333333333314,0,1,0,103.82898014783859,1.1330204010009766e-05,422,1,0
229,22,38,0,0,1,11.324710845947266,"[0.0, 11.324710845947266]",11.324710845947266,8.571428571428571,11.324710845947266,7.833333333333311,0,1,0,109.93612407520413,1.1324710845947265e-05,470,1,0
229,23,18,0,0,1,11.286108834402901,"[0.0, 11.286108834402901]",11.286108834402901,8.571428571428571,11.286108834402901,6.716666666666648,0,1,0,105.61258495599031,1.12861088344029e-05,403,1,0
229,24,53,0,0,1,11.179537091936384,"[0.0, 11.179537091936384]",11.179537091936384,8.571428571428571,11.179537091936384,9.316666666666709,0,1,0,108.95967939488037,1.1179537091936383e-05,559,1,0
229,25,55,0,0,1,11.174577985491071,"[0.0, 11.174577985491071]",11.174577985491071,8.571428571428571,11.174577985491071,9.183333333333369,0,1,0,107.35705158807832,1.117457798549107e-05,551,1,0
229,26,49,0,0,1,11.164515359061104,"[0.0, 11.164515359061104]",11.164515359061104,8.571428571428571,11.164515359061104,5.833333333333318,0,1,0,102.30804981291294,1.1164515359061104e-05,350,1,0
229,27,32,0,0,1,10.905061449323382,"[0.0, 10.905061449323382]",10.905061449323382,8.571428571428571,10.905061449323382,7.649999999999978,0,1,0,105.61004327237606,1.0905061449323382e-05,459,1,0
229,28,10,0,0,1,10.79538072858538,"[0.0, 10.79538072858538]",10.79538072858538,8.571428571428571,10.79538072858538,8.04999999999998,0,1,0,106.95052485540509,1.079538072858538e-05,483,1,0
229,29,61,0,0,1,10.478954315185547,"[0.0, 10.478954315185547]",10.478954315185547,8.571428571428571,10.478954315185547,5.633333333333319,0,1,0,95.39198441803455,1.0478954315185547e-05,338,1,0
229,30,30,0,0,1,10.441028050013951,"[0.0, 10.441028050013951]",10.441028050013951,8.571428571428571,10.441028050013951,5.666666666666652,0,1,0,95.43324175477028,1.0441028050013952e-05,340,1,0
229,31,45,0,0,1,10.39970670427595,"[0.0, 10.39970670427595]",10.39970670427595,8.571428571428571,10.39970670427595,5.616666666666652,0,1,0,91.78952842950821,1.039970670427595e-05,337,1,0
229,32,23,0,0,1,10.365943908691406,"[0.0, 10.365943908691406]",10.365943908691406,8.571428571428571,10.365943908691406,5.666666666666652,0,1,0,96.38494400680065,1.0365943908691406e-05,340,1,0
229,33,14,0,0,0,10.220448630196707,"[0.0, 10.220448630196707]",10.220448630196707,8.571428571428571,10.220448630196707,5.516666666666652,0,1,0,95.04101561009884,1.0220448630196706e-05,331,1,0
229,34,48,0,0,0,10.095015934535436,"[0.0, 10.095015934535436]",10.095015934535436,8.571428571428571,10.095015934535436,5.549999999999986,0,1,0,95.64810559153557,1.0095015934535435e-05,333,1,0
229,35,37,0,0,0,9.937052045549667,"[0.0, 9.937052045549667]",9.937052045549667,8.571428571428571,9.937052045549667,5.549999999999986,0,1,0,95.13370130956173,9.937052045549666e-06,333,1,0
229,36,8,0,0,0,9.880243028913226,"[0.0, 9.880243028913226]",9.880243028913226,8.571428571428571,9.880243028913226,5.666666666666652,0,1,0,93.57167564332485,9.880243028913226e-06,340,1,0
229,37,50,0,0,0,9.81598172869001,"[0.0, 9.81598172869001]",9.81598172869001,8.571428571428571,9.81598172869001,5.516666666666652,0,1,0,94.09037899971008,9.81598172869001e-06,331,1,0
229,38,58,0,0,0,9.802935464041573,"[0.0, 9.802935464041573]",9.802935464041573,8.571428571428571,9.802935464041573,5.499999999999986,0,1,0,93.58853758871555,9.802935464041574e-06,330,1,0
229,39,20,0,0,0,9.38429696219308,"[0.0, 9.38429696219308]",9.38429696219308,8.571428571428571,9.38429696219308,5.316666666666653,0,1,0,88.99629552662373,9.38429696219308e-06,319,1,0
229,40,46,0,0,0,9.271886008126396,"[0.0, 9.271886008126396]",9.271886008126396,8.571428571428571,9.271886008126396,5.266666666666653,0,1,0,88.46101874113083,9.271886008126395e-06,316,1,0
229,41,12,0,0,0,9.125009264264788,"[0.0, 9.125009264264788]",9.125009264264788,8.571428571428571,9.125009264264788,5.266666666666653,0,1,0,87.96953862905502,9.125009264264789e-06,316,1,0
229,42,25,0,0,0,8.912151881626675,"[0.0, 8.912151881626675]",8.912151881626675,8.571428571428571,8.912151881626675,5.199999999999987,0,1,0,87.14047934114933,8.912151881626676e-06,312,1,0
229,43,59,0,0,0,8.84378433227539,"[0.0, 8.84378433227539]",8.84378433227539,8.571428571428571,8.84378433227539,5.083333333333321,0,1,0,85.12697859108448,8.84378433227539e-06,305,1,0
229,44,21,0,0,0,8.822517395019531,"[0.0, 8.822517395019531]",8.822517395019531,8.571428571428571,8.822517395019531,5.166666666666654,0,1,0,84.52379535138607,8.822517395019531e-06,310,1,0
229,45,39,0,0,0,8.436990465436663,"[0.0, 8.436990465436663]",8.436990465436663,5.714285714285714,8.436990465436663,5.099999999999987,0,1,0,84.85360807180405,8.436990465436663e-06,306,1,0
229,46,63,0,0,0,8.185266767229352,"[0.0, 8.185266767229352]",8.185266767229352,5.714285714285714,8.185266767229352,5.016666666666654,0,1,0,80.70372296869755,8.185266767229352e-06,301,1,0
229,47,29,0,0,0,7.142857142857142,"[0.0, 7.142857142857142]",7.142857142857142,5.714285714285714,7.142857142857142,4.466666666666656,0,1,0,67.26462878286839,7.142857142857143e-06,268,1,0
229,48,40,0,0,0,6.451999119349888,"[0.0, 6.451999119349888]",6.451999119349888,5.714285714285714,6.451999119349888,7.433333333333312,0,1,0,59.267816485524236,6.451999119349888e-06,446,1,0
229,49,36,0,0,0,6.396315438406807,"[0.0, 6.396315438406807]",6.396315438406807,5.714285714285714,6.396315438406807,7.433333333333312,0,1,0,58.83711618222151,6.3963154384068074e-06,446,1,0
229,50,13,0,0,0,6.396086556570871,"[0.0, 6.396086556570871]",6.396086556570871,5.714285714285714,6.396086556570871,7.416666666666646,0,1,0,59.654845877113985,6.396086556570871e-06,445,1,0
229,51,19,0,0,0,6.353917803083148,"[0.0, 6.353917803083148]",6.353917803083148,5.714285714285714,6.353917803083148,7.366666666666646,0,1,0,58.58179358034249,6.353917803083148e-06,442,1,0
229,52,43,0,0,0,6.348326546805246,"[0.0, 6.348326546805246]",6.348326546805246,5.714285714285714,6.348326546805246,7.366666666666646,0,1,0,58.5813739517107,6.348326546805246e-06,442,1,0
229,53,42,0,0,0,6.3310732160295755,"[0.0, 6.3310732160295755]",6.3310732160295755,5.714285714285714,6.3310732160295755,7.366666666666646,0,1,0,58.59320832652884,6.3310732160295755e-06,442,1,0
229,54,56,0,0,0,6.31371089390346,"[0.0, 6.31371089390346]",6.31371089390346,5.714285714285714,6.31371089390346,7.366666666666646,0,1,0,58.58193303755979,6.31371089390346e-06,442,1,0
229,55,60,0,0,0,6.309089660644532,"[0.0, 6.309089660644532]",6.309089660644532,5.714285714285714,6.309089660644532,7.366666666666646,0,1,0,58.48470378571801,6.309089660644532e-06,442,1,0
229,56,16,0,0,0,6.3037327357700885,"[0.0, 6.3037327357700885]",6.3037327357700885,5.714285714285714,6.3037327357700885,7.366666666666646,0,1,0,58.58137706871639,6.303732735770089e-06,442,1,0
229,57,44,0,0,0,6.297405787876674,"[0.0, 6.297405787876674]",6.297405787876674,5.714285714285714,6.297405787876674,7.366666666666646,0,1,0,58.77426722578821,6.297405787876674e-06,442,1,0
229,58,62,0,0,0,6.293438502720424,"[0.0, 6.293438502720424]",6.293438502720424,5.714285714285714,6.293438502720424,7.366666666666646,0,1,0,58.58207539036084,6.293438502720423e-06,442,1,0
229,59,41,0,0,0,6.18377685546875,"[0.0, 6.18377685546875]",6.18377685546875,5.714285714285714,6.18377685546875,7.316666666666646,0,1,0,57.63310253384407,6.18377685546875e-06,439,1,0
229,60,15,0,0,0,5.930633544921875,"[0.0, 5.930633544921875]",5.930633544921875,5.714285714285714,5.930633544921875,4.033333333333324,0,1,0,55.06325437873602,5.930633544921875e-06,242,1,0
229,61,26,0,0,0,5.904840741838727,"[0.0, 5.904840741838727]",5.904840741838727,5.714285714285714,5.904840741838727,7.14999999999998,0,1,0,53.626897101916256,5.904840741838727e-06,429,1,0
229,62,31,0,0,0,2.8160858154296875,"[0.0, 2.8160858154296875]",2.8160858154296875,0.0,2.8160858154296875,5.016666666666654,0,1,0,40.502975129988045,2.8160858154296875e-06,301,1,0
229,63,57,0,0,0,2.685786655970982,"[0.0, 2.685786655970982]",2.685786655970982,0.0,2.685786655970982,3.5333333333333257,0,1,0,19.29424845892936,2.6857866559709824e-06,212,1,0
229,64,52,0,0,0,2.1025521414620534,"[0.0, 2.1025521414620534]",2.1025521414620534,0.0,2.1025521414620534,5.016666666666654,0,1,0,7.705793847730092,2.1025521414620534e-06,301,1,0
230,1,0,0,1,1,16.37524196079799,"[0.0, 16.37524196079799]",16.37524196079799,14.285714285714285,16.37524196079799,10.016666666666744,0,1,0,151.82105824040627,1.637524196079799e-05,601,1,0
230,2,1,0,1,1,16.134163992745535,"[0.0, 16.134163992745535]",16.134163992745535,14.285714285714285,16.134163992745535,9.833333333333401,0,1,0,150.7844099543654,1.6134163992745536e-05,590,1,0
230,3,2,0,1,1,16.11116681780134,"[0.0, 16.11116681780134]",16.11116681780134,14.285714285714285,16.11116681780134,9.466666666666717,0,1,0,149.59969844296575,1.611116681780134e-05,568,1,0
230,4,3,0,1,1,16.09893798828125,"[0.0, 16.09893798828125]",16.09893798828125,14.285714285714285,16.09893798828125,10.883333333333454,0,1,0,148.61423048550932,1.609893798828125e-05,653,1,0
230,5,4,0,1,1,16.084627423967635,"[0.0, 16.084627423967635]",16.084627423967635,14.285714285714285,16.084627423967635,10.283333333333424,0,1,0,149.7584463838066,1.6084627423967636e-05,617,1,0
230,6,5,0,1,1,16.078981672014507,"[0.0, 16.078981672014507]",16.078981672014507,14.285714285714285,16.078981672014507,10.766666666666781,0,1,0,151.76539163760026,1.6078981672014508e-05,646,1,0
230,7,6,0,1,1,16.04658944266183,"[0.0, 16.04658944266183]",16.04658944266183,14.285714285714285,16.04658944266183,9.850000000000069,0,1,0,148.7615180331777,1.604658944266183e-05,591,1,0
230,8,7,0,1,1,16.046098981584823,"[0.0, 16.046098981584823]",16.046098981584823,14.285714285714285,16.046098981584823,10.533333333333436,0,1,0,150.81990255322307,1.6046098981584822e-05,632,1,0
230,9,15,0,0,1,15.984998430524552,"[0.0, 15.984998430524552]",15.984998430524552,14.285714285714285,15.984998430524552,10.116666666666749,0,1,0,145.84981491167855,1.598499843052455e-05,607,1,0
230,10,52,0,0,1,15.952322823660714,"[0.0, 15.952322823660714]",15.952322823660714,14.285714285714285,15.952322823660714,9.700000000000061,0,1,0,147.3788938705693,1.5952322823660713e-05,582,1,0
230,11,62,0,0,1,15.902933393205915,"[0.0, 15.902933393205915]",15.902933393205915,14.285714285714285,15.902933393205915,9.933333333333406,0,1,0,149.14070585781155,1.5902933393205915e-05,596,1,0
230,12,37,0,0,1,15.856492178780693,"[0.0, 15.856492178780693]",15.856492178780693,14.285714285714285,15.856492178780693,9.266666666666707,0,1,0,146.9792953301221,1.5856492178780694e-05,556,1,0
230,13,11,0,0,1,15.851026262555804,"[0.0, 15.851026262555804]",15.851026262555804,14.285714285714285,15.851026262555804,10.816666666666784,0,1,0,147.8545962610151,1.5851026262555805e-05,649,1,0
230,14,19,0,0,1,15.82117898123605,"[0.0, 15.82117898123605]",15.82117898123605,14.285714285714285,15.82117898123605,9.566666666666721,0,1,0,147.84362665610388,1.582117898123605e-05,574,1,0
230,15,20,0,0,1,15.596542358398438,"[0.0, 15.596542358398438]",15.596542358398438,14.285714285714285,15.596542358398438,8.18333333333332,0,1,0,138.25317910313606,1.5596542358398438e-05,491,1,0
230,16,61,0,0,1,15.59018816266741,"[0.0, 15.59018816266741]",15.59018816266741,14.285714285714285,15.59018816266741,10.450000000000099,0,1,0,149.09273038148967,1.5590188162667408e-05,627,1,0
230,17,60,0,0,1,15.585904802594866,"[0.0, 15.585904802594866]",15.585904802594866,14.285714285714285,15.585904802594866,9.850000000000069,0,1,0,144.73578601754707,1.5585904802594865e-05,591,1,0
230,18,63,0,0,1,15.562607901436943,"[0.0, 15.562607901436943]",15.562607901436943,14.285714285714285,15.562607901436943,9.616666666666724,0,1,0,147.1879814165586,1.5562607901436943e-05,577,1,0
230,19,39,0,0,1,15.50978524344308,"[0.0, 15.50978524344308]",15.50978524344308,14.285714285714285,15.50978524344308,8.666666666666677,0,1,0,140.88212805613875,1.550978524344308e-05,520,1,0
230,20,32,0,0,1,15.490504673549108,"[0.0, 15.490504673549108]",15.490504673549108,14.285714285714285,15.490504673549108,9.766666666666731,0,1,0,144.4689641892619,1.5490504673549108e-05,586,1,0
230,21,56,0,0,1,15.449485778808594,"[0.0, 15.449485778808594]",15.449485778808594,14.285714285714285,15.449485778808594,7.416666666666646,0,1,0,135.2925179898739,1.5449485778808595e-05,445,1,0
230,22,45,0,0,1,14.632110595703123,"[0.0, 14.632110595703123]",14.632110595703123,14.285714285714285,14.632110595703123,6.799999999999981,0,1,0,135.96337930858135,1.4632110595703123e-05,408,1,0
230,23,38,0,0,1,14.61906978062221,"[0.0, 14.61906978062221]",14.61906978062221,14.285714285714285,14.61906978062221,7.333333333333313,0,1,0,128.94892067462206,1.461906978062221e-05,440,1,0
230,24,58,0,0,1,14.528078351702009,"[0.0, 14.528078351702009]",14.528078351702009,14.285714285714285,14.528078351702009,9.750000000000064,0,1,0,139.24258215515874,1.4528078351702009e-05,585,1,0
230,25,14,0,0,1,14.369697570800783,"[0.0, 14.369697570800783]",14.369697570800783,14.285714285714285,14.369697570800783,10.433333333333431,0,1,0,136.82072210440674,1.4369697570800783e-05,626,1,0
230,26,24,0,0,1,11.513922555106026,"[0.0, 11.513922555106026]",11.513922555106026,11.428571428571429,11.513922555106026,7.883333333333311,0,1,0,109.2799217235297,1.1513922555106025e-05,473,1,0
230,27,36,0,0,1,11.415865761893135,"[0.0, 11.415865761893135]",11.415865761893135,8.571428571428571,11.415865761893135,10.066666666666746,0,1,0,112.80062804202316,1.1415865761893135e-05,604,1,0
230,28,28,0,0,1,11.40535627092634,"[0.0, 11.40535627092634]",11.40535627092634,8.571428571428571,11.40535627092634,7.599999999999978,0,1,0,106.29578267410398,1.140535627092634e-05,456,1,0
230,29,41,0,0,1,11.116251264299665,"[0.0, 11.116251264299665]",11.116251264299665,8.571428571428571,11.116251264299665,8.866666666666687,0,1,0,109.55518967533135,1.1116251264299665e-05,532,1,0
230,30,44,0,0,1,11.104774475097656,"[0.0, 11.104774475097656]",11.104774475097656,8.571428571428571,11.104774475097656,9.466666666666717,0,1,0,107.46144527896104,1.1104774475097656e-05,568,1,0
230,31,54,0,0,1,11.023902893066406,"[0.0, 11.023902893066406]",11.023902893066406,8.571428571428571,11.023902893066406,7.066666666666647,0,1,0,106.40073189884424,1.1023902893066406e-05,424,1,0
230,32,50,0,0,1,10.829890114920481,"[0.0, 10.829890114920481]",10.829890114920481,8.571428571428571,10.829890114920481,8.800000000000017,0,1,0,106.1701231598854,1.082989011492048e-05,528,1,0
230,33,33,0,0,0,10.758141108921595,"[0.0, 10.758141108921595]",10.758141108921595,8.571428571428571,10.758141108921595,5.633333333333319,0,1,0,99.48409132659435,1.0758141108921595e-05,338,1,0
230,34,23,0,0,0,10.691789899553573,"[0.0, 10.691789899553573]",10.691789899553573,8.571428571428571,10.691789899553573,5.716666666666652,0,1,0,96.74247811734676,1.0691789899553572e-05,343,1,0
230,35,8,0,0,0,10.691329411097936,"[0.0, 10.691329411097936]",10.691329411097936,8.571428571428571,10.691329411097936,5.6833333333333185,0,1,0,97.57930953800678,1.0691329411097935e-05,341,1,0
230,36,10,0,0,0,10.5642454964774,"[0.0, 10.5642454964774]",10.5642454964774,8.571428571428571,10.5642454964774,8.700000000000012,0,1,0,103.45410592132248,1.0564245496477399e-05,522,1,0
230,37,30,0,0,0,10.51950454711914,"[0.0, 10.51950454711914]",10.51950454711914,8.571428571428571,10.51950454711914,7.4666666666666455,0,1,0,101.06003741919994,1.051950454711914e-05,448,1,0
230,38,51,0,0,0,10.253778185163226,"[0.0, 10.253778185163226]",10.253778185163226,8.571428571428571,10.253778185163226,5.483333333333319,0,1,0,94.21945136785507,1.0253778185163225e-05,329,1,0
230,39,18,0,0,0,9.957362583705358,"[0.0, 9.957362583705358]",9.957362583705358,8.571428571428571,9.957362583705358,5.449999999999986,0,1,0,93.15422655642033,9.957362583705357e-06,327,1,0
230,40,17,0,0,0,9.848643711635045,"[0.0, 9.848643711635045]",9.848643711635045,8.571428571428571,9.848643711635045,5.533333333333319,0,1,0,94.87494920194149,9.848643711635046e-06,332,1,0
230,41,57,0,0,0,9.592375074114118,"[0.0, 9.592375074114118]",9.592375074114118,8.571428571428571,9.592375074114118,5.416666666666653,0,1,0,88.52194613218307,9.592375074114117e-06,325,1,0
230,42,34,0,0,0,9.539410727364677,"[0.0, 9.539410727364677]",9.539410727364677,8.571428571428571,9.539410727364677,5.616666666666652,0,1,0,92.7490346878767,9.539410727364677e-06,337,1,0
230,43,43,0,0,0,9.28952625819615,"[0.0, 9.28952625819615]",9.28952625819615,8.571428571428571,9.28952625819615,5.33333333333332,0,1,0,90.72235986590385,9.28952625819615e-06,320,1,0
230,44,42,0,0,0,8.465753282819476,"[0.0, 8.465753282819476]",8.465753282819476,5.714285714285714,8.465753282819476,7.449999999999979,0,1,0,64.51884915826668,8.465753282819476e-06,447,1,0
230,45,9,0,0,0,7.959621974400112,"[0.0, 7.959621974400112]",7.959621974400112,5.714285714285714,7.959621974400112,5.049999999999987,0,1,0,81.19863843917847,7.959621974400112e-06,303,1,0
230,46,25,0,0,0,7.63005120413644,"[0.0, 7.63005120413644]",7.63005120413644,5.714285714285714,7.63005120413644,4.933333333333321,0,1,0,77.9940931648016,7.63005120413644e-06,296,1,0
230,47,53,0,0,0,6.628390720912389,"[0.0, 6.628390720912389]",6.628390720912389,5.714285714285714,6.628390720912389,4.149999999999991,0,1,0,60.08333770930767,6.628390720912389e-06,249,1,0
230,48,40,0,0,0,6.511655535016741,"[0.0, 6.511655535016741]",6.511655535016741,5.714285714285714,6.511655535016741,7.483333333333312,0,1,0,59.57751459807332,6.511655535016742e-06,449,1,0
230,49,13,0,0,0,6.4971705845424115,"[0.0, 6.4971705845424115]",6.4971705845424115,5.714285714285714,6.4971705845424115,7.366666666666646,0,1,0,58.582427206893044,6.497170584542411e-06,442,1,0
230,50,49,0,0,0,6.452091761997767,"[0.0, 6.452091761997767]",6.452091761997767,5.714285714285714,6.452091761997767,7.366666666666646,0,1,0,58.420630785651156,6.452091761997767e-06,442,1,0
230,51,59,0,0,0,6.382048470633371,"[0.0, 6.382048470633371]",6.382048470633371,5.714285714285714,6.382048470633371,7.366666666666646,0,1,0,58.4829526562462,6.3820484706333705e-06,442,1,0
230,52,12,0,0,0,6.329362051827567,"[0.0, 6.329362051827567]",6.329362051827567,5.714285714285714,6.329362051827567,7.366666666666646,0,1,0,58.58173452028859,6.329362051827567e-06,442,1,0
230,53,29,0,0,0,6.325045994349889,"[0.0, 6.325045994349889]",6.325045994349889,5.714285714285714,6.325045994349889,7.366666666666646,0,1,0,58.478592664054304,6.325045994349889e-06,442,1,0
230,54,21,0,0,0,6.293373107910156,"[0.0, 6.293373107910156]",6.293373107910156,5.714285714285714,6.293373107910156,7.366666666666646,0,1,0,58.58174119357136,6.293373107910156e-06,442,1,0
230,55,26,0,0,0,6.2823704310825885,"[0.0, 6.2823704310825885]",6.2823704310825885,5.714285714285714,6.2823704310825885,7.316666666666646,0,1,0,57.540586128765426,6.2823704310825884e-06,439,1,0
230,56,55,0,0,0,6.222670418875558,"[0.0, 6.222670418875558]",6.222670418875558,5.714285714285714,6.222670418875558,7.316666666666646,0,1,0,57.55715677209082,6.222670418875558e-06,439,1,0
230,57,27,0,0,0,5.951347351074219,"[0.0, 5.951347351074219]",5.951347351074219,5.714285714285714,5.951347351074219,7.133333333333313,0,1,0,55.16447007036186,5.951347351074219e-06,428,1,0
230,58,22,0,0,0,5.914121355329241,"[0.0, 5.914121355329241]",5.914121355329241,5.714285714285714,5.914121355329241,4.2833333333333234,0,1,0,54.93918285518885,5.914121355329241e-06,257,1,0
230,59,31,0,0,0,5.787228175571987,"[0.0, 5.787228175571987]",5.787228175571987,5.714285714285714,5.787228175571987,4.033333333333324,0,1,0,52.9405353218317,5.787228175571987e-06,242,1,0
230,60,46,0,0,0,5.776912144252233,"[0.0, 5.776912144252233]",5.776912144252233,5.714285714285714,5.776912144252233,8.98333333333336,0,1,0,70.74462677424162,5.7769121442522326e-06,539,1,0
230,61,48,0,0,0,5.580727713448661,"[0.0, 5.580727713448661]",5.580727713448661,2.857142857142857,5.580727713448661,3.566666666666659,0,1,0,50.01081855595112,5.5807277134486605e-06,214,1,0
230,62,16,0,0,0,4.100488935198102,"[0.0, 4.100488935198102]",4.100488935198102,2.857142857142857,4.100488935198102,5.833333333333318,0,1,0,30.53922461532784,4.1004889351981025e-06,350,1,0
230,63,47,0,0,0,3.0070604596819197,"[0.0, 3.0070604596819197]",3.0070604596819197,2.857142857142857,3.0070604596819197,5.899999999999984,0,1,0,32.28021811686631,3.0070604596819198e-06,354,1,0
230,64,35,0,0,0,2.8557532174246654,"[0.0, 2.8557532174246654]",2.8557532174246654,0.0,2.8557532174246654,5.499999999999986,0,1,0,40.52649124292657,2.8557532174246653e-06,330,1,0
231,1,0,0,1,1,16.37524196079799,"[0.0, 16.37524196079799]",16.37524196079799,14.285714285714285,16.37524196079799,10.016666666666744,0,1,0,151.82105824040627,1.637524196079799e-05,601,1,0
231,2,1,0,1,1,16.134163992745535,"[0.0, 16.134163992745535]",16.134163992745535,14.285714285714285,16.134163992745535,9.833333333333401,0,1,0,150.7844099543654,1.6134163992745536e-05,590,1,0
231,3,2,0,1,1,16.11116681780134,"[0.0, 16.11116681780134]",16.11116681780134,14.285714285714285,16.11116681780134,9.466666666666717,0,1,0,149.59969844296575,1.611116681780134e-05,568,1,0
231,4,3,0,1,1,16.09893798828125,"[0.0, 16.09893798828125]",16.09893798828125,14.285714285714285,16.09893798828125,10.883333333333454,0,1,0,148.61423048550932,1.609893798828125e-05,653,1,0
231,5,4,0,1,1,16.084627423967635,"[0.0, 16.084627423967635]",16.084627423967635,14.285714285714285,16.084627423967635,10.283333333333424,0,1,0,149.7584463838066,1.6084627423967636e-05,617,1,0
231,6,5,0,1,1,16.078981672014507,"[0.0, 16.078981672014507]",16.078981672014507,14.285714285714285,16.078981672014507,10.766666666666781,0,1,0,151.76539163760026,1.6078981672014508e-05,646,1,0
231,7,6,0,1,1,16.04658944266183,"[0.0, 16.04658944266183]",16.04658944266183,14.285714285714285,16.04658944266183,9.850000000000069,0,1,0,148.7615180331777,1.604658944266183e-05,591,1,0
231,8,7,0,1,1,16.046098981584823,"[0.0, 16.046098981584823]",16.046098981584823,14.285714285714285,16.046098981584823,10.533333333333436,0,1,0,150.81990255322307,1.6046098981584822e-05,632,1,0
231,9,42,0,0,1,16.001031058175222,"[0.0, 16.001031058175222]",16.001031058175222,14.285714285714285,16.001031058175222,10.683333333333444,0,1,0,149.67169745102,1.6001031058175222e-05,641,1,0
231,10,27,0,0,1,15.94167981828962,"[0.0, 15.94167981828962]",15.94167981828962,14.285714285714285,15.94167981828962,10.083333333333414,0,1,0,145.9407152406493,1.594167981828962e-05,605,1,0
231,11,12,0,0,1,15.853091648646764,"[0.0, 15.853091648646764]",15.853091648646764,14.285714285714285,15.853091648646764,9.333333333333377,0,1,0,147.21237490326166,1.5853091648646763e-05,560,1,0
231,12,21,0,0,1,15.844061715262278,"[0.0, 15.844061715262278]",15.844061715262278,14.285714285714285,15.844061715262278,9.016666666666694,0,1,0,146.20974257215858,1.5844061715262278e-05,541,1,0
231,13,22,0,0,1,15.810824802943637,"[0.0, 15.810824802943637]",15.810824802943637,14.285714285714285,15.810824802943637,9.800000000000066,0,1,0,144.53490168040298,1.5810824802943636e-05,588,1,0
231,14,24,0,0,1,15.723473685128347,"[0.0, 15.723473685128347]",15.723473685128347,14.285714285714285,15.723473685128347,10.116666666666749,0,1,0,147.07533128521027,1.5723473685128348e-05,607,1,0
231,15,26,0,0,1,15.595659528459821,"[0.0, 15.595659528459821]",15.595659528459821,14.285714285714285,15.595659528459821,9.700000000000061,0,1,0,143.8173786374973,1.5595659528459822e-05,582,1,0
231,16,14,0,0,1,15.582809448242188,"[0.0, 15.582809448242188]",15.582809448242188,14.285714285714285,15.582809448242188,9.666666666666726,0,1,0,145.3673259211355,1.5582809448242186e-05,580,1,0
231,17,38,0,0,1,15.581212724958146,"[0.0, 15.581212724958146]",15.581212724958146,14.285714285714285,15.581212724958146,8.750000000000014,0,1,0,141.24304288253188,1.5581212724958144e-05,525,1,0
231,18,34,0,0,1,15.548586164202009,"[0.0, 15.548586164202009]",15.548586164202009,14.285714285714285,15.548586164202009,10.333333333333426,0,1,0,149.71076157757489,1.554858616420201e-05,620,1,0
231,19,25,0,0,1,15.47072274344308,"[0.0, 15.47072274344308]",15.47072274344308,14.285714285714285,15.47072274344308,11.033333333333461,0,1,0,151.4624657346285,1.547072274344308e-05,662,1,0
231,20,43,0,0,1,15.432025364467075,"[0.0, 15.432025364467075]",15.432025364467075,14.285714285714285,15.432025364467075,9.783333333333399,0,1,0,144.45834818486765,1.5432025364467075e-05,587,1,0
231,21,37,0,0,1,15.41527884347098,"[0.0, 15.41527884347098]",15.41527884347098,14.285714285714285,15.41527884347098,8.233333333333322,0,1,0,138.66543282195926,1.5415278843470982e-05,494,1,0
231,22,10,0,0,1,15.393802097865514,"[0.0, 15.393802097865514]",15.393802097865514,14.285714285714285,15.393802097865514,9.666666666666726,0,1,0,143.92622885498713,1.5393802097865513e-05,580,1,0
231,23,23,0,0,1,15.364309038434708,"[0.0, 15.364309038434708]",15.364309038434708,14.285714285714285,15.364309038434708,10.150000000000084,0,1,0,148.9221456340092,1.536430903843471e-05,609,1,0
231,24,51,0,0,1,15.355878557477679,"[0.0, 15.355878557477679]",15.355878557477679,14.285714285714285,15.355878557477679,9.316666666666709,0,1,0,139.2151290863112,1.5355878557477678e-05,559,1,0
231,25,19,0,0,1,15.234707423618863,"[0.0, 15.234707423618863]",15.234707423618863,14.285714285714285,15.234707423618863,9.950000000000074,0,1,0,138.71928056905745,1.5234707423618862e-05,597,1,0
231,26,17,0,0,1,14.902000427246092,"[0.0, 14.902000427246092]",14.902000427246092,14.285714285714285,14.902000427246092,10.450000000000099,0,1,0,145.4847042049223,1.4902000427246092e-05,627,1,0
231,27,49,0,0,1,14.609838213239398,"[0.0, 14.609838213239398]",14.609838213239398,14.285714285714285,14.609838213239398,6.749999999999981,0,1,0,134.41200652718544,1.4609838213239397e-05,405,1,0
231,28,61,0,0,1,11.676066262381417,"[0.0, 11.676066262381417]",11.676066262381417,11.428571428571429,11.676066262381417,8.616666666666674,0,1,0,114.70290507940808,1.1676066262381417e-05,517,1,0
231,29,11,0,0,1,11.663826533726283,"[0.0, 11.663826533726283]",11.663826533726283,11.428571428571429,11.663826533726283,8.216666666666654,0,1,0,110.66786669753492,1.1663826533726283e-05,493,1,0
231,30,35,0,0,1,11.662169865199498,"[0.0, 11.662169865199498]",11.662169865199498,11.428571428571429,11.662169865199498,7.416666666666646,0,1,0,108.75512813031673,1.1662169865199498e-05,445,1,0
231,31,55,0,0,1,11.661840166364398,"[0.0, 11.661840166364398]",11.661840166364398,11.428571428571429,11.661840166364398,7.98333333333331,0,1,0,113.64745979011059,1.1661840166364398e-05,479,1,0
231,32,48,0,0,1,11.487977164132253,"[0.0, 11.487977164132253]",11.487977164132253,11.428571428571429,11.487977164132253,8.333333333333327,0,1,0,109.3049017819576,1.1487977164132254e-05,500,1,0
231,33,62,0,0,0,11.373825073242188,"[0.0, 11.373825073242188]",11.373825073242188,8.571428571428571,11.373825073242188,5.8499999999999845,0,1,0,102.02034540474415,1.1373825073242188e-05,351,1,0
231,34,56,0,0,0,11.360432761056083,"[0.0, 11.360432761056083]",11.360432761056083,8.571428571428571,11.360432761056083,7.98333333333331,0,1,0,106.53769807145,1.1360432761056084e-05,479,1,0
231,35,63,0,0,0,11.20741435459682,"[0.0, 11.20741435459682]",11.20741435459682,8.571428571428571,11.20741435459682,9.033333333333362,0,1,0,110.43535543483449,1.120741435459682e-05,542,1,0
231,36,54,0,0,0,11.004679543631417,"[0.0, 11.004679543631417]",11.004679543631417,8.571428571428571,11.004679543631417,10.033333333333411,0,1,0,110.40090988063457,1.1004679543631416e-05,602,1,0
231,37,33,0,0,0,10.992614201136998,"[0.0, 10.992614201136998]",10.992614201136998,8.571428571428571,10.992614201136998,8.466666666666667,0,1,0,107.53548988558032,1.0992614201136998e-05,508,1,0
231,38,50,0,0,0,10.81704820905413,"[0.0, 10.81704820905413]",10.81704820905413,8.571428571428571,10.81704820905413,6.866666666666648,0,1,0,104.2137585952878,1.081704820905413e-05,412,1,0
231,39,13,0,0,0,10.784775870186943,"[0.0, 10.784775870186943]",10.784775870186943,8.571428571428571,10.784775870186943,5.816666666666651,0,1,0,97.71987144649029,1.0784775870186942e-05,349,1,0
231,40,47,0,0,0,10.64150401524135,"[0.0, 10.64150401524135]",10.64150401524135,8.571428571428571,10.64150401524135,6.499999999999982,0,1,0,99.95824575424194,1.064150401524135e-05,390,1,0
231,41,30,0,0,0,10.461248670305524,"[0.0, 10.461248670305524]",10.461248670305524,8.571428571428571,10.461248670305524,6.783333333333315,0,1,0,99.78432704508305,1.0461248670305524e-05,407,1,0
231,42,8,0,0,0,10.119165693010602,"[0.0, 10.119165693010602]",10.119165693010602,8.571428571428571,10.119165693010602,7.9333333333333105,0,1,0,98.56318958848715,1.0119165693010603e-05,476,1,0
231,43,52,0,0,0,10.031389508928571,"[0.0, 10.031389508928571]",10.031389508928571,8.571428571428571,10.031389508928571,5.549999999999986,0,1,0,95.06268547475338,1.003138950892857e-05,333,1,0
231,44,15,0,0,0,10.028465815952845,"[0.0, 10.028465815952845]",10.028465815952845,8.571428571428571,10.028465815952845,8.24999999999999,0,1,0,96.45354740321636,1.0028465815952845e-05,495,1,0
231,45,9,0,0,0,9.832436697823661,"[0.0, 9.832436697823661]",9.832436697823661,8.571428571428571,9.832436697823661,5.549999999999986,0,1,0,94.53020711243153,9.832436697823661e-06,333,1,0
231,46,36,0,0,0,9.646404811314174,"[0.0, 9.646404811314174]",9.646404811314174,8.571428571428571,9.646404811314174,5.316666666666653,0,1,0,88.99679547548294,9.646404811314173e-06,319,1,0
231,47,44,0,0,0,9.577906472342356,"[0.0, 9.577906472342356]",9.577906472342356,8.571428571428571,9.577906472342356,5.433333333333319,0,1,0,92.26735652983189,9.577906472342356e-06,326,1,0
231,48,20,0,0,0,8.742626735142299,"[0.0, 8.742626735142299]",8.742626735142299,8.571428571428571,8.742626735142299,8.233333333333322,0,1,0,75.5915313537771,8.742626735142298e-06,494,1,0
231,49,31,0,0,0,8.21185793195452,"[0.0, 8.21185793195452]",8.21185793195452,5.714285714285714,8.21185793195452,5.116666666666654,0,1,0,83.08170953392982,8.211857931954521e-06,307,1,0
231,50,28,0,0,0,6.462762015206473,"[0.0, 6.462762015206473]",6.462762015206473,5.714285714285714,6.462762015206473,7.366666666666646,0,1,0,58.58158657760214,6.462762015206473e-06,442,1,0
231,51,41,0,0,0,6.426642281668526,"[0.0, 6.426642281668526]",6.426642281668526,5.714285714285714,6.426642281668526,7.366666666666646,0,1,0,58.58168392658263,6.426642281668526e-06,442,1,0
231,52,18,0,0,0,6.370511736188616,"[0.0, 6.370511736188616]",6.370511736188616,5.714285714285714,6.370511736188616,7.366666666666646,0,1,0,58.581729612917115,6.370511736188616e-06,442,1,0
231,53,39,0,0,0,6.358566284179687,"[0.0, 6.358566284179687]",6.358566284179687,5.714285714285714,6.358566284179687,7.366666666666646,0,1,0,58.58159716308728,6.358566284179687e-06,442,1,0
231,54,16,0,0,0,6.317078726632254,"[0.0, 6.317078726632254]",6.317078726632254,5.714285714285714,6.317078726632254,7.366666666666646,0,1,0,58.59059262244409,6.317078726632254e-06,442,1,0
231,55,60,0,0,0,6.307956150599889,"[0.0, 6.307956150599889]",6.307956150599889,5.714285714285714,6.307956150599889,7.366666666666646,0,1,0,58.58185035954375,6.307956150599889e-06,442,1,0
231,56,59,0,0,0,6.294032505580358,"[0.0, 6.294032505580358]",6.294032505580358,5.714285714285714,6.294032505580358,7.366666666666646,0,1,0,58.59520118626824,6.294032505580358e-06,442,1,0
231,57,57,0,0,0,6.288746425083705,"[0.0, 6.288746425083705]",6.288746425083705,5.714285714285714,6.288746425083705,7.366666666666646,0,1,0,58.62308343118639,6.288746425083705e-06,442,1,0
231,58,46,0,0,0,6.278719220842634,"[0.0, 6.278719220842634]",6.278719220842634,5.714285714285714,6.278719220842634,7.366666666666646,0,1,0,58.50186144870531,6.278719220842634e-06,442,1,0
231,59,29,0,0,0,6.269602094377791,"[0.0, 6.269602094377791]",6.269602094377791,5.714285714285714,6.269602094377791,7.366666666666646,0,1,0,58.58190689627372,6.2696020943777905e-06,442,1,0
231,60,58,0,0,0,5.742966788155692,"[0.0, 5.742966788155692]",5.742966788155692,5.714285714285714,5.742966788155692,3.7999999999999914,0,1,0,52.23668948560953,5.7429667881556916e-06,228,1,0
231,61,53,0,0,0,5.598024640764509,"[0.0, 5.598024640764509]",5.598024640764509,2.857142857142857,5.598024640764509,7.016666666666647,0,1,0,48.76123784423544,5.598024640764508e-06,421,1,0
231,62,40,0,0,0,5.179121834891183,"[0.0, 5.179121834891183]",5.179121834891183,2.857142857142857,5.179121834891183,6.633333333333315,0,1,0,43.74775008024153,5.179121834891183e-06,398,1,0
231,63,32,0,0,0,4.991155351911273,"[0.0, 4.991155351911273]",4.991155351911273,2.857142857142857,4.991155351911273,2.6499999999999955,0,1,0,41.70753954350948,4.991155351911273e-06,159,1,0
231,64,45,0,0,0,3.350830078125,"[0.0, 3.350830078125]",3.350830078125,2.857142857142857,3.350830078125,2.5666666666666624,0,1,0,24.87008174136281,3.350830078125e-06,154,1,0
232,1,0,0,1,1,16.37524196079799,"[0.0, 16.37524196079799]",16.37524196079799,14.285714285714285,16.37524196079799,10.016666666666744,0,1,0,151.82105824040627,1.637524196079799e-05,601,1,0
232,2,1,0,1,1,16.134163992745535,"[0.0, 16.134163992745535]",16.134163992745535,14.285714285714285,16.134163992745535,9.833333333333401,0,1,0,150.7844099543654,1.6134163992745536e-05,590,1,0
232,3,2,0,1,1,16.11116681780134,"[0.0, 16.11116681780134]",16.11116681780134,14.285714285714285,16.11116681780134,9.466666666666717,0,1,0,149.59969844296575,1.611116681780134e-05,568,1,0
232,4,3,0,1,1,16.09893798828125,"[0.0, 16.09893798828125]",16.09893798828125,14.285714285714285,16.09893798828125,10.883333333333454,0,1,0,148.61423048550932,1.609893798828125e-05,653,1,0
232,5,4,0,1,1,16.084627423967635,"[0.0, 16.084627423967635]",16.084627423967635,14.285714285714285,16.084627423967635,10.283333333333424,0,1,0,149.7584463838066,1.6084627423967636e-05,617,1,0
232,6,5,0,1,1,16.078981672014507,"[0.0, 16.078981672014507]",16.078981672014507,14.285714285714285,16.078981672014507,10.766666666666781,0,1,0,151.76539163760026,1.6078981672014508e-05,646,1,0
232,7,6,0,1,1,16.04658944266183,"[0.0, 16.04658944266183]",16.04658944266183,14.285714285714285,16.04658944266183,9.850000000000069,0,1,0,148.7615180331777,1.604658944266183e-05,591,1,0
232,8,7,0,1,1,16.046098981584823,"[0.0, 16.046098981584823]",16.046098981584823,14.285714285714285,16.046098981584823,10.533333333333436,0,1,0,150.81990255322307,1.6046098981584822e-05,632,1,0
232,9,16,0,0,1,15.957281930106026,"[0.0, 15.957281930106026]",15.957281930106026,14.285714285714285,15.957281930106026,9.616666666666724,0,1,0,149.48975799093023,1.5957281930106027e-05,577,1,0
232,10,20,0,0,1,15.918655395507814,"[0.0, 15.918655395507814]",15.918655395507814,14.285714285714285,15.918655395507814,10.033333333333411,0,1,0,147.77752770960797,1.5918655395507816e-05,602,1,0
232,11,14,0,0,1,15.814764840262278,"[0.0, 15.814764840262278]",15.814764840262278,14.285714285714285,15.814764840262278,10.100000000000081,0,1,0,151.0758383139837,1.581476484026228e-05,606,1,0
232,12,9,0,0,1,15.809751238141741,"[0.0, 15.809751238141741]",15.809751238141741,14.285714285714285,15.809751238141741,9.433333333333382,0,1,0,145.35579206887633,1.5809751238141743e-05,566,1,0
232,13,48,0,0,1,15.797391619001116,"[0.0, 15.797391619001116]",15.797391619001116,14.285714285714285,15.797391619001116,9.950000000000074,0,1,0,147.7060965043638,1.5797391619001118e-05,597,1,0
232,14,36,0,0,1,15.719593593052455,"[0.0, 15.719593593052455]",15.719593593052455,14.285714285714285,15.719593593052455,10.483333333333434,0,1,0,149.37703021960624,1.5719593593052454e-05,629,1,0
232,15,17,0,0,1,15.718372889927457,"[0.0, 15.718372889927457]",15.718372889927457,14.285714285714285,15.718372889927457,8.800000000000017,0,1,0,143.39603507518768,1.5718372889927457e-05,528,1,0
232,16,23,0,0,1,15.713484627859934,"[0.0, 15.713484627859934]",15.713484627859934,14.285714285714285,15.713484627859934,8.900000000000022,0,1,0,145.21068125218153,1.5713484627859934e-05,534,1,0
232,17,44,0,0,1,15.674095153808592,"[0.0, 15.674095153808592]",15.674095153808592,14.285714285714285,15.674095153808592,10.566666666666771,0,1,0,148.4300401830842,1.5674095153808592e-05,634,1,0
232,18,26,0,0,1,15.586286272321429,"[0.0, 15.586286272321429]",15.586286272321429,14.285714285714285,15.586286272321429,10.683333333333444,0,1,0,143.11852142079442,1.558628627232143e-05,641,1,0
232,19,39,0,0,1,15.336576189313616,"[0.0, 15.336576189313616]",15.336576189313616,14.285714285714285,15.336576189313616,9.966666666666741,0,1,0,145.05049647547276,1.5336576189313618e-05,598,1,0
232,20,54,0,0,1,15.328968593052455,"[0.0, 15.328968593052455]",15.328968593052455,14.285714285714285,15.328968593052455,10.766666666666781,0,1,0,148.11226731399802,1.5328968593052453e-05,646,1,0
232,21,61,0,0,1,15.2862548828125,"[0.0, 15.2862548828125]",15.2862548828125,14.285714285714285,15.2862548828125,10.833333333333451,0,1,0,147.46595851578604,1.52862548828125e-05,650,1,0
232,22,50,0,0,1,14.975493294852122,"[0.0, 14.975493294852122]",14.975493294852122,14.285714285714285,14.975493294852122,11.000000000000126,0,1,0,141.89532190703903,1.4975493294852122e-05,660,1,0
232,23,56,0,0,1,14.964599609375002,"[0.0, 14.964599609375002]",14.964599609375002,14.285714285714285,14.964599609375002,10.566666666666771,0,1,0,145.49663076314755,1.4964599609375002e-05,634,1,0
232,24,32,0,0,1,14.690742492675781,"[0.0, 14.690742492675781]",14.690742492675781,14.285714285714285,14.690742492675781,10.066666666666746,0,1,0,141.06928107152635,1.4690742492675782e-05,604,1,0
232,25,34,0,0,1,14.561609540666854,"[0.0, 14.561609540666854]",14.561609540666854,14.285714285714285,14.561609540666854,10.500000000000101,0,1,0,140.207311702492,1.4561609540666854e-05,630,1,0
232,26,55,0,0,1,12.857142857142856,"[0.0, 12.857142857142856]",12.857142857142856,11.428571428571429,12.857142857142856,8.18333333333332,0,1,0,110.92745505366474,1.2857142857142856e-05,491,1,0
232,27,8,0,0,1,11.442514147077286,"[0.0, 11.442514147077286]",11.442514147077286,11.428571428571429,11.442514147077286,8.500000000000002,0,1,0,111.78357174340636,1.1442514147077286e-05,510,1,0
232,28,15,0,0,1,11.336710793631417,"[0.0, 11.336710793631417]",11.336710793631417,8.571428571428571,11.336710793631417,8.85000000000002,0,1,0,108.91476307959965,1.1336710793631416e-05,531,1,0
232,29,52,0,0,1,11.24777385166713,"[0.0, 11.24777385166713]",11.24777385166713,8.571428571428571,11.24777385166713,8.283333333333324,0,1,0,109.51213704701513,1.1247773851667131e-05,497,1,0
232,30,25,0,0,1,11.139166695731028,"[0.0, 11.139166695731028]",11.139166695731028,8.571428571428571,11.139166695731028,7.316666666666646,0,1,0,106.15337229892612,1.1139166695731028e-05,439,1,0
232,31,41,0,0,1,11.06415067400251,"[0.0, 11.06415067400251]",11.06415067400251,8.571428571428571,11.06415067400251,9.233333333333372,0,1,0,108.89909695956885,1.106415067400251e-05,554,1,0
232,32,11,0,0,1,10.843830108642578,"[0.0, 10.843830108642578]",10.843830108642578,8.571428571428571,10.843830108642578,7.98333333333331,0,1,0,105.94566409289837,1.0843830108642578e-05,479,1,0
232,33,29,0,0,0,10.757830483572823,"[0.0, 10.757830483572823]",10.757830483572823,8.571428571428571,10.757830483572823,8.149999999999984,0,1,0,104.66842166986316,1.0757830483572823e-05,489,1,0
232,34,43,0,0,0,10.466139657156807,"[0.0, 10.466139657156807]",10.466139657156807,8.571428571428571,10.466139657156807,6.183333333333317,0,1,0,98.42116411030293,1.0466139657156807e-05,371,1,0
232,35,22,0,0,0,10.378744942801339,"[0.0, 10.378744942801339]",10.378744942801339,8.571428571428571,10.378744942801339,5.666666666666652,0,1,0,95.27827355265617,1.0378744942801338e-05,340,1,0
232,36,58,0,0,0,10.290233067103795,"[0.0, 10.290233067103795]",10.290233067103795,8.571428571428571,10.290233067103795,5.549999999999986,0,1,0,92.20276947319508,1.0290233067103795e-05,333,1,0
232,37,63,0,0,0,9.890853336879186,"[0.0, 9.890853336879186]",9.890853336879186,8.571428571428571,9.890853336879186,5.399999999999986,0,1,0,91.06082752346992,9.890853336879186e-06,324,1,0
232,38,57,0,0,0,9.890657152448382,"[0.0, 9.890657152448382]",9.890657152448382,8.571428571428571,9.890657152448382,5.733333333333318,0,1,0,94.58667838573456,9.890657152448382e-06,344,1,0
232,39,46,0,0,0,9.871809823172432,"[0.0, 9.871809823172432]",9.871809823172432,8.571428571428571,9.871809823172432,5.399999999999986,0,1,0,93.9459064155817,9.871809823172433e-06,324,1,0
232,40,62,0,0,0,9.864823477608816,"[0.0, 9.864823477608816]",9.864823477608816,8.571428571428571,9.864823477608816,5.566666666666652,0,1,0,95.14755380153656,9.864823477608816e-06,334,1,0
232,41,33,0,0,0,9.781714848109655,"[0.0, 9.781714848109655]",9.781714848109655,8.571428571428571,9.781714848109655,5.433333333333319,0,1,0,92.62529760599136,9.781714848109655e-06,326,1,0
232,42,53,0,0,0,9.768387930733818,"[0.0, 9.768387930733818]",9.768387930733818,8.571428571428571,9.768387930733818,5.483333333333319,0,1,0,93.60220517218113,9.768387930733818e-06,329,1,0
232,43,21,0,0,0,9.591181618826731,"[0.0, 9.591181618826731]",9.591181618826731,8.571428571428571,9.591181618826731,5.466666666666653,0,1,0,92.79196636378765,9.59118161882673e-06,328,1,0
232,44,13,0,0,0,9.551655905587332,"[0.0, 9.551655905587332]",9.551655905587332,8.571428571428571,9.551655905587332,4.783333333333322,0,1,0,91.19246597588062,9.551655905587331e-06,287,1,0
232,45,30,0,0,0,9.544097355433873,"[0.0, 9.544097355433873]",9.544097355433873,8.571428571428571,9.544097355433873,5.633333333333319,0,1,0,90.83384463191032,9.544097355433874e-06,338,1,0
232,46,19,0,0,0,9.487190246582031,"[0.0, 9.487190246582031]",9.487190246582031,8.571428571428571,9.487190246582031,5.466666666666653,0,1,0,92.52922308444977,9.487190246582032e-06,328,1,0
232,47,49,0,0,0,9.436501094273158,"[0.0, 9.436501094273158]",9.436501094273158,8.571428571428571,9.436501094273158,5.249999999999987,0,1,0,90.19769176840782,9.436501094273157e-06,315,1,0
232,48,28,0,0,0,9.256338391985212,"[0.0, 9.256338391985212]",9.256338391985212,8.571428571428571,9.256338391985212,5.249999999999987,0,1,0,88.58012692630291,9.256338391985212e-06,315,1,0
232,49,24,0,0,0,8.959860120500837,"[0.0, 8.959860120500837]",8.959860120500837,8.571428571428571,8.959860120500837,5.249999999999987,0,1,0,88.16268245875835,8.959860120500838e-06,315,1,0
232,50,60,0,0,0,8.92981937953404,"[0.0, 8.92981937953404]",8.92981937953404,8.571428571428571,8.92981937953404,8.750000000000014,0,1,0,74.18127673798153,8.92981937953404e-06,525,1,0
232,51,45,0,0,0,8.744160788399832,"[0.0, 8.744160788399832]",8.744160788399832,8.571428571428571,8.744160788399832,8.199999999999987,0,1,0,73.1356764991724,8.744160788399831e-06,492,1,0
232,52,18,0,0,0,7.8625270298549115,"[0.0, 7.8625270298549115]",7.8625270298549115,5.714285714285714,7.8625270298549115,4.999999999999988,0,1,0,79.81447207927704,7.862527029854911e-06,300,1,0
232,53,40,0,0,0,6.352898733956473,"[0.0, 6.352898733956473]",6.352898733956473,5.714285714285714,6.352898733956473,7.366666666666646,0,1,0,58.47867514754034,6.352898733956473e-06,442,1,0
232,54,35,0,0,0,6.343084062848773,"[0.0, 6.343084062848773]",6.343084062848773,5.714285714285714,6.343084062848773,7.366666666666646,0,1,0,58.47873212921695,6.343084062848772e-06,442,1,0
232,55,27,0,0,0,6.337547302246094,"[0.0, 6.337547302246094]",6.337547302246094,5.714285714285714,6.337547302246094,7.366666666666646,0,1,0,58.35326840602647,6.337547302246094e-06,442,1,0
232,56,59,0,0,0,6.336751665387835,"[0.0, 6.336751665387835]",6.336751665387835,5.714285714285714,6.336751665387835,7.366666666666646,0,1,0,58.59292675337201,6.336751665387835e-06,442,1,0
232,57,31,0,0,0,6.18445805140904,"[0.0, 6.18445805140904]",6.18445805140904,5.714285714285714,6.18445805140904,7.316666666666646,0,1,0,58.00399777182611,6.18445805140904e-06,439,1,0
232,58,47,0,0,0,6.058605739048549,"[0.0, 6.058605739048549]",6.058605739048549,5.714285714285714,6.058605739048549,10.716666666666779,0,1,0,63.48532596708537,6.058605739048548e-06,643,1,0
232,59,12,0,0,0,5.988802228655134,"[0.0, 5.988802228655134]",5.988802228655134,5.714285714285714,5.988802228655134,7.283333333333313,0,1,0,56.62017135183851,5.988802228655134e-06,437,1,0
232,60,42,0,0,0,5.084468296595982,"[0.0, 5.084468296595982]",5.084468296595982,2.857142857142857,5.084468296595982,2.833333333333328,0,1,0,43.80527785420418,5.084468296595982e-06,170,1,0
232,61,10,0,0,0,4.810774666922433,"[0.0, 4.810774666922433]",4.810774666922433,2.857142857142857,4.810774666922433,2.466666666666663,0,1,0,39.75165535509586,4.810774666922433e-06,148,1,0
232,62,51,0,0,0,3.0974415370396207,"[0.0, 3.0974415370396207]",3.0974415370396207,2.857142857142857,3.0974415370396207,2.9833333333333276,0,1,0,22.54480455769226,3.097441537039621e-06,179,1,0
232,63,37,0,0,0,2.380725315638951,"[0.0, 2.380725315638951]",2.380725315638951,0.0,2.380725315638951,5.016666666666654,0,1,0,12.514102594883298,2.380725315638951e-06,301,1,0
232,64,38,0,0,0,2.107118879045759,"[0.0, 2.107118879045759]",2.107118879045759,0.0,2.107118879045759,5.016666666666654,0,1,0,7.7058454178404645,2.107118879045759e-06,301,1,0
233,1,0,0,1,1,16.37524196079799,"[0.0, 16.37524196079799]",16.37524196079799,14.285714285714285,16.37524196079799,10.016666666666744,0,1,0,151.82105824040627,1.637524196079799e-05,601,1,0
233,2,29,0,1,1,16.226822989327566,"[0.0, 16.226822989327566]",16.226822989327566,14.285714285714285,16.226822989327566,9.416666666666714,0,1,0,147.25881857890636,1.6226822989327566e-05,565,1,0
233,3,16,0,1,1,16.20070321219308,"[0.0, 16.20070321219308]",16.20070321219308,14.285714285714285,16.20070321219308,9.950000000000074,0,1,0,150.5788716637835,1.620070321219308e-05,597,1,0
233,4,20,0,1,1,16.147052219935826,"[0.0, 16.147052219935826]",16.147052219935826,14.285714285714285,16.147052219935826,9.666666666666726,0,1,0,149.02901795632351,1.6147052219935827e-05,580,1,0
233,5,1,0,1,1,16.134163992745535,"[0.0, 16.134163992745535]",16.134163992745535,14.285714285714285,16.134163992745535,9.833333333333401,0,1,0,150.7844099543654,1.6134163992745536e-05,590,1,0
233,6,2,0,1,1,16.11116681780134,"[0.0, 16.11116681780134]",16.11116681780134,14.285714285714285,16.11116681780134,9.466666666666717,0,1,0,149.59969844296575,1.611116681780134e-05,568,1,0
233,7,3,0,1,1,16.09893798828125,"[0.0, 16.09893798828125]",16.09893798828125,14.285714285714285,16.09893798828125,10.883333333333454,0,1,0,148.61423048550932,1.609893798828125e-05,653,1,0
233,8,4,0,1,1,16.084627423967635,"[0.0, 16.084627423967635]",16.084627423967635,14.285714285714285,16.084627423967635,10.283333333333424,0,1,0,149.7584463838066,1.6084627423967636e-05,617,1,0
233,9,5,0,0,1,16.078981672014507,"[0.0, 16.078981672014507]",16.078981672014507,14.285714285714285,16.078981672014507,10.766666666666781,0,1,0,151.76539163760026,1.6078981672014508e-05,646,1,0
233,10,6,0,0,1,16.04658944266183,"[0.0, 16.04658944266183]",16.04658944266183,14.285714285714285,16.04658944266183,9.850000000000069,0,1,0,148.7615180331777,1.604658944266183e-05,591,1,0
233,11,7,0,0,1,16.046098981584823,"[0.0, 16.046098981584823]",16.046098981584823,14.285714285714285,16.046098981584823,10.533333333333436,0,1,0,150.81990255322307,1.6046098981584822e-05,632,1,0
233,12,39,0,0,1,16.037870134626118,"[0.0, 16.037870134626118]",16.037870134626118,14.285714285714285,16.037870134626118,10.383333333333429,0,1,0,145.3487410305388,1.6037870134626118e-05,623,1,0
233,13,52,0,0,1,16.004322596958705,"[0.0, 16.004322596958705]",16.004322596958705,14.285714285714285,16.004322596958705,9.366666666666712,0,1,0,148.92539160698652,1.6004322596958706e-05,562,1,0
233,14,34,0,0,1,15.962900434221542,"[0.0, 15.962900434221542]",15.962900434221542,14.285714285714285,15.962900434221542,10.683333333333444,0,1,0,149.24064753462153,1.5962900434221543e-05,641,1,0
233,15,44,0,0,1,15.96282958984375,"[0.0, 15.96282958984375]",15.96282958984375,14.285714285714285,15.96282958984375,10.166666666666751,0,1,0,151.25363833465235,1.596282958984375e-05,610,1,0
233,16,27,0,0,1,15.905576433454241,"[0.0, 15.905576433454241]",15.905576433454241,14.285714285714285,15.905576433454241,10.966666666666791,0,1,0,149.01812715608685,1.590557643345424e-05,658,1,0
233,17,43,0,0,1,15.864105224609377,"[0.0, 15.864105224609377]",15.864105224609377,14.285714285714285,15.864105224609377,10.166666666666751,0,1,0,149.09892544108152,1.5864105224609376e-05,610,1,0
233,18,28,0,0,1,15.798912048339844,"[0.0, 15.798912048339844]",15.798912048339844,14.285714285714285,15.798912048339844,9.233333333333372,0,1,0,147.67098451778293,1.5798912048339843e-05,554,1,0
233,19,35,0,0,1,15.720443725585936,"[0.0, 15.720443725585936]",15.720443725585936,14.285714285714285,15.720443725585936,9.533333333333387,0,1,0,142.6855847557017,1.5720443725585936e-05,572,1,0
233,20,15,0,0,1,15.704411097935267,"[0.0, 15.704411097935267]",15.704411097935267,14.285714285714285,15.704411097935267,9.500000000000052,0,1,0,148.42898065096233,1.5704411097935266e-05,570,1,0
233,21,46,0,0,1,15.678362165178573,"[0.0, 15.678362165178573]",15.678362165178573,14.285714285714285,15.678362165178573,10.633333333333441,0,1,0,150.0324416933945,1.5678362165178572e-05,638,1,0
233,22,31,0,0,1,15.610689435686384,"[0.0, 15.610689435686384]",15.610689435686384,14.285714285714285,15.610689435686384,10.850000000000119,0,1,0,147.27371624344232,1.5610689435686385e-05,651,1,0
233,23,19,0,0,1,15.579948425292969,"[0.0, 15.579948425292969]",15.579948425292969,14.285714285714285,15.579948425292969,10.050000000000079,0,1,0,148.17277724035375,1.557994842529297e-05,603,1,0
233,24,51,0,0,1,15.547752380371094,"[0.0, 15.547752380371094]",15.547752380371094,14.285714285714285,15.547752380371094,8.883333333333354,0,1,0,142.95572751015425,1.5547752380371095e-05,533,1,0
233,25,24,0,0,1,15.500738961356028,"[0.0, 15.500738961356028]",15.500738961356028,14.285714285714285,15.500738961356028,10.966666666666791,0,1,0,146.18894761183037,1.5500738961356028e-05,658,1,0
233,26,53,0,0,1,15.280696323939733,"[0.0, 15.280696323939733]",15.280696323939733,14.285714285714285,15.280696323939733,10.516666666666769,0,1,0,146.12976395973965,1.5280696323939734e-05,631,1,0
233,27,8,0,0,1,14.748851231166293,"[0.0, 14.748851231166293]",14.748851231166293,14.285714285714285,14.748851231166293,8.51666666666667,0,1,0,137.90191754698753,1.4748851231166294e-05,511,1,0
233,28,59,0,0,1,13.708724975585938,"[0.0, 13.708724975585938]",13.708724975585938,11.428571428571429,13.708724975585938,9.466666666666717,0,1,0,132.2234089011181,1.3708724975585937e-05,568,1,0
233,29,11,0,0,1,11.519810812813896,"[0.0, 11.519810812813896]",11.519810812813896,11.428571428571429,11.519810812813896,8.283333333333324,0,1,0,112.827875232324,1.1519810812813895e-05,497,1,0
233,30,57,0,0,1,11.399053846086774,"[0.0, 11.399053846086774]",11.399053846086774,8.571428571428571,11.399053846086774,8.416666666666664,0,1,0,109.96112473472022,1.1399053846086775e-05,505,1,0
233,31,30,0,0,1,11.247062683105469,"[0.0, 11.247062683105469]",11.247062683105469,8.571428571428571,11.247062683105469,7.383333333333312,0,1,0,107.30395285785198,1.1247062683105469e-05,443,1,0
233,32,63,0,0,1,11.20988028390067,"[0.0, 11.20988028390067]",11.20988028390067,8.571428571428571,11.20988028390067,9.150000000000034,0,1,0,111.31166782602668,1.120988028390067e-05,549,1,0
233,33,55,0,0,0,10.974292755126953,"[0.0, 10.974292755126953]",10.974292755126953,8.571428571428571,10.974292755126953,7.0833333333333135,0,1,0,102.4219336733222,1.0974292755126953e-05,425,1,0
233,34,40,0,0,0,10.539368220738002,"[0.0, 10.539368220738002]",10.539368220738002,8.571428571428571,10.539368220738002,5.649999999999985,0,1,0,94.6358902901411,1.0539368220738001e-05,339,1,0
233,35,33,0,0,0,10.141702379499161,"[0.0, 10.141702379499161]",10.141702379499161,8.571428571428571,10.141702379499161,6.449999999999982,0,1,0,96.1465428546071,1.0141702379499162e-05,387,1,0
233,36,26,0,0,0,10.025051661900111,"[0.0, 10.025051661900111]",10.025051661900111,8.571428571428571,10.025051661900111,7.0833333333333135,0,1,0,96.90712679177523,1.0025051661900111e-05,425,1,0
233,37,25,0,0,0,9.944215502057757,"[0.0, 9.944215502057757]",9.944215502057757,8.571428571428571,9.944215502057757,5.416666666666653,0,1,0,94.47270365059376,9.944215502057758e-06,325,1,0
233,38,58,0,0,0,9.84368188040597,"[0.0, 9.84368188040597]",9.84368188040597,8.571428571428571,9.84368188040597,5.466666666666653,0,1,0,93.24980899691582,9.84368188040597e-06,328,1,0
233,39,18,0,0,0,9.754107339041573,"[0.0, 9.754107339041573]",9.754107339041573,8.571428571428571,9.754107339041573,5.433333333333319,0,1,0,94.46676898002625,9.754107339041572e-06,326,1,0
233,40,56,0,0,0,9.65721947806222,"[0.0, 9.65721947806222]",9.65721947806222,8.571428571428571,9.65721947806222,5.483333333333319,0,1,0,92.87735094130039,9.65721947806222e-06,329,1,0
233,41,45,0,0,0,9.122952052525111,"[0.0, 9.122952052525111]",9.122952052525111,8.571428571428571,9.122952052525111,5.349999999999986,0,1,0,89.01804043352604,9.12295205252511e-06,321,1,0
233,42,49,0,0,0,8.86246544974191,"[0.0, 8.86246544974191]",8.86246544974191,8.571428571428571,8.86246544974191,7.849999999999977,0,1,0,69.74632353517518,8.86246544974191e-06,471,1,0
233,43,14,0,0,0,8.849084036690847,"[0.0, 8.849084036690847]",8.849084036690847,8.571428571428571,8.849084036690847,8.166666666666652,0,1,0,75.0366418205158,8.849084036690847e-06,490,1,0
233,44,12,0,0,0,8.80241938999721,"[0.0, 8.80241938999721]",8.80241938999721,8.571428571428571,8.80241938999721,8.066666666666647,0,1,0,73.4791770815209,8.80241938999721e-06,484,1,0
233,45,23,0,0,0,8.793130602155413,"[0.0, 8.793130602155413]",8.793130602155413,8.571428571428571,8.793130602155413,5.266666666666653,0,1,0,86.99683138728142,8.793130602155413e-06,316,1,0
233,46,36,0,0,0,8.758196149553571,"[0.0, 8.758196149553571]",8.758196149553571,8.571428571428571,8.758196149553571,8.083333333333314,0,1,0,75.9886581324754,8.758196149553571e-06,485,1,0
233,47,37,0,0,0,8.63088880266462,"[0.0, 8.63088880266462]",8.63088880266462,8.571428571428571,8.63088880266462,5.23333333333332,0,1,0,86.48498058319092,8.630888802664619e-06,314,1,0
233,48,22,0,0,0,8.568188803536552,"[0.0, 8.568188803536552]",8.568188803536552,5.714285714285714,8.568188803536552,7.666666666666645,0,1,0,66.49354389226937,8.568188803536553e-06,460,1,0
233,49,17,0,0,0,6.4510890415736615,"[0.0, 6.4510890415736615]",6.4510890415736615,5.714285714285714,6.4510890415736615,7.366666666666646,0,1,0,58.482508518478426,6.451089041573662e-06,442,1,0
233,50,32,0,0,0,6.375585283551898,"[0.0, 6.375585283551898]",6.375585283551898,5.714285714285714,6.375585283551898,7.366666666666646,0,1,0,58.482046274752065,6.3755852835518975e-06,442,1,0
233,51,61,0,0,0,6.325013296944755,"[0.0, 6.325013296944755]",6.325013296944755,5.714285714285714,6.325013296944755,7.366666666666646,0,1,0,58.58149906209292,6.3250132969447555e-06,442,1,0
233,52,48,0,0,0,6.322299412318638,"[0.0, 6.322299412318638]",6.322299412318638,5.714285714285714,6.322299412318638,7.366666666666646,0,1,0,58.58212806055235,6.322299412318638e-06,442,1,0
233,53,9,0,0,0,6.302779061453682,"[0.0, 6.302779061453682]",6.302779061453682,5.714285714285714,6.302779061453682,7.366666666666646,0,1,0,58.5816430551713,6.302779061453682e-06,442,1,0
233,54,21,0,0,0,6.295640127999443,"[0.0, 6.295640127999443]",6.295640127999443,5.714285714285714,6.295640127999443,7.366666666666646,0,1,0,58.58158119992004,6.295640127999443e-06,442,1,0
233,55,13,0,0,0,6.287215096609932,"[0.0, 6.287215096609932]",6.287215096609932,5.714285714285714,6.287215096609932,7.366666666666646,0,1,0,58.353228240448516,6.287215096609933e-06,442,1,0
233,56,38,0,0,0,6.25863756452288,"[0.0, 6.25863756452288]",6.25863756452288,5.714285714285714,6.25863756452288,7.316666666666646,0,1,0,57.550645896364585,6.25863756452288e-06,439,1,0
233,57,10,0,0,0,6.174147469656808,"[0.0, 6.174147469656808]",6.174147469656808,5.714285714285714,6.174147469656808,7.316666666666646,0,1,0,57.546054709513555,6.174147469656808e-06,439,1,0
233,58,42,0,0,0,5.327001299176897,"[0.0, 5.327001299176897]",5.327001299176897,2.857142857142857,5.327001299176897,5.749999999999985,0,1,0,45.09729743805656,5.327001299176897e-06,345,1,0
233,59,60,0,0,0,5.285906110491071,"[0.0, 5.285906110491071]",5.285906110491071,2.857142857142857,5.285906110491071,3.016666666666661,0,1,0,45.755760222673416,5.285906110491072e-06,181,1,0
233,60,50,0,0,0,4.684159415108817,"[0.0, 4.684159415108817]",4.684159415108817,2.857142857142857,4.684159415108817,2.366666666666663,0,1,0,38.400878354907036,4.6841594151088164e-06,142,1,0
233,61,54,0,0,0,3.869541713169643,"[0.0, 3.869541713169643]",3.869541713169643,2.857142857142857,3.869541713169643,4.766666666666655,0,1,0,51.79781056125648,3.869541713169643e-06,286,1,0
233,62,47,0,0,0,3.0259759085518976,"[0.0, 3.0259759085518976]",3.0259759085518976,2.857142857142857,3.0259759085518976,2.8666666666666614,0,1,0,21.93853983981535,3.0259759085518976e-06,172,1,0
233,63,62,0,0,0,2.108056204659598,"[0.0, 2.108056204659598]",2.108056204659598,0.0,2.108056204659598,5.016666666666654,0,1,0,7.7133017323722015,2.1080562046595983e-06,301,1,0
233,64,41,0,0,0,0.4431043352399554,"[0.0, 0.4431043352399554]",0.4431043352399554,0.0,0.4431043352399554,5.016666666666654,0,1,0,23.301223988906713,4.4310433523995543e-07,301,1,0
234,1,0,0,1,1,16.37524196079799,"[0.0, 16.37524196079799]",16.37524196079799,14.285714285714285,16.37524196079799,10.016666666666744,0,1,0,151.82105824040627,1.637524196079799e-05,601,1,0
234,2,1,0,1,1,16.226822989327566,"[0.0, 16.226822989327566]",16.226822989327566,14.285714285714285,16.226822989327566,9.416666666666714,0,1,0,147.25881857890636,1.6226822989327566e-05,565,1,0
234,3,2,0,1,1,16.20070321219308,"[0.0, 16.20070321219308]",16.20070321219308,14.285714285714285,16.20070321219308,9.950000000000074,0,1,0,150.5788716637835,1.620070321219308e-05,597,1,0
234,4,31,0,1,1,16.159286499023438,"[0.0, 16.159286499023438]",16.159286499023438,14.285714285714285,16.159286499023438,10.166666666666751,0,1,0,151.08131103743654,1.6159286499023438e-05,610,1,0
234,5,3,0,1,1,16.147052219935826,"[0.0, 16.147052219935826]",16.147052219935826,14.285714285714285,16.147052219935826,9.666666666666726,0,1,0,149.02901795632351,1.6147052219935827e-05,580,1,0
234,6,4,0,1,1,16.134163992745535,"[0.0, 16.134163992745535]",16.134163992745535,14.285714285714285,16.134163992745535,9.833333333333401,0,1,0,150.7844099543654,1.6134163992745536e-05,590,1,0
234,7,5,0,1,1,16.11116681780134,"[0.0, 16.11116681780134]",16.11116681780134,14.285714285714285,16.11116681780134,9.466666666666717,0,1,0,149.59969844296575,1.611116681780134e-05,568,1,0
234,8,6,0,1,1,16.09893798828125,"[0.0, 16.09893798828125]",16.09893798828125,14.285714285714285,16.09893798828125,10.883333333333454,0,1,0,148.61423048550932,1.609893798828125e-05,653,1,0
234,9,7,0,0,1,16.084627423967635,"[0.0, 16.084627423967635]",16.084627423967635,14.285714285714285,16.084627423967635,10.283333333333424,0,1,0,149.7584463838066,1.6084627423967636e-05,617,1,0
234,10,38,0,0,1,16.04688916887556,"[0.0, 16.04688916887556]",16.04688916887556,14.285714285714285,16.04688916887556,11.266666666666806,0,1,0,152.3173842284159,1.6046889168875558e-05,676,1,0
234,11,49,0,0,1,15.952862330845424,"[0.0, 15.952862330845424]",15.952862330845424,14.285714285714285,15.952862330845424,9.600000000000056,0,1,0,149.50428481964627,1.5952862330845425e-05,576,1,0
234,12,48,0,0,1,15.89440482003348,"[0.0, 15.89440482003348]",15.89440482003348,14.285714285714285,15.89440482003348,9.816666666666734,0,1,0,149.65891815326904,1.589440482003348e-05,589,1,0
234,13,37,0,0,1,15.841979980468752,"[0.0, 15.841979980468752]",15.841979980468752,14.285714285714285,15.841979980468752,8.966666666666692,0,1,0,147.0690116789192,1.5841979980468752e-05,538,1,0
234,14,51,0,0,1,15.64507620675223,"[0.0, 15.64507620675223]",15.64507620675223,14.285714285714285,15.64507620675223,9.533333333333387,0,1,0,147.22052179882303,1.564507620675223e-05,572,1,0
234,15,22,0,0,1,15.479632786342076,"[0.0, 15.479632786342076]",15.479632786342076,14.285714285714285,15.479632786342076,10.333333333333426,0,1,0,145.6180461756012,1.5479632786342075e-05,620,1,0
234,16,35,0,0,1,15.37595476422991,"[0.0, 15.37595476422991]",15.37595476422991,14.285714285714285,15.37595476422991,9.416666666666714,0,1,0,145.14757251460105,1.537595476422991e-05,565,1,0
234,17,41,0,0,1,15.242849077497208,"[0.0, 15.242849077497208]",15.242849077497208,14.285714285714285,15.242849077497208,7.599999999999978,0,1,0,132.95293325930834,1.5242849077497208e-05,456,1,0
234,18,9,0,0,1,15.167219979422434,"[0.0, 15.167219979422434]",15.167219979422434,14.285714285714285,15.167219979422434,10.233333333333421,0,1,0,146.17481128806685,1.5167219979422435e-05,614,1,0
234,19,33,0,0,1,15.076631818498884,"[0.0, 15.076631818498884]",15.076631818498884,14.285714285714285,15.076631818498884,10.833333333333451,0,1,0,145.2650581862472,1.5076631818498884e-05,650,1,0
234,20,40,0,0,1,14.989286150251116,"[0.0, 14.989286150251116]",14.989286150251116,14.285714285714285,14.989286150251116,10.033333333333411,0,1,0,144.86597646641167,1.4989286150251116e-05,602,1,0
234,21,14,0,0,1,14.934523446219309,"[0.0, 14.934523446219309]",14.934523446219309,14.285714285714285,14.934523446219309,10.933333333333456,0,1,0,144.57766709562566,1.4934523446219308e-05,656,1,0
234,22,8,0,0,1,14.86865452357701,"[0.0, 14.86865452357701]",14.86865452357701,14.285714285714285,14.86865452357701,10.250000000000089,0,1,0,141.77472229170962,1.486865452357701e-05,615,1,0
234,23,36,0,0,1,14.813662937709262,"[0.0, 14.813662937709262]",14.813662937709262,14.285714285714285,14.813662937709262,10.150000000000084,0,1,0,137.946125540082,1.4813662937709262e-05,609,1,0
234,24,59,0,0,1,14.509032113211495,"[0.0, 14.509032113211495]",14.509032113211495,14.285714285714285,14.509032113211495,10.550000000000104,0,1,0,139.31610064738925,1.4509032113211495e-05,633,1,0
234,25,32,0,0,1,14.020293099539622,"[0.0, 14.020293099539622]",14.020293099539622,11.428571428571429,14.020293099539622,9.650000000000059,0,1,0,135.5377629918221,1.4020293099539622e-05,579,1,0
234,26,58,0,0,1,11.58745629446847,"[0.0, 11.58745629446847]",11.58745629446847,11.428571428571429,11.58745629446847,8.466666666666667,0,1,0,112.38199027534574,1.158745629446847e-05,508,1,0
234,27,47,0,0,1,11.516415732247488,"[0.0, 11.516415732247488]",11.516415732247488,11.428571428571429,11.516415732247488,8.149999999999984,0,1,0,112.13433172367513,1.1516415732247487e-05,489,1,0
234,28,46,0,0,1,11.434718540736608,"[0.0, 11.434718540736608]",11.434718540736608,11.428571428571429,11.434718540736608,9.683333333333394,0,1,0,114.18398601138324,1.1434718540736608e-05,581,1,0
234,29,17,0,0,1,11.153741564069474,"[0.0, 11.153741564069474]",11.153741564069474,8.571428571428571,11.153741564069474,7.483333333333312,0,1,0,104.50226508453488,1.1153741564069474e-05,449,1,0
234,30,54,0,0,1,11.1496216910226,"[0.0, 11.1496216910226]",11.1496216910226,8.571428571428571,11.1496216910226,6.866666666666648,0,1,0,101.15453685820103,1.11496216910226e-05,412,1,0
234,31,50,0,0,1,11.134518214634486,"[0.0, 11.134518214634486]",11.134518214634486,8.571428571428571,11.134518214634486,6.799999999999981,0,1,0,101.38678620755672,1.1134518214634485e-05,408,1,0
234,32,25,0,0,1,11.105897086007255,"[0.0, 11.105897086007255]",11.105897086007255,8.571428571428571,11.105897086007255,6.916666666666647,0,1,0,107.01094434410334,1.1105897086007254e-05,415,1,0
234,33,24,0,0,0,11.009232657296316,"[0.0, 11.009232657296316]",11.009232657296316,8.571428571428571,11.009232657296316,8.366666666666662,0,1,0,105.85976318411122,1.1009232657296316e-05,502,1,0
234,34,19,0,0,0,10.963412693568639,"[0.0, 10.963412693568639]",10.963412693568639,8.571428571428571,10.963412693568639,7.949999999999977,0,1,0,105.7394899725914,1.096341269356864e-05,477,1,0
234,35,34,0,0,0,10.940570831298828,"[0.0, 10.940570831298828]",10.940570831298828,8.571428571428571,10.940570831298828,7.483333333333312,0,1,0,104.74512389674783,1.0940570831298829e-05,449,1,0
234,36,13,0,0,0,10.156023842947825,"[0.0, 10.156023842947825]",10.156023842947825,8.571428571428571,10.156023842947825,7.5499999999999785,0,1,0,101.46287210285664,1.0156023842947824e-05,453,1,0
234,37,28,0,0,0,9.949635096958705,"[0.0, 9.949635096958705]",9.949635096958705,8.571428571428571,9.949635096958705,5.466666666666653,0,1,0,93.68559394776821,9.949635096958706e-06,328,1,0
234,38,63,0,0,0,9.878905160086497,"[0.0, 9.878905160086497]",9.878905160086497,8.571428571428571,9.878905160086497,5.583333333333319,0,1,0,95.00205801427364,9.878905160086496e-06,335,1,0
234,39,21,0,0,0,9.730336325509208,"[0.0, 9.730336325509208]",9.730336325509208,8.571428571428571,9.730336325509208,5.466666666666653,0,1,0,93.1571201980114,9.730336325509208e-06,328,1,0
234,40,20,0,0,0,9.348417009626116,"[0.0, 9.348417009626116]",9.348417009626116,8.571428571428571,9.348417009626116,8.883333333333354,0,1,0,82.54161377762648,9.348417009626116e-06,533,1,0
234,41,53,0,0,0,9.346013750348773,"[0.0, 9.346013750348773]",9.346013750348773,8.571428571428571,9.346013750348773,5.366666666666653,0,1,0,90.53531835973263,9.346013750348772e-06,322,1,0
234,42,39,0,0,0,9.208635602678573,"[0.0, 9.208635602678573]",9.208635602678573,8.571428571428571,9.208635602678573,5.3833333333333195,0,1,0,90.29324109852314,9.208635602678573e-06,323,1,0
234,43,61,0,0,0,9.084456307547432,"[0.0, 9.084456307547432]",9.084456307547432,8.571428571428571,9.084456307547432,5.28333333333332,0,1,0,88.29443421959877,9.084456307547431e-06,317,1,0
234,44,26,0,0,0,8.701106480189733,"[0.0, 8.701106480189733]",8.701106480189733,8.571428571428571,8.701106480189733,5.049999999999987,0,1,0,85.33043217658997,8.701106480189732e-06,303,1,0
234,45,57,0,0,0,8.416797092982701,"[0.0, 8.416797092982701]",8.416797092982701,5.714285714285714,8.416797092982701,7.799999999999978,0,1,0,66.5138388415944,8.416797092982702e-06,468,1,0
234,46,55,0,0,0,6.439563206263951,"[0.0, 6.439563206263951]",6.439563206263951,5.714285714285714,6.439563206263951,7.366666666666646,0,1,0,58.5818406735998,6.4395632062639514e-06,442,1,0
234,47,62,0,0,0,6.414478846958706,"[0.0, 6.414478846958706]",6.414478846958706,5.714285714285714,6.414478846958706,7.416666666666646,0,1,0,59.53715667509823,6.414478846958706e-06,445,1,0
234,48,23,0,0,0,6.367950439453125,"[0.0, 6.367950439453125]",6.367950439453125,5.714285714285714,6.367950439453125,7.416666666666646,0,1,0,59.1778540266605,6.367950439453125e-06,445,1,0
234,49,52,0,0,0,6.340342930385044,"[0.0, 6.340342930385044]",6.340342930385044,5.714285714285714,6.340342930385044,7.366666666666646,0,1,0,58.58155666615494,6.340342930385044e-06,442,1,0
234,50,11,0,0,0,6.333514622279576,"[0.0, 6.333514622279576]",6.333514622279576,5.714285714285714,6.333514622279576,7.366666666666646,0,1,0,58.58152676588361,6.333514622279576e-06,442,1,0
234,51,30,0,0,0,6.326637268066407,"[0.0, 6.326637268066407]",6.326637268066407,5.714285714285714,6.326637268066407,7.366666666666646,0,1,0,58.58155431114574,6.326637268066407e-06,442,1,0
234,52,43,0,0,0,6.32214137486049,"[0.0, 6.32214137486049]",6.32214137486049,5.714285714285714,6.32214137486049,7.366666666666646,0,1,0,58.60069238459255,6.32214137486049e-06,442,1,0
234,53,44,0,0,0,6.303236825125557,"[0.0, 6.303236825125557]",6.303236825125557,5.714285714285714,6.303236825125557,7.366666666666646,0,1,0,58.58172918950004,6.3032368251255575e-06,442,1,0
234,54,27,0,0,0,6.301127842494419,"[0.0, 6.301127842494419]",6.301127842494419,5.714285714285714,6.301127842494419,7.366666666666646,0,1,0,58.687587092434114,6.30112784249442e-06,442,1,0
234,55,15,0,0,0,6.176354544503349,"[0.0, 6.176354544503349]",6.176354544503349,5.714285714285714,6.176354544503349,7.316666666666646,0,1,0,57.54631368322589,6.176354544503349e-06,439,1,0
234,56,12,0,0,0,5.302538190569196,"[0.0, 5.302538190569196]",5.302538190569196,2.857142857142857,5.302538190569196,3.0666666666666607,0,1,0,46.25954186916351,5.302538190569196e-06,184,1,0
234,57,29,0,0,0,4.863591875348773,"[0.0, 4.863591875348773]",4.863591875348773,2.857142857142857,4.863591875348773,7.349999999999979,0,1,0,60.2591362890671,4.863591875348772e-06,441,1,0
234,58,56,0,0,0,4.238918849400112,"[0.0, 4.238918849400112]",4.238918849400112,2.857142857142857,4.238918849400112,2.0166666666666644,0,1,0,33.75256763398647,4.238918849400112e-06,121,1,0
234,59,10,0,0,0,3.8318252563476562,"[0.0, 3.8318252563476562]",3.8318252563476562,2.857142857142857,3.8318252563476562,5.799999999999985,0,1,0,27.305380340803822,3.831825256347657e-06,348,1,0
234,60,45,0,0,0,3.2190377371651784,"[0.0, 3.2190377371651784]",3.2190377371651784,2.857142857142857,3.2190377371651784,3.0333333333333274,0,1,0,23.64649770350661,3.219037737165178e-06,182,1,0
234,61,18,0,0,0,3.1610488891601562,"[0.0, 3.1610488891601562]",3.1610488891601562,2.857142857142857,3.1610488891601562,2.9999999999999942,0,1,0,23.177093633799814,3.1610488891601562e-06,180,1,0
234,62,42,0,0,0,2.1112551007952005,"[0.0, 2.1112551007952005]",2.1112551007952005,0.0,2.1112551007952005,5.016666666666654,0,1,0,7.909172485909949,2.1112551007952007e-06,301,1,0
234,63,60,0,0,0,2.069614955357143,"[0.0, 2.069614955357143]",2.069614955357143,0.0,2.069614955357143,5.016666666666654,0,1,0,8.025862008274999,2.0696149553571427e-06,301,1,0
234,64,16,0,0,0,1.5288652692522322,"[0.0, 1.5288652692522322]",1.5288652692522322,0.0,1.5288652692522322,5.016666666666654,0,1,0,8.956876392752747,1.5288652692522322e-06,301,1,0
235,1,0,0,1,1,16.37524196079799,"[0.0, 16.37524196079799]",16.37524196079799,14.285714285714285,16.37524196079799,10.016666666666744,0,1,0,151.82105824040627,1.637524196079799e-05,601,1,0
235,2,59,0,1,1,16.24498094831194,"[0.0, 16.24498094831194]",16.24498094831194,14.285714285714285,16.24498094831194,9.433333333333382,0,1,0,150.67706348188221,1.624498094831194e-05,566,1,0
235,3,1,0,1,1,16.226822989327566,"[0.0, 16.226822989327566]",16.226822989327566,14.285714285714285,16.226822989327566,9.416666666666714,0,1,0,147.25881857890636,1.6226822989327566e-05,565,1,0
235,4,2,0,1,1,16.20070321219308,"[0.0, 16.20070321219308]",16.20070321219308,14.285714285714285,16.20070321219308,9.950000000000074,0,1,0,150.5788716637835,1.620070321219308e-05,597,1,0
235,5,3,0,1,1,16.159286499023438,"[0.0, 16.159286499023438]",16.159286499023438,14.285714285714285,16.159286499023438,10.166666666666751,0,1,0,151.08131103743654,1.6159286499023438e-05,610,1,0
235,6,4,0,1,1,16.147052219935826,"[0.0, 16.147052219935826]",16.147052219935826,14.285714285714285,16.147052219935826,9.666666666666726,0,1,0,149.02901795632351,1.6147052219935827e-05,580,1,0
235,7,5,0,1,1,16.134163992745535,"[0.0, 16.134163992745535]",16.134163992745535,14.285714285714285,16.134163992745535,9.833333333333401,0,1,0,150.7844099543654,1.6134163992745536e-05,590,1,0
235,8,6,0,1,1,16.11116681780134,"[0.0, 16.11116681780134]",16.11116681780134,14.285714285714285,16.11116681780134,9.466666666666717,0,1,0,149.59969844296575,1.611116681780134e-05,568,1,0
235,9,7,0,0,1,16.09893798828125,"[0.0, 16.09893798828125]",16.09893798828125,14.285714285714285,16.09893798828125,10.883333333333454,0,1,0,148.61423048550932,1.609893798828125e-05,653,1,0
235,10,54,0,0,1,16.071216038295198,"[0.0, 16.071216038295198]",16.071216038295198,14.285714285714285,16.071216038295198,9.600000000000056,0,1,0,150.30836984561756,1.6071216038295196e-05,576,1,0
235,11,30,0,0,1,15.862279619489398,"[0.0, 15.862279619489398]",15.862279619489398,14.285714285714285,15.862279619489398,9.066666666666697,0,1,0,143.98235757648945,1.58622796194894e-05,544,1,0
235,12,36,0,0,1,15.824492318289622,"[0.0, 15.824492318289622]",15.824492318289622,14.285714285714285,15.824492318289622,9.850000000000069,0,1,0,148.97220872127946,1.582449231828962e-05,591,1,0
235,13,45,0,0,1,15.78125544956752,"[0.0, 15.78125544956752]",15.78125544956752,14.285714285714285,15.78125544956752,9.083333333333364,0,1,0,144.16017133370042,1.5781255449567522e-05,545,1,0
235,14,25,0,0,1,15.763342721121651,"[0.0, 15.763342721121651]",15.763342721121651,14.285714285714285,15.763342721121651,9.766666666666731,0,1,0,146.2939521379667,1.5763342721121652e-05,586,1,0
235,15,24,0,0,1,15.755228315080917,"[0.0, 15.755228315080917]",15.755228315080917,14.285714285714285,15.755228315080917,10.133333333333416,0,1,0,151.12002570923505,1.5755228315080916e-05,608,1,0
235,16,60,0,0,1,15.713996887207033,"[0.0, 15.713996887207033]",15.713996887207033,14.285714285714285,15.713996887207033,10.383333333333429,0,1,0,149.0086407412964,1.5713996887207034e-05,623,1,0
235,17,28,0,0,1,15.478417532784597,"[0.0, 15.478417532784597]",15.478417532784597,14.285714285714285,15.478417532784597,10.633333333333441,0,1,0,149.96265534516715,1.54784175327846e-05,638,1,0
235,18,23,0,0,1,15.445191519601003,"[0.0, 15.445191519601003]",15.445191519601003,14.285714285714285,15.445191519601003,8.58333333333334,0,1,0,141.45386376604438,1.5445191519601002e-05,515,1,0
235,19,46,0,0,1,15.240892682756696,"[0.0, 15.240892682756696]",15.240892682756696,14.285714285714285,15.240892682756696,10.600000000000106,0,1,0,145.43816274317214,1.5240892682756696e-05,636,1,0
235,20,18,0,0,1,14.42767551967076,"[0.0, 14.42767551967076]",14.42767551967076,14.285714285714285,14.42767551967076,10.400000000000096,0,1,0,144.08342155562423,1.442767551967076e-05,624,1,0
235,21,11,0,0,1,14.345932006835938,"[0.0, 14.345932006835938]",14.345932006835938,14.285714285714285,14.345932006835938,10.000000000000076,0,1,0,142.89510660127416,1.4345932006835937e-05,600,1,0
235,22,57,0,0,1,12.857142857142856,"[0.0, 12.857142857142856]",12.857142857142856,11.428571428571429,12.857142857142856,9.716666666666729,0,1,0,129.5020336453381,1.2857142857142856e-05,583,1,0
235,23,37,0,0,1,11.519628252301898,"[0.0, 11.519628252301898]",11.519628252301898,11.428571428571429,11.519628252301898,8.816666666666684,0,1,0,111.80691624448082,1.1519628252301898e-05,529,1,0
235,24,10,0,0,1,11.491001674107142,"[0.0, 11.491001674107142]",11.491001674107142,11.428571428571429,11.491001674107142,8.18333333333332,0,1,0,111.22358226031065,1.1491001674107143e-05,491,1,0
235,25,16,0,0,1,11.417285374232701,"[0.0, 11.417285374232701]",11.417285374232701,8.571428571428571,11.417285374232701,9.1166666666667,0,1,0,111.16893304013502,1.14172853742327e-05,547,1,0
235,26,51,0,0,1,11.266942705426896,"[0.0, 11.266942705426896]",11.266942705426896,8.571428571428571,11.266942705426896,9.350000000000044,0,1,0,109.49476816691458,1.1266942705426896e-05,561,1,0
235,27,52,0,0,1,11.210139138357981,"[0.0, 11.210139138357981]",11.210139138357981,8.571428571428571,11.210139138357981,5.866666666666651,0,1,0,102.34711733460426,1.1210139138357981e-05,352,1,0
235,28,58,0,0,1,11.200253622872488,"[0.0, 11.200253622872488]",11.200253622872488,8.571428571428571,11.200253622872488,7.766666666666644,0,1,0,104.15114310383797,1.1200253622872488e-05,466,1,0
235,29,48,0,0,1,11.142052241734095,"[0.0, 11.142052241734095]",11.142052241734095,8.571428571428571,11.142052241734095,7.699999999999978,0,1,0,102.73086129687726,1.1142052241734096e-05,462,1,0
235,30,17,0,0,1,10.67108154296875,"[0.0, 10.67108154296875]",10.67108154296875,8.571428571428571,10.67108154296875,8.349999999999994,0,1,0,101.2325343218181,1.067108154296875e-05,501,1,0
235,31,61,0,0,1,10.611119951520648,"[0.0, 10.611119951520648]",10.611119951520648,8.571428571428571,10.611119951520648,6.566666666666649,0,1,0,98.86217182129622,1.0611119951520647e-05,394,1,0
235,32,31,0,0,1,10.570212772914342,"[0.0, 10.570212772914342]",10.570212772914342,8.571428571428571,10.570212772914342,6.16666666666665,0,1,0,99.03534592688084,1.0570212772914343e-05,370,1,0
235,33,62,0,0,0,10.549545288085938,"[0.0, 10.549545288085938]",10.549545288085938,8.571428571428571,10.549545288085938,5.649999999999985,0,1,0,94.83644896745682,1.0549545288085937e-05,339,1,0
235,34,63,0,0,0,10.416979108537946,"[0.0, 10.416979108537946]",10.416979108537946,8.571428571428571,10.416979108537946,5.999999999999984,0,1,0,96.45033077895641,1.0416979108537946e-05,360,1,0
235,35,42,0,0,0,10.358061109270368,"[0.0, 10.358061109270368]",10.358061109270368,8.571428571428571,10.358061109270368,5.633333333333319,0,1,0,98.08164675533772,1.0358061109270367e-05,338,1,0
235,36,53,0,0,0,10.090152195521764,"[0.0, 10.090152195521764]",10.090152195521764,8.571428571428571,10.090152195521764,7.649999999999978,0,1,0,101.45929154753685,1.0090152195521765e-05,459,1,0
235,37,44,0,0,0,9.858210427420481,"[0.0, 9.858210427420481]",9.858210427420481,8.571428571428571,9.858210427420481,6.133333333333317,0,1,0,94.66387637704611,9.858210427420481e-06,368,1,0
235,38,47,0,0,0,9.774630410330635,"[0.0, 9.774630410330635]",9.774630410330635,8.571428571428571,9.774630410330635,6.566666666666649,0,1,0,95.3244876563549,9.774630410330635e-06,394,1,0
235,39,20,0,0,0,9.749674115862165,"[0.0, 9.749674115862165]",9.749674115862165,8.571428571428571,9.749674115862165,5.449999999999986,0,1,0,94.40077893435955,9.749674115862165e-06,327,1,0
235,40,39,0,0,0,9.649881635393415,"[0.0, 9.649881635393415]",9.649881635393415,8.571428571428571,9.649881635393415,5.499999999999986,0,1,0,90.63917143642902,9.649881635393416e-06,330,1,0
235,41,41,0,0,0,9.635538373674665,"[0.0, 9.635538373674665]",9.635538373674665,8.571428571428571,9.635538373674665,5.466666666666653,0,1,0,93.15736973285675,9.635538373674665e-06,328,1,0
235,42,40,0,0,0,9.600157056535993,"[0.0, 9.600157056535993]",9.600157056535993,8.571428571428571,9.600157056535993,5.6833333333333185,0,1,0,93.4249298274517,9.600157056535992e-06,341,1,0
235,43,35,0,0,0,9.413010733468193,"[0.0, 9.413010733468193]",9.413010733468193,8.571428571428571,9.413010733468193,5.433333333333319,0,1,0,91.78722168505192,9.413010733468193e-06,326,1,0
235,44,26,0,0,0,9.136581420898438,"[0.0, 9.136581420898438]",9.136581420898438,8.571428571428571,9.136581420898438,5.316666666666653,0,1,0,88.99624168872833,9.136581420898437e-06,319,1,0
235,45,32,0,0,0,8.87594495500837,"[0.0, 8.87594495500837]",8.87594495500837,8.571428571428571,8.87594495500837,5.199999999999987,0,1,0,87.13965265452862,8.87594495500837e-06,312,1,0
235,46,38,0,0,0,8.806961604527066,"[0.0, 8.806961604527066]",8.806961604527066,8.571428571428571,8.806961604527066,8.033333333333312,0,1,0,76.51575162218796,8.806961604527066e-06,482,1,0
235,47,9,0,0,0,8.531197139195033,"[0.0, 8.531197139195033]",8.531197139195033,5.714285714285714,8.531197139195033,7.599999999999978,0,1,0,65.38119871496747,8.531197139195032e-06,456,1,0
235,48,14,0,0,0,8.517137254987444,"[0.0, 8.517137254987444]",8.517137254987444,5.714285714285714,8.517137254987444,8.399999999999997,0,1,0,67.8370488119981,8.517137254987444e-06,504,1,0
235,49,34,0,0,0,8.465567997523717,"[0.0, 8.465567997523717]",8.465567997523717,5.714285714285714,8.465567997523717,7.449999999999979,0,1,0,63.919930698306416,8.465567997523718e-06,447,1,0
235,50,27,0,0,0,7.7782358442034045,"[0.0, 7.7782358442034045]",7.7782358442034045,5.714285714285714,7.7782358442034045,4.983333333333321,0,1,0,78.18170100450516,7.778235844203405e-06,299,1,0
235,51,12,0,0,0,6.508478437151227,"[0.0, 6.508478437151227]",6.508478437151227,5.714285714285714,6.508478437151227,7.433333333333312,0,1,0,58.985150256659836,6.508478437151228e-06,446,1,0
235,52,19,0,0,0,6.44145965576172,"[0.0, 6.44145965576172]",6.44145965576172,5.714285714285714,6.44145965576172,7.366666666666646,0,1,0,58.58164367193967,6.44145965576172e-06,442,1,0
235,53,55,0,0,0,6.390484401157924,"[0.0, 6.390484401157924]",6.390484401157924,5.714285714285714,6.390484401157924,7.366666666666646,0,1,0,58.581356156362745,6.390484401157924e-06,442,1,0
235,54,13,0,0,0,6.348947797502791,"[0.0, 6.348947797502791]",6.348947797502791,5.714285714285714,6.348947797502791,7.366666666666646,0,1,0,58.58130262548366,6.348947797502791e-06,442,1,0
235,55,50,0,0,0,6.33223397391183,"[0.0, 6.33223397391183]",6.33223397391183,5.714285714285714,6.33223397391183,7.366666666666646,0,1,0,58.58148945625726,6.33223397391183e-06,442,1,0
235,56,49,0,0,0,6.311454772949218,"[0.0, 6.311454772949218]",6.311454772949218,5.714285714285714,6.311454772949218,7.366666666666646,0,1,0,58.58171140636114,6.311454772949218e-06,442,1,0
235,57,21,0,0,0,6.310135977608818,"[0.0, 6.310135977608818]",6.310135977608818,5.714285714285714,6.310135977608818,7.366666666666646,0,1,0,58.48402122115658,6.310135977608818e-06,442,1,0
235,58,22,0,0,0,6.288893563406808,"[0.0, 6.288893563406808]",6.288893563406808,5.714285714285714,6.288893563406808,7.366666666666646,0,1,0,58.58110518290778,6.288893563406808e-06,442,1,0
235,59,8,0,0,0,6.257182529994419,"[0.0, 6.257182529994419]",6.257182529994419,5.714285714285714,6.257182529994419,7.366666666666646,0,1,0,58.581578032739344,6.25718252999442e-06,442,1,0
235,60,29,0,0,0,6.1376462663922995,"[0.0, 6.1376462663922995]",6.1376462663922995,5.714285714285714,6.1376462663922995,7.316666666666646,0,1,0,57.551202091854066,6.137646266392299e-06,439,1,0
235,61,33,0,0,0,6.1095973423549115,"[0.0, 6.1095973423549115]",6.1095973423549115,5.714285714285714,6.1095973423549115,7.316666666666646,0,1,0,57.54853587575781,6.109597342354912e-06,439,1,0
235,62,43,0,0,0,5.4117584228515625,"[0.0, 5.4117584228515625]",5.4117584228515625,2.857142857142857,5.4117584228515625,3.21666666666666,0,1,0,47.695988580584526,5.411758422851563e-06,193,1,0
235,63,15,0,0,0,5.272440229143415,"[0.0, 5.272440229143415]",5.272440229143415,2.857142857142857,5.272440229143415,6.383333333333316,0,1,0,48.16104922423983,5.272440229143415e-06,383,1,0
235,64,56,0,0,0,2.552893502371652,"[0.0, 2.552893502371652]",2.552893502371652,0.0,2.552893502371652,4.3666666666666565,0,1,0,18.457773982692743,2.552893502371652e-06,262,1,0
236,1,61,0,1,1,16.6093499319894,"[0.0, 16.6093499319894]",16.6093499319894,14.285714285714285,16.6093499319894,11.100000000000131,0,1,0,154.73660240633762,1.66093499319894e-05,666,1,0
236,2,0,0,1,1,16.37524196079799,"[0.0, 16.37524196079799]",16.37524196079799,14.285714285714285,16.37524196079799,10.016666666666744,0,1,0,151.82105824040627,1.637524196079799e-05,601,1,0
236,3,1,0,1,1,16.24498094831194,"[0.0, 16.24498094831194]",16.24498094831194,14.285714285714285,16.24498094831194,9.433333333333382,0,1,0,150.67706348188221,1.624498094831194e-05,566,1,0
236,4,2,0,1,1,16.226822989327566,"[0.0, 16.226822989327566]",16.226822989327566,14.285714285714285,16.226822989327566,9.416666666666714,0,1,0,147.25881857890636,1.6226822989327566e-05,565,1,0
236,5,3,0,1,1,16.20070321219308,"[0.0, 16.20070321219308]",16.20070321219308,14.285714285714285,16.20070321219308,9.950000000000074,0,1,0,150.5788716637835,1.620070321219308e-05,597,1,0
236,6,4,0,1,1,16.159286499023438,"[0.0, 16.159286499023438]",16.159286499023438,14.285714285714285,16.159286499023438,10.166666666666751,0,1,0,151.08131103743654,1.6159286499023438e-05,610,1,0
236,7,5,0,1,1,16.147052219935826,"[0.0, 16.147052219935826]",16.147052219935826,14.285714285714285,16.147052219935826,9.666666666666726,0,1,0,149.02901795632351,1.6147052219935827e-05,580,1,0
236,8,6,0,1,1,16.134163992745535,"[0.0, 16.134163992745535]",16.134163992745535,14.285714285714285,16.134163992745535,9.833333333333401,0,1,0,150.7844099543654,1.6134163992745536e-05,590,1,0
236,9,7,0,0,1,16.11116681780134,"[0.0, 16.11116681780134]",16.11116681780134,14.285714285714285,16.11116681780134,9.466666666666717,0,1,0,149.59969844296575,1.611116681780134e-05,568,1,0
236,10,52,0,0,1,16.041548592703684,"[0.0, 16.041548592703684]",16.041548592703684,14.285714285714285,16.041548592703684,9.816666666666734,0,1,0,150.16504910693766,1.6041548592703685e-05,589,1,0
236,11,59,0,0,1,15.997794015066965,"[0.0, 15.997794015066965]",15.997794015066965,14.285714285714285,15.997794015066965,9.500000000000052,0,1,0,146.7810698102694,1.5997794015066966e-05,570,1,0
236,12,63,0,0,1,15.992584228515625,"[0.0, 15.992584228515625]",15.992584228515625,14.285714285714285,15.992584228515625,9.250000000000039,0,1,0,148.1789736783394,1.5992584228515624e-05,555,1,0
236,13,10,0,0,1,15.940818786621094,"[0.0, 15.940818786621094]",15.940818786621094,14.285714285714285,15.940818786621094,9.850000000000069,0,1,0,145.5694659411165,1.5940818786621095e-05,591,1,0
236,14,44,0,0,1,15.933222089494977,"[0.0, 15.933222089494977]",15.933222089494977,14.285714285714285,15.933222089494977,9.966666666666741,0,1,0,148.62629800655122,1.593322208949498e-05,598,1,0
236,15,11,0,0,1,15.861037118094309,"[0.0, 15.861037118094309]",15.861037118094309,14.285714285714285,15.861037118094309,10.433333333333431,0,1,0,149.18111278564174,1.586103711809431e-05,626,1,0
236,16,37,0,0,1,15.75249808175223,"[0.0, 15.75249808175223]",15.75249808175223,14.285714285714285,15.75249808175223,9.550000000000054,0,1,0,144.51221696937864,1.5752498081752232e-05,573,1,0
236,17,25,0,0,1,15.750885009765625,"[0.0, 15.750885009765625]",15.750885009765625,14.285714285714285,15.750885009765625,9.716666666666729,0,1,0,147.34531436699035,1.5750885009765623e-05,583,1,0
236,18,23,0,0,1,15.746198381696427,"[0.0, 15.746198381696427]",15.746198381696427,14.285714285714285,15.746198381696427,9.733333333333396,0,1,0,145.2033983913716,1.5746198381696427e-05,584,1,0
236,19,56,0,0,1,15.696296691894531,"[0.0, 15.696296691894531]",15.696296691894531,14.285714285714285,15.696296691894531,8.883333333333354,0,1,0,139.00160600990057,1.5696296691894533e-05,533,1,0
236,20,39,0,0,1,15.690367562430247,"[0.0, 15.690367562430247]",15.690367562430247,14.285714285714285,15.690367562430247,9.733333333333396,0,1,0,150.20338131846074,1.5690367562430247e-05,584,1,0
236,21,18,0,0,1,15.623604910714286,"[0.0, 15.623604910714286]",15.623604910714286,14.285714285714285,15.623604910714286,11.000000000000126,0,1,0,143.39574996588635,1.5623604910714285e-05,660,1,0
236,22,53,0,0,1,15.562749590192523,"[0.0, 15.562749590192523]",15.562749590192523,14.285714285714285,15.562749590192523,10.450000000000099,0,1,0,145.88207536159462,1.5562749590192524e-05,627,1,0
236,23,15,0,0,1,15.353785923549108,"[0.0, 15.353785923549108]",15.353785923549108,14.285714285714285,15.353785923549108,8.266666666666657,0,1,0,139.43855917453766,1.5353785923549107e-05,496,1,0
236,24,35,0,0,1,15.334570748465401,"[0.0, 15.334570748465401]",15.334570748465401,14.285714285714285,15.334570748465401,9.983333333333409,0,1,0,142.1661700959521,1.5334570748465402e-05,599,1,0
236,25,32,0,0,1,15.199732099260602,"[0.0, 15.199732099260602]",15.199732099260602,14.285714285714285,15.199732099260602,10.016666666666744,0,1,0,144.8364155245581,1.5199732099260603e-05,601,1,0
236,26,46,0,0,1,15.07209232875279,"[0.0, 15.07209232875279]",15.07209232875279,14.285714285714285,15.07209232875279,10.200000000000086,0,1,0,143.36653151329665,1.507209232875279e-05,612,1,0
236,27,54,0,0,1,15.06495339529855,"[0.0, 15.06495339529855]",15.06495339529855,14.285714285714285,15.06495339529855,8.483333333333334,0,1,0,137.29755902662873,1.506495339529855e-05,509,1,0
236,28,47,0,0,1,11.555865151541573,"[0.0, 11.555865151541573]",11.555865151541573,11.428571428571429,11.555865151541573,7.799999999999978,0,1,0,106.95817128196359,1.1555865151541573e-05,468,1,0
236,29,27,0,0,1,11.485230582101003,"[0.0, 11.485230582101003]",11.485230582101003,11.428571428571429,11.485230582101003,8.166666666666652,0,1,0,107.83240614458919,1.1485230582101003e-05,490,1,0
236,30,21,0,0,1,11.195839473179408,"[0.0, 11.195839473179408]",11.195839473179408,8.571428571428571,11.195839473179408,4.599999999999989,0,1,0,97.47502712905407,1.1195839473179408e-05,276,1,0
236,31,14,0,0,1,11.032494136265345,"[0.0, 11.032494136265345]",11.032494136265345,8.571428571428571,11.032494136265345,5.733333333333318,0,1,0,99.30606038868427,1.1032494136265345e-05,344,1,0
236,32,38,0,0,1,10.947216578892299,"[0.0, 10.947216578892299]",10.947216578892299,8.571428571428571,10.947216578892299,5.783333333333318,0,1,0,97.04640650749207,1.0947216578892299e-05,347,1,0
236,33,48,0,0,0,10.927510942731585,"[0.0, 10.927510942731585]",10.927510942731585,8.571428571428571,10.927510942731585,7.416666666666646,0,1,0,98.89673551544547,1.0927510942731586e-05,445,1,0
236,34,31,0,0,0,10.73108400617327,"[0.0, 10.73108400617327]",10.73108400617327,8.571428571428571,10.73108400617327,6.9999999999999805,0,1,0,102.79575202614069,1.073108400617327e-05,420,1,0
236,35,20,0,0,0,10.442439488002233,"[0.0, 10.442439488002233]",10.442439488002233,8.571428571428571,10.442439488002233,6.26666666666665,0,1,0,98.0364366620779,1.0442439488002232e-05,376,1,0
236,36,29,0,0,0,10.169999258858816,"[0.0, 10.169999258858816]",10.169999258858816,8.571428571428571,10.169999258858816,5.499999999999986,0,1,0,95.12694253027439,1.0169999258858817e-05,330,1,0
236,37,57,0,0,0,10.111958639962333,"[0.0, 10.111958639962333]",10.111958639962333,8.571428571428571,10.111958639962333,5.883333333333318,0,1,0,98.21450926363468,1.0111958639962334e-05,353,1,0
236,38,34,0,0,0,9.875883374895368,"[0.0, 9.875883374895368]",9.875883374895368,8.571428571428571,9.875883374895368,6.549999999999982,0,1,0,93.62858261913061,9.875883374895368e-06,393,1,0
236,39,43,0,0,0,9.875052315848214,"[0.0, 9.875052315848214]",9.875052315848214,8.571428571428571,9.875052315848214,5.399999999999986,0,1,0,93.44071787595749,9.875052315848213e-06,324,1,0
236,40,62,0,0,0,9.777597699846542,"[0.0, 9.777597699846542]",9.777597699846542,8.571428571428571,9.777597699846542,5.516666666666652,0,1,0,91.46404542028904,9.777597699846542e-06,331,1,0
236,41,16,0,0,0,9.69433375767299,"[0.0, 9.69433375767299]",9.69433375767299,8.571428571428571,9.69433375767299,5.749999999999985,0,1,0,94.48840294778347,9.694333757672989e-06,345,1,0
236,42,8,0,0,0,9.671287536621094,"[0.0, 9.671287536621094]",9.671287536621094,8.571428571428571,9.671287536621094,5.449999999999986,0,1,0,92.78464068472385,9.671287536621094e-06,327,1,0
236,43,17,0,0,0,9.666895185198102,"[0.0, 9.666895185198102]",9.666895185198102,8.571428571428571,9.666895185198102,5.749999999999985,0,1,0,90.32854595035315,9.666895185198103e-06,345,1,0
236,44,22,0,0,0,9.449419294084821,"[0.0, 9.449419294084821]",9.449419294084821,8.571428571428571,9.449419294084821,5.349999999999986,0,1,0,90.0198922008276,9.449419294084821e-06,321,1,0
236,45,49,0,0,0,9.181943620954241,"[0.0, 9.181943620954241]",9.181943620954241,8.571428571428571,9.181943620954241,5.366666666666653,0,1,0,90.02976721525192,9.181943620954241e-06,322,1,0
236,46,41,0,0,0,8.917519705636161,"[0.0, 8.917519705636161]",8.917519705636161,8.571428571428571,8.917519705636161,8.433333333333332,0,1,0,76.42363948387356,8.917519705636161e-06,506,1,0
236,47,55,0,0,0,8.840059552873884,"[0.0, 8.840059552873884]",8.840059552873884,8.571428571428571,8.840059552873884,5.28333333333332,0,1,0,86.40762263536453,8.840059552873883e-06,317,1,0
236,48,60,0,0,0,8.527962820870535,"[0.0, 8.527962820870535]",8.527962820870535,5.714285714285714,8.527962820870535,5.13333333333332,0,1,0,84.01772651076317,8.527962820870535e-06,308,1,0
236,49,45,0,0,0,8.302061898367745,"[0.0, 8.302061898367745]",8.302061898367745,5.714285714285714,8.302061898367745,6.816666666666648,0,1,0,58.59172938010306,8.302061898367745e-06,409,1,0
236,50,13,0,0,0,8.256391797746932,"[0.0, 8.256391797746932]",8.256391797746932,5.714285714285714,8.256391797746932,10.850000000000119,0,1,0,70.2420787564406,8.256391797746932e-06,651,1,0
236,51,26,0,0,0,6.983217511858259,"[0.0, 6.983217511858259]",6.983217511858259,5.714285714285714,6.983217511858259,2.716666666666662,0,1,0,63.859043568372726,6.983217511858259e-06,163,1,0
236,52,42,0,0,0,6.558058602469307,"[0.0, 6.558058602469307]",6.558058602469307,5.714285714285714,6.558058602469307,7.5499999999999785,0,1,0,60.3698178348277,6.558058602469307e-06,453,1,0
236,53,50,0,0,0,6.469154357910156,"[0.0, 6.469154357910156]",6.469154357910156,5.714285714285714,6.469154357910156,7.366666666666646,0,1,0,58.581807095746626,6.4691543579101566e-06,442,1,0
236,54,19,0,0,0,6.430511474609375,"[0.0, 6.430511474609375]",6.430511474609375,5.714285714285714,6.430511474609375,7.366666666666646,0,1,0,58.5815065087736,6.430511474609375e-06,442,1,0
236,55,30,0,0,0,6.412860325404576,"[0.0, 6.412860325404576]",6.412860325404576,5.714285714285714,6.412860325404576,7.366666666666646,0,1,0,58.730618893765495,6.412860325404576e-06,442,1,0
236,56,9,0,0,0,6.37986319405692,"[0.0, 6.37986319405692]",6.37986319405692,5.714285714285714,6.37986319405692,7.366666666666646,0,1,0,58.58142591675278,6.37986319405692e-06,442,1,0
236,57,40,0,0,0,6.317776271275112,"[0.0, 6.317776271275112]",6.317776271275112,5.714285714285714,6.317776271275112,7.366666666666646,0,1,0,58.35407657711767,6.317776271275112e-06,442,1,0
236,58,51,0,0,0,6.317291259765626,"[0.0, 6.317291259765626]",6.317291259765626,5.714285714285714,6.317291259765626,7.366666666666646,0,1,0,58.581418272027804,6.317291259765626e-06,442,1,0
236,59,12,0,0,0,6.300713675362724,"[0.0, 6.300713675362724]",6.300713675362724,5.714285714285714,6.300713675362724,7.366666666666646,0,1,0,58.58192267985578,6.300713675362724e-06,442,1,0
236,60,28,0,0,0,6.2957763671875,"[0.0, 6.2957763671875]",6.2957763671875,5.714285714285714,6.2957763671875,7.366666666666646,0,1,0,58.60221479667962,6.2957763671875e-06,442,1,0
236,61,33,0,0,0,3.0254854474748885,"[0.0, 3.0254854474748885]",3.0254854474748885,2.857142857142857,3.0254854474748885,2.883333333333328,0,1,0,21.95869062570273,3.0254854474748885e-06,173,1,0
236,62,24,0,0,0,2.8224073137555803,"[0.0, 2.8224073137555803]",2.8224073137555803,0.0,2.8224073137555803,5.049999999999987,0,1,0,40.69656607604702,2.82240731375558e-06,303,1,0
236,63,58,0,0,0,2.2302191598074774,"[0.0, 2.2302191598074774]",2.2302191598074774,0.0,2.2302191598074774,5.016666666666654,0,1,0,9.883588236582,2.2302191598074773e-06,301,1,0
236,64,36,0,0,0,2.1061379568917413,"[0.0, 2.1061379568917413]",2.1061379568917413,0.0,2.1061379568917413,5.016666666666654,0,1,0,7.70620602623967,2.106137956891741e-06,301,1,0
237,1,0,0,1,1,16.6093499319894,"[0.0, 16.6093499319894]",16.6093499319894,14.285714285714285,16.6093499319894,11.100000000000131,0,1,0,154.73660240633762,1.66093499319894e-05,666,1,0
237,2,1,0,1,1,16.37524196079799,"[0.0, 16.37524196079799]",16.37524196079799,14.285714285714285,16.37524196079799,10.016666666666744,0,1,0,151.82105824040627,1.637524196079799e-05,601,1,0
237,3,51,0,1,1,16.35500771658761,"[0.0, 16.35500771658761]",16.35500771658761,14.285714285714285,16.35500771658761,9.983333333333409,0,1,0,152.03839423423778,1.635500771658761e-05,599,1,0
237,4,2,0,1,1,16.24498094831194,"[0.0, 16.24498094831194]",16.24498094831194,14.285714285714285,16.24498094831194,9.433333333333382,0,1,0,150.67706348188221,1.624498094831194e-05,566,1,0
237,5,3,0,1,1,16.226822989327566,"[0.0, 16.226822989327566]",16.226822989327566,14.285714285714285,16.226822989327566,9.416666666666714,0,1,0,147.25881857890636,1.6226822989327566e-05,565,1,0
237,6,4,0,1,1,16.20070321219308,"[0.0, 16.20070321219308]",16.20070321219308,14.285714285714285,16.20070321219308,9.950000000000074,0,1,0,150.5788716637835,1.620070321219308e-05,597,1,0
237,7,49,0,1,1,16.19220733642578,"[0.0, 16.19220733642578]",16.19220733642578,14.285714285714285,16.19220733642578,10.050000000000079,0,1,0,151.52056514802098,1.6192207336425782e-05,603,1,0
237,8,9,0,1,1,16.189046587262833,"[0.0, 16.189046587262833]",16.189046587262833,14.285714285714285,16.189046587262833,10.066666666666746,0,1,0,151.68971062535275,1.6189046587262833e-05,604,1,0
237,9,5,0,0,1,16.159286499023438,"[0.0, 16.159286499023438]",16.159286499023438,14.285714285714285,16.159286499023438,10.166666666666751,0,1,0,151.08131103743654,1.6159286499023438e-05,610,1,0
237,10,6,0,0,1,16.147052219935826,"[0.0, 16.147052219935826]",16.147052219935826,14.285714285714285,16.147052219935826,9.666666666666726,0,1,0,149.02901795632351,1.6147052219935827e-05,580,1,0
237,11,7,0,0,1,16.134163992745535,"[0.0, 16.134163992745535]",16.134163992745535,14.285714285714285,16.134163992745535,9.833333333333401,0,1,0,150.7844099543654,1.6134163992745536e-05,590,1,0
237,12,22,0,0,1,16.130534580775667,"[0.0, 16.130534580775667]",16.130534580775667,14.285714285714285,16.130534580775667,9.500000000000052,0,1,0,147.71663968691428,1.6130534580775666e-05,570,1,0
237,13,11,0,0,1,16.04793003627232,"[0.0, 16.04793003627232]",16.04793003627232,14.285714285714285,16.04793003627232,11.783333333333498,0,1,0,150.315133175136,1.604793003627232e-05,707,1,0
237,14,34,0,0,1,15.891015189034599,"[0.0, 15.891015189034599]",15.891015189034599,14.285714285714285,15.891015189034599,10.733333333333446,0,1,0,150.61357987474912,1.5891015189034598e-05,644,1,0
237,15,39,0,0,1,15.879805428641184,"[0.0, 15.879805428641184]",15.879805428641184,14.285714285714285,15.879805428641184,9.950000000000074,0,1,0,149.91508716016688,1.5879805428641183e-05,597,1,0
237,16,21,0,0,1,15.843571254185267,"[0.0, 15.843571254185267]",15.843571254185267,14.285714285714285,15.843571254185267,10.033333333333411,0,1,0,146.4914639888375,1.5843571254185266e-05,602,1,0
237,17,47,0,0,1,15.838764735630582,"[0.0, 15.838764735630582]",15.838764735630582,14.285714285714285,15.838764735630582,9.950000000000074,0,1,0,142.44102887361078,1.583876473563058e-05,597,1,0
237,18,44,0,0,1,15.793675013950892,"[0.0, 15.793675013950892]",15.793675013950892,14.285714285714285,15.793675013950892,10.716666666666779,0,1,0,147.20586410334363,1.5793675013950893e-05,643,1,0
237,19,50,0,0,1,15.747299194335938,"[0.0, 15.747299194335938]",15.747299194335938,14.285714285714285,15.747299194335938,9.550000000000054,0,1,0,147.09661659406265,1.5747299194335936e-05,573,1,0
237,20,18,0,0,1,15.694258553641182,"[0.0, 15.694258553641182]",15.694258553641182,14.285714285714285,15.694258553641182,9.166666666666702,0,1,0,138.54557499289513,1.5694258553641183e-05,550,1,0
237,21,43,0,0,1,15.629512241908483,"[0.0, 15.629512241908483]",15.629512241908483,14.285714285714285,15.629512241908483,9.483333333333384,0,1,0,143.41024921805365,1.5629512241908483e-05,569,1,0
237,22,28,0,0,1,15.592853001185825,"[0.0, 15.592853001185825]",15.592853001185825,14.285714285714285,15.592853001185825,8.71666666666668,0,1,0,140.84358666092157,1.5592853001185825e-05,523,1,0
237,23,40,0,0,1,15.532896859305245,"[0.0, 15.532896859305245]",15.532896859305245,14.285714285714285,15.532896859305245,8.883333333333354,0,1,0,141.63792161643505,1.5532896859305246e-05,533,1,0
237,24,16,0,0,1,15.463790893554688,"[0.0, 15.463790893554688]",15.463790893554688,14.285714285714285,15.463790893554688,9.866666666666736,0,1,0,145.47776983540825,1.546379089355469e-05,592,1,0
237,25,30,0,0,1,15.463698250906807,"[0.0, 15.463698250906807]",15.463698250906807,14.285714285714285,15.463698250906807,10.383333333333429,0,1,0,149.67349892063794,1.5463698250906806e-05,623,1,0
237,26,14,0,0,1,15.385949271065849,"[0.0, 15.385949271065849]",15.385949271065849,14.285714285714285,15.385949271065849,10.650000000000109,0,1,0,148.04080574561522,1.538594927106585e-05,639,1,0
237,27,46,0,0,1,15.342254638671877,"[0.0, 15.342254638671877]",15.342254638671877,14.285714285714285,15.342254638671877,9.883333333333404,0,1,0,144.57085298610036,1.5342254638671876e-05,593,1,0
237,28,17,0,0,1,15.335666111537389,"[0.0, 15.335666111537389]",15.335666111537389,14.285714285714285,15.335666111537389,9.416666666666714,0,1,0,144.78631712310016,1.533566611153739e-05,565,1,0
237,29,36,0,0,1,15.136239188058035,"[0.0, 15.136239188058035]",15.136239188058035,14.285714285714285,15.136239188058035,8.683333333333344,0,1,0,138.58587925694883,1.5136239188058034e-05,521,1,0
237,30,26,0,0,1,15.066255841936385,"[0.0, 15.066255841936385]",15.066255841936385,14.285714285714285,15.066255841936385,11.066666666666796,0,1,0,146.67011619546247,1.5066255841936386e-05,664,1,0
237,31,27,0,0,1,15.022735595703123,"[0.0, 15.022735595703123]",15.022735595703123,14.285714285714285,15.022735595703123,9.766666666666731,0,1,0,144.96571937831322,1.5022735595703124e-05,586,1,0
237,32,57,0,0,1,14.728671482631139,"[0.0, 14.728671482631139]",14.728671482631139,14.285714285714285,14.728671482631139,9.333333333333377,0,1,0,139.55168264944223,1.472867148263114e-05,560,1,0
237,33,41,0,0,0,13.830135890415738,"[0.0, 13.830135890415738]",13.830135890415738,11.428571428571429,13.830135890415738,8.51666666666667,0,1,0,126.71401503682137,1.3830135890415738e-05,511,1,0
237,34,55,0,0,0,11.628952026367188,"[0.0, 11.628952026367188]",11.628952026367188,11.428571428571429,11.628952026367188,9.833333333333401,0,1,0,121.04564540541469,1.1628952026367187e-05,590,1,0
237,35,54,0,0,0,11.602693285260882,"[0.0, 11.602693285260882]",11.602693285260882,11.428571428571429,11.602693285260882,7.383333333333312,0,1,0,108.30004664510489,1.1602693285260882e-05,443,1,0
237,36,35,0,0,0,11.544698987688337,"[0.0, 11.544698987688337]",11.544698987688337,11.428571428571429,11.544698987688337,7.766666666666644,0,1,0,111.34732107445598,1.1544698987688338e-05,466,1,0
237,37,56,0,0,0,11.503143310546875,"[0.0, 11.503143310546875]",11.503143310546875,11.428571428571429,11.503143310546875,7.866666666666644,0,1,0,107.97010320611298,1.1503143310546876e-05,472,1,0
237,38,61,0,0,0,11.457715715680804,"[0.0, 11.457715715680804]",11.457715715680804,11.428571428571429,11.457715715680804,7.9333333333333105,0,1,0,109.59055975824594,1.1457715715680804e-05,476,1,0
237,39,12,0,0,0,11.40394755772182,"[0.0, 11.40394755772182]",11.40394755772182,8.571428571428571,11.40394755772182,7.683333333333311,0,1,0,107.77420662343502,1.140394755772182e-05,461,1,0
237,40,15,0,0,0,10.971153804234095,"[0.0, 10.971153804234095]",10.971153804234095,8.571428571428571,10.971153804234095,6.16666666666665,0,1,0,101.10775449126959,1.0971153804234096e-05,370,1,0
237,41,38,0,0,0,10.941243852887835,"[0.0, 10.941243852887835]",10.941243852887835,8.571428571428571,10.941243852887835,6.733333333333315,0,1,0,99.27534121274948,1.0941243852887834e-05,404,1,0
237,42,10,0,0,0,10.590741293770927,"[0.0, 10.590741293770927]",10.590741293770927,8.571428571428571,10.590741293770927,6.9999999999999805,0,1,0,99.270567715168,1.0590741293770927e-05,420,1,0
237,43,32,0,0,0,10.501289367675781,"[0.0, 10.501289367675781]",10.501289367675781,8.571428571428571,10.501289367675781,5.916666666666651,0,1,0,100.29301615059376,1.0501289367675781e-05,355,1,0
237,44,13,0,0,0,10.258895329066684,"[0.0, 10.258895329066684]",10.258895329066684,8.571428571428571,10.258895329066684,6.5333333333333155,0,1,0,99.43712346255779,1.0258895329066685e-05,392,1,0
237,45,25,0,0,0,10.162467956542969,"[0.0, 10.162467956542969]",10.162467956542969,8.571428571428571,10.162467956542969,5.499999999999986,0,1,0,94.7557787001133,1.0162467956542968e-05,330,1,0
237,46,42,0,0,0,10.125786917550224,"[0.0, 10.125786917550224]",10.125786917550224,8.571428571428571,10.125786917550224,5.699999999999985,0,1,0,93.56035892665386,1.0125786917550225e-05,342,1,0
237,47,20,0,0,0,10.11974607195173,"[0.0, 10.11974607195173]",10.11974607195173,8.571428571428571,10.11974607195173,6.133333333333317,0,1,0,96.3196239322424,1.0119746071951729e-05,368,1,0
237,48,58,0,0,0,9.732529776436943,"[0.0, 9.732529776436943]",9.732529776436943,8.571428571428571,9.732529776436943,5.516666666666652,0,1,0,94.36397868394852,9.732529776436942e-06,331,1,0
237,49,63,0,0,0,9.631246839250837,"[0.0, 9.631246839250837]",9.631246839250837,8.571428571428571,9.631246839250837,5.466666666666653,0,1,0,93.32788047194481,9.631246839250837e-06,328,1,0
237,50,62,0,0,0,9.160496847970146,"[0.0, 9.160496847970146]",9.160496847970146,8.571428571428571,9.160496847970146,8.083333333333314,0,1,0,78.68280081046396,9.160496847970146e-06,485,1,0
237,51,53,0,0,0,8.479287283761161,"[0.0, 8.479287283761161]",8.479287283761161,5.714285714285714,8.479287283761161,8.65000000000001,0,1,0,71.38566055346018,8.479287283761162e-06,519,1,0
237,52,23,0,0,0,8.12241418021066,"[0.0, 8.12241418021066]",8.12241418021066,5.714285714285714,8.12241418021066,10.633333333333441,0,1,0,64.99610773254244,8.12241418021066e-06,638,1,0
237,53,59,0,0,0,6.46803719656808,"[0.0, 6.46803719656808]",6.46803719656808,5.714285714285714,6.46803719656808,7.366666666666646,0,1,0,58.581368682360335,6.46803719656808e-06,442,1,0
237,54,29,0,0,0,6.423546927315849,"[0.0, 6.423546927315849]",6.423546927315849,5.714285714285714,6.423546927315849,7.366666666666646,0,1,0,58.70654351527628,6.423546927315849e-06,442,1,0
237,55,60,0,0,0,6.34439195905413,"[0.0, 6.34439195905413]",6.34439195905413,5.714285714285714,6.34439195905413,7.366666666666646,0,1,0,58.581455215513415,6.34439195905413e-06,442,1,0
237,56,33,0,0,0,6.331509181431362,"[0.0, 6.331509181431362]",6.331509181431362,5.714285714285714,6.331509181431362,7.366666666666646,0,1,0,58.58146696876065,6.331509181431362e-06,442,1,0
237,57,37,0,0,0,6.330599103655134,"[0.0, 6.330599103655134]",6.330599103655134,5.714285714285714,6.330599103655134,7.316666666666646,0,1,0,57.316889936468215,6.330599103655134e-06,439,1,0
237,58,52,0,0,0,6.31049564906529,"[0.0, 6.31049564906529]",6.31049564906529,5.714285714285714,6.31049564906529,7.366666666666646,0,1,0,58.5953258557347,6.31049564906529e-06,442,1,0
237,59,19,0,0,0,6.269471304757254,"[0.0, 6.269471304757254]",6.269471304757254,5.714285714285714,6.269471304757254,7.366666666666646,0,1,0,58.5819818603195,6.269471304757254e-06,442,1,0
237,60,48,0,0,0,6.249068123953682,"[0.0, 6.249068123953682]",6.249068123953682,5.714285714285714,6.249068123953682,7.366666666666646,0,1,0,58.581337893148884,6.2490681239536826e-06,442,1,0
237,61,31,0,0,0,5.840475899832589,"[0.0, 5.840475899832589]",5.840475899832589,5.714285714285714,5.840475899832589,6.16666666666665,0,1,0,51.3658231261943,5.8404758998325895e-06,370,1,0
237,62,45,0,0,0,2.9480906895228793,"[0.0, 2.9480906895228793]",2.9480906895228793,2.857142857142857,2.9480906895228793,5.6833333333333185,0,1,0,21.65360958060046,2.948090689522879e-06,341,1,0
237,63,24,0,0,0,2.855992998395647,"[0.0, 2.855992998395647]",2.855992998395647,0.0,2.855992998395647,5.18333333333332,0,1,0,39.77080850437051,2.855992998395647e-06,311,1,0
237,64,8,0,0,0,2.8218351091657365,"[0.0, 2.8218351091657365]",2.8218351091657365,0.0,2.8218351091657365,5.499999999999986,0,1,0,41.13956749252975,2.8218351091657364e-06,330,1,0
238,1,0,0,1,1,16.6093499319894,"[0.0, 16.6093499319894]",16.6093499319894,14.285714285714285,16.6093499319894,11.100000000000131,0,1,0,154.73660240633762,1.66093499319894e-05,666,1,0
238,2,1,0,1,1,16.37524196079799,"[0.0, 16.37524196079799]",16.37524196079799,14.285714285714285,16.37524196079799,10.016666666666744,0,1,0,151.82105824040627,1.637524196079799e-05,601,1,0
238,3,2,0,1,1,16.35500771658761,"[0.0, 16.35500771658761]",16.35500771658761,14.285714285714285,16.35500771658761,9.983333333333409,0,1,0,152.03839423423778,1.635500771658761e-05,599,1,0
238,4,18,0,1,1,16.259422302246094,"[0.0, 16.259422302246094]",16.259422302246094,14.285714285714285,16.259422302246094,9.433333333333382,0,1,0,150.08071875525638,1.6259422302246095e-05,566,1,0
238,5,49,0,1,1,16.254719325474333,"[0.0, 16.254719325474333]",16.254719325474333,14.285714285714285,16.254719325474333,10.650000000000109,0,1,0,151.87910638118774,1.6254719325474332e-05,639,1,0
238,6,3,0,1,1,16.24498094831194,"[0.0, 16.24498094831194]",16.24498094831194,14.285714285714285,16.24498094831194,9.433333333333382,0,1,0,150.67706348188221,1.624498094831194e-05,566,1,0
238,7,4,0,1,1,16.226822989327566,"[0.0, 16.226822989327566]",16.226822989327566,14.285714285714285,16.226822989327566,9.416666666666714,0,1,0,147.25881857890636,1.6226822989327566e-05,565,1,0
238,8,5,0,1,1,16.20070321219308,"[0.0, 16.20070321219308]",16.20070321219308,14.285714285714285,16.20070321219308,9.950000000000074,0,1,0,150.5788716637835,1.620070321219308e-05,597,1,0
238,9,6,0,0,1,16.19220733642578,"[0.0, 16.19220733642578]",16.19220733642578,14.285714285714285,16.19220733642578,10.050000000000079,0,1,0,151.52056514802098,1.6192207336425782e-05,603,1,0
238,10,7,0,0,1,16.189046587262833,"[0.0, 16.189046587262833]",16.189046587262833,14.285714285714285,16.189046587262833,10.066666666666746,0,1,0,151.68971062535275,1.6189046587262833e-05,604,1,0
238,11,11,0,0,1,16.015314374651226,"[0.0, 16.015314374651226]",16.015314374651226,14.285714285714285,16.015314374651226,11.233333333333471,0,1,0,147.50106731845153,1.6015314374651225e-05,674,1,0
238,12,60,0,0,1,15.819718497140068,"[0.0, 15.819718497140068]",15.819718497140068,14.285714285714285,15.819718497140068,9.316666666666709,0,1,0,144.2902837265283,1.581971849714007e-05,559,1,0
238,13,46,0,0,1,15.788165501185825,"[0.0, 15.788165501185825]",15.788165501185825,14.285714285714285,15.788165501185825,9.283333333333374,0,1,0,144.69471672549844,1.5788165501185824e-05,557,1,0
238,14,34,0,0,1,15.743833269391741,"[0.0, 15.743833269391741]",15.743833269391741,14.285714285714285,15.743833269391741,9.733333333333396,0,1,0,146.959740379687,1.574383326939174e-05,584,1,0
238,15,50,0,0,1,15.687871660505023,"[0.0, 15.687871660505023]",15.687871660505023,14.285714285714285,15.687871660505023,10.166666666666751,0,1,0,149.08071087289136,1.5687871660505023e-05,610,1,0
238,16,16,0,0,1,15.622040884835378,"[0.0, 15.622040884835378]",15.622040884835378,14.285714285714285,15.622040884835378,7.9333333333333105,0,1,0,137.61438886076212,1.5622040884835377e-05,476,1,0
238,17,9,0,0,1,15.58936527797154,"[0.0, 15.58936527797154]",15.58936527797154,14.285714285714285,15.58936527797154,9.866666666666736,0,1,0,148.4529158430887,1.558936527797154e-05,592,1,0
238,18,28,0,0,1,15.585588727678571,"[0.0, 15.585588727678571]",15.585588727678571,14.285714285714285,15.585588727678571,9.800000000000066,0,1,0,148.56983685203159,1.558558872767857e-05,588,1,0
238,19,44,0,0,1,15.575670514787946,"[0.0, 15.575670514787946]",15.575670514787946,14.285714285714285,15.575670514787946,9.383333333333379,0,1,0,142.13367939781165,1.5575670514787945e-05,563,1,0
238,20,42,0,0,1,15.45290265764509,"[0.0, 15.45290265764509]",15.45290265764509,14.285714285714285,15.45290265764509,10.900000000000121,0,1,0,150.7743283576856,1.545290265764509e-05,654,1,0
238,21,38,0,0,1,15.411534990583148,"[0.0, 15.411534990583148]",15.411534990583148,14.285714285714285,15.411534990583148,9.466666666666717,0,1,0,145.89438528573373,1.5411534990583147e-05,568,1,0
238,22,56,0,0,1,15.395055498395646,"[0.0, 15.395055498395646]",15.395055498395646,14.285714285714285,15.395055498395646,10.433333333333431,0,1,0,151.17207004550437,1.5395055498395644e-05,626,1,0
238,23,22,0,0,1,15.353796822684151,"[0.0, 15.353796822684151]",15.353796822684151,14.285714285714285,15.353796822684151,9.766666666666731,0,1,0,147.39490630228102,1.535379682268415e-05,586,1,0
238,24,53,0,0,1,15.320014953613281,"[0.0, 15.320014953613281]",15.320014953613281,14.285714285714285,15.320014953613281,10.850000000000119,0,1,0,147.23761646326602,1.532001495361328e-05,651,1,0
238,25,23,0,0,1,15.231317792619977,"[0.0, 15.231317792619977]",15.231317792619977,14.285714285714285,15.231317792619977,10.616666666666774,0,1,0,147.89556011529203,1.5231317792619977e-05,637,1,0
238,26,27,0,0,1,15.211045401436943,"[0.0, 15.211045401436943]",15.211045401436943,14.285714285714285,15.211045401436943,10.383333333333429,0,1,0,146.68868699961604,1.5211045401436942e-05,623,1,0
238,27,51,0,0,1,15.081590924944196,"[0.0, 15.081590924944196]",15.081590924944196,14.285714285714285,15.081590924944196,9.700000000000061,0,1,0,139.44515004003188,1.5081590924944196e-05,582,1,0
238,28,52,0,0,1,15.075781685965403,"[0.0, 15.075781685965403]",15.075781685965403,14.285714285714285,15.075781685965403,10.783333333333449,0,1,0,147.4068581525571,1.5075781685965403e-05,647,1,0
238,29,31,0,0,1,15.027122497558592,"[0.0, 15.027122497558592]",15.027122497558592,14.285714285714285,15.027122497558592,10.033333333333411,0,1,0,144.1878381988936,1.5027122497558592e-05,602,1,0
238,30,62,0,0,1,14.965640476771764,"[0.0, 14.965640476771764]",14.965640476771764,14.285714285714285,14.965640476771764,10.783333333333449,0,1,0,147.00639252876135,1.4965640476771763e-05,647,1,0
238,31,48,0,0,1,14.946937561035156,"[0.0, 14.946937561035156]",14.946937561035156,14.285714285714285,14.946937561035156,9.650000000000059,0,1,0,144.37401768874406,1.4946937561035156e-05,579,1,0
238,32,33,0,0,1,14.626770019531248,"[0.0, 14.626770019531248]",14.626770019531248,14.285714285714285,14.626770019531248,10.750000000000114,0,1,0,143.85936097109516,1.4626770019531248e-05,645,1,0
238,33,29,0,0,0,14.40014430454799,"[0.0, 14.40014430454799]",14.40014430454799,14.285714285714285,14.40014430454799,10.716666666666779,0,1,0,136.95370694731537,1.4400144304547989e-05,643,1,0
238,34,47,0,0,0,14.056483677455356,"[0.0, 14.056483677455356]",14.056483677455356,11.428571428571429,14.056483677455356,9.433333333333382,0,1,0,130.0233951061382,1.4056483677455356e-05,566,1,0
238,35,54,0,0,0,14.005165100097654,"[0.0, 14.005165100097654]",14.005165100097654,11.428571428571429,14.005165100097654,8.666666666666677,0,1,0,116.5084111855831,1.4005165100097655e-05,520,1,0
238,36,26,0,0,0,11.583845955984932,"[0.0, 11.583845955984932]",11.583845955984932,11.428571428571429,11.583845955984932,7.183333333333313,0,1,0,106.10644114762545,1.1583845955984932e-05,431,1,0
238,37,13,0,0,0,11.278204236711776,"[0.0, 11.278204236711776]",11.278204236711776,8.571428571428571,11.278204236711776,9.600000000000056,0,1,0,110.16326698601915,1.1278204236711776e-05,576,1,0
238,38,12,0,0,0,11.166283743722099,"[0.0, 11.166283743722099]",11.166283743722099,8.571428571428571,11.166283743722099,9.400000000000047,0,1,0,109.41843632883683,1.1166283743722099e-05,564,1,0
238,39,57,0,0,0,11.125319344656807,"[0.0, 11.125319344656807]",11.125319344656807,8.571428571428571,11.125319344656807,7.24999999999998,0,1,0,104.51131369546056,1.1125319344656807e-05,435,1,0
238,40,35,0,0,0,11.063690185546875,"[0.0, 11.063690185546875]",11.063690185546875,8.571428571428571,11.063690185546875,8.433333333333332,0,1,0,108.97640117577976,1.1063690185546875e-05,506,1,0
238,41,59,0,0,0,10.707920619419644,"[0.0, 10.707920619419644]",10.707920619419644,8.571428571428571,10.707920619419644,7.9333333333333105,0,1,0,102.56824438646436,1.0707920619419644e-05,476,1,0
238,42,40,0,0,0,10.374205453055245,"[0.0, 10.374205453055245]",10.374205453055245,8.571428571428571,10.374205453055245,9.633333333333391,0,1,0,101.89418911169196,1.0374205453055245e-05,578,1,0
238,43,55,0,0,0,9.955542428152901,"[0.0, 9.955542428152901]",9.955542428152901,8.571428571428571,9.955542428152901,5.549999999999986,0,1,0,95.0940180271864,9.955542428152901e-06,333,1,0
238,44,58,0,0,0,9.705900464739118,"[0.0, 9.705900464739118]",9.705900464739118,8.571428571428571,9.705900464739118,5.466666666666653,0,1,0,93.15765553712845,9.705900464739117e-06,328,1,0
238,45,14,0,0,0,9.522895812988281,"[0.0, 9.522895812988281]",9.522895812988281,8.571428571428571,9.522895812988281,5.416666666666653,0,1,0,91.58140766620636,9.522895812988282e-06,325,1,0
238,46,24,0,0,0,9.473149435860769,"[0.0, 9.473149435860769]",9.473149435860769,8.571428571428571,9.473149435860769,8.416666666666664,0,1,0,82.89694222895196,9.473149435860769e-06,505,1,0
238,47,36,0,0,0,9.208401271275111,"[0.0, 9.208401271275111]",9.208401271275111,8.571428571428571,9.208401271275111,8.399999999999997,0,1,0,80.91422952753055,9.208401271275111e-06,504,1,0
238,48,63,0,0,0,8.844803401402064,"[0.0, 8.844803401402064]",8.844803401402064,8.571428571428571,8.844803401402064,8.433333333333332,0,1,0,75.30097763113008,8.844803401402065e-06,506,1,0
238,49,43,0,0,0,8.740637642996651,"[0.0, 8.740637642996651]",8.740637642996651,8.571428571428571,8.740637642996651,8.733333333333347,0,1,0,73.94135143107997,8.740637642996651e-06,524,1,0
238,50,17,0,0,0,8.593728201729911,"[0.0, 8.593728201729911]",8.593728201729911,8.571428571428571,8.593728201729911,5.18333333333332,0,1,0,86.01440213620663,8.593728201729911e-06,311,1,0
238,51,45,0,0,0,8.542627607073102,"[0.0, 8.542627607073102]",8.542627607073102,5.714285714285714,8.542627607073102,8.283333333333324,0,1,0,72.7797046533451,8.542627607073103e-06,497,1,0
238,52,25,0,0,0,8.532445090157644,"[0.0, 8.532445090157644]",8.532445090157644,5.714285714285714,8.532445090157644,3.9333333333333242,0,1,0,84.8729132860899,8.532445090157644e-06,236,1,0
238,53,20,0,0,0,8.415260314941406,"[0.0, 8.415260314941406]",8.415260314941406,5.714285714285714,8.415260314941406,8.04999999999998,0,1,0,66.71457121938874,8.415260314941406e-06,483,1,0
238,54,39,0,0,0,8.105062757219587,"[0.0, 8.105062757219587]",8.105062757219587,5.714285714285714,8.105062757219587,5.099999999999987,0,1,0,82.05046950280666,8.105062757219587e-06,306,1,0
238,55,30,0,0,0,6.756722586495536,"[0.0, 6.756722586495536]",6.756722586495536,5.714285714285714,6.756722586495536,2.6499999999999955,0,1,0,61.41060230135918,6.756722586495536e-06,159,1,0
238,56,41,0,0,0,6.474838256835938,"[0.0, 6.474838256835938]",6.474838256835938,5.714285714285714,6.474838256835938,7.366666666666646,0,1,0,58.74454487872572,6.474838256835939e-06,442,1,0
238,57,8,0,0,0,6.404691423688616,"[0.0, 6.404691423688616]",6.404691423688616,5.714285714285714,6.404691423688616,7.366666666666646,0,1,0,58.58178174002387,6.404691423688616e-06,442,1,0
238,58,37,0,0,0,6.30760737827846,"[0.0, 6.30760737827846]",6.30760737827846,5.714285714285714,6.30760737827846,7.366666666666646,0,1,0,58.59321324108896,6.30760737827846e-06,442,1,0
238,59,21,0,0,0,6.30608149937221,"[0.0, 6.30608149937221]",6.30608149937221,5.714285714285714,6.30608149937221,7.366666666666646,0,1,0,58.58155667535175,6.30608149937221e-06,442,1,0
238,60,10,0,0,0,6.302239554268974,"[0.0, 6.302239554268974]",6.302239554268974,5.714285714285714,6.302239554268974,7.366666666666646,0,1,0,58.581696456596546,6.302239554268974e-06,442,1,0
238,61,61,0,0,0,6.292610168457031,"[0.0, 6.292610168457031]",6.292610168457031,5.714285714285714,6.292610168457031,7.366666666666646,0,1,0,58.71950283931801,6.292610168457031e-06,442,1,0
238,62,15,0,0,0,6.289787292480469,"[0.0, 6.289787292480469]",6.289787292480469,5.714285714285714,6.289787292480469,7.366666666666646,0,1,0,58.58161395820207,6.289787292480469e-06,442,1,0
238,63,32,0,0,0,6.282321384974889,"[0.0, 6.282321384974889]",6.282321384974889,5.714285714285714,6.282321384974889,7.366666666666646,0,1,0,58.581572942304774,6.282321384974889e-06,442,1,0
238,64,19,0,0,0,6.145738874162946,"[0.0, 6.145738874162946]",6.145738874162946,5.714285714285714,6.145738874162946,7.316666666666646,0,1,0,57.994543112421525,6.145738874162946e-06,439,1,0
239,1,0,0,1,1,16.6093499319894,"[0.0, 16.6093499319894]",16.6093499319894,14.285714285714285,16.6093499319894,11.100000000000131,0,1,0,154.73660240633762,1.66093499319894e-05,666,1,0
239,2,1,0,1,1,16.37524196079799,"[0.0, 16.37524196079799]",16.37524196079799,14.285714285714285,16.37524196079799,10.016666666666744,0,1,0,151.82105824040627,1.637524196079799e-05,601,1,0
239,3,2,0,1,1,16.35500771658761,"[0.0, 16.35500771658761]",16.35500771658761,14.285714285714285,16.35500771658761,9.983333333333409,0,1,0,152.03839423423778,1.635500771658761e-05,599,1,0
239,4,45,0,1,1,16.313487461635045,"[0.0, 16.313487461635045]",16.313487461635045,14.285714285714285,16.313487461635045,9.066666666666697,0,1,0,150.48110282979906,1.6313487461635047e-05,544,1,0
239,5,3,0,1,1,16.259422302246094,"[0.0, 16.259422302246094]",16.259422302246094,14.285714285714285,16.259422302246094,9.433333333333382,0,1,0,150.08071875525638,1.6259422302246095e-05,566,1,0
239,6,4,0,1,1,16.254719325474333,"[0.0, 16.254719325474333]",16.254719325474333,14.285714285714285,16.254719325474333,10.650000000000109,0,1,0,151.87910638118774,1.6254719325474332e-05,639,1,0
239,7,5,0,1,1,16.24498094831194,"[0.0, 16.24498094831194]",16.24498094831194,14.285714285714285,16.24498094831194,9.433333333333382,0,1,0,150.67706348188221,1.624498094831194e-05,566,1,0
239,8,6,0,1,1,16.226822989327566,"[0.0, 16.226822989327566]",16.226822989327566,14.285714285714285,16.226822989327566,9.416666666666714,0,1,0,147.25881857890636,1.6226822989327566e-05,565,1,0
239,9,7,0,0,1,16.20070321219308,"[0.0, 16.20070321219308]",16.20070321219308,14.285714285714285,16.20070321219308,9.950000000000074,0,1,0,150.5788716637835,1.620070321219308e-05,597,1,0
239,10,8,0,0,1,15.930862426757814,"[0.0, 15.930862426757814]",15.930862426757814,14.285714285714285,15.930862426757814,10.900000000000121,0,1,0,148.36883061416302,1.5930862426757814e-05,654,1,0
239,11,59,0,0,1,15.89519500732422,"[0.0, 15.89519500732422]",15.89519500732422,14.285714285714285,15.89519500732422,9.500000000000052,0,1,0,145.26273550119367,1.589519500732422e-05,570,1,0
239,12,27,0,0,1,15.878530229840958,"[0.0, 15.878530229840958]",15.878530229840958,14.285714285714285,15.878530229840958,8.750000000000014,0,1,0,141.47260500863194,1.587853022984096e-05,525,1,0
239,13,35,0,0,1,15.842443193708148,"[0.0, 15.842443193708148]",15.842443193708148,14.285714285714285,15.842443193708148,11.150000000000134,0,1,0,149.43026001239923,1.5842443193708148e-05,669,1,0
239,14,30,0,0,1,15.837854657854352,"[0.0, 15.837854657854352]",15.837854657854352,14.285714285714285,15.837854657854352,10.383333333333429,0,1,0,150.30158000550728,1.5837854657854353e-05,623,1,0
239,15,58,0,0,1,15.767604282924108,"[0.0, 15.767604282924108]",15.767604282924108,14.285714285714285,15.767604282924108,10.766666666666781,0,1,0,148.718936890662,1.5767604282924108e-05,646,1,0
239,16,24,0,0,1,15.754231044224332,"[0.0, 15.754231044224332]",15.754231044224332,14.285714285714285,15.754231044224332,9.733333333333396,0,1,0,149.05303781724797,1.5754231044224333e-05,584,1,0
239,17,51,0,0,1,15.731359209333148,"[0.0, 15.731359209333148]",15.731359209333148,14.285714285714285,15.731359209333148,9.183333333333369,0,1,0,141.86466682516038,1.573135920933315e-05,551,1,0
239,18,42,0,0,1,15.716868809291295,"[0.0, 15.716868809291295]",15.716868809291295,14.285714285714285,15.716868809291295,9.350000000000044,0,1,0,144.06100739445537,1.5716868809291295e-05,561,1,0
239,19,53,0,0,1,15.64338684082031,"[0.0, 15.64338684082031]",15.64338684082031,14.285714285714285,15.64338684082031,10.683333333333444,0,1,0,150.8592309767555,1.564338684082031e-05,641,1,0
239,20,23,0,0,1,15.606684003557477,"[0.0, 15.606684003557477]",15.606684003557477,14.285714285714285,15.606684003557477,9.666666666666726,0,1,0,147.75601769009518,1.5606684003557478e-05,580,1,0
239,21,48,0,0,1,15.370826721191404,"[0.0, 15.370826721191404]",15.370826721191404,14.285714285714285,15.370826721191404,10.533333333333436,0,1,0,147.88136373341695,1.5370826721191403e-05,632,1,0
239,22,36,0,0,1,15.224064418247767,"[0.0, 15.224064418247767]",15.224064418247767,14.285714285714285,15.224064418247767,8.533333333333337,0,1,0,136.17764856107533,1.5224064418247768e-05,512,1,0
239,23,43,0,0,1,15.130746023995536,"[0.0, 15.130746023995536]",15.130746023995536,14.285714285714285,15.130746023995536,8.38333333333333,0,1,0,133.22442942485213,1.5130746023995537e-05,503,1,0
239,24,16,0,0,1,14.766584123883927,"[0.0, 14.766584123883927]",14.766584123883927,14.285714285714285,14.766584123883927,10.966666666666791,0,1,0,146.67422906646243,1.4766584123883927e-05,658,1,0
239,25,37,0,0,1,14.545882088797432,"[0.0, 14.545882088797432]",14.545882088797432,14.285714285714285,14.545882088797432,10.466666666666766,0,1,0,143.95214645532542,1.4545882088797432e-05,628,1,0
239,26,47,0,0,1,11.54364994594029,"[0.0, 11.54364994594029]",11.54364994594029,11.428571428571429,11.54364994594029,9.316666666666709,0,1,0,113.58918313519825,1.154364994594029e-05,559,1,0
239,27,62,0,0,1,11.428726741245814,"[0.0, 11.428726741245814]",11.428726741245814,11.428571428571429,11.428726741245814,8.149999999999984,0,1,0,111.4836894273758,1.1428726741245814e-05,489,1,0
239,28,9,0,0,1,11.368697030203682,"[0.0, 11.368697030203682]",11.368697030203682,8.571428571428571,11.368697030203682,7.899999999999977,0,1,0,107.91145279817283,1.1368697030203682e-05,474,1,0
239,29,40,0,0,1,11.247029985700335,"[0.0, 11.247029985700335]",11.247029985700335,8.571428571428571,11.247029985700335,10.600000000000106,0,1,0,110.71832224543323,1.1247029985700335e-05,636,1,0
239,30,29,0,0,1,11.21774128505162,"[0.0, 11.21774128505162]",11.21774128505162,8.571428571428571,11.21774128505162,8.766666666666682,0,1,0,109.84072209866281,1.121774128505162e-05,526,1,0
239,31,57,0,0,1,11.122477395193918,"[0.0, 11.122477395193918]",11.122477395193918,8.571428571428571,11.122477395193918,7.033333333333314,0,1,0,102.73975955694914,1.1122477395193919e-05,422,1,0
239,32,20,0,0,1,11.02400371006557,"[0.0, 11.02400371006557]",11.02400371006557,8.571428571428571,11.02400371006557,10.383333333333429,0,1,0,110.28406495622767,1.102400371006557e-05,623,1,0
239,33,49,0,0,0,10.740173884800502,"[0.0, 10.740173884800502]",10.740173884800502,8.571428571428571,10.740173884800502,8.616666666666674,0,1,0,104.73717941454379,1.0740173884800502e-05,517,1,0
239,34,38,0,0,0,10.736416407993861,"[0.0, 10.736416407993861]",10.736416407993861,8.571428571428571,10.736416407993861,5.783333333333318,0,1,0,99.67397031188011,1.0736416407993861e-05,347,1,0
239,35,60,0,0,0,10.480006081717356,"[0.0, 10.480006081717356]",10.480006081717356,8.571428571428571,10.480006081717356,5.716666666666652,0,1,0,96.83555261790752,1.0480006081717356e-05,343,1,0
239,36,25,0,0,0,10.39682115827288,"[0.0, 10.39682115827288]",10.39682115827288,8.571428571428571,10.39682115827288,6.099999999999984,0,1,0,97.83335523307323,1.0396821158272881e-05,366,1,0
239,37,18,0,0,0,10.235633850097656,"[0.0, 10.235633850097656]",10.235633850097656,8.571428571428571,10.235633850097656,5.599999999999985,0,1,0,96.10700173676014,1.0235633850097656e-05,336,1,0
239,38,17,0,0,0,9.851414816720146,"[0.0, 9.851414816720146]",9.851414816720146,8.571428571428571,9.851414816720146,5.533333333333319,0,1,0,94.65402102470398,9.851414816720145e-06,332,1,0
239,39,56,0,0,0,9.809395926339286,"[0.0, 9.809395926339286]",9.809395926339286,8.571428571428571,9.809395926339286,5.516666666666652,0,1,0,93.5605788230896,9.809395926339286e-06,331,1,0
239,40,14,0,0,0,9.42093985421317,"[0.0, 9.42093985421317]",9.42093985421317,8.571428571428571,9.42093985421317,5.883333333333318,0,1,0,92.79435252398252,9.420939854213171e-06,353,1,0
239,41,63,0,0,0,9.355498722621373,"[0.0, 9.355498722621373]",9.355498722621373,8.571428571428571,9.355498722621373,6.099999999999984,0,1,0,90.60708373785019,9.355498722621373e-06,366,1,0
239,42,31,0,0,0,9.237583705357142,"[0.0, 9.237583705357142]",9.237583705357142,8.571428571428571,9.237583705357142,8.066666666666647,0,1,0,80.47567489534413,9.237583705357142e-06,484,1,0
239,43,44,0,0,0,9.215196881975446,"[0.0, 9.215196881975446]",9.215196881975446,8.571428571428571,9.215196881975446,5.2999999999999865,0,1,0,90.398611292243,9.215196881975447e-06,318,1,0
239,44,28,0,0,0,9.205472128731863,"[0.0, 9.205472128731863]",9.205472128731863,8.571428571428571,9.205472128731863,5.3833333333333195,0,1,0,90.28536392748356,9.205472128731863e-06,323,1,0
239,45,52,0,0,0,9.161251613071988,"[0.0, 9.161251613071988]",9.161251613071988,8.571428571428571,9.161251613071988,5.33333333333332,0,1,0,88.65415173768997,9.161251613071987e-06,320,1,0
239,46,33,0,0,0,8.888135637555804,"[0.0, 8.888135637555804]",8.888135637555804,8.571428571428571,8.888135637555804,8.24999999999999,0,1,0,76.4387923699469,8.888135637555804e-06,495,1,0
239,47,41,0,0,0,8.7319210597447,"[0.0, 8.7319210597447]",8.7319210597447,8.571428571428571,8.7319210597447,8.149999999999984,0,1,0,74.92867949084757,8.731921059744699e-06,489,1,0
239,48,13,0,0,0,8.544475010463168,"[0.0, 8.544475010463168]",8.544475010463168,5.714285714285714,8.544475010463168,8.91666666666669,0,1,0,74.16036908342357,8.544475010463168e-06,535,1,0
239,49,15,0,0,0,8.499957493373326,"[0.0, 8.499957493373326]",8.499957493373326,5.714285714285714,8.499957493373326,7.233333333333313,0,1,0,64.32263247239462,8.499957493373326e-06,434,1,0
239,50,61,0,0,0,8.176509312220983,"[0.0, 8.176509312220983]",8.176509312220983,5.714285714285714,8.176509312220983,3.1499999999999937,0,1,0,80.70274414122105,8.176509312220983e-06,189,1,0
239,51,39,0,0,0,7.118018014090402,"[0.0, 7.118018014090402]",7.118018014090402,5.714285714285714,7.118018014090402,2.9833333333333276,0,1,0,65.29125735163689,7.118018014090402e-06,179,1,0
239,52,32,0,0,0,6.458871023995536,"[0.0, 6.458871023995536]",6.458871023995536,5.714285714285714,6.458871023995536,7.433333333333312,0,1,0,58.87617610330926,6.458871023995535e-06,446,1,0
239,53,55,0,0,0,6.355509076799665,"[0.0, 6.355509076799665]",6.355509076799665,5.714285714285714,6.355509076799665,7.366666666666646,0,1,0,58.58189418340771,6.355509076799665e-06,442,1,0
239,54,26,0,0,0,6.347334725516183,"[0.0, 6.347334725516183]",6.347334725516183,5.714285714285714,6.347334725516183,7.366666666666646,0,1,0,58.581974595166685,6.347334725516183e-06,442,1,0
239,55,54,0,0,0,6.329138619559152,"[0.0, 6.329138619559152]",6.329138619559152,5.714285714285714,6.329138619559152,7.366666666666646,0,1,0,58.5810109531667,6.3291386195591515e-06,442,1,0
239,56,50,0,0,0,6.30972181047712,"[0.0, 6.30972181047712]",6.30972181047712,5.714285714285714,6.30972181047712,7.366666666666646,0,1,0,58.48267954384937,6.30972181047712e-06,442,1,0
239,57,21,0,0,0,6.2995147705078125,"[0.0, 6.2995147705078125]",6.2995147705078125,5.714285714285714,6.2995147705078125,7.366666666666646,0,1,0,58.56917890811019,6.299514770507813e-06,442,1,0
239,58,46,0,0,0,6.279961722237723,"[0.0, 6.279961722237723]",6.279961722237723,5.714285714285714,6.279961722237723,7.366666666666646,0,1,0,58.58235363163112,6.279961722237723e-06,442,1,0
239,59,34,0,0,0,6.228125435965402,"[0.0, 6.228125435965402]",6.228125435965402,5.714285714285714,6.228125435965402,7.366666666666646,0,1,0,58.58696190768387,6.228125435965402e-06,442,1,0
239,60,12,0,0,0,5.9746006556919635,"[0.0, 5.9746006556919635]",5.9746006556919635,5.714285714285714,5.9746006556919635,4.149999999999991,0,1,0,56.03382454812527,5.974600655691963e-06,249,1,0
239,61,22,0,0,0,5.884764535086495,"[0.0, 5.884764535086495]",5.884764535086495,5.714285714285714,5.884764535086495,7.399999999999979,0,1,0,52.742204863156076,5.8847645350864945e-06,444,1,0
239,62,10,0,0,0,5.433180672781808,"[0.0, 5.433180672781808]",5.433180672781808,2.857142857142857,5.433180672781808,7.866666666666644,0,1,0,60.00464990238106,5.433180672781808e-06,472,1,0
239,63,19,0,0,0,2.9480579921177457,"[0.0, 2.9480579921177457]",2.9480579921177457,2.857142857142857,2.9480579921177457,2.9499999999999944,0,1,0,21.375738901726436,2.9480579921177455e-06,177,1,0
239,64,11,0,0,0,2.820096697126116,"[0.0, 2.820096697126116]",2.820096697126116,0.0,2.820096697126116,5.033333333333321,0,1,0,40.88171985858935,2.8200966971261157e-06,302,1,0
240,1,0,0,1,1,16.6093499319894,"[0.0, 16.6093499319894]",16.6093499319894,14.285714285714285,16.6093499319894,11.100000000000131,0,1,0,154.73660240633762,1.66093499319894e-05,666,1,0
240,2,1,0,1,1,16.37524196079799,"[0.0, 16.37524196079799]",16.37524196079799,14.285714285714285,16.37524196079799,10.016666666666744,0,1,0,151.82105824040627,1.637524196079799e-05,601,1,0
240,3,2,0,1,1,16.35500771658761,"[0.0, 16.35500771658761]",16.35500771658761,14.285714285714285,16.35500771658761,9.983333333333409,0,1,0,152.03839423423778,1.635500771658761e-05,599,1,0
240,4,3,0,1,1,16.313487461635045,"[0.0, 16.313487461635045]",16.313487461635045,14.285714285714285,16.313487461635045,9.066666666666697,0,1,0,150.48110282979906,1.6313487461635047e-05,544,1,0
240,5,4,0,1,1,16.259422302246094,"[0.0, 16.259422302246094]",16.259422302246094,14.285714285714285,16.259422302246094,9.433333333333382,0,1,0,150.08071875525638,1.6259422302246095e-05,566,1,0
240,6,5,0,1,1,16.254719325474333,"[0.0, 16.254719325474333]",16.254719325474333,14.285714285714285,16.254719325474333,10.650000000000109,0,1,0,151.87910638118774,1.6254719325474332e-05,639,1,0
240,7,6,0,1,1,16.24498094831194,"[0.0, 16.24498094831194]",16.24498094831194,14.285714285714285,16.24498094831194,9.433333333333382,0,1,0,150.67706348188221,1.624498094831194e-05,566,1,0
240,8,7,0,1,1,16.226822989327566,"[0.0, 16.226822989327566]",16.226822989327566,14.285714285714285,16.226822989327566,9.416666666666714,0,1,0,147.25881857890636,1.6226822989327566e-05,565,1,0
240,9,46,0,0,1,16.22572217668806,"[0.0, 16.22572217668806]",16.22572217668806,14.285714285714285,16.22572217668806,10.183333333333419,0,1,0,152.0814516137325,1.622572217668806e-05,611,1,0
240,10,50,0,0,1,16.15643092564174,"[0.0, 16.15643092564174]",16.15643092564174,14.285714285714285,16.15643092564174,10.533333333333436,0,1,0,153.9783073513172,1.615643092564174e-05,632,1,0
240,11,59,0,0,1,16.1394773210798,"[0.0, 16.1394773210798]",16.1394773210798,14.285714285714285,16.1394773210798,11.016666666666794,0,1,0,152.08930940983555,1.61394773210798e-05,661,1,0
240,12,20,0,0,1,16.01227351597377,"[0.0, 16.01227351597377]",16.01227351597377,14.285714285714285,16.01227351597377,12.066666666666846,0,1,0,150.64841538928886,1.601227351597377e-05,724,1,0
240,13,16,0,0,1,15.972938537597656,"[0.0, 15.972938537597656]",15.972938537597656,14.285714285714285,15.972938537597656,9.950000000000074,0,1,0,150.63315186759428,1.5972938537597657e-05,597,1,0
240,14,48,0,0,1,15.930143083844866,"[0.0, 15.930143083844866]",15.930143083844866,14.285714285714285,15.930143083844866,9.283333333333374,0,1,0,147.44832007493824,1.5930143083844867e-05,557,1,0
240,15,26,0,0,1,15.921298435756137,"[0.0, 15.921298435756137]",15.921298435756137,14.285714285714285,15.921298435756137,9.633333333333391,0,1,0,145.9452887000516,1.5921298435756138e-05,578,1,0
240,16,56,0,0,1,15.877914428710938,"[0.0, 15.877914428710938]",15.877914428710938,14.285714285714285,15.877914428710938,9.550000000000054,0,1,0,144.99909738353017,1.5877914428710938e-05,573,1,0
240,17,17,0,0,1,15.850481305803571,"[0.0, 15.850481305803571]",15.850481305803571,14.285714285714285,15.850481305803571,9.816666666666734,0,1,0,147.98771227038378,1.585048130580357e-05,589,1,0
240,18,43,0,0,1,15.843838282993861,"[0.0, 15.843838282993861]",15.843838282993861,14.285714285714285,15.843838282993861,9.433333333333382,0,1,0,143.30438907584175,1.584383828299386e-05,566,1,0
240,19,42,0,0,1,15.680727277483259,"[0.0, 15.680727277483259]",15.680727277483259,14.285714285714285,15.680727277483259,10.133333333333416,0,1,0,150.32078512416774,1.5680727277483258e-05,608,1,0
240,20,19,0,0,1,15.571823120117188,"[0.0, 15.571823120117188]",15.571823120117188,14.285714285714285,15.571823120117188,9.200000000000037,0,1,0,143.07266607973725,1.557182312011719e-05,552,1,0
240,21,63,0,0,1,15.536281040736608,"[0.0, 15.536281040736608]",15.536281040736608,14.285714285714285,15.536281040736608,9.500000000000052,0,1,0,146.126110323763,1.5536281040736607e-05,570,1,0
240,22,54,0,0,1,15.528073992047991,"[0.0, 15.528073992047991]",15.528073992047991,14.285714285714285,15.528073992047991,10.350000000000094,0,1,0,149.93271326478134,1.552807399204799e-05,621,1,0
240,23,29,0,0,1,15.260233197893417,"[0.0, 15.260233197893417]",15.260233197893417,14.285714285714285,15.260233197893417,10.316666666666759,0,1,0,147.02420402002463,1.5260233197893416e-05,619,1,0
240,24,53,0,0,1,15.202069963727679,"[0.0, 15.202069963727679]",15.202069963727679,14.285714285714285,15.202069963727679,9.766666666666731,0,1,0,145.6654793653579,1.5202069963727678e-05,586,1,0
240,25,39,0,0,1,15.013307843889509,"[0.0, 15.013307843889509]",15.013307843889509,14.285714285714285,15.013307843889509,10.100000000000081,0,1,0,144.9355354828367,1.5013307843889508e-05,606,1,0
240,26,12,0,0,1,14.999193464006696,"[0.0, 14.999193464006696]",14.999193464006696,14.285714285714285,14.999193464006696,10.000000000000076,0,1,0,144.38546672340453,1.4999193464006696e-05,600,1,0
240,27,32,0,0,1,14.978659493582589,"[0.0, 14.978659493582589]",14.978659493582589,14.285714285714285,14.978659493582589,10.033333333333411,0,1,0,144.53753391627833,1.4978659493582589e-05,602,1,0
240,28,36,0,0,1,14.936414446149554,"[0.0, 14.936414446149554]",14.936414446149554,14.285714285714285,14.936414446149554,8.51666666666667,0,1,0,132.4193424899131,1.4936414446149555e-05,511,1,0
240,29,62,0,0,1,14.834000723702568,"[0.0, 14.834000723702568]",14.834000723702568,14.285714285714285,14.834000723702568,9.533333333333387,0,1,0,138.17021810829465,1.4834000723702567e-05,572,1,0
240,30,52,0,0,1,14.701281956263951,"[0.0, 14.701281956263951]",14.701281956263951,14.285714285714285,14.701281956263951,9.150000000000034,0,1,0,137.58343403111212,1.4701281956263952e-05,549,1,0
240,31,38,0,0,1,14.533042907714844,"[0.0, 14.533042907714844]",14.533042907714844,14.285714285714285,14.533042907714844,9.683333333333394,0,1,0,138.2028882808081,1.4533042907714844e-05,581,1,0
240,32,37,0,0,1,14.45052010672433,"[0.0, 14.45052010672433]",14.45052010672433,14.285714285714285,14.45052010672433,10.666666666666776,0,1,0,143.34090769931936,1.445052010672433e-05,640,1,0
240,33,40,0,0,0,14.426536560058596,"[0.0, 14.426536560058596]",14.426536560058596,14.285714285714285,14.426536560058596,9.166666666666702,0,1,0,133.7189767388627,1.4426536560058595e-05,550,1,0
240,34,31,0,0,0,11.676921844482422,"[0.0, 11.676921844482422]",11.676921844482422,11.428571428571429,11.676921844482422,7.483333333333312,0,1,0,108.80543549358845,1.1676921844482422e-05,449,1,0
240,35,35,0,0,0,11.40852791922433,"[0.0, 11.40852791922433]",11.40852791922433,8.571428571428571,11.40852791922433,8.099999999999982,0,1,0,109.71086451411247,1.140852791922433e-05,486,1,0
240,36,23,0,0,0,11.39383043561663,"[0.0, 11.39383043561663]",11.39383043561663,8.571428571428571,11.39383043561663,8.866666666666687,0,1,0,111.16818124963174,1.139383043561663e-05,532,1,0
240,37,49,0,0,0,10.840614863804408,"[0.0, 10.840614863804408]",10.840614863804408,8.571428571428571,10.840614863804408,7.383333333333312,0,1,0,105.21540951356292,1.0840614863804409e-05,443,1,0
240,38,41,0,0,0,10.262565612792969,"[0.0, 10.262565612792969]",10.262565612792969,8.571428571428571,10.262565612792969,6.599999999999982,0,1,0,98.14969873428345,1.0262565612792969e-05,396,1,0
240,39,15,0,0,0,10.162672315325056,"[0.0, 10.162672315325056]",10.162672315325056,8.571428571428571,10.162672315325056,5.533333333333319,0,1,0,95.29545813798904,1.0162672315325055e-05,332,1,0
240,40,11,0,0,0,10.04563740321568,"[0.0, 10.04563740321568]",10.04563740321568,8.571428571428571,10.04563740321568,6.5333333333333155,0,1,0,96.84500408172607,1.0045637403215681e-05,392,1,0
240,41,60,0,0,0,9.727243695940292,"[0.0, 9.727243695940292]",9.727243695940292,8.571428571428571,9.727243695940292,5.516666666666652,0,1,0,93.39084315299988,9.727243695940291e-06,331,1,0
240,42,33,0,0,0,9.159191676548549,"[0.0, 9.159191676548549]",9.159191676548549,8.571428571428571,9.159191676548549,5.28333333333332,0,1,0,89.6712239831686,9.159191676548548e-06,317,1,0
240,43,10,0,0,0,8.604346684047155,"[0.0, 8.604346684047155]",8.604346684047155,8.571428571428571,8.604346684047155,8.11666666666665,0,1,0,74.48169135762873,8.604346684047155e-06,487,1,0
240,44,9,0,0,0,8.510150909423828,"[0.0, 8.510150909423828]",8.510150909423828,5.714285714285714,8.510150909423828,8.24999999999999,0,1,0,68.52659422035504,8.510150909423827e-06,495,1,0
240,45,24,0,0,0,7.997809818812779,"[0.0, 7.997809818812779]",7.997809818812779,5.714285714285714,7.997809818812779,4.983333333333321,0,1,0,80.41431558132172,7.997809818812779e-06,299,1,0
240,46,8,0,0,0,7.668901171003069,"[0.0, 7.668901171003069]",7.668901171003069,5.714285714285714,7.668901171003069,3.0833333333333273,0,1,0,78.00929157435894,7.668901171003068e-06,185,1,0
240,47,45,0,0,0,7.142857142857142,"[0.0, 7.142857142857142]",7.142857142857142,5.714285714285714,7.142857142857142,4.533333333333323,0,1,0,70.16109293699265,7.142857142857143e-06,272,1,0
240,48,47,0,0,0,6.463917323521205,"[0.0, 6.463917323521205]",6.463917323521205,5.714285714285714,6.463917323521205,7.433333333333312,0,1,0,59.21033602654643,6.463917323521205e-06,446,1,0
240,49,30,0,0,0,6.412538800920759,"[0.0, 6.412538800920759]",6.412538800920759,5.714285714285714,6.412538800920759,7.399999999999979,0,1,0,57.91831973101944,6.412538800920759e-06,444,1,0
240,50,51,0,0,0,6.333727155412946,"[0.0, 6.333727155412946]",6.333727155412946,5.714285714285714,6.333727155412946,9.883333333333404,0,1,0,61.37295378914132,6.333727155412946e-06,593,1,0
240,51,22,0,0,0,6.317024230957031,"[0.0, 6.317024230957031]",6.317024230957031,5.714285714285714,6.317024230957031,7.366666666666646,0,1,0,58.58180896763952,6.317024230957031e-06,442,1,0
240,52,18,0,0,0,6.311972481863839,"[0.0, 6.311972481863839]",6.311972481863839,5.714285714285714,6.311972481863839,7.366666666666646,0,1,0,58.634201189248415,6.311972481863839e-06,442,1,0
240,53,28,0,0,0,6.311133248465402,"[0.0, 6.311133248465402]",6.311133248465402,5.714285714285714,6.311133248465402,7.366666666666646,0,1,0,58.59148753796035,6.311133248465402e-06,442,1,0
240,54,44,0,0,0,6.189297267368862,"[0.0, 6.189297267368862]",6.189297267368862,5.714285714285714,6.189297267368862,7.316666666666646,0,1,0,57.62750016053906,6.189297267368862e-06,439,1,0
240,55,58,0,0,0,5.8905792236328125,"[0.0, 5.8905792236328125]",5.8905792236328125,5.714285714285714,5.8905792236328125,4.216666666666657,0,1,0,54.833517253398895,5.890579223632813e-06,253,1,0
240,56,21,0,0,0,5.712487357003349,"[0.0, 5.712487357003349]",5.712487357003349,2.857142857142857,5.712487357003349,4.333333333333323,0,1,0,52.29798387736082,5.712487357003349e-06,260,1,0
240,57,34,0,0,0,5.172533307756696,"[0.0, 5.172533307756696]",5.172533307756696,2.857142857142857,5.172533307756696,2.799999999999995,0,1,0,43.71979616582394,5.172533307756696e-06,168,1,0
240,58,13,0,0,0,4.996594020298549,"[0.0, 4.996594020298549]",4.996594020298549,2.857142857142857,4.996594020298549,2.7333333333333285,0,1,0,42.670266553759575,4.996594020298548e-06,164,1,0
240,59,55,0,0,0,4.988877432686942,"[0.0, 4.988877432686942]",4.988877432686942,2.857142857142857,4.988877432686942,6.333333333333316,0,1,0,57.06477323773288,4.988877432686942e-06,380,1,0
240,60,61,0,0,0,3.9700044904436385,"[0.0, 3.9700044904436385]",3.9700044904436385,2.857142857142857,3.9700044904436385,6.449999999999982,0,1,0,36.657043473489466,3.970004490443639e-06,387,1,0
240,61,27,0,0,0,3.531690325055804,"[0.0, 3.531690325055804]",3.531690325055804,2.857142857142857,3.531690325055804,4.416666666666656,0,1,0,27.146877154176764,3.5316903250558038e-06,265,1,0
240,62,25,0,0,0,3.4930528913225447,"[0.0, 3.4930528913225447]",3.4930528913225447,2.857142857142857,3.4930528913225447,3.1666666666666603,0,1,0,26.2219574553892,3.4930528913225446e-06,190,1,0
240,63,14,0,0,0,2.1483067103794644,"[0.0, 2.1483067103794644]",2.1483067103794644,0.0,2.1483067103794644,5.016666666666654,0,1,0,8.14645406681666,2.1483067103794642e-06,301,1,0
240,64,57,0,0,0,2.127974373953683,"[0.0, 2.127974373953683]",2.127974373953683,0.0,2.127974373953683,5.016666666666654,0,1,0,9.419638647406828,2.127974373953683e-06,301,1,0
241,1,52,0,1,1,17.09747859409877,"[0.0, 17.09747859409877]",17.09747859409877,14.285714285714285,17.09747859409877,9.083333333333364,0,1,0,156.74086499400437,1.7097478594098772e-05,545,1,0
241,2,0,0,1,1,16.6093499319894,"[0.0, 16.6093499319894]",16.6093499319894,14.285714285714285,16.6093499319894,11.100000000000131,0,1,0,154.73660240633762,1.66093499319894e-05,666,1,0
241,3,1,0,1,1,16.37524196079799,"[0.0, 16.37524196079799]",16.37524196079799,14.285714285714285,16.37524196079799,10.016666666666744,0,1,0,151.82105824040627,1.637524196079799e-05,601,1,0
241,4,51,0,1,1,16.368942260742188,"[0.0, 16.368942260742188]",16.368942260742188,14.285714285714285,16.368942260742188,10.033333333333411,0,1,0,152.11211620309768,1.6368942260742186e-05,602,1,0
241,5,10,0,1,1,16.357972281319753,"[0.0, 16.357972281319753]",16.357972281319753,14.285714285714285,16.357972281319753,9.616666666666724,0,1,0,153.15412795533484,1.6357972281319752e-05,577,1,0
241,6,2,0,1,1,16.35500771658761,"[0.0, 16.35500771658761]",16.35500771658761,14.285714285714285,16.35500771658761,9.983333333333409,0,1,0,152.03839423423778,1.635500771658761e-05,599,1,0
241,7,3,0,1,1,16.313487461635045,"[0.0, 16.313487461635045]",16.313487461635045,14.285714285714285,16.313487461635045,9.066666666666697,0,1,0,150.48110282979906,1.6313487461635047e-05,544,1,0
241,8,4,0,1,1,16.259422302246094,"[0.0, 16.259422302246094]",16.259422302246094,14.285714285714285,16.259422302246094,9.433333333333382,0,1,0,150.08071875525638,1.6259422302246095e-05,566,1,0
241,9,5,0,0,1,16.254719325474333,"[0.0, 16.254719325474333]",16.254719325474333,14.285714285714285,16.254719325474333,10.650000000000109,0,1,0,151.87910638118774,1.6254719325474332e-05,639,1,0
241,10,6,0,0,1,16.24498094831194,"[0.0, 16.24498094831194]",16.24498094831194,14.285714285714285,16.24498094831194,9.433333333333382,0,1,0,150.67706348188221,1.624498094831194e-05,566,1,0
241,11,53,0,0,1,16.240032741001677,"[0.0, 16.240032741001677]",16.240032741001677,14.285714285714285,16.240032741001677,11.316666666666809,0,1,0,153.0871195750733,1.6240032741001676e-05,679,1,0
241,12,7,0,0,1,16.226822989327566,"[0.0, 16.226822989327566]",16.226822989327566,14.285714285714285,16.226822989327566,9.416666666666714,0,1,0,147.25881857890636,1.6226822989327566e-05,565,1,0
241,13,31,0,0,1,16.18274688720703,"[0.0, 16.18274688720703]",16.18274688720703,14.285714285714285,16.18274688720703,9.1166666666667,0,1,0,141.17378145828843,1.618274688720703e-05,547,1,0
241,14,30,0,0,1,15.979979378836495,"[0.0, 15.979979378836495]",15.979979378836495,14.285714285714285,15.979979378836495,9.916666666666739,0,1,0,148.94461692852929,1.5979979378836494e-05,595,1,0
241,15,22,0,0,1,15.978480747767856,"[0.0, 15.978480747767856]",15.978480747767856,14.285714285714285,15.978480747767856,10.766666666666781,0,1,0,151.09330915763712,1.5978480747767857e-05,646,1,0
241,16,59,0,0,1,15.924976893833707,"[0.0, 15.924976893833707]",15.924976893833707,14.285714285714285,15.924976893833707,9.816666666666734,0,1,0,149.131927595452,1.5924976893833708e-05,589,1,0
241,17,37,0,0,1,15.904470171247208,"[0.0, 15.904470171247208]",15.904470171247208,14.285714285714285,15.904470171247208,10.600000000000106,0,1,0,150.2019111945483,1.5904470171247207e-05,636,1,0
241,18,44,0,0,1,15.875968933105469,"[0.0, 15.875968933105469]",15.875968933105469,14.285714285714285,15.875968933105469,9.333333333333377,0,1,0,145.67768350616097,1.5875968933105468e-05,560,1,0
241,19,39,0,0,1,15.837783813476564,"[0.0, 15.837783813476564]",15.837783813476564,14.285714285714285,15.837783813476564,11.116666666666799,0,1,0,148.99701661580912,1.5837783813476564e-05,667,1,0
241,20,9,0,0,1,15.719757080078125,"[0.0, 15.719757080078125]",15.719757080078125,14.285714285714285,15.719757080078125,9.700000000000061,0,1,0,146.26379928293318,1.5719757080078126e-05,582,1,0
241,21,38,0,0,1,15.629593985421316,"[0.0, 15.629593985421316]",15.629593985421316,14.285714285714285,15.629593985421316,10.216666666666754,0,1,0,150.63508483322948,1.5629593985421317e-05,613,1,0
241,22,42,0,0,1,15.581000191824776,"[0.0, 15.581000191824776]",15.581000191824776,14.285714285714285,15.581000191824776,9.183333333333369,0,1,0,145.49084965884686,1.5581000191824775e-05,551,1,0
241,23,63,0,0,1,15.572602408272878,"[0.0, 15.572602408272878]",15.572602408272878,14.285714285714285,15.572602408272878,10.200000000000086,0,1,0,148.50952118935675,1.557260240827288e-05,612,1,0
241,24,24,0,0,1,15.555289132254465,"[0.0, 15.555289132254465]",15.555289132254465,14.285714285714285,15.555289132254465,10.200000000000086,0,1,0,148.99391973495221,1.5555289132254464e-05,612,1,0
241,25,26,0,0,1,15.546836853027344,"[0.0, 15.546836853027344]",15.546836853027344,14.285714285714285,15.546836853027344,10.866666666666786,0,1,0,146.7644495489003,1.5546836853027345e-05,652,1,0
241,26,45,0,0,1,15.481501988002233,"[0.0, 15.481501988002233]",15.481501988002233,14.285714285714285,15.481501988002233,10.333333333333426,0,1,0,144.60121732455445,1.5481501988002232e-05,620,1,0
241,27,60,0,0,1,15.47051021030971,"[0.0, 15.47051021030971]",15.47051021030971,14.285714285714285,15.47051021030971,10.166666666666751,0,1,0,149.910554490074,1.547051021030971e-05,610,1,0
241,28,8,0,0,1,15.257568359375002,"[0.0, 15.257568359375002]",15.257568359375002,14.285714285714285,15.257568359375002,10.333333333333426,0,1,0,149.74218671872222,1.5257568359375002e-05,620,1,0
241,29,15,0,0,1,14.961090087890625,"[0.0, 14.961090087890625]",14.961090087890625,14.285714285714285,14.961090087890625,6.816666666666648,0,1,0,132.36852259933949,1.4961090087890625e-05,409,1,0
241,30,47,0,0,1,14.949291774204799,"[0.0, 14.949291774204799]",14.949291774204799,14.285714285714285,14.949291774204799,10.383333333333429,0,1,0,142.52998857552302,1.4949291774204798e-05,623,1,0
241,31,13,0,0,1,14.932779584612167,"[0.0, 14.932779584612167]",14.932779584612167,14.285714285714285,14.932779584612167,10.566666666666771,0,1,0,146.52606769974955,1.4932779584612167e-05,634,1,0
241,32,56,0,0,1,11.62266595023019,"[0.0, 11.62266595023019]",11.62266595023019,11.428571428571429,11.62266595023019,8.24999999999999,0,1,0,113.41879071760923,1.1622665950230189e-05,495,1,0
241,33,36,0,0,0,11.598916734967911,"[0.0, 11.598916734967911]",11.598916734967911,11.428571428571429,11.598916734967911,8.566666666666672,0,1,0,112.73443385941209,1.1598916734967912e-05,514,1,0
241,34,58,0,0,0,11.588243756975448,"[0.0, 11.588243756975448]",11.588243756975448,11.428571428571429,11.588243756975448,7.949999999999977,0,1,0,108.7228386234492,1.1588243756975448e-05,477,1,0
241,35,20,0,0,0,11.537284851074219,"[0.0, 11.537284851074219]",11.537284851074219,11.428571428571429,11.537284851074219,7.14999999999998,0,1,0,106.63753999397159,1.153728485107422e-05,429,1,0
241,36,28,0,0,0,11.291585649762835,"[0.0, 11.291585649762835]",11.291585649762835,8.571428571428571,11.291585649762835,7.366666666666646,0,1,0,103.42584677785635,1.1291585649762836e-05,442,1,0
241,37,17,0,0,0,11.20520727975028,"[0.0, 11.20520727975028]",11.20520727975028,8.571428571428571,11.20520727975028,8.733333333333347,0,1,0,107.39218929272465,1.120520727975028e-05,524,1,0
241,38,50,0,0,0,10.87615694318499,"[0.0, 10.87615694318499]",10.87615694318499,8.571428571428571,10.87615694318499,9.316666666666709,0,1,0,107.48001930825558,1.0876156943184989e-05,559,1,0
241,39,14,0,0,0,10.65711157662528,"[0.0, 10.65711157662528]",10.65711157662528,8.571428571428571,10.65711157662528,7.066666666666647,0,1,0,101.30549297481775,1.065711157662528e-05,424,1,0
241,40,40,0,0,0,10.441455841064453,"[0.0, 10.441455841064453]",10.441455841064453,8.571428571428571,10.441455841064453,5.616666666666652,0,1,0,98.02648666501045,1.0441455841064453e-05,337,1,0
241,41,48,0,0,0,10.288712637765068,"[0.0, 10.288712637765068]",10.288712637765068,8.571428571428571,10.288712637765068,5.716666666666652,0,1,0,97.89610470831394,1.0288712637765068e-05,343,1,0
241,42,33,0,0,0,9.682728903634208,"[0.0, 9.682728903634208]",9.682728903634208,8.571428571428571,9.682728903634208,5.2166666666666535,0,1,0,92.70894062519073,9.682728903634209e-06,313,1,0
241,43,25,0,0,0,9.58320345197405,"[0.0, 9.58320345197405]",9.58320345197405,8.571428571428571,9.58320345197405,5.433333333333319,0,1,0,94.10111276805401,9.58320345197405e-06,326,1,0
241,44,27,0,0,0,9.43556376865932,"[0.0, 9.43556376865932]",9.43556376865932,8.571428571428571,9.43556376865932,5.3833333333333195,0,1,0,90.5436770170927,9.43556376865932e-06,323,1,0
241,45,23,0,0,0,9.240131378173828,"[0.0, 9.240131378173828]",9.240131378173828,8.571428571428571,9.240131378173828,8.65000000000001,0,1,0,82.60840353557433,9.240131378173829e-06,519,1,0
241,46,16,0,0,0,8.487368992396764,"[0.0, 8.487368992396764]",8.487368992396764,5.714285714285714,8.487368992396764,8.750000000000014,0,1,0,72.99097189315216,8.487368992396764e-06,525,1,0
241,47,21,0,0,0,8.312029157366071,"[0.0, 8.312029157366071]",8.312029157366071,5.714285714285714,8.312029157366071,6.933333333333314,0,1,0,58.41900682671985,8.31202915736607e-06,416,1,0
241,48,41,0,0,0,6.4781406947544635,"[0.0, 6.4781406947544635]",6.4781406947544635,5.714285714285714,6.4781406947544635,7.366666666666646,0,1,0,58.58179625382036,6.4781406947544636e-06,442,1,0
241,49,34,0,0,0,6.470914568219865,"[0.0, 6.470914568219865]",6.470914568219865,5.714285714285714,6.470914568219865,7.366666666666646,0,1,0,58.47878338924056,6.470914568219866e-06,442,1,0
241,50,55,0,0,0,6.400566101074219,"[0.0, 6.400566101074219]",6.400566101074219,5.714285714285714,6.400566101074219,7.366666666666646,0,1,0,58.482020021961944,6.400566101074219e-06,442,1,0
241,51,18,0,0,0,6.37195042201451,"[0.0, 6.37195042201451]",6.37195042201451,5.714285714285714,6.37195042201451,7.366666666666646,0,1,0,58.6595535186425,6.37195042201451e-06,442,1,0
241,52,12,0,0,0,6.3552638462611615,"[0.0, 6.3552638462611615]",6.3552638462611615,5.714285714285714,6.3552638462611615,7.366666666666646,0,1,0,58.49871541295579,6.355263846261162e-06,442,1,0
241,53,32,0,0,0,6.35171617780413,"[0.0, 6.35171617780413]",6.35171617780413,5.714285714285714,6.35171617780413,7.366666666666646,0,1,0,58.60049209447607,6.35171617780413e-06,442,1,0
241,54,11,0,0,0,6.335552760532924,"[0.0, 6.335552760532924]",6.335552760532924,5.714285714285714,6.335552760532924,7.366666666666646,0,1,0,58.5006620846616,6.335552760532923e-06,442,1,0
241,55,54,0,0,0,6.298871721540178,"[0.0, 6.298871721540178]",6.298871721540178,5.714285714285714,6.298871721540178,7.366666666666646,0,1,0,58.58180237070337,6.298871721540178e-06,442,1,0
241,56,49,0,0,0,6.289798191615513,"[0.0, 6.289798191615513]",6.289798191615513,5.714285714285714,6.289798191615513,7.366666666666646,0,1,0,58.581654584704665,6.289798191615513e-06,442,1,0
241,57,19,0,0,0,6.18635995047433,"[0.0, 6.18635995047433]",6.18635995047433,5.714285714285714,6.18635995047433,7.316666666666646,0,1,0,57.55112153218943,6.1863599504743295e-06,439,1,0
241,58,46,0,0,0,2.8558949061802457,"[0.0, 2.8558949061802457]",2.8558949061802457,0.0,2.8558949061802457,5.033333333333321,0,1,0,37.054047405545134,2.8558949061802456e-06,302,1,0
241,59,29,0,0,0,2.8519439697265625,"[0.0, 2.8519439697265625]",2.8519439697265625,0.0,2.8519439697265625,5.049999999999987,0,1,0,40.61045332951471,2.8519439697265623e-06,303,1,0
241,60,61,0,0,0,2.7221407209123885,"[0.0, 2.7221407209123885]",2.7221407209123885,0.0,2.7221407209123885,5.016666666666654,0,1,0,37.43842126443633,2.7221407209123884e-06,301,1,0
241,61,35,0,0,0,2.1353585379464284,"[0.0, 2.1353585379464284]",2.1353585379464284,0.0,2.1353585379464284,5.016666666666654,0,1,0,9.530420511851844,2.135358537946428e-06,301,1,0
241,62,43,0,0,0,2.0858001708984375,"[0.0, 2.0858001708984375]",2.0858001708984375,0.0,2.0858001708984375,5.016666666666654,0,1,0,7.447857759812905,2.0858001708984377e-06,301,1,0
241,63,62,0,0,0,2.0819527762276784,"[0.0, 2.0819527762276784]",2.0819527762276784,0.0,2.0819527762276784,5.016666666666654,0,1,0,7.4182325057990965,2.0819527762276786e-06,301,1,0
241,64,57,0,0,0,2.0799800327845985,"[0.0, 2.0799800327845985]",2.0799800327845985,0.0,2.0799800327845985,5.016666666666654,0,1,0,8.547381960917846,2.0799800327845986e-06,301,1,0
242,1,48,0,1,1,21.19035448346819,"[0.0, 21.19035448346819]",21.19035448346819,20.0,21.19035448346819,10.700000000000111,0,1,0,194.77104606619105,2.1190354483468192e-05,642,1,0
242,2,0,0,1,1,17.09747859409877,"[0.0, 17.09747859409877]",17.09747859409877,14.285714285714285,17.09747859409877,9.083333333333364,0,1,0,156.74086499400437,1.7097478594098772e-05,545,1,0
242,3,22,0,1,1,17.076094491141184,"[0.0, 17.076094491141184]",17.076094491141184,14.285714285714285,17.076094491141184,11.150000000000134,0,1,0,160.2604516608917,1.7076094491141183e-05,669,1,0
242,4,1,0,1,1,16.6093499319894,"[0.0, 16.6093499319894]",16.6093499319894,14.285714285714285,16.6093499319894,11.100000000000131,0,1,0,154.73660240633762,1.66093499319894e-05,666,1,0
242,5,8,0,1,1,16.417312622070312,"[0.0, 16.417312622070312]",16.417312622070312,14.285714285714285,16.417312622070312,10.800000000000116,0,1,0,153.71566214582708,1.6417312622070313e-05,648,1,0
242,6,2,0,1,1,16.37524196079799,"[0.0, 16.37524196079799]",16.37524196079799,14.285714285714285,16.37524196079799,10.016666666666744,0,1,0,151.82105824040627,1.637524196079799e-05,601,1,0
242,7,3,0,1,1,16.368942260742188,"[0.0, 16.368942260742188]",16.368942260742188,14.285714285714285,16.368942260742188,10.033333333333411,0,1,0,152.11211620309768,1.6368942260742186e-05,602,1,0
242,8,4,0,1,1,16.357972281319753,"[0.0, 16.357972281319753]",16.357972281319753,14.285714285714285,16.357972281319753,9.616666666666724,0,1,0,153.15412795533484,1.6357972281319752e-05,577,1,0
242,9,5,0,0,1,16.35500771658761,"[0.0, 16.35500771658761]",16.35500771658761,14.285714285714285,16.35500771658761,9.983333333333409,0,1,0,152.03839423423778,1.635500771658761e-05,599,1,0
242,10,6,0,0,1,16.313487461635045,"[0.0, 16.313487461635045]",16.313487461635045,14.285714285714285,16.313487461635045,9.066666666666697,0,1,0,150.48110282979906,1.6313487461635047e-05,544,1,0
242,11,7,0,0,1,16.259422302246094,"[0.0, 16.259422302246094]",16.259422302246094,14.285714285714285,16.259422302246094,9.433333333333382,0,1,0,150.08071875525638,1.6259422302246095e-05,566,1,0
242,12,61,0,0,1,16.186801365443635,"[0.0, 16.186801365443635]",16.186801365443635,14.285714285714285,16.186801365443635,12.050000000000178,0,1,0,150.8823220999766,1.6186801365443636e-05,723,1,0
242,13,38,0,0,1,16.182141985212052,"[0.0, 16.182141985212052]",16.182141985212052,14.285714285714285,16.182141985212052,9.466666666666717,0,1,0,152.49640928488225,1.6182141985212052e-05,568,1,0
242,14,36,0,0,1,16.093826293945312,"[0.0, 16.093826293945312]",16.093826293945312,14.285714285714285,16.093826293945312,8.750000000000014,0,1,0,144.65102790296078,1.609382629394531e-05,525,1,0
242,15,63,0,0,1,16.07563018798828,"[0.0, 16.07563018798828]",16.07563018798828,14.285714285714285,16.07563018798828,10.416666666666764,0,1,0,149.95603028113692,1.607563018798828e-05,625,1,0
242,16,15,0,0,1,15.941074916294642,"[0.0, 15.941074916294642]",15.941074916294642,14.285714285714285,15.941074916294642,8.883333333333354,0,1,0,143.38641590066254,1.5941074916294643e-05,533,1,0
242,17,44,0,0,1,15.938001360212054,"[0.0, 15.938001360212054]",15.938001360212054,14.285714285714285,15.938001360212054,12.150000000000183,0,1,0,147.88892804032366,1.5938001360212055e-05,729,1,0
242,18,17,0,0,1,15.904884338378904,"[0.0, 15.904884338378904]",15.904884338378904,14.285714285714285,15.904884338378904,9.950000000000074,0,1,0,148.20094572413655,1.5904884338378905e-05,597,1,0
242,19,10,0,0,1,15.832061767578127,"[0.0, 15.832061767578127]",15.832061767578127,14.285714285714285,15.832061767578127,9.283333333333374,0,1,0,148.2130234669894,1.5832061767578127e-05,557,1,0
242,20,11,0,0,1,15.823772975376674,"[0.0, 15.823772975376674]",15.823772975376674,14.285714285714285,15.823772975376674,10.916666666666789,0,1,0,148.78042949589872,1.5823772975376673e-05,655,1,0
242,21,49,0,0,1,15.764547075544085,"[0.0, 15.764547075544085]",15.764547075544085,14.285714285714285,15.764547075544085,9.433333333333382,0,1,0,146.54051310103387,1.5764547075544087e-05,566,1,0
242,22,52,0,0,1,15.72929927280971,"[0.0, 15.72929927280971]",15.72929927280971,14.285714285714285,15.72929927280971,9.166666666666702,0,1,0,141.5986740887165,1.572929927280971e-05,550,1,0
242,23,62,0,0,1,15.708165849958148,"[0.0, 15.708165849958148]",15.708165849958148,14.285714285714285,15.708165849958148,9.750000000000064,0,1,0,148.7176380940291,1.570816584995815e-05,585,1,0
242,24,55,0,0,1,15.648236955915179,"[0.0, 15.648236955915179]",15.648236955915179,14.285714285714285,15.648236955915179,9.750000000000064,0,1,0,147.1149499697567,1.564823695591518e-05,585,1,0
242,25,19,0,0,1,15.597376142229352,"[0.0, 15.597376142229352]",15.597376142229352,14.285714285714285,15.597376142229352,9.833333333333401,0,1,0,148.69380806705158,1.5597376142229353e-05,590,1,0
242,26,42,0,0,1,15.532776968819753,"[0.0, 15.532776968819753]",15.532776968819753,14.285714285714285,15.532776968819753,9.483333333333384,0,1,0,145.98646069903043,1.5532776968819753e-05,569,1,0
242,27,41,0,0,1,15.48241751534598,"[0.0, 15.48241751534598]",15.48241751534598,14.285714285714285,15.48241751534598,9.433333333333382,0,1,0,144.26780631244765,1.548241751534598e-05,566,1,0
242,28,24,0,0,1,15.406227111816406,"[0.0, 15.406227111816406]",15.406227111816406,14.285714285714285,15.406227111816406,10.066666666666746,0,1,0,144.3779193309456,1.5406227111816405e-05,604,1,0
242,29,39,0,0,1,15.131263732910154,"[0.0, 15.131263732910154]",15.131263732910154,14.285714285714285,15.131263732910154,11.250000000000139,0,1,0,149.796378361003,1.5131263732910154e-05,675,1,0
242,30,57,0,0,1,15.057062421526227,"[0.0, 15.057062421526227]",15.057062421526227,14.285714285714285,15.057062421526227,10.483333333333434,0,1,0,147.7874956698579,1.5057062421526227e-05,629,1,0
242,31,47,0,0,1,14.972179957798549,"[0.0, 14.972179957798549]",14.972179957798549,14.285714285714285,14.972179957798549,10.550000000000104,0,1,0,146.59067050182057,1.497217995779855e-05,633,1,0
242,32,59,0,0,1,14.805826459612165,"[0.0, 14.805826459612165]",14.805826459612165,14.285714285714285,14.805826459612165,8.800000000000017,0,1,0,133.2114994544536,1.4805826459612165e-05,528,1,0
242,33,29,0,0,0,14.750813075474332,"[0.0, 14.750813075474332]",14.750813075474332,14.285714285714285,14.750813075474332,10.300000000000091,0,1,0,140.08754882567155,1.4750813075474332e-05,618,1,0
242,34,50,0,0,0,14.722137451171873,"[0.0, 14.722137451171873]",14.722137451171873,14.285714285714285,14.722137451171873,8.500000000000002,0,1,0,135.89473793655634,1.4722137451171873e-05,510,1,0
242,35,18,0,0,0,14.639723641531807,"[0.0, 14.639723641531807]",14.639723641531807,14.285714285714285,14.639723641531807,10.400000000000096,0,1,0,145.23665192744375,1.4639723641531807e-05,624,1,0
242,36,34,0,0,0,14.460476466587613,"[0.0, 14.460476466587613]",14.460476466587613,14.285714285714285,14.460476466587613,10.333333333333426,0,1,0,144.2869063885082,1.4460476466587614e-05,620,1,0
242,37,14,0,0,0,14.412264142717635,"[0.0, 14.412264142717635]",14.412264142717635,14.285714285714285,14.412264142717635,10.816666666666784,0,1,0,146.49844088809186,1.4412264142717636e-05,649,1,0
242,38,12,0,0,0,11.509759085518974,"[0.0, 11.509759085518974]",11.509759085518974,11.428571428571429,11.509759085518974,8.51666666666667,0,1,0,111.63990269865462,1.1509759085518975e-05,511,1,0
242,39,21,0,0,0,11.457576751708984,"[0.0, 11.457576751708984]",11.457576751708984,11.428571428571429,11.457576751708984,9.750000000000064,0,1,0,109.57414976868313,1.1457576751708984e-05,585,1,0
242,40,26,0,0,0,11.366675240652901,"[0.0, 11.366675240652901]",11.366675240652901,8.571428571428571,11.366675240652901,9.133333333333367,0,1,0,110.72033211999951,1.1366675240652901e-05,548,1,0
242,41,51,0,0,0,11.144539969308036,"[0.0, 11.144539969308036]",11.144539969308036,8.571428571428571,11.144539969308036,7.716666666666645,0,1,0,109.01031563431025,1.1144539969308036e-05,463,1,0
242,42,56,0,0,0,11.030420575823102,"[0.0, 11.030420575823102]",11.030420575823102,8.571428571428571,11.030420575823102,9.950000000000074,0,1,0,107.2090381160815,1.1030420575823103e-05,597,1,0
242,43,43,0,0,0,10.638890947614398,"[0.0, 10.638890947614398]",10.638890947614398,8.571428571428571,10.638890947614398,5.866666666666651,0,1,0,92.06490232795477,1.0638890947614398e-05,352,1,0
242,44,58,0,0,0,10.428673880440849,"[0.0, 10.428673880440849]",10.428673880440849,8.571428571428571,10.428673880440849,5.749999999999985,0,1,0,100.70043873786926,1.0428673880440848e-05,345,1,0
242,45,35,0,0,0,10.334382738385882,"[0.0, 10.334382738385882]",10.334382738385882,8.571428571428571,10.334382738385882,9.600000000000056,0,1,0,101.72552926640492,1.0334382738385882e-05,576,1,0
242,46,45,0,0,0,10.154220036097936,"[0.0, 10.154220036097936]",10.154220036097936,8.571428571428571,10.154220036097936,6.483333333333316,0,1,0,98.20098331570625,1.0154220036097935e-05,389,1,0
242,47,54,0,0,0,9.808684757777623,"[0.0, 9.808684757777623]",9.808684757777623,8.571428571428571,9.808684757777623,5.549999999999986,0,1,0,94.88153646886349,9.808684757777624e-06,333,1,0
242,48,28,0,0,0,9.79576928274972,"[0.0, 9.79576928274972]",9.79576928274972,8.571428571428571,9.79576928274972,5.349999999999986,0,1,0,92.82305926084518,9.79576928274972e-06,321,1,0
242,49,25,0,0,0,9.686311994280134,"[0.0, 9.686311994280134]",9.686311994280134,8.571428571428571,9.686311994280134,5.499999999999986,0,1,0,93.63697589933872,9.686311994280134e-06,330,1,0
242,50,33,0,0,0,8.811539241245816,"[0.0, 8.811539241245816]",8.811539241245816,8.571428571428571,8.811539241245816,5.28333333333332,0,1,0,86.30145728588104,8.811539241245816e-06,317,1,0
242,51,30,0,0,0,8.72657230922154,"[0.0, 8.72657230922154]",8.72657230922154,8.571428571428571,8.72657230922154,5.083333333333321,0,1,0,84.8250661790371,8.72657230922154e-06,305,1,0
242,52,32,0,0,0,8.712629590715682,"[0.0, 8.712629590715682]",8.712629590715682,8.571428571428571,8.712629590715682,6.899999999999981,0,1,0,65.07024729234399,8.712629590715683e-06,414,1,0
242,53,37,0,0,0,8.532755715506417,"[0.0, 8.532755715506417]",8.532755715506417,5.714285714285714,8.532755715506417,7.783333333333311,0,1,0,68.3273804110795,8.532755715506416e-06,467,1,0
242,54,13,0,0,0,8.521306174142019,"[0.0, 8.521306174142019]",8.521306174142019,5.714285714285714,8.521306174142019,7.716666666666645,0,1,0,64.72778877336532,8.52130617414202e-06,463,1,0
242,55,60,0,0,0,6.4616612025669635,"[0.0, 6.4616612025669635]",6.4616612025669635,5.714285714285714,6.4616612025669635,7.366666666666646,0,1,0,58.58143066097546,6.461661202566963e-06,442,1,0
242,56,9,0,0,0,6.311678205217635,"[0.0, 6.311678205217635]",6.311678205217635,5.714285714285714,6.311678205217635,7.366666666666646,0,1,0,58.58161417552765,6.311678205217635e-06,442,1,0
242,57,31,0,0,0,6.296037946428572,"[0.0, 6.296037946428572]",6.296037946428572,5.714285714285714,6.296037946428572,7.366666666666646,0,1,0,58.588771280890796,6.296037946428572e-06,442,1,0
242,58,27,0,0,0,6.1193357195172995,"[0.0, 6.1193357195172995]",6.1193357195172995,5.714285714285714,6.1193357195172995,7.316666666666646,0,1,0,57.6328948012233,6.1193357195173e-06,439,1,0
242,59,46,0,0,0,4.6154022216796875,"[0.0, 4.6154022216796875]",4.6154022216796875,2.857142857142857,4.6154022216796875,6.2333333333333165,0,1,0,36.994980462040985,4.615402221679687e-06,374,1,0
242,60,40,0,0,0,3.392862592424665,"[0.0, 3.392862592424665]",3.392862592424665,2.857142857142857,3.392862592424665,5.516666666666652,0,1,0,28.494795073049318,3.392862592424665e-06,331,1,0
242,61,16,0,0,0,2.6536614554268976,"[0.0, 2.6536614554268976]",2.6536614554268976,0.0,2.6536614554268976,3.6333333333333253,0,1,0,19.053685956227127,2.6536614554268976e-06,218,1,0
242,62,53,0,0,0,1.8697956630161832,"[0.0, 1.8697956630161832]",1.8697956630161832,0.0,1.8697956630161832,5.016666666666654,0,1,0,5.181460791907739,1.8697956630161831e-06,301,1,0
242,63,23,0,0,0,1.8691144670758928,"[0.0, 1.8691144670758928]",1.8691144670758928,0.0,1.8691144670758928,5.016666666666654,0,1,0,5.203284123912454,1.8691144670758928e-06,301,1,0
242,64,20,0,0,0,1.8645259312220983,"[0.0, 1.8645259312220983]",1.8645259312220983,0.0,1.8645259312220983,5.016666666666654,0,1,0,5.182209053564293,1.8645259312220982e-06,301,1,0
243,1,0,0,1,1,21.19035448346819,"[0.0, 21.19035448346819]",21.19035448346819,20.0,21.19035448346819,10.700000000000111,0,1,0,194.77104606619105,2.1190354483468192e-05,642,1,0
243,2,1,0,1,1,17.09747859409877,"[0.0, 17.09747859409877]",17.09747859409877,14.285714285714285,17.09747859409877,9.083333333333364,0,1,0,156.74086499400437,1.7097478594098772e-05,545,1,0
243,3,2,0,1,1,17.076094491141184,"[0.0, 17.076094491141184]",17.076094491141184,14.285714285714285,17.076094491141184,11.150000000000134,0,1,0,160.2604516608917,1.7076094491141183e-05,669,1,0
243,4,38,0,1,1,16.700041634695868,"[0.0, 16.700041634695868]",16.700041634695868,14.285714285714285,16.700041634695868,10.600000000000106,0,1,0,160.05066002337844,1.6700041634695867e-05,636,1,0
243,5,37,0,1,1,16.62247794015067,"[0.0, 16.62247794015067]",16.62247794015067,14.285714285714285,16.62247794015067,10.900000000000121,0,1,0,154.74002706760803,1.662247794015067e-05,654,1,0
243,6,3,0,1,1,16.6093499319894,"[0.0, 16.6093499319894]",16.6093499319894,14.285714285714285,16.6093499319894,11.100000000000131,0,1,0,154.73660240633762,1.66093499319894e-05,666,1,0
243,7,4,0,1,1,16.417312622070312,"[0.0, 16.417312622070312]",16.417312622070312,14.285714285714285,16.417312622070312,10.800000000000116,0,1,0,153.71566214582708,1.6417312622070313e-05,648,1,0
243,8,5,0,1,1,16.37524196079799,"[0.0, 16.37524196079799]",16.37524196079799,14.285714285714285,16.37524196079799,10.016666666666744,0,1,0,151.82105824040627,1.637524196079799e-05,601,1,0
243,9,6,0,0,1,16.368942260742188,"[0.0, 16.368942260742188]",16.368942260742188,14.285714285714285,16.368942260742188,10.033333333333411,0,1,0,152.11211620309768,1.6368942260742186e-05,602,1,0
243,10,7,0,0,1,16.357972281319753,"[0.0, 16.357972281319753]",16.357972281319753,14.285714285714285,16.357972281319753,9.616666666666724,0,1,0,153.15412795533484,1.6357972281319752e-05,577,1,0
243,11,8,0,0,1,16.12751007080078,"[0.0, 16.12751007080078]",16.12751007080078,14.285714285714285,16.12751007080078,9.600000000000056,0,1,0,150.43937237071805,1.6127510070800782e-05,576,1,0
243,12,58,0,0,1,16.063619341169087,"[0.0, 16.063619341169087]",16.063619341169087,14.285714285714285,16.063619341169087,10.816666666666784,0,1,0,152.88483398375683,1.6063619341169088e-05,649,1,0
243,13,9,0,0,1,16.061837332589285,"[0.0, 16.061837332589285]",16.061837332589285,14.285714285714285,16.061837332589285,10.833333333333451,0,1,0,150.75648512537737,1.6061837332589286e-05,650,1,0
243,14,21,0,0,1,15.916971479143417,"[0.0, 15.916971479143417]",15.916971479143417,14.285714285714285,15.916971479143417,9.333333333333377,0,1,0,149.01181035116315,1.5916971479143415e-05,560,1,0
243,15,48,0,0,1,15.786149161202568,"[0.0, 15.786149161202568]",15.786149161202568,14.285714285714285,15.786149161202568,9.666666666666726,0,1,0,149.93044613860548,1.578614916120257e-05,580,1,0
243,16,17,0,0,1,15.683544703892299,"[0.0, 15.683544703892299]",15.683544703892299,14.285714285714285,15.683544703892299,9.766666666666731,0,1,0,149.77648044467787,1.5683544703892297e-05,586,1,0
243,17,55,0,0,1,15.647190638950892,"[0.0, 15.647190638950892]",15.647190638950892,14.285714285714285,15.647190638950892,9.666666666666726,0,1,0,148.32830094733072,1.5647190638950892e-05,580,1,0
243,18,42,0,0,1,15.640275137765066,"[0.0, 15.640275137765066]",15.640275137765066,14.285714285714285,15.640275137765066,10.033333333333411,0,1,0,150.05740908750886,1.5640275137765065e-05,602,1,0
243,19,59,0,0,1,15.639452253069198,"[0.0, 15.639452253069198]",15.639452253069198,14.285714285714285,15.639452253069198,9.983333333333409,0,1,0,147.25720493043627,1.56394522530692e-05,599,1,0
243,20,36,0,0,1,15.5889892578125,"[0.0, 15.5889892578125]",15.5889892578125,14.285714285714285,15.5889892578125,9.233333333333372,0,1,0,143.9870852716267,1.55889892578125e-05,554,1,0
243,21,32,0,0,1,15.587403433663505,"[0.0, 15.587403433663505]",15.587403433663505,14.285714285714285,15.587403433663505,10.766666666666781,0,1,0,148.70627597405837,1.5587403433663506e-05,646,1,0
243,22,25,0,0,1,15.566596984863281,"[0.0, 15.566596984863281]",15.566596984863281,14.285714285714285,15.566596984863281,8.71666666666668,0,1,0,141.49576727859676,1.556659698486328e-05,523,1,0
243,23,30,0,0,1,15.517997741699219,"[0.0, 15.517997741699219]",15.517997741699219,14.285714285714285,15.517997741699219,9.616666666666724,0,1,0,146.5847545818906,1.5517997741699218e-05,577,1,0
243,24,23,0,0,1,15.486139569963727,"[0.0, 15.486139569963727]",15.486139569963727,14.285714285714285,15.486139569963727,10.233333333333421,0,1,0,149.45083734295622,1.5486139569963728e-05,614,1,0
243,25,50,0,0,1,15.452123369489398,"[0.0, 15.452123369489398]",15.452123369489398,14.285714285714285,15.452123369489398,10.250000000000089,0,1,0,150.3071272066154,1.54521233694894e-05,615,1,0
243,26,60,0,0,1,15.446390424455917,"[0.0, 15.446390424455917]",15.446390424455917,14.285714285714285,15.446390424455917,10.616666666666774,0,1,0,144.55340514138516,1.5446390424455916e-05,637,1,0
243,27,15,0,0,1,15.363273620605469,"[0.0, 15.363273620605469]",15.363273620605469,14.285714285714285,15.363273620605469,10.666666666666776,0,1,0,147.9997290286774,1.5363273620605467e-05,640,1,0
243,28,28,0,0,1,15.331377301897323,"[0.0, 15.331377301897323]",15.331377301897323,14.285714285714285,15.331377301897323,9.916666666666739,0,1,0,142.17036239894514,1.5331377301897322e-05,595,1,0
243,29,56,0,0,1,15.321328299386161,"[0.0, 15.321328299386161]",15.321328299386161,14.285714285714285,15.321328299386161,10.733333333333446,0,1,0,147.32719690039085,1.5321328299386162e-05,644,1,0
243,30,61,0,0,1,15.29463631766183,"[0.0, 15.29463631766183]",15.29463631766183,14.285714285714285,15.29463631766183,9.933333333333406,0,1,0,145.5685934054054,1.529463631766183e-05,596,1,0
243,31,43,0,0,1,15.271366664341517,"[0.0, 15.271366664341517]",15.271366664341517,14.285714285714285,15.271366664341517,9.883333333333404,0,1,0,147.7687272295807,1.5271366664341518e-05,593,1,0
243,32,54,0,0,1,15.159628731863839,"[0.0, 15.159628731863839]",15.159628731863839,14.285714285714285,15.159628731863839,10.583333333333439,0,1,0,146.82228713573568,1.5159628731863839e-05,635,1,0
243,33,29,0,0,0,15.123323713030135,"[0.0, 15.123323713030135]",15.123323713030135,14.285714285714285,15.123323713030135,9.650000000000059,0,1,0,143.555751815642,1.5123323713030135e-05,579,1,0
243,34,63,0,0,0,15.100500924246651,"[0.0, 15.100500924246651]",15.100500924246651,14.285714285714285,15.100500924246651,10.083333333333414,0,1,0,142.58718638266146,1.5100500924246652e-05,605,1,0
243,35,13,0,0,0,14.823935372488839,"[0.0, 14.823935372488839]",14.823935372488839,14.285714285714285,14.823935372488839,10.733333333333446,0,1,0,150.14020438556327,1.4823935372488838e-05,644,1,0
243,36,51,0,0,0,14.56646510532924,"[0.0, 14.56646510532924]",14.56646510532924,14.285714285714285,14.56646510532924,9.766666666666731,0,1,0,142.26445270387194,1.456646510532924e-05,586,1,0
243,37,16,0,0,0,13.82706778390067,"[0.0, 13.82706778390067]",13.82706778390067,11.428571428571429,13.82706778390067,9.433333333333382,0,1,0,135.9039119003137,1.382706778390067e-05,566,1,0
243,38,57,0,0,0,11.473405020577566,"[0.0, 11.473405020577566]",11.473405020577566,11.428571428571429,11.473405020577566,7.749999999999978,0,1,0,110.20410660281777,1.1473405020577566e-05,465,1,0
243,39,49,0,0,0,11.368680681501116,"[0.0, 11.368680681501116]",11.368680681501116,8.571428571428571,11.368680681501116,7.9333333333333105,0,1,0,108.86348471045494,1.1368680681501115e-05,476,1,0
243,40,44,0,0,0,11.152567182268415,"[0.0, 11.152567182268415]",11.152567182268415,8.571428571428571,11.152567182268415,7.133333333333313,0,1,0,103.58862276747823,1.1152567182268416e-05,428,1,0
243,41,34,0,0,0,11.049191611153738,"[0.0, 11.049191611153738]",11.049191611153738,8.571428571428571,11.049191611153738,9.850000000000069,0,1,0,109.02663332074735,1.1049191611153738e-05,591,1,0
243,42,53,0,0,0,10.961731501988002,"[0.0, 10.961731501988002]",10.961731501988002,8.571428571428571,10.961731501988002,9.766666666666731,0,1,0,107.88141868760431,1.0961731501988002e-05,586,1,0
243,43,22,0,0,0,10.769119262695312,"[0.0, 10.769119262695312]",10.769119262695312,8.571428571428571,10.769119262695312,7.1666666666666465,0,1,0,104.74858003854752,1.0769119262695312e-05,430,1,0
243,44,41,0,0,0,10.507610866001674,"[0.0, 10.507610866001674]",10.507610866001674,8.571428571428571,10.507610866001674,6.583333333333315,0,1,0,100.86949902027845,1.0507610866001674e-05,395,1,0
243,45,46,0,0,0,10.468711853027344,"[0.0, 10.468711853027344]",10.468711853027344,8.571428571428571,10.468711853027344,5.7666666666666515,0,1,0,97.16651506721973,1.0468711853027344e-05,346,1,0
243,46,35,0,0,0,10.451275961739677,"[0.0, 10.451275961739677]",10.451275961739677,8.571428571428571,10.451275961739677,5.583333333333319,0,1,0,95.59834498167038,1.0451275961739676e-05,335,1,0
243,47,52,0,0,0,10.34139633178711,"[0.0, 10.34139633178711]",10.34139633178711,8.571428571428571,10.34139633178711,6.733333333333315,0,1,0,98.35975684225559,1.034139633178711e-05,404,1,0
243,48,20,0,0,0,9.886717115129743,"[0.0, 9.886717115129743]",9.886717115129743,8.571428571428571,9.886717115129743,6.083333333333317,0,1,0,96.61978217959404,9.886717115129743e-06,365,1,0
243,49,45,0,0,0,9.724249158586774,"[0.0, 9.724249158586774]",9.724249158586774,8.571428571428571,9.724249158586774,6.816666666666648,0,1,0,93.85071564093232,9.724249158586775e-06,409,1,0
243,50,31,0,0,0,9.465686253138951,"[0.0, 9.465686253138951]",9.465686253138951,8.571428571428571,9.465686253138951,5.549999999999986,0,1,0,90.83281230926514,9.465686253138952e-06,333,1,0
243,51,39,0,0,0,9.011682782854352,"[0.0, 9.011682782854352]",9.011682782854352,8.571428571428571,9.011682782854352,6.183333333333317,0,1,0,90.22653993964195,9.011682782854353e-06,371,1,0
243,52,14,0,0,0,8.786449432373047,"[0.0, 8.786449432373047]",8.786449432373047,8.571428571428571,8.786449432373047,8.04999999999998,0,1,0,73.78616687629255,8.786449432373047e-06,483,1,0
243,53,11,0,0,0,8.458813258579799,"[0.0, 8.458813258579799]",8.458813258579799,5.714285714285714,8.458813258579799,6.649999999999982,0,1,0,60.30387090756267,8.458813258579799e-06,399,1,0
243,54,62,0,0,0,7.418716975620815,"[0.0, 7.418716975620815]",7.418716975620815,5.714285714285714,7.418716975620815,4.799999999999988,0,1,0,76.5215210467577,7.418716975620815e-06,288,1,0
243,55,33,0,0,0,7.232638767787389,"[0.0, 7.232638767787389]",7.232638767787389,5.714285714285714,7.232638767787389,4.816666666666655,0,1,0,74.95744954049587,7.232638767787389e-06,289,1,0
243,56,27,0,0,0,6.3668060302734375,"[0.0, 6.3668060302734375]",6.3668060302734375,5.714285714285714,6.3668060302734375,7.366666666666646,0,1,0,58.58172137989459,6.366806030273437e-06,442,1,0
243,57,12,0,0,0,6.345896039690291,"[0.0, 6.345896039690291]",6.345896039690291,5.714285714285714,6.345896039690291,7.366666666666646,0,1,0,58.580861580085184,6.345896039690291e-06,442,1,0
243,58,10,0,0,0,6.338070460728236,"[0.0, 6.338070460728236]",6.338070460728236,5.714285714285714,6.338070460728236,7.366666666666646,0,1,0,58.58161266719253,6.338070460728236e-06,442,1,0
243,59,19,0,0,0,6.328582763671875,"[0.0, 6.328582763671875]",6.328582763671875,5.714285714285714,6.328582763671875,7.383333333333312,0,1,0,58.32010473396804,6.328582763671875e-06,443,1,0
243,60,26,0,0,0,6.313917977469307,"[0.0, 6.313917977469307]",6.313917977469307,5.714285714285714,6.313917977469307,7.316666666666646,0,1,0,57.35668784586596,6.313917977469307e-06,439,1,0
243,61,47,0,0,0,5.6415285382952005,"[0.0, 5.6415285382952005]",5.6415285382952005,2.857142857142857,5.6415285382952005,6.949999999999981,0,1,0,50.12314384589263,5.6415285382952e-06,417,1,0
243,62,24,0,0,0,3.0543845040457587,"[0.0, 3.0543845040457587]",3.0543845040457587,2.857142857142857,3.0543845040457587,3.1499999999999937,0,1,0,22.192217689822428,3.054384504045759e-06,189,1,0
243,63,18,0,0,0,1.867643083844866,"[0.0, 1.867643083844866]",1.867643083844866,0.0,1.867643083844866,5.016666666666654,0,1,0,5.19987035975646,1.867643083844866e-06,301,1,0
243,64,40,0,0,0,1.866880144391741,"[0.0, 1.866880144391741]",1.866880144391741,0.0,1.866880144391741,5.016666666666654,0,1,0,5.182526043048711,1.8668801443917411e-06,301,1,0
244,1,0,0,1,1,21.19035448346819,"[0.0, 21.19035448346819]",21.19035448346819,20.0,21.19035448346819,10.700000000000111,0,1,0,194.77104606619105,2.1190354483468192e-05,642,1,0
244,2,1,0,1,1,17.09747859409877,"[0.0, 17.09747859409877]",17.09747859409877,14.285714285714285,17.09747859409877,9.083333333333364,0,1,0,156.74086499400437,1.7097478594098772e-05,545,1,0
244,3,2,0,1,1,17.076094491141184,"[0.0, 17.076094491141184]",17.076094491141184,14.285714285714285,17.076094491141184,11.150000000000134,0,1,0,160.2604516608917,1.7076094491141183e-05,669,1,0
244,4,11,0,1,1,16.977135794503347,"[0.0, 16.977135794503347]",16.977135794503347,14.285714285714285,16.977135794503347,9.866666666666736,0,1,0,159.00880284281448,1.6977135794503348e-05,592,1,0
244,5,44,0,1,1,16.79356166294643,"[0.0, 16.79356166294643]",16.79356166294643,14.285714285714285,16.79356166294643,10.533333333333436,0,1,0,157.46379909727693,1.679356166294643e-05,632,1,0
244,6,50,0,1,1,16.75201416015625,"[0.0, 16.75201416015625]",16.75201416015625,14.285714285714285,16.75201416015625,10.433333333333431,0,1,0,156.9203467301777,1.675201416015625e-05,626,1,0
244,7,3,0,1,1,16.700041634695868,"[0.0, 16.700041634695868]",16.700041634695868,14.285714285714285,16.700041634695868,10.600000000000106,0,1,0,160.05066002337844,1.6700041634695867e-05,636,1,0
244,8,4,0,1,1,16.62247794015067,"[0.0, 16.62247794015067]",16.62247794015067,14.285714285714285,16.62247794015067,10.900000000000121,0,1,0,154.74002706760803,1.662247794015067e-05,654,1,0
244,9,5,0,0,1,16.6093499319894,"[0.0, 16.6093499319894]",16.6093499319894,14.285714285714285,16.6093499319894,11.100000000000131,0,1,0,154.73660240633762,1.66093499319894e-05,666,1,0
244,10,59,0,0,1,16.439437866210938,"[0.0, 16.439437866210938]",16.439437866210938,14.285714285714285,16.439437866210938,9.100000000000032,0,1,0,149.03837558068335,1.6439437866210937e-05,546,1,0
244,11,6,0,0,1,16.417312622070312,"[0.0, 16.417312622070312]",16.417312622070312,14.285714285714285,16.417312622070312,10.800000000000116,0,1,0,153.71566214582708,1.6417312622070313e-05,648,1,0
244,12,7,0,0,1,16.37524196079799,"[0.0, 16.37524196079799]",16.37524196079799,14.285714285714285,16.37524196079799,10.016666666666744,0,1,0,151.82105824040627,1.637524196079799e-05,601,1,0
244,13,22,0,0,1,16.321089608328684,"[0.0, 16.321089608328684]",16.321089608328684,14.285714285714285,16.321089608328684,10.566666666666771,0,1,0,154.22573476017715,1.6321089608328683e-05,634,1,0
244,14,13,0,0,1,16.211542401994976,"[0.0, 16.211542401994976]",16.211542401994976,14.285714285714285,16.211542401994976,10.233333333333421,0,1,0,151.74983806083765,1.6211542401994976e-05,614,1,0
244,15,35,0,0,1,16.078649248395646,"[0.0, 16.078649248395646]",16.078649248395646,14.285714285714285,16.078649248395646,10.166666666666751,0,1,0,155.16316804217058,1.6078649248395647e-05,610,1,0
244,16,41,0,0,1,16.025439671107698,"[0.0, 16.025439671107698]",16.025439671107698,14.285714285714285,16.025439671107698,9.750000000000064,0,1,0,150.09763528535404,1.6025439671107698e-05,585,1,0
244,17,30,0,0,1,15.931222098214285,"[0.0, 15.931222098214285]",15.931222098214285,14.285714285714285,15.931222098214285,9.550000000000054,0,1,0,149.29021694813855,1.5931222098214284e-05,573,1,0
244,18,19,0,0,1,15.926856994628908,"[0.0, 15.926856994628908]",15.926856994628908,14.285714285714285,15.926856994628908,9.166666666666702,0,1,0,144.27837810572237,1.5926856994628907e-05,550,1,0
244,19,63,0,0,1,15.899462018694196,"[0.0, 15.899462018694196]",15.899462018694196,14.285714285714285,15.899462018694196,11.333333333333476,0,1,0,150.50299364707462,1.5899462018694195e-05,680,1,0
244,20,28,0,0,1,15.874372209821427,"[0.0, 15.874372209821427]",15.874372209821427,14.285714285714285,15.874372209821427,9.633333333333391,0,1,0,149.4900741140591,1.5874372209821427e-05,578,1,0
244,21,45,0,0,1,15.802356175013951,"[0.0, 15.802356175013951]",15.802356175013951,14.285714285714285,15.802356175013951,8.016666666666644,0,1,0,140.647880256176,1.580235617501395e-05,481,1,0
244,22,52,0,0,1,15.72986057826451,"[0.0, 15.72986057826451]",15.72986057826451,14.285714285714285,15.72986057826451,8.866666666666687,0,1,0,140.0146815236658,1.572986057826451e-05,532,1,0
244,23,8,0,0,1,15.632422310965403,"[0.0, 15.632422310965403]",15.632422310965403,14.285714285714285,15.632422310965403,10.650000000000109,0,1,0,149.03438186716085,1.5632422310965402e-05,639,1,0
244,24,51,0,0,1,15.581637791224889,"[0.0, 15.581637791224889]",15.581637791224889,14.285714285714285,15.581637791224889,10.483333333333434,0,1,0,149.88863342680997,1.558163779122489e-05,629,1,0
244,25,25,0,0,1,15.531550816127233,"[0.0, 15.531550816127233]",15.531550816127233,14.285714285714285,15.531550816127233,9.266666666666707,0,1,0,140.58591201738454,1.553155081612723e-05,556,1,0
244,26,21,0,0,1,15.527327401297434,"[0.0, 15.527327401297434]",15.527327401297434,14.285714285714285,15.527327401297434,9.650000000000059,0,1,0,147.96056989537465,1.5527327401297434e-05,579,1,0
244,27,54,0,0,1,15.36987849644252,"[0.0, 15.36987849644252]",15.36987849644252,14.285714285714285,15.36987849644252,10.200000000000086,0,1,0,150.3470700901671,1.536987849644252e-05,612,1,0
244,28,42,0,0,1,15.279813494001115,"[0.0, 15.279813494001115]",15.279813494001115,14.285714285714285,15.279813494001115,10.766666666666781,0,1,0,148.40904742031853,1.5279813494001115e-05,646,1,0
244,29,23,0,0,1,15.209192548479352,"[0.0, 15.209192548479352]",15.209192548479352,14.285714285714285,15.209192548479352,10.516666666666769,0,1,0,145.81137598565692,1.5209192548479353e-05,631,1,0
244,30,60,0,0,1,15.160713195800781,"[0.0, 15.160713195800781]",15.160713195800781,14.285714285714285,15.160713195800781,10.683333333333444,0,1,0,146.43812181306566,1.516071319580078e-05,641,1,0
244,31,36,0,0,1,15.062135968889509,"[0.0, 15.062135968889509]",15.062135968889509,14.285714285714285,15.062135968889509,10.183333333333419,0,1,0,145.8898067580958,1.506213596888951e-05,611,1,0
244,32,32,0,0,1,15.001138959612165,"[0.0, 15.001138959612165]",15.001138959612165,14.285714285714285,15.001138959612165,9.783333333333399,0,1,0,138.3237970193877,1.5001138959612166e-05,587,1,0
244,33,34,0,0,0,14.592061723981583,"[0.0, 14.592061723981583]",14.592061723981583,14.285714285714285,14.592061723981583,10.483333333333434,0,1,0,146.16647636792186,1.4592061723981583e-05,629,1,0
244,34,38,0,0,0,11.31887708391462,"[0.0, 11.31887708391462]",11.31887708391462,8.571428571428571,11.31887708391462,8.666666666666677,0,1,0,108.38216263343202,1.131887708391462e-05,520,1,0
244,35,55,0,0,0,11.274569375174385,"[0.0, 11.274569375174385]",11.274569375174385,8.571428571428571,11.274569375174385,7.133333333333313,0,1,0,104.08207894861698,1.1274569375174385e-05,428,1,0
244,36,18,0,0,0,11.244779314313616,"[0.0, 11.244779314313616]",11.244779314313616,8.571428571428571,11.244779314313616,8.466666666666667,0,1,0,110.1521001055371,1.1244779314313617e-05,508,1,0
244,37,48,0,0,0,10.85374287196568,"[0.0, 10.85374287196568]",10.85374287196568,8.571428571428571,10.85374287196568,7.266666666666646,0,1,0,105.6286525838077,1.0853742871965681e-05,436,1,0
244,38,46,0,0,0,10.708833421979632,"[0.0, 10.708833421979632]",10.708833421979632,8.571428571428571,10.708833421979632,8.733333333333347,0,1,0,103.61473993393884,1.0708833421979632e-05,524,1,0
244,39,29,0,0,0,10.518275669642858,"[0.0, 10.518275669642858]",10.518275669642858,8.571428571428571,10.518275669642858,8.85000000000002,0,1,0,105.13232293116744,1.0518275669642858e-05,531,1,0
244,40,16,0,0,0,10.319818769182477,"[0.0, 10.319818769182477]",10.319818769182477,8.571428571428571,10.319818769182477,6.933333333333314,0,1,0,99.82820361107588,1.0319818769182478e-05,416,1,0
244,41,17,0,0,0,10.18676485334124,"[0.0, 10.18676485334124]",10.18676485334124,8.571428571428571,10.18676485334124,5.883333333333318,0,1,0,97.576595261693,1.0186764853341239e-05,353,1,0
244,42,26,0,0,0,9.328744070870536,"[0.0, 9.328744070870536]",9.328744070870536,8.571428571428571,9.328744070870536,5.349999999999986,0,1,0,91.95971997082233,9.328744070870537e-06,321,1,0
244,43,49,0,0,0,9.320329938616071,"[0.0, 9.320329938616071]",9.320329938616071,8.571428571428571,9.320329938616071,5.349999999999986,0,1,0,91.671327278018,9.320329938616071e-06,321,1,0
244,44,15,0,0,0,9.204848153250559,"[0.0, 9.204848153250559]",9.204848153250559,8.571428571428571,9.204848153250559,7.98333333333331,0,1,0,76.79483916844765,9.204848153250559e-06,479,1,0
244,45,39,0,0,0,9.01693344116211,"[0.0, 9.01693344116211]",9.01693344116211,8.571428571428571,9.01693344116211,5.349999999999986,0,1,0,89.1497935205698,9.01693344116211e-06,321,1,0
244,46,10,0,0,0,8.740414210728236,"[0.0, 8.740414210728236]",8.740414210728236,8.571428571428571,8.740414210728236,8.099999999999982,0,1,0,74.90392280850938,8.740414210728236e-06,486,1,0
244,47,9,0,0,0,8.486554282052177,"[0.0, 8.486554282052177]",8.486554282052177,5.714285714285714,8.486554282052177,7.883333333333311,0,1,0,70.12373694294365,8.486554282052177e-06,473,1,0
244,48,37,0,0,0,8.361211504255023,"[0.0, 8.361211504255023]",8.361211504255023,5.714285714285714,8.361211504255023,8.483333333333334,0,1,0,69.6268491236915,8.361211504255023e-06,509,1,0
244,49,43,0,0,0,6.492696489606585,"[0.0, 6.492696489606585]",6.492696489606585,5.714285714285714,6.492696489606585,7.366666666666646,0,1,0,58.48204095024266,6.492696489606585e-06,442,1,0
244,50,31,0,0,0,6.467247009277344,"[0.0, 6.467247009277344]",6.467247009277344,5.714285714285714,6.467247009277344,7.366666666666646,0,1,0,58.58154579930124,6.467247009277343e-06,442,1,0
244,51,62,0,0,0,6.354969569614956,"[0.0, 6.354969569614956]",6.354969569614956,5.714285714285714,6.354969569614956,7.366666666666646,0,1,0,58.58103481060971,6.354969569614955e-06,442,1,0
244,52,14,0,0,0,6.307743617466517,"[0.0, 6.307743617466517]",6.307743617466517,5.714285714285714,6.307743617466517,7.366666666666646,0,1,0,58.582025878284185,6.307743617466518e-06,442,1,0
244,53,20,0,0,0,6.30234854561942,"[0.0, 6.30234854561942]",6.30234854561942,5.714285714285714,6.30234854561942,7.366666666666646,0,1,0,58.481600237566454,6.30234854561942e-06,442,1,0
244,54,40,0,0,0,6.298032488141741,"[0.0, 6.298032488141741]",6.298032488141741,5.714285714285714,6.298032488141741,7.366666666666646,0,1,0,58.581761365734565,6.2980324881417414e-06,442,1,0
244,55,56,0,0,0,6.2967409406389505,"[0.0, 6.2967409406389505]",6.2967409406389505,5.714285714285714,6.2967409406389505,7.366666666666646,0,1,0,58.49451636434969,6.296740940638951e-06,442,1,0
244,56,53,0,0,0,6.274261474609374,"[0.0, 6.274261474609374]",6.274261474609374,5.714285714285714,6.274261474609374,10.433333333333431,0,1,0,61.65506546970573,6.274261474609374e-06,626,1,0
244,57,61,0,0,0,6.112354823521205,"[0.0, 6.112354823521205]",6.112354823521205,5.714285714285714,6.112354823521205,7.283333333333313,0,1,0,56.29112975588214,6.112354823521205e-06,437,1,0
244,58,27,0,0,0,6.0920224870954245,"[0.0, 6.0920224870954245]",6.0920224870954245,5.714285714285714,6.0920224870954245,7.24999999999998,0,1,0,56.86582021061622,6.092022487095424e-06,435,1,0
244,59,47,0,0,0,5.14763423374721,"[0.0, 5.14763423374721]",5.14763423374721,2.857142857142857,5.14763423374721,6.916666666666647,0,1,0,44.32365781239787,5.14763423374721e-06,415,1,0
244,60,24,0,0,0,3.5412652151925226,"[0.0, 3.5412652151925226]",3.5412652151925226,2.857142857142857,3.5412652151925226,2.716666666666662,0,1,0,26.637738563120365,3.5412652151925225e-06,163,1,0
244,61,12,0,0,0,3.2171467372349327,"[0.0, 3.2171467372349327]",3.2171467372349327,2.857142857142857,3.2171467372349327,2.7333333333333285,0,1,0,23.697397543117404,3.2171467372349327e-06,164,1,0
244,62,57,0,0,0,2.833922249930245,"[0.0, 2.833922249930245]",2.833922249930245,0.0,2.833922249930245,5.033333333333321,0,1,0,40.71185102069285,2.8339222499302453e-06,302,1,0
244,63,58,0,0,0,2.6024028233119423,"[0.0, 2.6024028233119423]",2.6024028233119423,0.0,2.6024028233119423,5.083333333333321,0,1,0,18.993175179261016,2.6024028233119424e-06,305,1,0
244,64,33,0,0,0,1.8385314941406252,"[0.0, 1.8385314941406252]",1.8385314941406252,0.0,1.8385314941406252,5.016666666666654,0,1,0,5.283191265290952,1.8385314941406252e-06,301,1,0
245,1,0,0,1,1,21.19035448346819,"[0.0, 21.19035448346819]",21.19035448346819,20.0,21.19035448346819,10.700000000000111,0,1,0,194.77104606619105,2.1190354483468192e-05,642,1,0
245,2,1,0,1,1,17.09747859409877,"[0.0, 17.09747859409877]",17.09747859409877,14.285714285714285,17.09747859409877,9.083333333333364,0,1,0,156.74086499400437,1.7097478594098772e-05,545,1,0
245,3,2,0,1,1,17.076094491141184,"[0.0, 17.076094491141184]",17.076094491141184,14.285714285714285,17.076094491141184,11.150000000000134,0,1,0,160.2604516608917,1.7076094491141183e-05,669,1,0
245,4,3,0,1,1,16.977135794503347,"[0.0, 16.977135794503347]",16.977135794503347,14.285714285714285,16.977135794503347,9.866666666666736,0,1,0,159.00880284281448,1.6977135794503348e-05,592,1,0
245,5,60,0,1,1,16.81837899344308,"[0.0, 16.81837899344308]",16.81837899344308,14.285714285714285,16.81837899344308,10.050000000000079,0,1,0,155.3627988246517,1.681837899344308e-05,603,1,0
245,6,4,0,1,1,16.79356166294643,"[0.0, 16.79356166294643]",16.79356166294643,14.285714285714285,16.79356166294643,10.533333333333436,0,1,0,157.46379909727693,1.679356166294643e-05,632,1,0
245,7,50,0,1,1,16.780744280133927,"[0.0, 16.780744280133927]",16.780744280133927,14.285714285714285,16.780744280133927,9.966666666666741,0,1,0,157.01957805583515,1.678074428013393e-05,598,1,0
245,8,5,0,1,1,16.75201416015625,"[0.0, 16.75201416015625]",16.75201416015625,14.285714285714285,16.75201416015625,10.433333333333431,0,1,0,156.9203467301777,1.675201416015625e-05,626,1,0
245,9,21,0,0,1,16.717654636928014,"[0.0, 16.717654636928014]",16.717654636928014,14.285714285714285,16.717654636928014,10.650000000000109,0,1,0,154.93446012523054,1.6717654636928015e-05,639,1,0
245,10,6,0,0,1,16.700041634695868,"[0.0, 16.700041634695868]",16.700041634695868,14.285714285714285,16.700041634695868,10.600000000000106,0,1,0,160.05066002337844,1.6700041634695867e-05,636,1,0
245,11,51,0,0,1,16.643578665597097,"[0.0, 16.643578665597097]",16.643578665597097,14.285714285714285,16.643578665597097,10.350000000000094,0,1,0,154.41740129111713,1.6643578665597098e-05,621,1,0
245,12,7,0,0,1,16.62247794015067,"[0.0, 16.62247794015067]",16.62247794015067,14.285714285714285,16.62247794015067,10.900000000000121,0,1,0,154.74002706760803,1.662247794015067e-05,654,1,0
245,13,29,0,0,1,16.445154462541854,"[0.0, 16.445154462541854]",16.445154462541854,14.285714285714285,16.445154462541854,11.016666666666794,0,1,0,158.17991555144545,1.6445154462541854e-05,661,1,0
245,14,63,0,0,1,16.336212158203125,"[0.0, 16.336212158203125]",16.336212158203125,14.285714285714285,16.336212158203125,12.050000000000178,0,1,0,152.14731948067492,1.6336212158203126e-05,723,1,0
245,15,31,0,0,1,16.312768118722097,"[0.0, 16.312768118722097]",16.312768118722097,14.285714285714285,16.312768118722097,10.233333333333421,0,1,0,154.05294994072756,1.6312768118722096e-05,614,1,0
245,16,56,0,0,1,16.244299752371653,"[0.0, 16.244299752371653]",16.244299752371653,14.285714285714285,16.244299752371653,9.883333333333404,0,1,0,152.32076711493573,1.6244299752371652e-05,593,1,0
245,17,44,0,0,1,16.176812308175222,"[0.0, 16.176812308175222]",16.176812308175222,14.285714285714285,16.176812308175222,10.000000000000076,0,1,0,151.94057932739088,1.617681230817522e-05,600,1,0
245,18,39,0,0,1,16.09435490199498,"[0.0, 16.09435490199498]",16.09435490199498,14.285714285714285,16.09435490199498,10.783333333333449,0,1,0,150.23238605808,1.6094354901994978e-05,647,1,0
245,19,59,0,0,1,16.07797350202288,"[0.0, 16.07797350202288]",16.07797350202288,14.285714285714285,16.07797350202288,10.033333333333411,0,1,0,144.75694661631132,1.607797350202288e-05,602,1,0
245,20,18,0,0,1,16.04893275669643,"[0.0, 16.04893275669643]",16.04893275669643,14.285714285714285,16.04893275669643,10.966666666666791,0,1,0,150.59218324237008,1.6048932756696432e-05,658,1,0
245,21,36,0,0,1,16.009505135672434,"[0.0, 16.009505135672434]",16.009505135672434,14.285714285714285,16.009505135672434,10.133333333333416,0,1,0,150.2414434872262,1.6009505135672435e-05,608,1,0
245,22,22,0,0,1,15.999303545270646,"[0.0, 15.999303545270646]",15.999303545270646,14.285714285714285,15.999303545270646,11.150000000000134,0,1,0,151.0496665327737,1.5999303545270646e-05,669,1,0
245,23,35,0,0,1,15.904421125139509,"[0.0, 15.904421125139509]",15.904421125139509,14.285714285714285,15.904421125139509,10.166666666666751,0,1,0,150.1021416668009,1.590442112513951e-05,610,1,0
245,24,38,0,0,1,15.796639578683036,"[0.0, 15.796639578683036]",15.796639578683036,14.285714285714285,15.796639578683036,10.600000000000106,0,1,0,147.8860088655274,1.5796639578683037e-05,636,1,0
245,25,28,0,0,1,15.723697117396762,"[0.0, 15.723697117396762]",15.723697117396762,14.285714285714285,15.723697117396762,10.183333333333419,0,1,0,153.46527942217654,1.5723697117396762e-05,611,1,0
245,26,33,0,0,1,15.702296665736606,"[0.0, 15.702296665736606]",15.702296665736606,14.285714285714285,15.702296665736606,9.833333333333401,0,1,0,147.04655759974412,1.5702296665736607e-05,590,1,0
245,27,20,0,0,1,15.643212454659597,"[0.0, 15.643212454659597]",15.643212454659597,14.285714285714285,15.643212454659597,7.6333333333333115,0,1,0,135.14917288720608,1.5643212454659597e-05,458,1,0
245,28,23,0,0,1,15.62272208077567,"[0.0, 15.62272208077567]",15.62272208077567,14.285714285714285,15.62272208077567,9.766666666666731,0,1,0,147.91885813105182,1.562272208077567e-05,586,1,0
245,29,24,0,0,1,15.594618661063059,"[0.0, 15.594618661063059]",15.594618661063059,14.285714285714285,15.594618661063059,9.150000000000034,0,1,0,145.8113897209987,1.559461866106306e-05,549,1,0
245,30,46,0,0,1,15.547752380371094,"[0.0, 15.547752380371094]",15.547752380371094,14.285714285714285,15.547752380371094,8.18333333333332,0,1,0,137.57656768336892,1.5547752380371095e-05,491,1,0
245,31,25,0,0,1,15.377943856375559,"[0.0, 15.377943856375559]",15.377943856375559,14.285714285714285,15.377943856375559,10.200000000000086,0,1,0,146.49648069664545,1.537794385637556e-05,612,1,0
245,32,17,0,0,1,15.151497977120535,"[0.0, 15.151497977120535]",15.151497977120535,14.285714285714285,15.151497977120535,10.216666666666754,0,1,0,146.39347278358764,1.5151497977120534e-05,613,1,0
245,33,14,0,0,0,15.091770717075892,"[0.0, 15.091770717075892]",15.091770717075892,14.285714285714285,15.091770717075892,7.233333333333313,0,1,0,133.03683859109879,1.5091770717075892e-05,434,1,0
245,34,47,0,0,0,14.570307050432477,"[0.0, 14.570307050432477]",14.570307050432477,14.285714285714285,14.570307050432477,9.133333333333367,0,1,0,132.62255714088678,1.4570307050432478e-05,548,1,0
245,35,37,0,0,0,12.857142857142856,"[0.0, 12.857142857142856]",12.857142857142856,11.428571428571429,12.857142857142856,9.600000000000056,0,1,0,127.55559857949993,1.2857142857142856e-05,576,1,0
245,36,42,0,0,0,11.472715650285993,"[0.0, 11.472715650285993]",11.472715650285993,11.428571428571429,11.472715650285993,8.18333333333332,0,1,0,112.62878062576056,1.1472715650285993e-05,491,1,0
245,37,16,0,0,0,11.424424307686943,"[0.0, 11.424424307686943]",11.424424307686943,8.571428571428571,11.424424307686943,9.150000000000034,0,1,0,110.533576847527,1.1424424307686943e-05,549,1,0
245,38,49,0,0,0,11.386607033865792,"[0.0, 11.386607033865792]",11.386607033865792,8.571428571428571,11.386607033865792,8.033333333333312,0,1,0,110.97213296964765,1.1386607033865791e-05,482,1,0
245,39,27,0,0,0,11.351416451590401,"[0.0, 11.351416451590401]",11.351416451590401,8.571428571428571,11.351416451590401,8.683333333333344,0,1,0,110.63346216645004,1.1351416451590401e-05,521,1,0
245,40,61,0,0,0,11.19933809552874,"[0.0, 11.19933809552874]",11.19933809552874,8.571428571428571,11.19933809552874,8.78333333333335,0,1,0,107.42177264609927,1.119933809552874e-05,527,1,0
245,41,40,0,0,0,11.016477857317243,"[0.0, 11.016477857317243]",11.016477857317243,8.571428571428571,11.016477857317243,9.316666666666709,0,1,0,108.44067767345405,1.1016477857317243e-05,559,1,0
245,42,8,0,0,0,10.864315032958984,"[0.0, 10.864315032958984]",10.864315032958984,8.571428571428571,10.864315032958984,7.383333333333312,0,1,0,104.59356839954853,1.0864315032958985e-05,443,1,0
245,43,15,0,0,0,10.569220951625278,"[0.0, 10.569220951625278]",10.569220951625278,8.571428571428571,10.569220951625278,6.949999999999981,0,1,0,101.77043636888266,1.0569220951625277e-05,417,1,0
245,44,54,0,0,0,10.107931409563337,"[0.0, 10.107931409563337]",10.107931409563337,8.571428571428571,10.107931409563337,9.000000000000027,0,1,0,98.32162324573437,1.0107931409563337e-05,540,1,0
245,45,10,0,0,0,9.49043001447405,"[0.0, 9.49043001447405]",9.49043001447405,8.571428571428571,9.49043001447405,5.449999999999986,0,1,0,92.06435848772526,9.49043001447405e-06,327,1,0
245,46,30,0,0,0,8.785678318568639,"[0.0, 8.785678318568639]",8.785678318568639,8.571428571428571,8.785678318568639,7.949999999999977,0,1,0,72.19663680043595,8.785678318568639e-06,477,1,0
245,47,32,0,0,0,8.422399248395648,"[0.0, 8.422399248395648]",8.422399248395648,5.714285714285714,8.422399248395648,7.566666666666645,0,1,0,64.37265771780221,8.422399248395647e-06,454,1,0
245,48,9,0,0,0,8.349560328892299,"[0.0, 8.349560328892299]",8.349560328892299,5.714285714285714,8.349560328892299,6.716666666666648,0,1,0,59.330365563728265,8.349560328892298e-06,403,1,0
245,49,52,0,0,0,7.2819655282156805,"[0.0, 7.2819655282156805]",7.2819655282156805,5.714285714285714,7.2819655282156805,3.849999999999991,0,1,0,74.88399450480938,7.28196552821568e-06,231,1,0
245,50,57,0,0,0,6.396402631487165,"[0.0, 6.396402631487165]",6.396402631487165,5.714285714285714,6.396402631487165,7.366666666666646,0,1,0,58.59602485215146,6.396402631487165e-06,442,1,0
245,51,58,0,0,0,6.346544538225446,"[0.0, 6.346544538225446]",6.346544538225446,5.714285714285714,6.346544538225446,7.366666666666646,0,1,0,58.58155737956258,6.346544538225446e-06,442,1,0
245,52,26,0,0,0,6.3448606218610495,"[0.0, 6.3448606218610495]",6.3448606218610495,5.714285714285714,6.3448606218610495,7.366666666666646,0,1,0,58.581834582400916,6.34486062186105e-06,442,1,0
245,53,53,0,0,0,6.324402945382254,"[0.0, 6.324402945382254]",6.324402945382254,5.714285714285714,6.324402945382254,7.366666666666646,0,1,0,58.77753176540864,6.324402945382254e-06,442,1,0
245,54,62,0,0,0,6.313416617257254,"[0.0, 6.313416617257254]",6.313416617257254,5.714285714285714,6.313416617257254,7.366666666666646,0,1,0,58.58217771974887,6.313416617257254e-06,442,1,0
245,55,48,0,0,0,6.307002476283483,"[0.0, 6.307002476283483]",6.307002476283483,5.714285714285714,6.307002476283483,7.366666666666646,0,1,0,58.58136690286483,6.3070024762834825e-06,442,1,0
245,56,55,0,0,0,6.301939828055246,"[0.0, 6.301939828055246]",6.301939828055246,5.714285714285714,6.301939828055246,7.366666666666646,0,1,0,58.595817180023005,6.301939828055246e-06,442,1,0
245,57,11,0,0,0,6.301400320870536,"[0.0, 6.301400320870536]",6.301400320870536,5.714285714285714,6.301400320870536,7.366666666666646,0,1,0,58.58636890393245,6.301400320870535e-06,442,1,0
245,58,34,0,0,0,5.2734592982700885,"[0.0, 5.2734592982700885]",5.2734592982700885,2.857142857142857,5.2734592982700885,6.683333333333315,0,1,0,44.76940636359359,5.273459298270088e-06,401,1,0
245,59,13,0,0,0,5.259045192173549,"[0.0, 5.259045192173549]",5.259045192173549,2.857142857142857,5.259045192173549,2.883333333333328,0,1,0,44.589196637272835,5.259045192173549e-06,173,1,0
245,60,45,0,0,0,5.006953648158482,"[0.0, 5.006953648158482]",5.006953648158482,2.857142857142857,5.006953648158482,2.633333333333329,0,1,0,41.884348183870316,5.006953648158482e-06,158,1,0
245,61,19,0,0,0,4.887984139578682,"[0.0, 4.887984139578682]",4.887984139578682,2.857142857142857,4.887984139578682,11.083333333333464,0,1,0,49.542948544163664,4.8879841395786825e-06,665,1,0
245,62,41,0,0,0,2.8249522617885043,"[0.0, 2.8249522617885043]",2.8249522617885043,0.0,2.8249522617885043,5.033333333333321,0,1,0,40.48473449249286,2.8249522617885042e-06,302,1,0
245,63,43,0,0,0,1.8730545043945315,"[0.0, 1.8730545043945315]",1.8730545043945315,0.0,1.8730545043945315,5.016666666666654,0,1,0,5.1757993283099495,1.8730545043945315e-06,301,1,0
245,64,12,0,0,0,0.0,"[0.0, 0.0]",0.0,0.0,0.0,8.566666666666672,0,1,0,51.9074275935418,0.0,514,1,0
246,1,0,0,1,1,21.19035448346819,"[0.0, 21.19035448346819]",21.19035448346819,20.0,21.19035448346819,10.700000000000111,0,1,0,194.77104606619105,2.1190354483468192e-05,642,1,0
246,2,10,0,1,1,20.852353232247488,"[0.0, 20.852353232247488]",20.852353232247488,20.0,20.852353232247488,11.116666666666799,0,1,0,192.68674372514943,2.0852353232247488e-05,667,1,0
246,3,28,0,1,1,20.785315377371653,"[0.0, 20.785315377371653]",20.785315377371653,20.0,20.785315377371653,12.416666666666863,0,1,0,192.11739975461387,2.0785315377371654e-05,745,1,0
246,4,1,0,1,1,17.09747859409877,"[0.0, 17.09747859409877]",17.09747859409877,14.285714285714285,17.09747859409877,9.083333333333364,0,1,0,156.74086499400437,1.7097478594098772e-05,545,1,0
246,5,2,0,1,1,17.076094491141184,"[0.0, 17.076094491141184]",17.076094491141184,14.285714285714285,17.076094491141184,11.150000000000134,0,1,0,160.2604516608917,1.7076094491141183e-05,669,1,0
246,6,3,0,1,1,16.977135794503347,"[0.0, 16.977135794503347]",16.977135794503347,14.285714285714285,16.977135794503347,9.866666666666736,0,1,0,159.00880284281448,1.6977135794503348e-05,592,1,0
246,7,4,0,1,1,16.81837899344308,"[0.0, 16.81837899344308]",16.81837899344308,14.285714285714285,16.81837899344308,10.050000000000079,0,1,0,155.3627988246517,1.681837899344308e-05,603,1,0
246,8,5,0,1,1,16.79356166294643,"[0.0, 16.79356166294643]",16.79356166294643,14.285714285714285,16.79356166294643,10.533333333333436,0,1,0,157.46379909727693,1.679356166294643e-05,632,1,0
246,9,6,0,0,1,16.780744280133927,"[0.0, 16.780744280133927]",16.780744280133927,14.285714285714285,16.780744280133927,9.966666666666741,0,1,0,157.01957805583515,1.678074428013393e-05,598,1,0
246,10,7,0,0,1,16.75201416015625,"[0.0, 16.75201416015625]",16.75201416015625,14.285714285714285,16.75201416015625,10.433333333333431,0,1,0,156.9203467301777,1.675201416015625e-05,626,1,0
246,11,30,0,0,1,16.14708491734096,"[0.0, 16.14708491734096]",16.14708491734096,14.285714285714285,16.14708491734096,9.783333333333399,0,1,0,151.11128866219224,1.6147084917340957e-05,587,1,0
246,12,43,0,0,1,16.145760672433035,"[0.0, 16.145760672433035]",16.145760672433035,14.285714285714285,16.145760672433035,9.333333333333377,0,1,0,150.71438111551106,1.6145760672433034e-05,560,1,0
246,13,15,0,0,1,16.115270342145646,"[0.0, 16.115270342145646]",16.115270342145646,14.285714285714285,16.115270342145646,10.800000000000116,0,1,0,153.36376518498582,1.6115270342145646e-05,648,1,0
246,14,16,0,0,1,16.076224190848215,"[0.0, 16.076224190848215]",16.076224190848215,14.285714285714285,16.076224190848215,9.850000000000069,0,1,0,152.96028820282663,1.6076224190848215e-05,591,1,0
246,15,11,0,0,1,16.01123809814453,"[0.0, 16.01123809814453]",16.01123809814453,14.285714285714285,16.01123809814453,9.550000000000054,0,1,0,148.19629998272285,1.6011238098144533e-05,573,1,0
246,16,33,0,0,1,15.9667478288923,"[0.0, 15.9667478288923]",15.9667478288923,14.285714285714285,15.9667478288923,9.766666666666731,0,1,0,151.12743445081287,1.59667478288923e-05,586,1,0
246,17,32,0,0,1,15.88584899902344,"[0.0, 15.88584899902344]",15.88584899902344,14.285714285714285,15.88584899902344,9.200000000000037,0,1,0,146.22750486247241,1.588584899902344e-05,552,1,0
246,18,38,0,0,1,15.884361267089844,"[0.0, 15.884361267089844]",15.884361267089844,14.285714285714285,15.884361267089844,8.85000000000002,0,1,0,145.48966650292277,1.5884361267089844e-05,531,1,0
246,19,25,0,0,1,15.871189662388394,"[0.0, 15.871189662388394]",15.871189662388394,14.285714285714285,15.871189662388394,9.05000000000003,0,1,0,139.881433642935,1.5871189662388396e-05,543,1,0
246,20,48,0,0,1,15.758558000837052,"[0.0, 15.758558000837052]",15.758558000837052,14.285714285714285,15.758558000837052,8.71666666666668,0,1,0,140.31596724689007,1.5758558000837052e-05,523,1,0
246,21,46,0,0,1,15.69572993687221,"[0.0, 15.69572993687221]",15.69572993687221,14.285714285714285,15.69572993687221,10.483333333333434,0,1,0,151.23980080843467,1.569572993687221e-05,629,1,0
246,22,55,0,0,1,15.649163382393974,"[0.0, 15.649163382393974]",15.649163382393974,14.285714285714285,15.649163382393974,10.150000000000084,0,1,0,148.948292303372,1.5649163382393974e-05,609,1,0
246,23,31,0,0,1,15.63006809779576,"[0.0, 15.63006809779576]",15.63006809779576,14.285714285714285,15.63006809779576,10.683333333333444,0,1,0,148.95355608079262,1.563006809779576e-05,641,1,0
246,24,12,0,0,1,15.62170846121652,"[0.0, 15.62170846121652]",15.62170846121652,14.285714285714285,15.62170846121652,10.283333333333424,0,1,0,147.85481391588837,1.562170846121652e-05,617,1,0
246,25,63,0,0,1,15.44041769845145,"[0.0, 15.44041769845145]",15.44041769845145,14.285714285714285,15.44041769845145,8.633333333333342,0,1,0,139.45253943651915,1.544041769845145e-05,518,1,0
246,26,13,0,0,1,15.35175323486328,"[0.0, 15.35175323486328]",15.35175323486328,14.285714285714285,15.35175323486328,10.533333333333436,0,1,0,148.6295730078491,1.535175323486328e-05,632,1,0
246,27,39,0,0,1,15.294467381068639,"[0.0, 15.294467381068639]",15.294467381068639,14.285714285714285,15.294467381068639,10.966666666666791,0,1,0,153.25429672289465,1.5294467381068638e-05,658,1,0
246,28,45,0,0,1,15.052593776157924,"[0.0, 15.052593776157924]",15.052593776157924,14.285714285714285,15.052593776157924,10.200000000000086,0,1,0,144.08690639471752,1.5052593776157924e-05,612,1,0
246,29,29,0,0,1,14.915825980050224,"[0.0, 14.915825980050224]",14.915825980050224,14.285714285714285,14.915825980050224,10.333333333333426,0,1,0,143.3977674980124,1.4915825980050224e-05,620,1,0
246,30,50,0,0,1,11.69750486101423,"[0.0, 11.69750486101423]",11.69750486101423,11.428571428571429,11.69750486101423,8.566666666666672,0,1,0,114.62144514272222,1.169750486101423e-05,514,1,0
246,31,49,0,0,1,11.631229945591517,"[0.0, 11.631229945591517]",11.631229945591517,11.428571428571429,11.631229945591517,7.14999999999998,0,1,0,103.28326934576035,1.1631229945591518e-05,429,1,0
246,32,56,0,0,1,11.283542088099889,"[0.0, 11.283542088099889]",11.283542088099889,8.571428571428571,11.283542088099889,8.600000000000007,0,1,0,112.19996836132486,1.128354208809989e-05,516,1,0
246,33,9,0,0,0,11.258948189871653,"[0.0, 11.258948189871653]",11.258948189871653,8.571428571428571,11.258948189871653,9.316666666666709,0,1,0,112.27282605165965,1.1258948189871652e-05,559,1,0
246,34,42,0,0,0,11.241515023367747,"[0.0, 11.241515023367747]",11.241515023367747,8.571428571428571,11.241515023367747,7.399999999999979,0,1,0,107.18692049384117,1.1241515023367747e-05,444,1,0
246,35,59,0,0,0,11.215002877371653,"[0.0, 11.215002877371653]",11.215002877371653,8.571428571428571,11.215002877371653,7.699999999999978,0,1,0,108.26321493461728,1.1215002877371652e-05,462,1,0
246,36,24,0,0,0,11.17438452584403,"[0.0, 11.17438452584403]",11.17438452584403,8.571428571428571,11.17438452584403,5.983333333333317,0,1,0,97.92897705733776,1.1174384525844029e-05,359,1,0
246,37,34,0,0,0,10.618223462785993,"[0.0, 10.618223462785993]",10.618223462785993,8.571428571428571,10.618223462785993,9.516666666666719,0,1,0,103.21230433417804,1.0618223462785992e-05,571,1,0
246,38,41,0,0,0,10.611373356410434,"[0.0, 10.611373356410434]",10.611373356410434,8.571428571428571,10.611373356410434,6.749999999999981,0,1,0,103.73018285632133,1.0611373356410433e-05,405,1,0
246,39,57,0,0,0,10.58159691946847,"[0.0, 10.58159691946847]",10.58159691946847,8.571428571428571,10.58159691946847,8.616666666666674,0,1,0,103.53572018288833,1.058159691946847e-05,517,1,0
246,40,52,0,0,0,10.473439352852958,"[0.0, 10.473439352852958]",10.473439352852958,8.571428571428571,10.473439352852958,6.416666666666649,0,1,0,100.63491660356522,1.0473439352852959e-05,385,1,0
246,41,44,0,0,0,10.382328033447266,"[0.0, 10.382328033447266]",10.382328033447266,8.571428571428571,10.382328033447266,8.633333333333342,0,1,0,100.77442339611298,1.0382328033447265e-05,518,1,0
246,42,26,0,0,0,10.265091487339564,"[0.0, 10.265091487339564]",10.265091487339564,8.571428571428571,10.265091487339564,5.8499999999999845,0,1,0,96.34628713130951,1.0265091487339564e-05,351,1,0
246,43,53,0,0,0,10.021885463169642,"[0.0, 10.021885463169642]",10.021885463169642,8.571428571428571,10.021885463169642,5.583333333333319,0,1,0,96.49486523866653,1.0021885463169642e-05,335,1,0
246,44,21,0,0,0,9.028816223144531,"[0.0, 9.028816223144531]",9.028816223144531,8.571428571428571,9.028816223144531,6.483333333333316,0,1,0,91.02539332956076,9.028816223144531e-06,389,1,0
246,45,14,0,0,0,8.98383821759905,"[0.0, 8.98383821759905]",8.98383821759905,8.571428571428571,8.98383821759905,8.216666666666654,0,1,0,78.1811994712989,8.98383821759905e-06,493,1,0
246,46,19,0,0,0,8.406859806605746,"[0.0, 8.406859806605746]",8.406859806605746,5.714285714285714,8.406859806605746,7.833333333333311,0,1,0,65.37933006937965,8.406859806605747e-06,470,1,0
246,47,58,0,0,0,8.382892608642578,"[0.0, 8.382892608642578]",8.382892608642578,5.714285714285714,8.382892608642578,7.0833333333333135,0,1,0,62.06966594037658,8.382892608642579e-06,425,1,0
246,48,23,0,0,0,7.3809814453125,"[0.0, 7.3809814453125]",7.3809814453125,5.714285714285714,7.3809814453125,5.649999999999985,0,1,0,76.35253667831421,7.3809814453125e-06,339,1,0
246,49,20,0,0,0,7.142857142857142,"[0.0, 7.142857142857142]",7.142857142857142,5.714285714285714,7.142857142857142,4.24999999999999,0,1,0,70.61394019424915,7.142857142857143e-06,255,1,0
246,50,37,0,0,0,6.428958347865514,"[0.0, 6.428958347865514]",6.428958347865514,5.714285714285714,6.428958347865514,7.366666666666646,0,1,0,58.56571658359462,6.428958347865514e-06,442,1,0
246,51,35,0,0,0,6.414952959333148,"[0.0, 6.414952959333148]",6.414952959333148,5.714285714285714,6.414952959333148,7.366666666666646,0,1,0,58.63864788097271,6.414952959333148e-06,442,1,0
246,52,8,0,0,0,6.350233895438058,"[0.0, 6.350233895438058]",6.350233895438058,5.714285714285714,6.350233895438058,7.366666666666646,0,1,0,58.48232382568676,6.350233895438058e-06,442,1,0
246,53,51,0,0,0,6.348882402692523,"[0.0, 6.348882402692523]",6.348882402692523,5.714285714285714,6.348882402692523,7.366666666666646,0,1,0,58.491126857603376,6.348882402692523e-06,442,1,0
246,54,62,0,0,0,6.310642787388393,"[0.0, 6.310642787388393]",6.310642787388393,5.714285714285714,6.310642787388393,7.366666666666646,0,1,0,58.58186923858739,6.310642787388393e-06,442,1,0
246,55,60,0,0,0,6.306277683803013,"[0.0, 6.306277683803013]",6.306277683803013,5.714285714285714,6.306277683803013,7.366666666666646,0,1,0,58.581337969553715,6.306277683803013e-06,442,1,0
246,56,27,0,0,0,6.30202157156808,"[0.0, 6.30202157156808]",6.30202157156808,5.714285714285714,6.30202157156808,7.366666666666646,0,1,0,58.48707001515868,6.30202157156808e-06,442,1,0
246,57,18,0,0,0,6.29620143345424,"[0.0, 6.29620143345424]",6.29620143345424,5.714285714285714,6.29620143345424,7.366666666666646,0,1,0,58.35363697812136,6.2962014334542404e-06,442,1,0
246,58,17,0,0,0,5.803822108677456,"[0.0, 5.803822108677456]",5.803822108677456,5.714285714285714,5.803822108677456,3.7833333333333248,0,1,0,53.013038739562035,5.803822108677456e-06,227,1,0
246,59,36,0,0,0,5.738165719168527,"[0.0, 5.738165719168527]",5.738165719168527,5.714285714285714,5.738165719168527,3.983333333333324,0,1,0,51.948635436594486,5.738165719168527e-06,239,1,0
246,60,22,0,0,0,5.036795479910714,"[0.0, 5.036795479910714]",5.036795479910714,2.857142857142857,5.036795479910714,5.499999999999986,0,1,0,45.841398592107,5.036795479910715e-06,330,1,0
246,61,40,0,0,0,2.941643851143973,"[0.0, 2.941643851143973]",2.941643851143973,2.857142857142857,2.941643851143973,7.483333333333312,0,1,0,19.28982359132351,2.941643851143973e-06,449,1,0
246,62,54,0,0,0,2.4554552350725447,"[0.0, 2.4554552350725447]",2.4554552350725447,0.0,2.4554552350725447,5.23333333333332,0,1,0,14.198067637742497,2.4554552350725445e-06,314,1,0
246,63,47,0,0,0,2.2559901646205356,"[0.0, 2.2559901646205356]",2.2559901646205356,0.0,2.2559901646205356,5.016666666666654,0,1,0,10.449115742347203,2.2559901646205355e-06,301,1,0
246,64,61,0,0,0,1.0844312395368305,"[0.0, 1.0844312395368305]",1.0844312395368305,0.0,1.0844312395368305,5.999999999999984,0,1,0,28.59943451482104,1.0844312395368305e-06,360,1,0
247,1,48,0,1,1,21.37338365827288,"[0.0, 21.37338365827288]",21.37338365827288,20.0,21.37338365827288,11.116666666666799,0,1,0,193.56138689096406,2.137338365827288e-05,667,1,0
247,2,0,0,1,1,21.19035448346819,"[0.0, 21.19035448346819]",21.19035448346819,20.0,21.19035448346819,10.700000000000111,0,1,0,194.77104606619105,2.1190354483468192e-05,642,1,0
247,3,1,0,1,1,20.852353232247488,"[0.0, 20.852353232247488]",20.852353232247488,20.0,20.852353232247488,11.116666666666799,0,1,0,192.68674372514943,2.0852353232247488e-05,667,1,0
247,4,2,0,1,1,20.785315377371653,"[0.0, 20.785315377371653]",20.785315377371653,20.0,20.785315377371653,12.416666666666863,0,1,0,192.11739975461387,2.0785315377371654e-05,745,1,0
247,5,40,0,1,1,20.65141405378069,"[0.0, 20.65141405378069]",20.65141405378069,20.0,20.65141405378069,11.716666666666828,0,1,0,194.60271223932068,2.0651414053780692e-05,703,1,0
247,6,17,0,1,1,17.148453848702566,"[0.0, 17.148453848702566]",17.148453848702566,17.142857142857142,17.148453848702566,9.966666666666741,0,1,0,158.05912068687758,1.7148453848702566e-05,598,1,0
247,7,3,0,1,1,17.09747859409877,"[0.0, 17.09747859409877]",17.09747859409877,14.285714285714285,17.09747859409877,9.083333333333364,0,1,0,156.74086499400437,1.7097478594098772e-05,545,1,0
247,8,4,0,1,1,17.076094491141184,"[0.0, 17.076094491141184]",17.076094491141184,14.285714285714285,17.076094491141184,11.150000000000134,0,1,0,160.2604516608917,1.7076094491141183e-05,669,1,0
247,9,43,0,0,1,17.026334490094865,"[0.0, 17.026334490094865]",17.026334490094865,14.285714285714285,17.026334490094865,9.616666666666724,0,1,0,156.61314940731972,1.7026334490094865e-05,577,1,0
247,10,59,0,0,1,17.0110103062221,"[0.0, 17.0110103062221]",17.0110103062221,14.285714285714285,17.0110103062221,11.133333333333466,0,1,0,162.96183275147632,1.70110103062221e-05,668,1,0
247,11,5,0,0,1,16.977135794503347,"[0.0, 16.977135794503347]",16.977135794503347,14.285714285714285,16.977135794503347,9.866666666666736,0,1,0,159.00880284281448,1.6977135794503348e-05,592,1,0
247,12,6,0,0,1,16.81837899344308,"[0.0, 16.81837899344308]",16.81837899344308,14.285714285714285,16.81837899344308,10.050000000000079,0,1,0,155.3627988246517,1.681837899344308e-05,603,1,0
247,13,9,0,0,1,16.806678771972656,"[0.0, 16.806678771972656]",16.806678771972656,14.285714285714285,16.806678771972656,10.733333333333446,0,1,0,158.40280365246144,1.6806678771972658e-05,644,1,0
247,14,7,0,0,1,16.79356166294643,"[0.0, 16.79356166294643]",16.79356166294643,14.285714285714285,16.79356166294643,10.533333333333436,0,1,0,157.46379909727693,1.679356166294643e-05,632,1,0
247,15,44,0,0,1,16.77074977329799,"[0.0, 16.77074977329799]",16.77074977329799,14.285714285714285,16.77074977329799,10.166666666666751,0,1,0,159.16076316305407,1.677074977329799e-05,610,1,0
247,16,28,0,0,1,16.69236864362444,"[0.0, 16.69236864362444]",16.69236864362444,14.285714285714285,16.69236864362444,9.783333333333399,0,1,0,153.9259843615,1.669236864362444e-05,587,1,0
247,17,47,0,0,1,16.5308598109654,"[0.0, 16.5308598109654]",16.5308598109654,14.285714285714285,16.5308598109654,10.150000000000084,0,1,0,155.56635423956322,1.65308598109654e-05,609,1,0
247,18,24,0,0,1,16.28185272216797,"[0.0, 16.28185272216797]",16.28185272216797,14.285714285714285,16.28185272216797,10.800000000000116,0,1,0,153.09343588939373,1.6281852722167968e-05,648,1,0
247,19,12,0,0,1,16.228158133370535,"[0.0, 16.228158133370535]",16.228158133370535,14.285714285714285,16.228158133370535,9.916666666666739,0,1,0,152.03585041943734,1.6228158133370535e-05,595,1,0
247,20,34,0,0,1,16.160834176199774,"[0.0, 16.160834176199774]",16.160834176199774,14.285714285714285,16.160834176199774,9.033333333333362,0,1,0,143.3480257987976,1.6160834176199776e-05,542,1,0
247,21,46,0,0,1,16.14561898367746,"[0.0, 16.14561898367746]",16.14561898367746,14.285714285714285,16.14561898367746,9.250000000000039,0,1,0,142.11412592418492,1.6145618983677457e-05,555,1,0
247,22,23,0,0,1,16.045265197753906,"[0.0, 16.045265197753906]",16.045265197753906,14.285714285714285,16.045265197753906,8.816666666666684,0,1,0,145.12219642847776,1.6045265197753907e-05,529,1,0
247,23,26,0,0,1,15.972682407924108,"[0.0, 15.972682407924108]",15.972682407924108,14.285714285714285,15.972682407924108,10.766666666666781,0,1,0,156.63063264254743,1.5972682407924106e-05,646,1,0
247,24,25,0,0,1,15.87226322719029,"[0.0, 15.87226322719029]",15.87226322719029,14.285714285714285,15.87226322719029,11.016666666666794,0,1,0,147.10209909070545,1.587226322719029e-05,661,1,0
247,25,18,0,0,1,15.731631687709264,"[0.0, 15.731631687709264]",15.731631687709264,14.285714285714285,15.731631687709264,9.066666666666697,0,1,0,144.86735275574028,1.5731631687709264e-05,544,1,0
247,26,57,0,0,1,15.668869018554688,"[0.0, 15.668869018554688]",15.668869018554688,14.285714285714285,15.668869018554688,9.150000000000034,0,1,0,142.59823416173458,1.5668869018554687e-05,549,1,0
247,27,15,0,0,1,15.653702872140066,"[0.0, 15.653702872140066]",15.653702872140066,14.285714285714285,15.653702872140066,9.316666666666709,0,1,0,140.4673157789657,1.5653702872140065e-05,559,1,0
247,28,13,0,0,1,15.652220589773997,"[0.0, 15.652220589773997]",15.652220589773997,14.285714285714285,15.652220589773997,10.416666666666764,0,1,0,148.1423503583501,1.5652220589773995e-05,625,1,0
247,29,53,0,0,1,15.64746311732701,"[0.0, 15.64746311732701]",15.64746311732701,14.285714285714285,15.64746311732701,8.283333333333324,0,1,0,141.65462208911777,1.564746311732701e-05,497,1,0
247,30,33,0,0,1,15.633098057338168,"[0.0, 15.633098057338168]",15.633098057338168,14.285714285714285,15.633098057338168,9.966666666666741,0,1,0,148.12551508098113,1.563309805733817e-05,598,1,0
247,31,27,0,0,1,15.469698224748885,"[0.0, 15.469698224748885]",15.469698224748885,14.285714285714285,15.469698224748885,10.050000000000079,0,1,0,150.865792068078,1.5469698224748886e-05,603,1,0
247,32,55,0,0,1,15.309747968401227,"[0.0, 15.309747968401227]",15.309747968401227,14.285714285714285,15.309747968401227,9.916666666666739,0,1,0,149.74602577803307,1.5309747968401227e-05,595,1,0
247,33,29,0,0,0,15.298064095633372,"[0.0, 15.298064095633372]",15.298064095633372,14.285714285714285,15.298064095633372,10.616666666666774,0,1,0,143.31178351814742,1.529806409563337e-05,637,1,0
247,34,32,0,0,0,15.276167733328682,"[0.0, 15.276167733328682]",15.276167733328682,14.285714285714285,15.276167733328682,10.516666666666769,0,1,0,148.38422692297172,1.5276167733328682e-05,631,1,0
247,35,62,0,0,0,14.904703412737167,"[0.0, 14.904703412737167]",14.904703412737167,14.285714285714285,14.904703412737167,10.516666666666769,0,1,0,148.72972395330726,1.4904703412737166e-05,631,1,0
247,36,37,0,0,0,14.783712114606583,"[0.0, 14.783712114606583]",14.783712114606583,14.285714285714285,14.783712114606583,9.850000000000069,0,1,0,136.59377443646372,1.4783712114606583e-05,591,1,0
247,37,58,0,0,0,14.738845825195312,"[0.0, 14.738845825195312]",14.738845825195312,14.285714285714285,14.738845825195312,10.733333333333446,0,1,0,146.74660024019977,1.4738845825195313e-05,644,1,0
247,38,11,0,0,0,14.500487191336495,"[0.0, 14.500487191336495]",14.500487191336495,14.285714285714285,14.500487191336495,10.583333333333439,0,1,0,147.17607278126525,1.4500487191336495e-05,635,1,0
247,39,54,0,0,0,11.59210477556501,"[0.0, 11.59210477556501]",11.59210477556501,11.428571428571429,11.59210477556501,7.98333333333331,0,1,0,112.66388821601868,1.1592104775565011e-05,479,1,0
247,40,38,0,0,0,11.574933188302177,"[0.0, 11.574933188302177]",11.574933188302177,11.428571428571429,11.574933188302177,7.849999999999977,0,1,0,112.6741315126419,1.1574933188302177e-05,471,1,0
247,41,22,0,0,0,11.354201180594307,"[0.0, 11.354201180594307]",11.354201180594307,8.571428571428571,11.354201180594307,8.65000000000001,0,1,0,111.31729706092301,1.1354201180594307e-05,519,1,0
247,42,20,0,0,0,11.344522748674665,"[0.0, 11.344522748674665]",11.344522748674665,8.571428571428571,11.344522748674665,10.100000000000081,0,1,0,115.48514979263564,1.1344522748674665e-05,606,1,0
247,43,61,0,0,0,11.30307878766741,"[0.0, 11.30307878766741]",11.30307878766741,8.571428571428571,11.30307878766741,8.31666666666666,0,1,0,110.79565067682415,1.130307878766741e-05,499,1,0
247,44,56,0,0,0,10.72106225149972,"[0.0, 10.72106225149972]",10.72106225149972,8.571428571428571,10.72106225149972,6.349999999999983,0,1,0,100.94451102614403,1.072106225149972e-05,381,1,0
247,45,36,0,0,0,10.716029575892858,"[0.0, 10.716029575892858]",10.716029575892858,8.571428571428571,10.716029575892858,7.366666666666646,0,1,0,105.39420614391565,1.0716029575892857e-05,442,1,0
247,46,31,0,0,0,10.420221601213727,"[0.0, 10.420221601213727]",10.420221601213727,8.571428571428571,10.420221601213727,7.499999999999979,0,1,0,101.87933137267828,1.0420221601213728e-05,450,1,0
247,47,52,0,0,0,9.796466827392578,"[0.0, 9.796466827392578]",9.796466827392578,8.571428571428571,9.796466827392578,5.466666666666653,0,1,0,93.01577605307102,9.796466827392578e-06,328,1,0
247,48,30,0,0,0,9.092486245291575,"[0.0, 9.092486245291575]",9.092486245291575,8.571428571428571,9.092486245291575,8.349999999999994,0,1,0,79.69948118396132,9.092486245291575e-06,501,1,0
247,49,45,0,0,0,9.004614693777901,"[0.0, 9.004614693777901]",9.004614693777901,8.571428571428571,9.004614693777901,5.18333333333332,0,1,0,85.05318641662598,9.0046146937779e-06,311,1,0
247,50,42,0,0,0,8.844334738595146,"[0.0, 8.844334738595146]",8.844334738595146,8.571428571428571,8.844334738595146,5.199999999999987,0,1,0,85.97208896279335,8.844334738595146e-06,312,1,0
247,51,16,0,0,0,8.522919246128627,"[0.0, 8.522919246128627]",8.522919246128627,5.714285714285714,8.522919246128627,7.533333333333312,0,1,0,64.9760425058339,8.522919246128626e-06,452,1,0
247,52,50,0,0,0,8.487494332449778,"[0.0, 8.487494332449778]",8.487494332449778,5.714285714285714,8.487494332449778,7.516666666666645,0,1,0,65.73851751317852,8.487494332449778e-06,451,1,0
247,53,14,0,0,0,8.45700672694615,"[0.0, 8.45700672694615]",8.45700672694615,5.714285714285714,8.45700672694615,7.5499999999999785,0,1,0,63.94316978240386,8.457006726946149e-06,453,1,0
247,54,39,0,0,0,8.386573791503906,"[0.0, 8.386573791503906]",8.386573791503906,5.714285714285714,8.386573791503906,9.033333333333362,0,1,0,67.87202986828925,8.386573791503906e-06,542,1,0
247,55,8,0,0,0,7.142857142857142,"[0.0, 7.142857142857142]",7.142857142857142,5.714285714285714,7.142857142857142,3.766666666666658,0,1,0,68.9276007860899,7.142857142857143e-06,226,1,0
247,56,41,0,0,0,6.790291922433036,"[0.0, 6.790291922433036]",6.790291922433036,5.714285714285714,6.790291922433036,3.133333333333327,0,1,0,61.4904049038887,6.790291922433036e-06,188,1,0
247,57,60,0,0,0,6.517557416643416,"[0.0, 6.517557416643416]",6.517557416643416,5.714285714285714,6.517557416643416,7.416666666666646,0,1,0,59.53671895051957,6.517557416643416e-06,445,1,0
247,58,35,0,0,0,6.5048980712890625,"[0.0, 6.5048980712890625]",6.5048980712890625,5.714285714285714,6.5048980712890625,7.416666666666646,0,1,0,59.53680655248172,6.504898071289062e-06,445,1,0
247,59,49,0,0,0,6.374048505510603,"[0.0, 6.374048505510603]",6.374048505510603,5.714285714285714,6.374048505510603,7.366666666666646,0,1,0,58.353970332340396,6.374048505510604e-06,442,1,0
247,60,21,0,0,0,6.329738071986607,"[0.0, 6.329738071986607]",6.329738071986607,5.714285714285714,6.329738071986607,7.366666666666646,0,1,0,58.581522869215405,6.3297380719866065e-06,442,1,0
247,61,19,0,0,0,5.573605128696987,"[0.0, 5.573605128696987]",5.573605128696987,2.857142857142857,5.573605128696987,8.666666666666677,0,1,0,66.55966323567554,5.573605128696987e-06,520,1,0
247,62,63,0,0,0,3.408208574567522,"[0.0, 3.408208574567522]",3.408208574567522,2.857142857142857,3.408208574567522,5.33333333333332,0,1,0,29.02559472995199,3.408208574567522e-06,320,1,0
247,63,10,0,0,0,3.154078892299107,"[0.0, 3.154078892299107]",3.154078892299107,2.857142857142857,3.154078892299107,5.816666666666651,0,1,0,30.995877859888424,3.1540788922991073e-06,349,1,0
247,64,51,0,0,0,2.8233010428292413,"[0.0, 2.8233010428292413]",2.8233010428292413,0.0,2.8233010428292413,5.083333333333321,0,1,0,40.98376995587023,2.8233010428292413e-06,305,1,0
248,1,0,0,1,1,21.37338365827288,"[0.0, 21.37338365827288]",21.37338365827288,20.0,21.37338365827288,11.116666666666799,0,1,0,193.56138689096406,2.137338365827288e-05,667,1,0
248,2,18,0,1,1,21.367876870291575,"[0.0, 21.367876870291575]",21.367876870291575,20.0,21.367876870291575,11.716666666666828,0,1,0,194.07621198098786,2.1367876870291574e-05,703,1,0
248,3,1,0,1,1,21.19035448346819,"[0.0, 21.19035448346819]",21.19035448346819,20.0,21.19035448346819,10.700000000000111,0,1,0,194.77104606619105,2.1190354483468192e-05,642,1,0
248,4,50,0,1,1,21.13462720598493,"[0.0, 21.13462720598493]",21.13462720598493,20.0,21.13462720598493,10.866666666666786,0,1,0,194.76011242227105,2.113462720598493e-05,652,1,0
248,5,2,0,1,1,20.852353232247488,"[0.0, 20.852353232247488]",20.852353232247488,20.0,20.852353232247488,11.116666666666799,0,1,0,192.68674372514943,2.0852353232247488e-05,667,1,0
248,6,61,0,1,1,20.790176391601562,"[0.0, 20.790176391601562]",20.790176391601562,20.0,20.790176391601562,11.083333333333464,0,1,0,191.9016992846373,2.0790176391601564e-05,665,1,0
248,7,3,0,1,1,20.785315377371653,"[0.0, 20.785315377371653]",20.785315377371653,20.0,20.785315377371653,12.416666666666863,0,1,0,192.11739975461387,2.0785315377371654e-05,745,1,0
248,8,4,0,1,1,20.65141405378069,"[0.0, 20.65141405378069]",20.65141405378069,20.0,20.65141405378069,11.716666666666828,0,1,0,194.60271223932068,2.0651414053780692e-05,703,1,0
248,9,60,0,0,1,20.105013166155132,"[0.0, 20.105013166155132]",20.105013166155132,20.0,20.105013166155132,11.633333333333491,0,1,0,190.1417081571417,2.0105013166155132e-05,698,1,0
248,10,5,0,0,1,17.148453848702566,"[0.0, 17.148453848702566]",17.148453848702566,17.142857142857142,17.148453848702566,9.966666666666741,0,1,0,158.05912068687758,1.7148453848702566e-05,598,1,0
248,11,6,0,0,1,17.09747859409877,"[0.0, 17.09747859409877]",17.09747859409877,14.285714285714285,17.09747859409877,9.083333333333364,0,1,0,156.74086499400437,1.7097478594098772e-05,545,1,0
248,12,7,0,0,1,17.076094491141184,"[0.0, 17.076094491141184]",17.076094491141184,14.285714285714285,17.076094491141184,11.150000000000134,0,1,0,160.2604516608917,1.7076094491141183e-05,669,1,0
248,13,31,0,0,1,17.016912187848774,"[0.0, 17.016912187848774]",17.016912187848774,14.285714285714285,17.016912187848774,11.533333333333486,0,1,0,164.32629422804894,1.7016912187848773e-05,692,1,0
248,14,54,0,0,1,16.899326869419642,"[0.0, 16.899326869419642]",16.899326869419642,14.285714285714285,16.899326869419642,9.650000000000059,0,1,0,158.1080224296311,1.6899326869419642e-05,579,1,0
248,15,32,0,0,1,16.59380231584821,"[0.0, 16.59380231584821]",16.59380231584821,14.285714285714285,16.59380231584821,11.466666666666816,0,1,0,155.95448951412254,1.659380231584821e-05,688,1,0
248,16,34,0,0,1,16.2628664289202,"[0.0, 16.2628664289202]",16.2628664289202,14.285714285714285,16.2628664289202,11.233333333333471,0,1,0,162.52378307436447,1.6262866428920202e-05,674,1,0
248,17,11,0,0,1,16.137771606445312,"[0.0, 16.137771606445312]",16.137771606445312,14.285714285714285,16.137771606445312,10.083333333333414,0,1,0,151.85321406977891,1.613777160644531e-05,605,1,0
248,18,52,0,0,1,16.124986921037944,"[0.0, 16.124986921037944]",16.124986921037944,14.285714285714285,16.124986921037944,9.616666666666724,0,1,0,151.4585474997657,1.6124986921037945e-05,577,1,0
248,19,39,0,0,1,16.086981637137278,"[0.0, 16.086981637137278]",16.086981637137278,14.285714285714285,16.086981637137278,10.133333333333416,0,1,0,151.8003638792652,1.6086981637137277e-05,608,1,0
248,20,57,0,0,1,16.051679338727677,"[0.0, 16.051679338727677]",16.051679338727677,14.285714285714285,16.051679338727677,9.533333333333387,0,1,0,150.14262294769287,1.6051679338727676e-05,572,1,0
248,21,37,0,0,1,16.039930071149552,"[0.0, 16.039930071149552]",16.039930071149552,14.285714285714285,16.039930071149552,10.016666666666744,0,1,0,149.21314798402454,1.6039930071149552e-05,601,1,0
248,22,41,0,0,1,15.974922180175783,"[0.0, 15.974922180175783]",15.974922180175783,14.285714285714285,15.974922180175783,9.450000000000049,0,1,0,149.92833462636918,1.5974922180175782e-05,567,1,0
248,23,63,0,0,1,15.886486598423549,"[0.0, 15.886486598423549]",15.886486598423549,14.285714285714285,15.886486598423549,9.100000000000032,0,1,0,144.0923087131232,1.588648659842355e-05,546,1,0
248,24,38,0,0,1,15.867489406040736,"[0.0, 15.867489406040736]",15.867489406040736,14.285714285714285,15.867489406040736,9.400000000000047,0,1,0,143.02956305947737,1.5867489406040737e-05,564,1,0
248,25,56,0,0,1,15.636247907366071,"[0.0, 15.636247907366071]",15.636247907366071,14.285714285714285,15.636247907366071,9.450000000000049,0,1,0,148.7548949859338,1.563624790736607e-05,567,1,0
248,26,30,0,0,1,15.601659502301898,"[0.0, 15.601659502301898]",15.601659502301898,14.285714285714285,15.601659502301898,10.416666666666764,0,1,0,147.7765937381555,1.5601659502301896e-05,625,1,0
248,27,36,0,0,1,15.557616097586497,"[0.0, 15.557616097586497]",15.557616097586497,14.285714285714285,15.557616097586497,10.916666666666789,0,1,0,150.22652568274498,1.5557616097586495e-05,655,1,0
248,28,49,0,0,1,15.461709158761161,"[0.0, 15.461709158761161]",15.461709158761161,14.285714285714285,15.461709158761161,10.316666666666759,0,1,0,149.01388074312854,1.546170915876116e-05,619,1,0
248,29,22,0,0,1,15.447589329310826,"[0.0, 15.447589329310826]",15.447589329310826,14.285714285714285,15.447589329310826,9.583333333333389,0,1,0,145.62901566021173,1.5447589329310825e-05,575,1,0
248,30,42,0,0,1,15.30043465750558,"[0.0, 15.30043465750558]",15.30043465750558,14.285714285714285,15.30043465750558,11.083333333333464,0,1,0,149.32594499784318,1.530043465750558e-05,665,1,0
248,31,23,0,0,1,15.28101784842355,"[0.0, 15.28101784842355]",15.28101784842355,14.285714285714285,15.28101784842355,11.033333333333461,0,1,0,152.07774310228706,1.528101784842355e-05,662,1,0
248,32,9,0,0,1,15.272843497140068,"[0.0, 15.272843497140068]",15.272843497140068,14.285714285714285,15.272843497140068,10.683333333333444,0,1,0,151.66315357614076,1.5272843497140067e-05,641,1,0
248,33,58,0,0,0,15.246859959193637,"[0.0, 15.246859959193637]",15.246859959193637,14.285714285714285,15.246859959193637,10.650000000000109,0,1,0,144.35889049005345,1.5246859959193637e-05,639,1,0
248,34,29,0,0,0,15.19355228969029,"[0.0, 15.19355228969029]",15.19355228969029,14.285714285714285,15.19355228969029,10.583333333333439,0,1,0,151.32612231171515,1.519355228969029e-05,635,1,0
248,35,20,0,0,0,15.177857535226005,"[0.0, 15.177857535226005]",15.177857535226005,14.285714285714285,15.177857535226005,9.716666666666729,0,1,0,146.27005281701713,1.5177857535226006e-05,583,1,0
248,36,53,0,0,0,14.714938572474889,"[0.0, 14.714938572474889]",14.714938572474889,14.285714285714285,14.714938572474889,10.500000000000101,0,1,0,145.01713926080993,1.4714938572474889e-05,630,1,0
248,37,26,0,0,0,11.681763785226003,"[0.0, 11.681763785226003]",11.681763785226003,11.428571428571429,11.681763785226003,9.500000000000052,0,1,0,116.4669679875442,1.1681763785226003e-05,570,1,0
248,38,40,0,0,0,11.501680101667132,"[0.0, 11.501680101667132]",11.501680101667132,11.428571428571429,11.501680101667132,9.350000000000044,0,1,0,116.07247099672531,1.1501680101667133e-05,561,1,0
248,39,46,0,0,0,11.47087642124721,"[0.0, 11.47087642124721]",11.47087642124721,11.428571428571429,11.47087642124721,7.699999999999978,0,1,0,110.24806270003319,1.147087642124721e-05,462,1,0
248,40,27,0,0,0,11.428209032331193,"[0.0, 11.428209032331193]",11.428209032331193,8.571428571428571,11.428209032331193,7.666666666666645,0,1,0,107.33576746284962,1.1428209032331193e-05,460,1,0
248,41,47,0,0,0,11.364667075020925,"[0.0, 11.364667075020925]",11.364667075020925,8.571428571428571,11.364667075020925,7.849999999999977,0,1,0,109.91842841729522,1.1364667075020925e-05,471,1,0
248,42,45,0,0,0,11.260277884347099,"[0.0, 11.260277884347099]",11.260277884347099,8.571428571428571,11.260277884347099,10.000000000000076,0,1,0,115.44422573778866,1.1260277884347098e-05,600,1,0
248,43,8,0,0,0,11.252108982631139,"[0.0, 11.252108982631139]",11.252108982631139,8.571428571428571,11.252108982631139,7.666666666666645,0,1,0,109.8684335462749,1.1252108982631139e-05,460,1,0
248,44,43,0,0,0,11.215624128069196,"[0.0, 11.215624128069196]",11.215624128069196,8.571428571428571,11.215624128069196,9.1166666666667,0,1,0,110.59203571952821,1.1215624128069197e-05,547,1,0
248,45,15,0,0,0,11.20497294834682,"[0.0, 11.20497294834682]",11.20497294834682,8.571428571428571,11.20497294834682,8.616666666666674,0,1,0,107.79128471099102,1.120497294834682e-05,517,1,0
248,46,10,0,0,0,11.058292388916016,"[0.0, 11.058292388916016]",11.058292388916016,8.571428571428571,11.058292388916016,8.566666666666672,0,1,0,107.85809838132263,1.1058292388916015e-05,514,1,0
248,47,25,0,0,0,10.968050275530134,"[0.0, 10.968050275530134]",10.968050275530134,8.571428571428571,10.968050275530134,6.833333333333314,0,1,0,101.11585494875908,1.0968050275530134e-05,410,1,0
248,48,59,0,0,0,10.73695319039481,"[0.0, 10.73695319039481]",10.73695319039481,8.571428571428571,10.73695319039481,7.833333333333311,0,1,0,102.78897805139422,1.0736953190394811e-05,470,1,0
248,49,17,0,0,0,10.011899130684988,"[0.0, 10.011899130684988]",10.011899130684988,8.571428571428571,10.011899130684988,6.2333333333333165,0,1,0,96.31469430029392,1.0011899130684989e-05,374,1,0
248,50,24,0,0,0,9.619154248918806,"[0.0, 9.619154248918806]",9.619154248918806,8.571428571428571,9.619154248918806,5.749999999999985,0,1,0,94.52825631201267,9.619154248918806e-06,345,1,0
248,51,21,0,0,0,9.44052015032087,"[0.0, 9.44052015032087]",9.44052015032087,8.571428571428571,9.44052015032087,5.349999999999986,0,1,0,91.46439398825169,9.44052015032087e-06,321,1,0
248,52,51,0,0,0,8.781198774065292,"[0.0, 8.781198774065292]",8.781198774065292,8.571428571428571,8.781198774065292,8.233333333333322,0,1,0,73.91814826396876,8.781198774065292e-06,494,1,0
248,53,12,0,0,0,8.691141945975167,"[0.0, 8.691141945975167]",8.691141945975167,8.571428571428571,8.691141945975167,8.066666666666647,0,1,0,74.07583245161368,8.691141945975167e-06,484,1,0
248,54,44,0,0,0,8.648599897112165,"[0.0, 8.648599897112165]",8.648599897112165,8.571428571428571,8.648599897112165,7.949999999999977,0,1,0,72.28599695430603,8.648599897112165e-06,477,1,0
248,55,33,0,0,0,8.363557543073382,"[0.0, 8.363557543073382]",8.363557543073382,5.714285714285714,8.363557543073382,8.91666666666669,0,1,0,68.54364099695522,8.363557543073382e-06,535,1,0
248,56,62,0,0,0,7.841802324567522,"[0.0, 7.841802324567522]",7.841802324567522,5.714285714285714,7.841802324567522,4.9166666666666545,0,1,0,79.42490355670452,7.841802324567522e-06,295,1,0
248,57,16,0,0,0,7.142857142857142,"[0.0, 7.142857142857142]",7.142857142857142,5.714285714285714,7.142857142857142,4.549999999999989,0,1,0,72.73905383050442,7.142857142857143e-06,273,1,0
248,58,35,0,0,0,6.429443359375001,"[0.0, 6.429443359375001]",6.429443359375001,5.714285714285714,6.429443359375001,7.483333333333312,0,1,0,59.90877328293573,6.429443359375001e-06,449,1,0
248,59,14,0,0,0,6.353688921247209,"[0.0, 6.353688921247209]",6.353688921247209,5.714285714285714,6.353688921247209,7.366666666666646,0,1,0,58.351467904867604,6.353688921247209e-06,442,1,0
248,60,48,0,0,0,6.318293980189732,"[0.0, 6.318293980189732]",6.318293980189732,5.714285714285714,6.318293980189732,7.366666666666646,0,1,0,58.581838915684784,6.318293980189732e-06,442,1,0
248,61,28,0,0,0,6.293552943638393,"[0.0, 6.293552943638393]",6.293552943638393,5.714285714285714,6.293552943638393,7.366666666666646,0,1,0,58.478270266721665,6.293552943638393e-06,442,1,0
248,62,55,0,0,0,5.309306553431919,"[0.0, 5.309306553431919]",5.309306553431919,2.857142857142857,5.309306553431919,5.549999999999986,0,1,0,45.27209997524187,5.3093065534319196e-06,333,1,0
248,63,13,0,0,0,4.487070356096541,"[0.0, 4.487070356096541]",4.487070356096541,2.857142857142857,4.487070356096541,6.133333333333317,0,1,0,35.458827575952455,4.487070356096541e-06,368,1,0
248,64,19,0,0,0,2.823486328125,"[0.0, 2.823486328125]",2.823486328125,0.0,2.823486328125,5.016666666666654,0,1,0,40.43410791270435,2.823486328125e-06,301,1,0
249,1,19,0,1,1,22.11598805018834,"[0.0, 22.11598805018834]",22.11598805018834,20.0,22.11598805018834,16.40000000000035,0,1,0,199.96907283434848,2.211598805018834e-05,984,1,0
249,2,0,0,1,1,21.37338365827288,"[0.0, 21.37338365827288]",21.37338365827288,20.0,21.37338365827288,11.116666666666799,0,1,0,193.56138689096406,2.137338365827288e-05,667,1,0
249,3,1,0,1,1,21.367876870291575,"[0.0, 21.367876870291575]",21.367876870291575,20.0,21.367876870291575,11.716666666666828,0,1,0,194.07621198098786,2.1367876870291574e-05,703,1,0
249,4,2,0,1,1,21.19035448346819,"[0.0, 21.19035448346819]",21.19035448346819,20.0,21.19035448346819,10.700000000000111,0,1,0,194.77104606619105,2.1190354483468192e-05,642,1,0
249,5,59,0,1,1,21.17732456752232,"[0.0, 21.17732456752232]",21.17732456752232,20.0,21.17732456752232,10.216666666666754,0,1,0,193.25174491479993,2.117732456752232e-05,613,1,0
249,6,3,0,1,1,21.13462720598493,"[0.0, 21.13462720598493]",21.13462720598493,20.0,21.13462720598493,10.866666666666786,0,1,0,194.76011242227105,2.113462720598493e-05,652,1,0
249,7,23,0,1,1,21.05943407331194,"[0.0, 21.05943407331194]",21.05943407331194,20.0,21.05943407331194,13.183333333333568,0,1,0,195.06801973748952,2.105943407331194e-05,791,1,0
249,8,4,0,1,1,20.852353232247488,"[0.0, 20.852353232247488]",20.852353232247488,20.0,20.852353232247488,11.116666666666799,0,1,0,192.68674372514943,2.0852353232247488e-05,667,1,0
249,9,5,0,0,1,20.790176391601562,"[0.0, 20.790176391601562]",20.790176391601562,20.0,20.790176391601562,11.083333333333464,0,1,0,191.9016992846373,2.0790176391601564e-05,665,1,0
249,10,6,0,0,1,20.785315377371653,"[0.0, 20.785315377371653]",20.785315377371653,20.0,20.785315377371653,12.416666666666863,0,1,0,192.11739975461387,2.0785315377371654e-05,745,1,0
249,11,7,0,0,1,20.65141405378069,"[0.0, 20.65141405378069]",20.65141405378069,20.0,20.65141405378069,11.716666666666828,0,1,0,194.60271223932068,2.0651414053780692e-05,703,1,0
249,12,52,0,0,1,20.528054918561665,"[0.0, 20.528054918561665]",20.528054918561665,20.0,20.528054918561665,11.733333333333496,0,1,0,195.74964890057163,2.0528054918561666e-05,704,1,0
249,13,39,0,0,1,20.32226290021624,"[0.0, 20.32226290021624]",20.32226290021624,20.0,20.32226290021624,11.166666666666801,0,1,0,188.4783975096434,2.032226290021624e-05,670,1,0
249,14,62,0,0,1,20.197178976876394,"[0.0, 20.197178976876394]",20.197178976876394,20.0,20.197178976876394,11.700000000000161,0,1,0,189.80502780436655,2.0197178976876393e-05,702,1,0
249,15,63,0,0,1,20.084738050188335,"[0.0, 20.084738050188335]",20.084738050188335,20.0,20.084738050188335,11.033333333333461,0,1,0,192.4259762512811,2.0084738050188333e-05,662,1,0
249,16,37,0,0,1,17.178284781319757,"[0.0, 17.178284781319757]",17.178284781319757,17.142857142857142,17.178284781319757,11.916666666666838,0,1,0,164.28519476730435,1.7178284781319756e-05,715,1,0
249,17,12,0,0,1,17.128960745675222,"[0.0, 17.128960745675222]",17.128960745675222,14.285714285714285,17.128960745675222,10.066666666666746,0,1,0,161.45439780538436,1.712896074567522e-05,604,1,0
249,18,31,0,0,1,17.009059361049104,"[0.0, 17.009059361049104]",17.009059361049104,14.285714285714285,17.009059361049104,11.166666666666801,0,1,0,158.24318285886693,1.7009059361049106e-05,670,1,0
249,19,55,0,0,1,16.999152047293528,"[0.0, 16.999152047293528]",16.999152047293528,14.285714285714285,16.999152047293528,10.416666666666764,0,1,0,160.49186113512405,1.699915204729353e-05,625,1,0
249,20,29,0,0,1,16.90167018345424,"[0.0, 16.90167018345424]",16.90167018345424,14.285714285714285,16.90167018345424,12.03333333333351,0,1,0,158.83315676218626,1.690167018345424e-05,722,1,0
249,21,15,0,0,1,16.740657261439733,"[0.0, 16.740657261439733]",16.740657261439733,14.285714285714285,16.740657261439733,10.150000000000084,0,1,0,159.81770218600286,1.6740657261439734e-05,609,1,0
249,22,40,0,0,1,16.438042776925226,"[0.0, 16.438042776925226]",16.438042776925226,14.285714285714285,16.438042776925226,10.016666666666744,0,1,0,156.45950416418782,1.6438042776925225e-05,601,1,0
249,23,8,0,0,1,16.424309866768976,"[0.0, 16.424309866768976]",16.424309866768976,14.285714285714285,16.424309866768976,8.500000000000002,0,1,0,146.07276683673263,1.6424309866768977e-05,510,1,0
249,24,50,0,0,1,16.42184121268136,"[0.0, 16.42184121268136]",16.42184121268136,14.285714285714285,16.42184121268136,10.200000000000086,0,1,0,153.16530525503185,1.6421841212681362e-05,612,1,0
249,25,26,0,0,1,16.40657152448382,"[0.0, 16.40657152448382]",16.40657152448382,14.285714285714285,16.40657152448382,9.833333333333401,0,1,0,154.3691049922927,1.6406571524483818e-05,590,1,0
249,26,22,0,0,1,16.401552472795757,"[0.0, 16.401552472795757]",16.401552472795757,14.285714285714285,16.401552472795757,10.683333333333444,0,1,0,147.3362764767371,1.6401552472795757e-05,641,1,0
249,27,41,0,0,1,16.114180428641184,"[0.0, 16.114180428641184]",16.114180428641184,14.285714285714285,16.114180428641184,11.216666666666804,0,1,0,157.3176223554692,1.6114180428641183e-05,673,1,0
249,28,57,0,0,1,16.06367383684431,"[0.0, 16.06367383684431]",16.06367383684431,14.285714285714285,16.06367383684431,9.766666666666731,0,1,0,149.34668023556878,1.606367383684431e-05,586,1,0
249,29,58,0,0,1,15.889358520507812,"[0.0, 15.889358520507812]",15.889358520507812,14.285714285714285,15.889358520507812,9.200000000000037,0,1,0,148.3684312850237,1.5889358520507813e-05,552,1,0
249,30,45,0,0,1,15.821217128208707,"[0.0, 15.821217128208707]",15.821217128208707,14.285714285714285,15.821217128208707,10.716666666666779,0,1,0,155.56251307498314,1.5821217128208706e-05,643,1,0
249,31,43,0,0,1,15.807980128696986,"[0.0, 15.807980128696986]",15.807980128696986,14.285714285714285,15.807980128696986,9.250000000000039,0,1,0,146.0156348720193,1.5807980128696987e-05,555,1,0
249,32,18,0,0,1,15.53999764578683,"[0.0, 15.53999764578683]",15.53999764578683,14.285714285714285,15.53999764578683,9.966666666666741,0,1,0,148.19591850865254,1.553999764578683e-05,598,1,0
249,33,34,0,0,0,15.26904514857701,"[0.0, 15.26904514857701]",15.26904514857701,14.285714285714285,15.26904514857701,10.600000000000106,0,1,0,150.53087116415554,1.526904514857701e-05,636,1,0
249,34,21,0,0,0,15.117389133998326,"[0.0, 15.117389133998326]",15.117389133998326,14.285714285714285,15.117389133998326,10.033333333333411,0,1,0,147.07859222564002,1.5117389133998327e-05,602,1,0
249,35,32,0,0,0,14.989237104143417,"[0.0, 14.989237104143417]",14.989237104143417,14.285714285714285,14.989237104143417,10.400000000000096,0,1,0,147.1286123593527,1.4989237104143417e-05,624,1,0
249,36,25,0,0,0,11.580314636230469,"[0.0, 11.580314636230469]",11.580314636230469,11.428571428571429,11.580314636230469,7.833333333333311,0,1,0,112.39648166298866,1.1580314636230468e-05,470,1,0
249,37,13,0,0,0,11.564153943743024,"[0.0, 11.564153943743024]",11.564153943743024,11.428571428571429,11.564153943743024,8.700000000000012,0,1,0,112.66233782840573,1.1564153943743024e-05,522,1,0
249,38,48,0,0,0,11.502674647739955,"[0.0, 11.502674647739955]",11.502674647739955,11.428571428571429,11.502674647739955,8.45,0,1,0,111.22016036343848,1.1502674647739955e-05,507,1,0
249,39,44,0,0,0,11.397718702043806,"[0.0, 11.397718702043806]",11.397718702043806,8.571428571428571,11.397718702043806,8.099999999999982,0,1,0,107.43275165837258,1.1397718702043806e-05,486,1,0
249,40,27,0,0,0,11.3421630859375,"[0.0, 11.3421630859375]",11.3421630859375,8.571428571428571,11.3421630859375,8.866666666666687,0,1,0,110.44188874609972,1.13421630859375e-05,532,1,0
249,41,30,0,0,0,11.304779052734375,"[0.0, 11.304779052734375]",11.304779052734375,8.571428571428571,11.304779052734375,8.78333333333335,0,1,0,111.57883555414446,1.1304779052734375e-05,527,1,0
249,42,28,0,0,0,11.045303344726562,"[0.0, 11.045303344726562]",11.045303344726562,8.571428571428571,11.045303344726562,9.033333333333362,0,1,0,106.88021713056514,1.1045303344726562e-05,542,1,0
249,43,16,0,0,0,10.961949484688894,"[0.0, 10.961949484688894]",10.961949484688894,8.571428571428571,10.961949484688894,8.133333333333317,0,1,0,102.1589487621095,1.0961949484688895e-05,488,1,0
249,44,24,0,0,0,10.49847194126674,"[0.0, 10.49847194126674]",10.49847194126674,8.571428571428571,10.49847194126674,9.516666666666719,0,1,0,109.54707311015227,1.049847194126674e-05,571,1,0
249,45,47,0,0,0,10.454098837716238,"[0.0, 10.454098837716238]",10.454098837716238,8.571428571428571,10.454098837716238,6.466666666666649,0,1,0,101.83191829919815,1.0454098837716237e-05,388,1,0
249,46,33,0,0,0,10.435564858572825,"[0.0, 10.435564858572825]",10.435564858572825,8.571428571428571,10.435564858572825,5.633333333333319,0,1,0,94.9791080057621,1.0435564858572825e-05,338,1,0
249,47,9,0,0,0,10.297867911202568,"[0.0, 10.297867911202568]",10.297867911202568,8.571428571428571,10.297867911202568,8.38333333333333,0,1,0,101.10985528165475,1.0297867911202567e-05,503,1,0
249,48,49,0,0,0,9.781758444649832,"[0.0, 9.781758444649832]",9.781758444649832,8.571428571428571,9.781758444649832,5.516666666666652,0,1,0,94.75682087242603,9.781758444649832e-06,331,1,0
249,49,35,0,0,0,8.849735260009766,"[0.0, 8.849735260009766]",8.849735260009766,8.571428571428571,8.849735260009766,8.266666666666657,0,1,0,75.52666893202695,8.849735260009765e-06,496,1,0
249,50,10,0,0,0,8.510638645717076,"[0.0, 8.510638645717076]",8.510638645717076,5.714285714285714,8.510638645717076,7.783333333333311,0,1,0,69.0739930581185,8.510638645717077e-06,467,1,0
249,51,14,0,0,0,8.466859545026505,"[0.0, 8.466859545026505]",8.466859545026505,5.714285714285714,8.466859545026505,3.8333333333333246,0,1,0,83.89670278131962,8.466859545026506e-06,230,1,0
249,52,11,0,0,0,8.284032004220144,"[0.0, 8.284032004220144]",8.284032004220144,5.714285714285714,8.284032004220144,11.466666666666816,0,1,0,66.42985424728977,8.284032004220143e-06,688,1,0
249,53,61,0,0,0,8.144899095807755,"[0.0, 8.144899095807755]",8.144899095807755,5.714285714285714,8.144899095807755,11.183333333333469,0,1,0,65.17060417067842,8.144899095807756e-06,671,1,0
249,54,56,0,0,0,8.024774278913226,"[0.0, 8.024774278913226]",8.024774278913226,5.714285714285714,8.024774278913226,12.516666666666868,0,1,0,70.03073080698232,8.024774278913225e-06,751,1,0
249,55,42,0,0,0,6.945833478655134,"[0.0, 6.945833478655134]",6.945833478655134,5.714285714285714,6.945833478655134,7.999999999999977,0,1,0,65.58337005780777,6.9458334786551336e-06,480,1,0
249,56,38,0,0,0,6.378615243094308,"[0.0, 6.378615243094308]",6.378615243094308,5.714285714285714,6.378615243094308,7.366666666666646,0,1,0,58.360316533304285,6.378615243094308e-06,442,1,0
249,57,54,0,0,0,6.3779176984514505,"[0.0, 6.3779176984514505]",6.3779176984514505,5.714285714285714,6.3779176984514505,7.366666666666646,0,1,0,58.60198043658602,6.377917698451451e-06,442,1,0
249,58,17,0,0,0,6.377808707101004,"[0.0, 6.377808707101004]",6.377808707101004,5.714285714285714,6.377808707101004,7.366666666666646,0,1,0,58.246964955091244,6.377808707101004e-06,442,1,0
249,59,51,0,0,0,6.32645743233817,"[0.0, 6.32645743233817]",6.32645743233817,5.714285714285714,6.32645743233817,7.366666666666646,0,1,0,58.58205724909931,6.32645743233817e-06,442,1,0
249,60,36,0,0,0,5.441921779087611,"[0.0, 5.441921779087611]",5.441921779087611,2.857142857142857,5.441921779087611,3.016666666666661,0,1,0,46.72845555841923,5.441921779087611e-06,181,1,0
249,61,20,0,0,0,5.297557285853795,"[0.0, 5.297557285853795]",5.297557285853795,2.857142857142857,5.297557285853795,6.916666666666647,0,1,0,45.44834913934028,5.2975572858537955e-06,415,1,0
249,62,60,0,0,0,4.8557553972516745,"[0.0, 4.8557553972516745]",4.8557553972516745,2.857142857142857,4.8557553972516745,2.5166666666666626,0,1,0,40.24858269095421,4.855755397251675e-06,151,1,0
249,63,46,0,0,0,3.963623046875,"[0.0, 3.963623046875]",3.963623046875,2.857142857142857,3.963623046875,1.866666666666665,0,1,0,31.021059572696686,3.963623046875e-06,112,1,0
249,64,53,0,0,0,2.818194798060826,"[0.0, 2.818194798060826]",2.818194798060826,0.0,2.818194798060826,5.016666666666654,0,1,0,40.37053910619579,2.818194798060826e-06,301,1,0
250,1,0,0,1,1,22.11598805018834,"[0.0, 22.11598805018834]",22.11598805018834,20.0,22.11598805018834,16.40000000000035,0,1,0,199.96907283434848,2.211598805018834e-05,984,1,0
250,2,1,0,1,1,21.37338365827288,"[0.0, 21.37338365827288]",21.37338365827288,20.0,21.37338365827288,11.116666666666799,0,1,0,193.56138689096406,2.137338365827288e-05,667,1,0
250,3,2,0,1,1,21.367876870291575,"[0.0, 21.367876870291575]",21.367876870291575,20.0,21.367876870291575,11.716666666666828,0,1,0,194.07621198098786,2.1367876870291574e-05,703,1,0
250,4,3,0,1,1,21.19035448346819,"[0.0, 21.19035448346819]",21.19035448346819,20.0,21.19035448346819,10.700000000000111,0,1,0,194.77104606619105,2.1190354483468192e-05,642,1,0
250,5,4,0,1,1,21.17732456752232,"[0.0, 21.17732456752232]",21.17732456752232,20.0,21.17732456752232,10.216666666666754,0,1,0,193.25174491479993,2.117732456752232e-05,613,1,0
250,6,5,0,1,1,21.13462720598493,"[0.0, 21.13462720598493]",21.13462720598493,20.0,21.13462720598493,10.866666666666786,0,1,0,194.76011242227105,2.113462720598493e-05,652,1,0
250,7,6,0,1,1,21.05943407331194,"[0.0, 21.05943407331194]",21.05943407331194,20.0,21.05943407331194,13.183333333333568,0,1,0,195.06801973748952,2.105943407331194e-05,791,1,0
250,8,7,0,1,1,20.852353232247488,"[0.0, 20.852353232247488]",20.852353232247488,20.0,20.852353232247488,11.116666666666799,0,1,0,192.68674372514943,2.0852353232247488e-05,667,1,0
250,9,60,0,0,1,20.698013305664062,"[0.0, 20.698013305664062]",20.698013305664062,20.0,20.698013305664062,12.383333333333528,0,1,0,193.42237235954963,2.0698013305664063e-05,743,1,0
250,10,11,0,0,1,20.625239780970983,"[0.0, 20.625239780970983]",20.625239780970983,20.0,20.625239780970983,11.616666666666823,0,1,0,192.1234341626623,2.062523978097098e-05,697,1,0
250,11,42,0,0,1,20.58239528111049,"[0.0, 20.58239528111049]",20.58239528111049,20.0,20.58239528111049,14.5000000000003,0,1,0,190.38269254266197,2.058239528111049e-05,870,1,0
250,12,48,0,0,1,20.57806559971401,"[0.0, 20.57806559971401]",20.57806559971401,20.0,20.57806559971401,10.866666666666786,0,1,0,192.63168331938505,2.0578065599714007e-05,652,1,0
250,13,23,0,0,1,20.09765625,"[0.0, 20.09765625]",20.09765625,20.0,20.09765625,10.733333333333446,0,1,0,189.1879293173115,2.009765625e-05,644,1,0
250,14,53,0,0,1,16.900411333356587,"[0.0, 16.900411333356587]",16.900411333356587,14.285714285714285,16.900411333356587,9.650000000000059,0,1,0,158.45621138159186,1.6900411333356588e-05,579,1,0
250,15,21,0,0,1,16.805071149553573,"[0.0, 16.805071149553573]",16.805071149553573,14.285714285714285,16.805071149553573,9.550000000000054,0,1,0,157.36420732410625,1.6805071149553574e-05,573,1,0
250,16,44,0,0,1,16.706673758370535,"[0.0, 16.706673758370535]",16.706673758370535,14.285714285714285,16.706673758370535,9.833333333333401,0,1,0,148.69790155247028,1.6706673758370536e-05,590,1,0
250,17,62,0,0,1,16.691523960658483,"[0.0, 16.691523960658483]",16.691523960658483,14.285714285714285,16.691523960658483,9.816666666666734,0,1,0,156.89223930845037,1.6691523960658484e-05,589,1,0
250,18,63,0,0,1,16.600543430873326,"[0.0, 16.600543430873326]",16.600543430873326,14.285714285714285,16.600543430873326,10.983333333333459,0,1,0,157.93297346883628,1.6600543430873326e-05,659,1,0
250,19,50,0,0,1,15.936072213309153,"[0.0, 15.936072213309153]",15.936072213309153,14.285714285714285,15.936072213309153,9.966666666666741,0,1,0,154.6726434412558,1.5936072213309152e-05,598,1,0
250,20,58,0,0,1,15.908758980887278,"[0.0, 15.908758980887278]",15.908758980887278,14.285714285714285,15.908758980887278,9.250000000000039,0,1,0,147.4680402195081,1.5908758980887278e-05,555,1,0
250,21,26,0,0,1,15.880186898367747,"[0.0, 15.880186898367747]",15.880186898367747,14.285714285714285,15.880186898367747,11.133333333333466,0,1,0,147.8822177511538,1.5880186898367748e-05,668,1,0
250,22,33,0,0,1,15.815762111118861,"[0.0, 15.815762111118861]",15.815762111118861,14.285714285714285,15.815762111118861,9.983333333333409,0,1,0,147.8092988332719,1.5815762111118862e-05,599,1,0
250,23,8,0,0,1,15.765179225376674,"[0.0, 15.765179225376674]",15.765179225376674,14.285714285714285,15.765179225376674,9.816666666666734,0,1,0,149.63790843342576,1.5765179225376672e-05,589,1,0
250,24,38,0,0,1,15.556417192731583,"[0.0, 15.556417192731583]",15.556417192731583,14.285714285714285,15.556417192731583,9.966666666666741,0,1,0,149.98528615511896,1.5556417192731582e-05,598,1,0
250,25,46,0,0,1,15.190723964146205,"[0.0, 15.190723964146205]",15.190723964146205,14.285714285714285,15.190723964146205,10.616666666666774,0,1,0,148.89624651757913,1.5190723964146204e-05,637,1,0
250,26,54,0,0,1,15.088544573102677,"[0.0, 15.088544573102677]",15.088544573102677,14.285714285714285,15.088544573102677,10.400000000000096,0,1,0,147.45864451470698,1.5088544573102677e-05,624,1,0
250,27,29,0,0,1,14.880752563476562,"[0.0, 14.880752563476562]",14.880752563476562,14.285714285714285,14.880752563476562,10.516666666666769,0,1,0,146.65581382397795,1.4880752563476563e-05,631,1,0
250,28,45,0,0,1,11.62261962890625,"[0.0, 11.62261962890625]",11.62261962890625,11.428571428571429,11.62261962890625,7.9333333333333105,0,1,0,112.12146900966763,1.162261962890625e-05,476,1,0
250,29,61,0,0,1,11.527456556047712,"[0.0, 11.527456556047712]",11.527456556047712,11.428571428571429,11.527456556047712,9.966666666666741,0,1,0,117.67424297532125,1.1527456556047711e-05,598,1,0
250,30,17,0,0,1,11.432783944266182,"[0.0, 11.432783944266182]",11.432783944266182,11.428571428571429,11.432783944266182,9.866666666666736,0,1,0,121.28408195171505,1.1432783944266182e-05,592,1,0
250,31,49,0,0,1,11.418677738734655,"[0.0, 11.418677738734655]",11.418677738734655,8.571428571428571,11.418677738734655,8.233333333333322,0,1,0,112.73364620096982,1.1418677738734655e-05,494,1,0
250,32,31,0,0,1,11.396443503243582,"[0.0, 11.396443503243582]",11.396443503243582,8.571428571428571,11.396443503243582,9.05000000000003,0,1,0,112.1621687438601,1.1396443503243581e-05,543,1,0
250,33,22,0,0,0,11.373004913330078,"[0.0, 11.373004913330078]",11.373004913330078,8.571428571428571,11.373004913330078,8.133333333333317,0,1,0,110.86209740489721,1.1373004913330077e-05,488,1,0
250,34,19,0,0,0,11.36190414428711,"[0.0, 11.36190414428711]",11.36190414428711,8.571428571428571,11.36190414428711,9.05000000000003,0,1,0,113.7649602581514,1.1361904144287109e-05,543,1,0
250,35,13,0,0,0,11.265860966273717,"[0.0, 11.265860966273717]",11.265860966273717,8.571428571428571,11.265860966273717,8.483333333333334,0,1,0,112.09238295489922,1.1265860966273716e-05,509,1,0
250,36,16,0,0,0,11.243899209158762,"[0.0, 11.243899209158762]",11.243899209158762,8.571428571428571,11.243899209158762,9.1166666666667,0,1,0,112.72205719880003,1.1243899209158762e-05,547,1,0
250,37,28,0,0,0,11.09337670462472,"[0.0, 11.09337670462472]",11.09337670462472,8.571428571428571,11.09337670462472,7.299999999999979,0,1,0,108.59224056825042,1.109337670462472e-05,438,1,0
250,38,41,0,0,0,10.944145747593472,"[0.0, 10.944145747593472]",10.944145747593472,8.571428571428571,10.944145747593472,8.366666666666662,0,1,0,108.17253551993053,1.0944145747593472e-05,502,1,0
250,39,57,0,0,0,10.707637241908483,"[0.0, 10.707637241908483]",10.707637241908483,8.571428571428571,10.707637241908483,6.649999999999982,0,1,0,102.30204932391644,1.0707637241908483e-05,399,1,0
250,40,25,0,0,0,10.500826154436384,"[0.0, 10.500826154436384]",10.500826154436384,8.571428571428571,10.500826154436384,9.100000000000032,0,1,0,109.7257449934259,1.0500826154436384e-05,546,1,0
250,41,52,0,0,0,9.985989161900113,"[0.0, 9.985989161900113]",9.985989161900113,8.571428571428571,9.985989161900113,5.416666666666653,0,1,0,94.42705699801445,9.985989161900113e-06,325,1,0
250,42,55,0,0,0,9.730802263532366,"[0.0, 9.730802263532366]",9.730802263532366,8.571428571428571,9.730802263532366,5.966666666666651,0,1,0,96.03458908200264,9.730802263532366e-06,358,1,0
250,43,34,0,0,0,9.672530038016184,"[0.0, 9.672530038016184]",9.672530038016184,8.571428571428571,9.672530038016184,5.516666666666652,0,1,0,94.22278827428818,9.672530038016183e-06,331,1,0
250,44,18,0,0,0,9.561920166015625,"[0.0, 9.561920166015625]",9.561920166015625,8.571428571428571,9.561920166015625,5.483333333333319,0,1,0,91.04434950649738,9.561920166015626e-06,329,1,0
250,45,59,0,0,0,8.756555829729352,"[0.0, 8.756555829729352]",8.756555829729352,8.571428571428571,8.756555829729352,8.216666666666654,0,1,0,76.50248110504617,8.756555829729352e-06,493,1,0
250,46,51,0,0,0,8.432129451206752,"[0.0, 8.432129451206752]",8.432129451206752,5.714285714285714,8.432129451206752,7.283333333333313,0,1,0,63.66872884778422,8.432129451206751e-06,437,1,0
250,47,36,0,0,0,6.52113778250558,"[0.0, 6.52113778250558]",6.52113778250558,5.714285714285714,6.52113778250558,7.433333333333312,0,1,0,59.17391351965489,6.52113778250558e-06,446,1,0
250,48,12,0,0,0,6.418740408761161,"[0.0, 6.418740408761161]",6.418740408761161,5.714285714285714,6.418740408761161,7.416666666666646,0,1,0,59.55270152646699,6.418740408761161e-06,445,1,0
250,49,20,0,0,0,6.402953011648996,"[0.0, 6.402953011648996]",6.402953011648996,5.714285714285714,6.402953011648996,7.416666666666646,0,1,0,59.53705527918646,6.402953011648996e-06,445,1,0
250,50,37,0,0,0,6.376239231654576,"[0.0, 6.376239231654576]",6.376239231654576,5.714285714285714,6.376239231654576,7.366666666666646,0,1,0,58.721063208453415,6.376239231654577e-06,442,1,0
250,51,56,0,0,0,6.372882298060826,"[0.0, 6.372882298060826]",6.372882298060826,5.714285714285714,6.372882298060826,7.366666666666646,0,1,0,58.581616661795124,6.372882298060827e-06,442,1,0
250,52,9,0,0,0,6.353193010602679,"[0.0, 6.353193010602679]",6.353193010602679,5.714285714285714,6.353193010602679,7.366666666666646,0,1,0,58.58206887338747,6.353193010602679e-06,442,1,0
250,53,27,0,0,0,6.335274832589286,"[0.0, 6.335274832589286]",6.335274832589286,5.714285714285714,6.335274832589286,7.366666666666646,0,1,0,58.60415097634541,6.335274832589285e-06,442,1,0
250,54,47,0,0,0,6.316991533551897,"[0.0, 6.316991533551897]",6.316991533551897,5.714285714285714,6.316991533551897,7.366666666666646,0,1,0,58.582101060550485,6.3169915335518965e-06,442,1,0
250,55,30,0,0,0,6.31354740687779,"[0.0, 6.31354740687779]",6.31354740687779,5.714285714285714,6.31354740687779,7.366666666666646,0,1,0,58.503223082960176,6.3135474068777896e-06,442,1,0
250,56,43,0,0,0,6.309994288853236,"[0.0, 6.309994288853236]",6.309994288853236,5.714285714285714,6.309994288853236,7.366666666666646,0,1,0,58.58195031857031,6.309994288853236e-06,442,1,0
250,57,39,0,0,0,6.30967276436942,"[0.0, 6.30967276436942]",6.30967276436942,5.714285714285714,6.30967276436942,7.366666666666646,0,1,0,58.581823915861605,6.3096727643694205e-06,442,1,0
250,58,40,0,0,0,6.308909824916295,"[0.0, 6.308909824916295]",6.308909824916295,5.714285714285714,6.308909824916295,7.366666666666646,0,1,0,58.59578488702391,6.308909824916295e-06,442,1,0
250,59,15,0,0,0,6.299651009695871,"[0.0, 6.299651009695871]",6.299651009695871,5.714285714285714,6.299651009695871,7.366666666666646,0,1,0,58.70940109970252,6.29965100969587e-06,442,1,0
250,60,35,0,0,0,6.292877197265626,"[0.0, 6.292877197265626]",6.292877197265626,5.714285714285714,6.292877197265626,7.366666666666646,0,1,0,58.49387653845042,6.292877197265626e-06,442,1,0
250,61,10,0,0,0,6.292724609375,"[0.0, 6.292724609375]",6.292724609375,5.714285714285714,6.292724609375,7.366666666666646,0,1,0,58.494688405240595,6.292724609375e-06,442,1,0
250,62,32,0,0,0,4.395206996372767,"[0.0, 4.395206996372767]",4.395206996372767,2.857142857142857,4.395206996372767,2.1499999999999972,0,1,0,35.35008096694946,4.395206996372768e-06,129,1,0
250,63,14,0,0,0,3.9745494297572543,"[0.0, 3.9745494297572543]",3.9745494297572543,2.857142857142857,3.9745494297572543,2.533333333333329,0,1,0,31.02201496809721,3.9745494297572545e-06,152,1,0
250,64,24,0,0,0,2.818805149623326,"[0.0, 2.818805149623326]",2.818805149623326,0.0,2.818805149623326,5.016666666666654,0,1,0,40.1651901549194,2.818805149623326e-06,301,1,0
251,1,0,0,1,1,22.11598805018834,"[0.0, 22.11598805018834]",22.11598805018834,20.0,22.11598805018834,16.40000000000035,0,1,0,199.96907283434848,2.211598805018834e-05,984,1,0
251,2,1,0,1,1,21.37338365827288,"[0.0, 21.37338365827288]",21.37338365827288,20.0,21.37338365827288,11.116666666666799,0,1,0,193.56138689096406,2.137338365827288e-05,667,1,0
251,3,2,0,1,1,21.367876870291575,"[0.0, 21.367876870291575]",21.367876870291575,20.0,21.367876870291575,11.716666666666828,0,1,0,194.07621198098786,2.1367876870291574e-05,703,1,0
251,4,3,0,1,1,21.19035448346819,"[0.0, 21.19035448346819]",21.19035448346819,20.0,21.19035448346819,10.700000000000111,0,1,0,194.77104606619105,2.1190354483468192e-05,642,1,0
251,5,4,0,1,1,21.17732456752232,"[0.0, 21.17732456752232]",21.17732456752232,20.0,21.17732456752232,10.216666666666754,0,1,0,193.25174491479993,2.117732456752232e-05,613,1,0
251,6,5,0,1,1,21.13462720598493,"[0.0, 21.13462720598493]",21.13462720598493,20.0,21.13462720598493,10.866666666666786,0,1,0,194.76011242227105,2.113462720598493e-05,652,1,0
251,7,6,0,1,1,21.05943407331194,"[0.0, 21.05943407331194]",21.05943407331194,20.0,21.05943407331194,13.183333333333568,0,1,0,195.06801973748952,2.105943407331194e-05,791,1,0
251,8,42,0,1,1,21.05713435581752,"[0.0, 21.05713435581752]",21.05713435581752,20.0,21.05713435581752,12.183333333333518,0,1,0,193.28654952002398,2.105713435581752e-05,731,1,0
251,9,9,0,0,1,20.99764142717634,"[0.0, 20.99764142717634]",20.99764142717634,20.0,20.99764142717634,13.383333333333578,0,1,0,193.1574279482229,2.099764142717634e-05,803,1,0
251,10,7,0,0,1,20.852353232247488,"[0.0, 20.852353232247488]",20.852353232247488,20.0,20.852353232247488,11.116666666666799,0,1,0,192.68674372514943,2.0852353232247488e-05,667,1,0
251,11,14,0,0,1,20.752955845424108,"[0.0, 20.752955845424108]",20.752955845424108,20.0,20.752955845424108,11.933333333333506,0,1,0,191.5492356758259,2.0752955845424106e-05,716,1,0
251,12,13,0,0,1,20.54190226963588,"[0.0, 20.54190226963588]",20.54190226963588,20.0,20.54190226963588,11.066666666666796,0,1,0,193.8619650204928,2.054190226963588e-05,664,1,0
251,13,18,0,0,1,20.510940551757812,"[0.0, 20.510940551757812]",20.510940551757812,20.0,20.510940551757812,11.200000000000136,0,1,0,192.86396263072675,2.0510940551757814e-05,672,1,0
251,14,39,0,0,1,20.346690586635045,"[0.0, 20.346690586635045]",20.346690586635045,20.0,20.346690586635045,11.350000000000144,0,1,0,189.34171966051508,2.0346690586635045e-05,681,1,0
251,15,50,0,0,1,17.125462123325892,"[0.0, 17.125462123325892]",17.125462123325892,14.285714285714285,17.125462123325892,10.200000000000086,0,1,0,160.3357846369763,1.7125462123325893e-05,612,1,0
251,16,36,0,0,1,17.074530465262278,"[0.0, 17.074530465262278]",17.074530465262278,14.285714285714285,17.074530465262278,9.166666666666702,0,1,0,158.69459423422813,1.7074530465262278e-05,550,1,0
251,17,31,0,0,1,16.976945059640066,"[0.0, 16.976945059640066]",16.976945059640066,14.285714285714285,16.976945059640066,10.283333333333424,0,1,0,158.5707662586865,1.6976945059640067e-05,617,1,0
251,18,62,0,0,1,16.94897242954799,"[0.0, 16.94897242954799]",16.94897242954799,14.285714285714285,16.94897242954799,9.716666666666729,0,1,0,157.48298211646033,1.694897242954799e-05,583,1,0
251,19,24,0,0,1,16.924073355538503,"[0.0, 16.924073355538503]",16.924073355538503,14.285714285714285,16.924073355538503,9.583333333333389,0,1,0,153.9808761548702,1.6924073355538504e-05,575,1,0
251,20,12,0,0,1,16.81408473423549,"[0.0, 16.81408473423549]",16.81408473423549,14.285714285714285,16.81408473423549,10.816666666666784,0,1,0,159.7687805434689,1.681408473423549e-05,649,1,0
251,21,33,0,0,1,16.585055759974885,"[0.0, 16.585055759974885]",16.585055759974885,14.285714285714285,16.585055759974885,9.916666666666739,0,1,0,154.49516263706755,1.6585055759974886e-05,595,1,0
251,22,49,0,0,1,16.563895089285715,"[0.0, 16.563895089285715]",16.563895089285715,14.285714285714285,16.563895089285715,9.366666666666712,0,1,0,149.53977440483868,1.6563895089285715e-05,562,1,0
251,23,20,0,0,1,16.544903346470424,"[0.0, 16.544903346470424]",16.544903346470424,14.285714285714285,16.544903346470424,10.016666666666744,0,1,0,156.24165333518613,1.6544903346470424e-05,601,1,0
251,24,47,0,0,1,16.482075282505583,"[0.0, 16.482075282505583]",16.482075282505583,14.285714285714285,16.482075282505583,10.850000000000119,0,1,0,156.51361758415442,1.6482075282505584e-05,651,1,0
251,25,61,0,0,1,16.28138950892857,"[0.0, 16.28138950892857]",16.28138950892857,14.285714285714285,16.28138950892857,10.750000000000114,0,1,0,153.08033891491505,1.628138950892857e-05,645,1,0
251,26,15,0,0,1,16.113913399832587,"[0.0, 16.113913399832587]",16.113913399832587,14.285714285714285,16.113913399832587,11.016666666666794,0,1,0,154.01205092302553,1.6113913399832586e-05,661,1,0
251,27,32,0,0,1,15.959968566894531,"[0.0, 15.959968566894531]",15.959968566894531,14.285714285714285,15.959968566894531,10.800000000000116,0,1,0,157.38003664168355,1.5959968566894532e-05,648,1,0
251,28,45,0,0,1,15.818285260881696,"[0.0, 15.818285260881696]",15.818285260881696,14.285714285714285,15.818285260881696,9.533333333333387,0,1,0,147.67576662256033,1.5818285260881695e-05,572,1,0
251,29,25,0,0,1,15.802552359444755,"[0.0, 15.802552359444755]",15.802552359444755,14.285714285714285,15.802552359444755,10.283333333333424,0,1,0,152.55309986216162,1.5802552359444756e-05,617,1,0
251,30,28,0,0,1,15.739010402134488,"[0.0, 15.739010402134488]",15.739010402134488,14.285714285714285,15.739010402134488,9.516666666666719,0,1,0,148.53546605230076,1.573901040213449e-05,571,1,0
251,31,52,0,0,1,15.61873299734933,"[0.0, 15.61873299734933]",15.61873299734933,14.285714285714285,15.61873299734933,10.633333333333441,0,1,0,151.07633108957816,1.561873299734933e-05,638,1,0
251,32,11,0,0,1,15.597179957798549,"[0.0, 15.597179957798549]",15.597179957798549,14.285714285714285,15.597179957798549,10.583333333333439,0,1,0,151.44496403402445,1.5597179957798547e-05,635,1,0
251,33,38,0,0,0,15.423736572265625,"[0.0, 15.423736572265625]",15.423736572265625,14.285714285714285,15.423736572265625,10.500000000000101,0,1,0,148.2453233965789,1.5423736572265625e-05,630,1,0
251,34,17,0,0,0,15.271857125418528,"[0.0, 15.271857125418528]",15.271857125418528,14.285714285714285,15.271857125418528,9.900000000000071,0,1,0,147.862699279729,1.5271857125418526e-05,594,1,0
251,35,8,0,0,0,14.003017970493861,"[0.0, 14.003017970493861]",14.003017970493861,11.428571428571429,14.003017970493861,8.500000000000002,0,1,0,116.83923647552729,1.4003017970493862e-05,510,1,0
251,36,10,0,0,0,11.539151327950615,"[0.0, 11.539151327950615]",11.539151327950615,11.428571428571429,11.539151327950615,8.066666666666647,0,1,0,114.46013320609927,1.1539151327950614e-05,484,1,0
251,37,23,0,0,0,11.429775782993861,"[0.0, 11.429775782993861]",11.429775782993861,11.428571428571429,11.429775782993861,8.550000000000004,0,1,0,113.88865036796778,1.1429775782993862e-05,513,1,0
251,38,21,0,0,0,11.041300637381417,"[0.0, 11.041300637381417]",11.041300637381417,8.571428571428571,11.041300637381417,6.749999999999981,0,1,0,106.41626939922571,1.1041300637381417e-05,405,1,0
251,39,56,0,0,0,10.66368647984096,"[0.0, 10.66368647984096]",10.66368647984096,8.571428571428571,10.66368647984096,6.716666666666648,0,1,0,103.38763447850943,1.066368647984096e-05,403,1,0
251,40,54,0,0,0,10.658730098179408,"[0.0, 10.658730098179408]",10.658730098179408,8.571428571428571,10.658730098179408,7.599999999999978,0,1,0,106.21456119418144,1.0658730098179408e-05,456,1,0
251,41,57,0,0,0,10.657999856131417,"[0.0, 10.657999856131417]",10.657999856131417,8.571428571428571,10.657999856131417,6.899999999999981,0,1,0,103.45310536026955,1.0657999856131417e-05,414,1,0
251,42,29,0,0,0,10.594501495361328,"[0.0, 10.594501495361328]",10.594501495361328,8.571428571428571,10.594501495361328,6.983333333333314,0,1,0,102.85172741860151,1.0594501495361328e-05,419,1,0
251,43,59,0,0,0,9.892218453543526,"[0.0, 9.892218453543526]",9.892218453543526,8.571428571428571,9.892218453543526,5.783333333333318,0,1,0,95.61264300346375,9.892218453543526e-06,347,1,0
251,44,60,0,0,0,9.838270459856306,"[0.0, 9.838270459856306]",9.838270459856306,8.571428571428571,9.838270459856306,5.466666666666653,0,1,0,94.2168148458004,9.838270459856306e-06,328,1,0
251,45,53,0,0,0,9.830908094133651,"[0.0, 9.830908094133651]",9.830908094133651,8.571428571428571,9.830908094133651,5.566666666666652,0,1,0,95.16722096502781,9.830908094133651e-06,334,1,0
251,46,48,0,0,0,9.720954895019531,"[0.0, 9.720954895019531]",9.720954895019531,8.571428571428571,9.720954895019531,5.483333333333319,0,1,0,93.63080149888992,9.720954895019532e-06,329,1,0
251,47,43,0,0,0,9.16905266898019,"[0.0, 9.16905266898019]",9.16905266898019,8.571428571428571,9.16905266898019,5.266666666666653,0,1,0,91.03421287238598,9.16905266898019e-06,316,1,0
251,48,19,0,0,0,8.83126940046038,"[0.0, 8.83126940046038]",8.83126940046038,8.571428571428571,8.83126940046038,8.133333333333317,0,1,0,76.22334936113475,8.83126940046038e-06,488,1,0
251,49,58,0,0,0,8.74185562133789,"[0.0, 8.74185562133789]",8.74185562133789,8.571428571428571,8.74185562133789,8.066666666666647,0,1,0,75.06592391912272,8.74185562133789e-06,484,1,0
251,50,16,0,0,0,8.504957471575056,"[0.0, 8.504957471575056]",8.504957471575056,5.714285714285714,8.504957471575056,7.4666666666666455,0,1,0,65.37611458708125,8.504957471575056e-06,448,1,0
251,51,37,0,0,0,7.972153254917689,"[0.0, 7.972153254917689]",7.972153254917689,5.714285714285714,7.972153254917689,4.499999999999989,0,1,0,81.81152732670307,7.972153254917689e-06,270,1,0
251,52,63,0,0,0,7.499850136893136,"[0.0, 7.499850136893136]",7.499850136893136,5.714285714285714,7.499850136893136,3.049999999999994,0,1,0,76.67614386975765,7.4998501368931365e-06,183,1,0
251,53,46,0,0,0,6.438298906598772,"[0.0, 6.438298906598772]",6.438298906598772,5.714285714285714,6.438298906598772,7.416666666666646,0,1,0,59.552634179606684,6.438298906598772e-06,445,1,0
251,54,40,0,0,0,6.357002258300781,"[0.0, 6.357002258300781]",6.357002258300781,5.714285714285714,6.357002258300781,7.366666666666646,0,1,0,58.59615445344389,6.357002258300781e-06,442,1,0
251,55,30,0,0,0,6.346299307686943,"[0.0, 6.346299307686943]",6.346299307686943,5.714285714285714,6.346299307686943,7.366666666666646,0,1,0,58.26180046546506,6.346299307686943e-06,442,1,0
251,56,26,0,0,0,6.307792663574219,"[0.0, 6.307792663574219]",6.307792663574219,5.714285714285714,6.307792663574219,7.366666666666646,0,1,0,58.24659932713257,6.307792663574219e-06,442,1,0
251,57,44,0,0,0,6.306468418666294,"[0.0, 6.306468418666294]",6.306468418666294,5.714285714285714,6.306468418666294,7.366666666666646,0,1,0,58.581675480098056,6.306468418666294e-06,442,1,0
251,58,27,0,0,0,6.3018580845424115,"[0.0, 6.3018580845424115]",6.3018580845424115,5.714285714285714,6.3018580845424115,7.366666666666646,0,1,0,58.3511335361618,6.301858084542412e-06,442,1,0
251,59,41,0,0,0,6.296408517020089,"[0.0, 6.296408517020089]",6.296408517020089,5.714285714285714,6.296408517020089,7.366666666666646,0,1,0,58.493828135913645,6.29640851702009e-06,442,1,0
251,60,34,0,0,0,6.28493172781808,"[0.0, 6.28493172781808]",6.28493172781808,5.714285714285714,6.28493172781808,7.366666666666646,0,1,0,58.05789327669481,6.28493172781808e-06,442,1,0
251,61,51,0,0,0,6.237825666155135,"[0.0, 6.237825666155135]",6.237825666155135,5.714285714285714,6.237825666155135,10.816666666666784,0,1,0,65.17244538086379,6.2378256661551345e-06,649,1,0
251,62,22,0,0,0,5.040468488420759,"[0.0, 5.040468488420759]",5.040468488420759,2.857142857142857,5.040468488420759,2.083333333333331,0,1,0,42.20882649719715,5.040468488420759e-06,125,1,0
251,63,55,0,0,0,3.5881423950195312,"[0.0, 3.5881423950195312]",3.5881423950195312,2.857142857142857,3.5881423950195312,4.39999999999999,0,1,0,26.046407144880504,3.588142395019531e-06,264,1,0
251,64,35,0,0,0,2.8139877319335938,"[0.0, 2.8139877319335938]",2.8139877319335938,0.0,2.8139877319335938,5.016666666666654,0,1,0,16.652829183236463,2.813987731933594e-06,301,1,0
252,1,0,0,1,1,22.11598805018834,"[0.0, 22.11598805018834]",22.11598805018834,20.0,22.11598805018834,16.40000000000035,0,1,0,199.96907283434848,2.211598805018834e-05,984,1,0
252,2,39,0,1,1,21.69342041015625,"[0.0, 21.69342041015625]",21.69342041015625,20.0,21.69342041015625,13.90000000000027,0,1,0,195.93393591793574,2.169342041015625e-05,834,1,0
252,3,1,0,1,1,21.37338365827288,"[0.0, 21.37338365827288]",21.37338365827288,20.0,21.37338365827288,11.116666666666799,0,1,0,193.56138689096406,2.137338365827288e-05,667,1,0
252,4,2,0,1,1,21.367876870291575,"[0.0, 21.367876870291575]",21.367876870291575,20.0,21.367876870291575,11.716666666666828,0,1,0,194.07621198098786,2.1367876870291574e-05,703,1,0
252,5,3,0,1,1,21.19035448346819,"[0.0, 21.19035448346819]",21.19035448346819,20.0,21.19035448346819,10.700000000000111,0,1,0,194.77104606619105,2.1190354483468192e-05,642,1,0
252,6,4,0,1,1,21.17732456752232,"[0.0, 21.17732456752232]",21.17732456752232,20.0,21.17732456752232,10.216666666666754,0,1,0,193.25174491479993,2.117732456752232e-05,613,1,0
252,7,16,0,1,1,21.14501408168248,"[0.0, 21.14501408168248]",21.14501408168248,20.0,21.14501408168248,10.583333333333439,0,1,0,192.81047877296805,2.114501408168248e-05,635,1,0
252,8,5,0,1,1,21.13462720598493,"[0.0, 21.13462720598493]",21.13462720598493,20.0,21.13462720598493,10.866666666666786,0,1,0,194.76011242227105,2.113462720598493e-05,652,1,0
252,9,6,0,0,1,21.05943407331194,"[0.0, 21.05943407331194]",21.05943407331194,20.0,21.05943407331194,13.183333333333568,0,1,0,195.06801973748952,2.105943407331194e-05,791,1,0
252,10,7,0,0,1,21.05713435581752,"[0.0, 21.05713435581752]",21.05713435581752,20.0,21.05713435581752,12.183333333333518,0,1,0,193.28654952002398,2.105713435581752e-05,731,1,0
252,11,61,0,0,1,20.9806033543178,"[0.0, 20.9806033543178]",20.9806033543178,20.0,20.9806033543178,10.850000000000119,0,1,0,194.44985567373806,2.09806033543178e-05,651,1,0
252,12,49,0,0,1,20.908611842564174,"[0.0, 20.908611842564174]",20.908611842564174,20.0,20.908611842564174,12.400000000000196,0,1,0,194.20695319471997,2.0908611842564173e-05,744,1,0
252,13,62,0,0,1,20.853127070835658,"[0.0, 20.853127070835658]",20.853127070835658,20.0,20.853127070835658,12.483333333333533,0,1,0,192.68345418089302,2.0853127070835657e-05,749,1,0
252,14,53,0,0,1,20.8435549054827,"[0.0, 20.8435549054827]",20.8435549054827,20.0,20.8435549054827,11.716666666666828,0,1,0,193.42532426965772,2.0843554905482702e-05,703,1,0
252,15,46,0,0,1,20.8160400390625,"[0.0, 20.8160400390625]",20.8160400390625,20.0,20.8160400390625,11.483333333333483,0,1,0,192.44763285293448,2.08160400390625e-05,689,1,0
252,16,57,0,0,1,20.603228977748326,"[0.0, 20.603228977748326]",20.603228977748326,20.0,20.603228977748326,12.76666666666688,0,1,0,194.30702751527133,2.0603228977748325e-05,766,1,0
252,17,29,0,0,1,20.45543670654297,"[0.0, 20.45543670654297]",20.45543670654297,20.0,20.45543670654297,12.03333333333351,0,1,0,194.14714533786173,2.0455436706542967e-05,722,1,0
252,18,37,0,0,1,20.424327850341797,"[0.0, 20.424327850341797]",20.424327850341797,20.0,20.424327850341797,11.550000000000153,0,1,0,190.88389001983887,2.0424327850341798e-05,693,1,0
252,19,22,0,0,1,19.71645082746233,"[0.0, 19.71645082746233]",19.71645082746233,17.142857142857142,19.71645082746233,10.833333333333451,0,1,0,190.960805373099,1.9716450827462332e-05,650,1,0
252,20,12,0,0,1,17.096688406808035,"[0.0, 17.096688406808035]",17.096688406808035,14.285714285714285,17.096688406808035,9.666666666666726,0,1,0,160.01831003651023,1.7096688406808036e-05,580,1,0
252,21,19,0,0,1,16.835011073521205,"[0.0, 16.835011073521205]",16.835011073521205,14.285714285714285,16.835011073521205,9.583333333333389,0,1,0,158.16965362615883,1.6835011073521204e-05,575,1,0
252,22,8,0,0,1,16.789850507463726,"[0.0, 16.789850507463726]",16.789850507463726,14.285714285714285,16.789850507463726,9.650000000000059,0,1,0,155.58152990229428,1.6789850507463727e-05,579,1,0
252,23,31,0,0,1,16.570799691336497,"[0.0, 16.570799691336497]",16.570799691336497,14.285714285714285,16.570799691336497,10.083333333333414,0,1,0,155.6921707823567,1.6570799691336495e-05,605,1,0
252,24,9,0,0,1,16.556663513183594,"[0.0, 16.556663513183594]",16.556663513183594,14.285714285714285,16.556663513183594,9.833333333333401,0,1,0,153.24102957308787,1.6556663513183594e-05,590,1,0
252,25,32,0,0,1,16.519764491489955,"[0.0, 16.519764491489955]",16.519764491489955,14.285714285714285,16.519764491489955,9.733333333333396,0,1,0,155.92662836666568,1.6519764491489955e-05,584,1,0
252,26,24,0,0,1,16.474636622837615,"[0.0, 16.474636622837615]",16.474636622837615,14.285714285714285,16.474636622837615,10.233333333333421,0,1,0,156.4981795095373,1.6474636622837615e-05,614,1,0
252,27,54,0,0,1,16.402386256626674,"[0.0, 16.402386256626674]",16.402386256626674,14.285714285714285,16.402386256626674,10.633333333333441,0,1,0,151.8653757181164,1.6402386256626672e-05,638,1,0
252,28,51,0,0,1,16.275220598493302,"[0.0, 16.275220598493302]",16.275220598493302,14.285714285714285,16.275220598493302,9.400000000000047,0,1,0,150.66886059753597,1.6275220598493302e-05,564,1,0
252,29,44,0,0,1,15.9906005859375,"[0.0, 15.9906005859375]",15.9906005859375,14.285714285714285,15.9906005859375,10.266666666666756,0,1,0,151.7587108985972,1.59906005859375e-05,616,1,0
252,30,23,0,0,1,15.749059404645646,"[0.0, 15.749059404645646]",15.749059404645646,14.285714285714285,15.749059404645646,10.000000000000076,0,1,0,148.94596631012246,1.5749059404645646e-05,600,1,0
252,31,52,0,0,1,15.620978219168528,"[0.0, 15.620978219168528]",15.620978219168528,14.285714285714285,15.620978219168528,10.183333333333419,0,1,0,152.6015549959193,1.5620978219168526e-05,611,1,0
252,32,15,0,0,1,15.559141976492747,"[0.0, 15.559141976492747]",15.559141976492747,14.285714285714285,15.559141976492747,11.033333333333461,0,1,0,149.55230537013995,1.5559141976492745e-05,662,1,0
252,33,10,0,0,0,15.366597856794083,"[0.0, 15.366597856794083]",15.366597856794083,14.285714285714285,15.366597856794083,10.366666666666761,0,1,0,149.9209357260188,1.5366597856794082e-05,622,1,0
252,34,13,0,0,0,15.221666608537946,"[0.0, 15.221666608537946]",15.221666608537946,14.285714285714285,15.221666608537946,10.383333333333429,0,1,0,148.18224848015961,1.5221666608537947e-05,623,1,0
252,35,20,0,0,0,14.952632359095983,"[0.0, 14.952632359095983]",14.952632359095983,14.285714285714285,14.952632359095983,10.833333333333451,0,1,0,148.92724486917723,1.4952632359095983e-05,650,1,0
252,36,25,0,0,0,11.576892307826451,"[0.0, 11.576892307826451]",11.576892307826451,11.428571428571429,11.576892307826451,8.31666666666666,0,1,0,112.16369899362326,1.1576892307826451e-05,499,1,0
252,37,26,0,0,0,11.510279519217354,"[0.0, 11.510279519217354]",11.510279519217354,11.428571428571429,11.510279519217354,7.716666666666645,0,1,0,108.16773857548833,1.1510279519217354e-05,463,1,0
252,38,21,0,0,0,11.442677634102957,"[0.0, 11.442677634102957]",11.442677634102957,11.428571428571429,11.442677634102957,8.65000000000001,0,1,0,114.48453114496078,1.1442677634102957e-05,519,1,0
252,39,41,0,0,0,11.36786869594029,"[0.0, 11.36786869594029]",11.36786869594029,8.571428571428571,11.36786869594029,7.583333333333312,0,1,0,109.65765672549605,1.136786869594029e-05,455,1,0
252,40,28,0,0,0,11.223258972167969,"[0.0, 11.223258972167969]",11.223258972167969,8.571428571428571,11.223258972167969,8.616666666666674,0,1,0,111.01324407408538,1.1223258972167969e-05,517,1,0
252,41,48,0,0,0,11.114976065499443,"[0.0, 11.114976065499443]",11.114976065499443,8.571428571428571,11.114976065499443,9.300000000000042,0,1,0,109.1136512761368,1.1114976065499442e-05,558,1,0
252,42,36,0,0,0,10.99240711757115,"[0.0, 10.99240711757115]",10.99240711757115,8.571428571428571,10.99240711757115,7.849999999999977,0,1,0,105.39144504256546,1.0992407117571149e-05,471,1,0
252,43,45,0,0,0,10.81033706665039,"[0.0, 10.81033706665039]",10.81033706665039,8.571428571428571,10.81033706665039,7.616666666666645,0,1,0,102.58380989916623,1.081033706665039e-05,457,1,0
252,44,35,0,0,0,10.714825221470424,"[0.0, 10.714825221470424]",10.714825221470424,8.571428571428571,10.714825221470424,6.933333333333314,0,1,0,103.2550252750516,1.0714825221470423e-05,416,1,0
252,45,60,0,0,0,9.957561492919922,"[0.0, 9.957561492919922]",9.957561492919922,8.571428571428571,9.957561492919922,5.916666666666651,0,1,0,96.7631791383028,9.957561492919922e-06,355,1,0
252,46,59,0,0,0,9.890038626534599,"[0.0, 9.890038626534599]",9.890038626534599,8.571428571428571,9.890038626534599,5.483333333333319,0,1,0,95.56707295775414,9.890038626534598e-06,329,1,0
252,47,30,0,0,0,9.52186039515904,"[0.0, 9.52186039515904]",9.52186039515904,8.571428571428571,9.52186039515904,5.416666666666653,0,1,0,92.67183294892311,9.52186039515904e-06,325,1,0
252,48,42,0,0,0,9.31398936680385,"[0.0, 9.31398936680385]",9.31398936680385,8.571428571428571,9.31398936680385,5.3833333333333195,0,1,0,90.76171100139618,9.313989366803851e-06,323,1,0
252,49,43,0,0,0,9.16886465890067,"[0.0, 9.16886465890067]",9.16886465890067,8.571428571428571,9.16886465890067,8.533333333333337,0,1,0,81.27758913927391,9.16886465890067e-06,512,1,0
252,50,27,0,0,0,9.094388144356865,"[0.0, 9.094388144356865]",9.094388144356865,8.571428571428571,9.094388144356865,8.600000000000007,0,1,0,80.22583442301402,9.094388144356865e-06,516,1,0
252,51,56,0,0,0,8.984677450997488,"[0.0, 8.984677450997488]",8.984677450997488,8.571428571428571,8.984677450997488,5.2166666666666535,0,1,0,89.97533197700977,8.984677450997488e-06,313,1,0
252,52,17,0,0,0,8.356143406459264,"[0.0, 8.356143406459264]",8.356143406459264,5.714285714285714,8.356143406459264,8.91666666666669,0,1,0,72.76075455793034,8.356143406459263e-06,535,1,0
252,53,40,0,0,0,7.710127149309431,"[0.0, 7.710127149309431]",7.710127149309431,5.714285714285714,7.710127149309431,4.216666666666657,0,1,0,78.8859857916832,7.710127149309432e-06,253,1,0
252,54,63,0,0,0,7.3436818804059705,"[0.0, 7.3436818804059705]",7.3436818804059705,5.714285714285714,7.3436818804059705,4.333333333333323,0,1,0,75.85946448147297,7.34368188040597e-06,260,1,0
252,55,14,0,0,0,7.142857142857142,"[0.0, 7.142857142857142]",7.142857142857142,5.714285714285714,7.142857142857142,4.416666666666656,0,1,0,68.72719140350819,7.142857142857143e-06,265,1,0
252,56,33,0,0,0,6.613529750279018,"[0.0, 6.613529750279018]",6.613529750279018,5.714285714285714,6.613529750279018,7.533333333333312,0,1,0,60.554986872644804,6.613529750279019e-06,452,1,0
252,57,34,0,0,0,6.43425532749721,"[0.0, 6.43425532749721]",6.43425532749721,5.714285714285714,6.43425532749721,7.416666666666646,0,1,0,59.536992572262534,6.43425532749721e-06,445,1,0
252,58,38,0,0,0,6.412064688546317,"[0.0, 6.412064688546317]",6.412064688546317,5.714285714285714,6.412064688546317,7.366666666666646,0,1,0,58.365071684354916,6.4120646885463166e-06,442,1,0
252,59,50,0,0,0,6.392113821847098,"[0.0, 6.392113821847098]",6.392113821847098,5.714285714285714,6.392113821847098,7.416666666666646,0,1,0,59.53715345925593,6.392113821847098e-06,445,1,0
252,60,47,0,0,0,6.3387571062360495,"[0.0, 6.3387571062360495]",6.3387571062360495,5.714285714285714,6.3387571062360495,11.133333333333466,0,1,0,66.2677762008243,6.33875710623605e-06,668,1,0
252,61,58,0,0,0,6.335585457938057,"[0.0, 6.335585457938057]",6.335585457938057,5.714285714285714,6.335585457938057,7.366666666666646,0,1,0,58.58138879593025,6.335585457938058e-06,442,1,0
252,62,11,0,0,0,6.32913316999163,"[0.0, 6.32913316999163]",6.32913316999163,5.714285714285714,6.32913316999163,7.366666666666646,0,1,0,58.594492119584174,6.32913316999163e-06,442,1,0
252,63,55,0,0,0,5.9730747767857135,"[0.0, 5.9730747767857135]",5.9730747767857135,5.714285714285714,5.9730747767857135,3.016666666666661,0,1,0,52.426867842674255,5.973074776785713e-06,181,1,0
252,64,18,0,0,0,5.1635524204799115,"[0.0, 5.1635524204799115]",5.1635524204799115,2.857142857142857,5.1635524204799115,6.816666666666648,0,1,0,43.581133759107615,5.163552420479912e-06,409,1,0
253,1,0,0,1,1,22.11598805018834,"[0.0, 22.11598805018834]",22.11598805018834,20.0,22.11598805018834,16.40000000000035,0,1,0,199.96907283434848,2.211598805018834e-05,984,1,0
253,2,1,0,1,1,21.69342041015625,"[0.0, 21.69342041015625]",21.69342041015625,20.0,21.69342041015625,13.90000000000027,0,1,0,195.93393591793574,2.169342041015625e-05,834,1,0
253,3,2,0,1,1,21.37338365827288,"[0.0, 21.37338365827288]",21.37338365827288,20.0,21.37338365827288,11.116666666666799,0,1,0,193.56138689096406,2.137338365827288e-05,667,1,0
253,4,3,0,1,1,21.367876870291575,"[0.0, 21.367876870291575]",21.367876870291575,20.0,21.367876870291575,11.716666666666828,0,1,0,194.07621198098786,2.1367876870291574e-05,703,1,0
253,5,37,0,1,1,21.28575461251395,"[0.0, 21.28575461251395]",21.28575461251395,20.0,21.28575461251395,10.533333333333436,0,1,0,192.39989259229333,2.1285754612513952e-05,632,1,0
253,6,4,0,1,1,21.19035448346819,"[0.0, 21.19035448346819]",21.19035448346819,20.0,21.19035448346819,10.700000000000111,0,1,0,194.77104606619105,2.1190354483468192e-05,642,1,0
253,7,5,0,1,1,21.17732456752232,"[0.0, 21.17732456752232]",21.17732456752232,20.0,21.17732456752232,10.216666666666754,0,1,0,193.25174491479993,2.117732456752232e-05,613,1,0
253,8,6,0,1,1,21.14501408168248,"[0.0, 21.14501408168248]",21.14501408168248,20.0,21.14501408168248,10.583333333333439,0,1,0,192.81047877296805,2.114501408168248e-05,635,1,0
253,9,7,0,0,1,21.13462720598493,"[0.0, 21.13462720598493]",21.13462720598493,20.0,21.13462720598493,10.866666666666786,0,1,0,194.76011242227105,2.113462720598493e-05,652,1,0
253,10,8,0,0,1,21.110809871128627,"[0.0, 21.110809871128627]",21.110809871128627,20.0,21.110809871128627,11.650000000000158,0,1,0,194.34553364603198,2.1110809871128628e-05,699,1,0
253,11,47,0,0,1,20.395616803850448,"[0.0, 20.395616803850448]",20.395616803850448,20.0,20.395616803850448,11.433333333333481,0,1,0,191.66696622441668,2.0395616803850447e-05,686,1,0
253,12,15,0,0,1,20.24193355015346,"[0.0, 20.24193355015346]",20.24193355015346,20.0,20.24193355015346,10.700000000000111,0,1,0,189.89420466229058,2.024193355015346e-05,642,1,0
253,13,40,0,0,1,19.919850485665457,"[0.0, 19.919850485665457]",19.919850485665457,17.142857142857142,19.919850485665457,12.10000000000018,0,1,0,194.63395455959107,1.9919850485665458e-05,726,1,0
253,14,54,0,0,1,19.605489458356583,"[0.0, 19.605489458356583]",19.605489458356583,17.142857142857142,19.605489458356583,12.616666666666873,0,1,0,189.2983709221444,1.9605489458356582e-05,757,1,0
253,15,38,0,0,1,17.046808515276226,"[0.0, 17.046808515276226]",17.046808515276226,14.285714285714285,17.046808515276226,9.466666666666717,0,1,0,159.13385929632932,1.7046808515276226e-05,568,1,0
253,16,9,0,0,1,17.03016553606306,"[0.0, 17.03016553606306]",17.03016553606306,14.285714285714285,17.03016553606306,11.716666666666828,0,1,0,159.4086330301725,1.703016553606306e-05,703,1,0
253,17,60,0,0,1,16.976776123046875,"[0.0, 16.976776123046875]",16.976776123046875,14.285714285714285,16.976776123046875,10.283333333333424,0,1,0,159.17945970949222,1.6976776123046875e-05,617,1,0
253,18,18,0,0,1,16.93683079310826,"[0.0, 16.93683079310826]",16.93683079310826,14.285714285714285,16.93683079310826,10.983333333333459,0,1,0,160.84040839968657,1.693683079310826e-05,659,1,0
253,19,62,0,0,1,16.91028594970703,"[0.0, 16.91028594970703]",16.91028594970703,14.285714285714285,16.91028594970703,9.850000000000069,0,1,0,157.76198942045448,1.691028594970703e-05,591,1,0
253,20,39,0,0,1,16.79018293108259,"[0.0, 16.79018293108259]",16.79018293108259,14.285714285714285,16.79018293108259,10.033333333333411,0,1,0,161.787480341045,1.679018293108259e-05,602,1,0
253,21,22,0,0,1,16.466751098632812,"[0.0, 16.466751098632812]",16.466751098632812,14.285714285714285,16.466751098632812,9.716666666666729,0,1,0,153.17667646857444,1.646675109863281e-05,583,1,0
253,22,14,0,0,1,16.38444083077567,"[0.0, 16.38444083077567]",16.38444083077567,14.285714285714285,16.38444083077567,10.583333333333439,0,1,0,152.93101317011315,1.638444083077567e-05,635,1,0
253,23,56,0,0,1,16.369312831333705,"[0.0, 16.369312831333705]",16.369312831333705,14.285714285714285,16.369312831333705,10.750000000000114,0,1,0,153.53349690314644,1.6369312831333705e-05,645,1,0
253,24,30,0,0,1,16.14412580217634,"[0.0, 16.14412580217634]",16.14412580217634,14.285714285714285,16.14412580217634,9.483333333333384,0,1,0,151.0521509097889,1.614412580217634e-05,569,1,0
253,25,33,0,0,1,16.128360203334264,"[0.0, 16.128360203334264]",16.128360203334264,14.285714285714285,16.128360203334264,10.300000000000091,0,1,0,152.42275023477123,1.6128360203334264e-05,618,1,0
253,26,55,0,0,1,16.11217498779297,"[0.0, 16.11217498779297]",16.11217498779297,14.285714285714285,16.11217498779297,11.533333333333486,0,1,0,154.0385218350275,1.6112174987792967e-05,692,1,0
253,27,49,0,0,1,15.915064130510604,"[0.0, 15.915064130510604]",15.915064130510604,14.285714285714285,15.915064130510604,10.750000000000114,0,1,0,155.01341932137439,1.5915064130510604e-05,645,1,0
253,28,46,0,0,1,15.874622889927457,"[0.0, 15.874622889927457]",15.874622889927457,14.285714285714285,15.874622889927457,10.100000000000081,0,1,0,149.67323067597317,1.5874622889927457e-05,606,1,0
253,29,19,0,0,1,15.828274318150113,"[0.0, 15.828274318150113]",15.828274318150113,14.285714285714285,15.828274318150113,9.800000000000066,0,1,0,149.80248863160523,1.5828274318150113e-05,588,1,0
253,30,17,0,0,1,15.701746259416852,"[0.0, 15.701746259416852]",15.701746259416852,14.285714285714285,15.701746259416852,10.816666666666784,0,1,0,149.00249304711906,1.5701746259416852e-05,649,1,0
253,31,10,0,0,1,15.674389430454799,"[0.0, 15.674389430454799]",15.674389430454799,14.285714285714285,15.674389430454799,10.683333333333444,0,1,0,153.57202190434327,1.56743894304548e-05,641,1,0
253,32,42,0,0,1,15.667141505650111,"[0.0, 15.667141505650111]",15.667141505650111,14.285714285714285,15.667141505650111,11.050000000000129,0,1,0,149.33495679531916,1.566714150565011e-05,663,1,0
253,33,11,0,0,0,15.554793221609934,"[0.0, 15.554793221609934]",15.554793221609934,14.285714285714285,15.554793221609934,10.566666666666771,0,1,0,151.75868387584342,1.5554793221609934e-05,634,1,0
253,34,21,0,0,0,15.551294599260604,"[0.0, 15.551294599260604]",15.551294599260604,14.285714285714285,15.551294599260604,8.950000000000024,0,1,0,143.49580848030746,1.5551294599260606e-05,537,1,0
253,35,63,0,0,0,15.418646676199776,"[0.0, 15.418646676199776]",15.418646676199776,14.285714285714285,15.418646676199776,10.400000000000096,0,1,0,146.51861857810582,1.5418646676199776e-05,624,1,0
253,36,26,0,0,0,11.654793875558035,"[0.0, 11.654793875558035]",11.654793875558035,11.428571428571429,11.654793875558035,8.91666666666669,0,1,0,114.8190348310527,1.1654793875558035e-05,535,1,0
253,37,58,0,0,0,11.607374463762556,"[0.0, 11.607374463762556]",11.607374463762556,11.428571428571429,11.607374463762556,7.733333333333311,0,1,0,112.55697766691446,1.1607374463762555e-05,464,1,0
253,38,53,0,0,0,11.539530072893415,"[0.0, 11.539530072893415]",11.539530072893415,11.428571428571429,11.539530072893415,9.750000000000064,0,1,0,113.17407799694047,1.1539530072893415e-05,585,1,0
253,39,13,0,0,0,11.473064422607422,"[0.0, 11.473064422607422]",11.473064422607422,11.428571428571429,11.473064422607422,7.766666666666644,0,1,0,111.15054411068559,1.1473064422607421e-05,466,1,0
253,40,12,0,0,0,11.44331795828683,"[0.0, 11.44331795828683]",11.44331795828683,11.428571428571429,11.44331795828683,8.033333333333312,0,1,0,111.3286450728774,1.144331795828683e-05,482,1,0
253,41,51,0,0,0,11.36817387172154,"[0.0, 11.36817387172154]",11.36817387172154,8.571428571428571,11.36817387172154,8.233333333333322,0,1,0,110.7966992398724,1.136817387172154e-05,494,1,0
253,42,35,0,0,0,11.323048727852958,"[0.0, 11.323048727852958]",11.323048727852958,8.571428571428571,11.323048727852958,8.11666666666665,0,1,0,108.87048862408847,1.1323048727852958e-05,487,1,0
253,43,50,0,0,0,11.07086181640625,"[0.0, 11.07086181640625]",11.07086181640625,8.571428571428571,11.07086181640625,6.749999999999981,0,1,0,106.66018844395876,1.107086181640625e-05,405,1,0
253,44,44,0,0,0,11.047453199114118,"[0.0, 11.047453199114118]",11.047453199114118,8.571428571428571,11.047453199114118,7.566666666666645,0,1,0,108.90494991838932,1.1047453199114117e-05,454,1,0
253,45,25,0,0,0,11.017041887555804,"[0.0, 11.017041887555804]",11.017041887555804,8.571428571428571,11.017041887555804,8.533333333333337,0,1,0,107.1739687597219,1.1017041887555803e-05,512,1,0
253,46,16,0,0,0,10.755560738699776,"[0.0, 10.755560738699776]",10.755560738699776,8.571428571428571,10.755560738699776,7.183333333333313,0,1,0,105.73071178421378,1.0755560738699776e-05,431,1,0
253,47,61,0,0,0,10.711255754743304,"[0.0, 10.711255754743304]",10.711255754743304,8.571428571428571,10.711255754743304,8.083333333333314,0,1,0,105.00144649017602,1.0711255754743304e-05,485,1,0
253,48,41,0,0,0,10.70169448852539,"[0.0, 10.70169448852539]",10.70169448852539,8.571428571428571,10.70169448852539,6.749999999999981,0,1,0,102.84138705581427,1.070169448852539e-05,405,1,0
253,49,32,0,0,0,10.156846727643694,"[0.0, 10.156846727643694]",10.156846727643694,8.571428571428571,10.156846727643694,8.550000000000004,0,1,0,101.41029808779422,1.0156846727643694e-05,513,1,0
253,50,45,0,0,0,9.111725943429128,"[0.0, 9.111725943429128]",9.111725943429128,8.571428571428571,9.111725943429128,5.316666666666653,0,1,0,90.68801134824753,9.111725943429128e-06,319,1,0
253,51,20,0,0,0,8.687820434570312,"[0.0, 8.687820434570312]",8.687820434570312,8.571428571428571,8.687820434570312,5.199999999999987,0,1,0,87.82949262857437,8.687820434570313e-06,312,1,0
253,52,36,0,0,0,7.758873530796596,"[0.0, 7.758873530796596]",7.758873530796596,5.714285714285714,7.758873530796596,5.033333333333321,0,1,0,80.07383593916893,7.758873530796597e-06,302,1,0
253,53,29,0,0,0,6.490260532924107,"[0.0, 6.490260532924107]",6.490260532924107,5.714285714285714,6.490260532924107,7.366666666666646,0,1,0,58.58120085045084,6.490260532924107e-06,442,1,0
253,54,31,0,0,0,6.429644993373326,"[0.0, 6.429644993373326]",6.429644993373326,5.714285714285714,6.429644993373326,7.366666666666646,0,1,0,58.658468099733,6.429644993373327e-06,442,1,0
253,55,28,0,0,0,6.361323765345982,"[0.0, 6.361323765345982]",6.361323765345982,5.714285714285714,6.361323765345982,7.366666666666646,0,1,0,58.58165388211637,6.361323765345982e-06,442,1,0
253,56,57,0,0,0,6.324435642787389,"[0.0, 6.324435642787389]",6.324435642787389,5.714285714285714,6.324435642787389,7.366666666666646,0,1,0,58.482037899702846,6.3244356427873886e-06,442,1,0
253,57,23,0,0,0,6.322528294154576,"[0.0, 6.322528294154576]",6.322528294154576,5.714285714285714,6.322528294154576,7.366666666666646,0,1,0,58.494777253283246,6.322528294154576e-06,442,1,0
253,58,34,0,0,0,6.297732761928014,"[0.0, 6.297732761928014]",6.297732761928014,5.714285714285714,6.297732761928014,7.366666666666646,0,1,0,58.373134128472884,6.297732761928014e-06,442,1,0
253,59,27,0,0,0,6.285269601004464,"[0.0, 6.285269601004464]",6.285269601004464,5.714285714285714,6.285269601004464,7.366666666666646,0,1,0,58.49118161014485,6.285269601004465e-06,442,1,0
253,60,24,0,0,0,6.276523045131138,"[0.0, 6.276523045131138]",6.276523045131138,5.714285714285714,6.276523045131138,7.299999999999979,0,1,0,57.73627057268459,6.276523045131138e-06,438,1,0
253,61,52,0,0,0,5.864873613630022,"[0.0, 5.864873613630022]",5.864873613630022,5.714285714285714,5.864873613630022,7.066666666666647,0,1,0,51.559169923944864,5.864873613630022e-06,424,1,0
253,62,43,0,0,0,4.656731741768973,"[0.0, 4.656731741768973]",4.656731741768973,2.857142857142857,4.656731741768973,2.2166666666666637,0,1,0,38.114935860037804,4.6567317417689734e-06,133,1,0
253,63,48,0,0,0,3.1907762799944193,"[0.0, 3.1907762799944193]",3.1907762799944193,2.857142857142857,3.1907762799944193,2.799999999999995,0,1,0,23.35711855161935,3.1907762799944193e-06,168,1,0
253,64,59,0,0,0,2.1727207728794644,"[0.0, 2.1727207728794644]",2.1727207728794644,0.0,2.1727207728794644,5.016666666666654,0,1,0,10.271603665169096,2.1727207728794645e-06,301,1,0
254,1,63,0,1,1,22.162786211286274,"[0.0, 22.162786211286274]",22.162786211286274,20.0,22.162786211286274,14.933333333333655,0,1,0,204.40520906735037,2.2162786211286276e-05,896,1,0
254,2,0,0,1,1,22.11598805018834,"[0.0, 22.11598805018834]",22.11598805018834,20.0,22.11598805018834,16.40000000000035,0,1,0,199.96907283434848,2.211598805018834e-05,984,1,0
254,3,1,0,1,1,21.69342041015625,"[0.0, 21.69342041015625]",21.69342041015625,20.0,21.69342041015625,13.90000000000027,0,1,0,195.93393591793574,2.169342041015625e-05,834,1,0
254,4,2,0,1,1,21.37338365827288,"[0.0, 21.37338365827288]",21.37338365827288,20.0,21.37338365827288,11.116666666666799,0,1,0,193.56138689096406,2.137338365827288e-05,667,1,0
254,5,3,0,1,1,21.367876870291575,"[0.0, 21.367876870291575]",21.367876870291575,20.0,21.367876870291575,11.716666666666828,0,1,0,194.07621198098786,2.1367876870291574e-05,703,1,0
254,6,4,0,1,1,21.28575461251395,"[0.0, 21.28575461251395]",21.28575461251395,20.0,21.28575461251395,10.533333333333436,0,1,0,192.39989259229333,2.1285754612513952e-05,632,1,0
254,7,5,0,1,1,21.19035448346819,"[0.0, 21.19035448346819]",21.19035448346819,20.0,21.19035448346819,10.700000000000111,0,1,0,194.77104606619105,2.1190354483468192e-05,642,1,0
254,8,6,0,1,1,21.17732456752232,"[0.0, 21.17732456752232]",21.17732456752232,20.0,21.17732456752232,10.216666666666754,0,1,0,193.25174491479993,2.117732456752232e-05,613,1,0
254,9,7,0,0,1,21.14501408168248,"[0.0, 21.14501408168248]",21.14501408168248,20.0,21.14501408168248,10.583333333333439,0,1,0,192.81047877296805,2.114501408168248e-05,635,1,0
254,10,49,0,0,1,20.530733380998882,"[0.0, 20.530733380998882]",20.530733380998882,20.0,20.530733380998882,11.550000000000153,0,1,0,191.48641328419035,2.0530733380998882e-05,693,1,0
254,11,20,0,0,1,20.382630484444757,"[0.0, 20.382630484444757]",20.382630484444757,20.0,20.382630484444757,10.883333333333454,0,1,0,190.73185404759715,2.0382630484444755e-05,653,1,0
254,12,25,0,0,1,20.07504326956613,"[0.0, 20.07504326956613]",20.07504326956613,20.0,20.07504326956613,10.400000000000096,0,1,0,187.3199128691922,2.007504326956613e-05,624,1,0
254,13,31,0,0,1,17.14937482561384,"[0.0, 17.14937482561384]",17.14937482561384,17.142857142857142,17.14937482561384,10.150000000000084,0,1,0,161.8303533922226,1.714937482561384e-05,609,1,0
254,14,9,0,0,1,16.842079162597656,"[0.0, 16.842079162597656]",16.842079162597656,14.285714285714285,16.842079162597656,10.500000000000101,0,1,0,157.81316604339372,1.6842079162597656e-05,630,1,0
254,15,23,0,0,1,16.58629826136998,"[0.0, 16.58629826136998]",16.58629826136998,14.285714285714285,16.58629826136998,10.750000000000114,0,1,0,160.51541567397362,1.658629826136998e-05,645,1,0
254,16,39,0,0,1,16.48744855608259,"[0.0, 16.48744855608259]",16.48744855608259,14.285714285714285,16.48744855608259,9.966666666666741,0,1,0,155.28803422934288,1.648744855608259e-05,598,1,0
254,17,60,0,0,1,16.433350699288503,"[0.0, 16.433350699288503]",16.433350699288503,14.285714285714285,16.433350699288503,12.016666666666843,0,1,0,152.71310045652353,1.6433350699288505e-05,721,1,0
254,18,29,0,0,1,16.411056518554688,"[0.0, 16.411056518554688]",16.411056518554688,14.285714285714285,16.411056518554688,9.900000000000071,0,1,0,154.75331432859093,1.6411056518554687e-05,594,1,0
254,19,40,0,0,1,16.180191040039062,"[0.0, 16.180191040039062]",16.180191040039062,14.285714285714285,16.180191040039062,10.466666666666766,0,1,0,152.58865095861984,1.618019104003906e-05,628,1,0
254,20,34,0,0,1,16.04173387799944,"[0.0, 16.04173387799944]",16.04173387799944,14.285714285714285,16.04173387799944,9.783333333333399,0,1,0,148.11411737419257,1.604173387799944e-05,587,1,0
254,21,18,0,0,1,16.035990033830917,"[0.0, 16.035990033830917]",16.035990033830917,14.285714285714285,16.035990033830917,10.133333333333416,0,1,0,150.28819502511033,1.6035990033830916e-05,608,1,0
254,22,13,0,0,1,15.987232753208705,"[0.0, 15.987232753208705]",15.987232753208705,14.285714285714285,15.987232753208705,10.100000000000081,0,1,0,154.8445291950702,1.5987232753208706e-05,606,1,0
254,23,21,0,0,1,15.860127040318082,"[0.0, 15.860127040318082]",15.860127040318082,14.285714285714285,15.860127040318082,9.533333333333387,0,1,0,146.0845204734651,1.5860127040318082e-05,572,1,0
254,24,41,0,0,1,15.850312369210378,"[0.0, 15.850312369210378]",15.850312369210378,14.285714285714285,15.850312369210378,10.333333333333426,0,1,0,148.9755494669589,1.585031236921038e-05,620,1,0
254,25,11,0,0,1,15.755135672433035,"[0.0, 15.755135672433035]",15.755135672433035,14.285714285714285,15.755135672433035,10.316666666666759,0,1,0,147.88339352711046,1.5755135672433036e-05,619,1,0
254,26,12,0,0,1,15.747702462332589,"[0.0, 15.747702462332589]",15.747702462332589,14.285714285714285,15.747702462332589,10.033333333333411,0,1,0,147.04727465763426,1.574770246233259e-05,602,1,0
254,27,52,0,0,1,15.675948006766182,"[0.0, 15.675948006766182]",15.675948006766182,14.285714285714285,15.675948006766182,9.800000000000066,0,1,0,149.01868960227876,1.5675948006766182e-05,588,1,0
254,28,10,0,0,1,15.674868992396762,"[0.0, 15.674868992396762]",15.674868992396762,14.285714285714285,15.674868992396762,10.016666666666744,0,1,0,151.69920517763967,1.567486899239676e-05,601,1,0
254,29,44,0,0,1,15.599408830915179,"[0.0, 15.599408830915179]",15.599408830915179,14.285714285714285,15.599408830915179,10.616666666666774,0,1,0,148.6851451700859,1.5599408830915178e-05,637,1,0
254,30,30,0,0,1,15.359666006905693,"[0.0, 15.359666006905693]",15.359666006905693,14.285714285714285,15.359666006905693,10.333333333333426,0,1,0,152.05345514576766,1.5359666006905692e-05,620,1,0
254,31,42,0,0,1,15.27017320905413,"[0.0, 15.27017320905413]",15.27017320905413,14.285714285714285,15.27017320905413,10.450000000000099,0,1,0,147.72712722514552,1.527017320905413e-05,627,1,0
254,32,45,0,0,1,14.96962411063058,"[0.0, 14.96962411063058]",14.96962411063058,14.285714285714285,14.96962411063058,10.566666666666771,0,1,0,150.9557514017797,1.496962411063058e-05,634,1,0
254,33,61,0,0,0,14.950354439871653,"[0.0, 14.950354439871653]",14.950354439871653,14.285714285714285,14.950354439871653,9.550000000000054,0,1,0,141.01775750904926,1.4950354439871652e-05,573,1,0
254,34,15,0,0,0,14.854719979422434,"[0.0, 14.854719979422434]",14.854719979422434,14.285714285714285,14.854719979422434,10.866666666666786,0,1,0,149.68860536623833,1.4854719979422434e-05,652,1,0
254,35,8,0,0,0,11.694003513881139,"[0.0, 11.694003513881139]",11.694003513881139,11.428571428571429,11.694003513881139,10.316666666666759,0,1,0,117.9695529061355,1.1694003513881138e-05,619,1,0
254,36,58,0,0,0,11.632755824497767,"[0.0, 11.632755824497767]",11.632755824497767,11.428571428571429,11.632755824497767,9.433333333333382,0,1,0,116.53904534006142,1.1632755824497768e-05,566,1,0
254,37,55,0,0,0,11.606905800955635,"[0.0, 11.606905800955635]",11.606905800955635,11.428571428571429,11.606905800955635,8.45,0,1,0,115.04191766073927,1.1606905800955635e-05,507,1,0
254,38,36,0,0,0,11.393838609967913,"[0.0, 11.393838609967913]",11.393838609967913,8.571428571428571,11.393838609967913,8.616666666666674,0,1,0,112.61538122835918,1.1393838609967914e-05,517,1,0
254,39,24,0,0,0,11.360487256731306,"[0.0, 11.360487256731306]",11.360487256731306,8.571428571428571,11.360487256731306,8.31666666666666,0,1,0,111.23302081413567,1.1360487256731306e-05,499,1,0
254,40,22,0,0,0,11.349408285958425,"[0.0, 11.349408285958425]",11.349408285958425,8.571428571428571,11.349408285958425,9.800000000000066,0,1,0,115.20329585635045,1.1349408285958425e-05,588,1,0
254,41,37,0,0,0,11.31660188947405,"[0.0, 11.31660188947405]",11.31660188947405,8.571428571428571,11.31660188947405,13.016666666666893,0,1,0,111.33079386408644,1.131660188947405e-05,781,1,0
254,42,14,0,0,0,11.154945918491908,"[0.0, 11.154945918491908]",11.154945918491908,8.571428571428571,11.154945918491908,8.11666666666665,0,1,0,108.77386125549674,1.1154945918491908e-05,487,1,0
254,43,28,0,0,0,11.05950219290597,"[0.0, 11.05950219290597]",11.05950219290597,8.571428571428571,11.05950219290597,8.65000000000001,0,1,0,106.81335899217083,1.105950219290597e-05,519,1,0
254,44,32,0,0,0,11.00623539515904,"[0.0, 11.00623539515904]",11.00623539515904,8.571428571428571,11.00623539515904,9.633333333333391,0,1,0,112.99634364886151,1.100623539515904e-05,578,1,0
254,45,54,0,0,0,10.893230438232422,"[0.0, 10.893230438232422]",10.893230438232422,8.571428571428571,10.893230438232422,6.933333333333314,0,1,0,104.189765997231,1.0893230438232422e-05,416,1,0
254,46,38,0,0,0,10.818628583635604,"[0.0, 10.818628583635604]",10.818628583635604,8.571428571428571,10.818628583635604,10.483333333333434,0,1,0,107.25036502456351,1.0818628583635604e-05,629,1,0
254,47,47,0,0,0,10.390202658517019,"[0.0, 10.390202658517019]",10.390202658517019,8.571428571428571,10.390202658517019,8.283333333333324,0,1,0,99.48496026109933,1.039020265851702e-05,497,1,0
254,48,43,0,0,0,9.88936288016183,"[0.0, 9.88936288016183]",9.88936288016183,8.571428571428571,9.88936288016183,5.583333333333319,0,1,0,95.67792704701424,9.88936288016183e-06,335,1,0
254,49,17,0,0,0,9.419909885951451,"[0.0, 9.419909885951451]",9.419909885951451,8.571428571428571,9.419909885951451,5.3833333333333195,0,1,0,92.28056165575981,9.419909885951452e-06,323,1,0
254,50,19,0,0,0,9.234853472028458,"[0.0, 9.234853472028458]",9.234853472028458,8.571428571428571,9.234853472028458,5.6833333333333185,0,1,0,91.1748648583889,9.234853472028458e-06,341,1,0
254,51,53,0,0,0,8.968181610107422,"[0.0, 8.968181610107422]",8.968181610107422,8.571428571428571,8.968181610107422,8.24999999999999,0,1,0,78.51766798058088,8.968181610107422e-06,495,1,0
254,52,27,0,0,0,8.82204328264509,"[0.0, 8.82204328264509]",8.82204328264509,8.571428571428571,8.82204328264509,8.283333333333324,0,1,0,77.38365120100934,8.82204328264509e-06,497,1,0
254,53,33,0,0,0,8.458448137555804,"[0.0, 8.458448137555804]",8.458448137555804,5.714285714285714,8.458448137555804,4.2833333333333234,0,1,0,85.04762248694897,8.458448137555804e-06,257,1,0
254,54,26,0,0,0,6.734777178083147,"[0.0, 6.734777178083147]",6.734777178083147,5.714285714285714,6.734777178083147,7.649999999999978,0,1,0,61.85114091022842,6.734777178083147e-06,459,1,0
254,55,50,0,0,0,6.577050345284598,"[0.0, 6.577050345284598]",6.577050345284598,5.714285714285714,6.577050345284598,7.566666666666645,0,1,0,59.78444770669739,6.577050345284598e-06,454,1,0
254,56,48,0,0,0,6.404587881905692,"[0.0, 6.404587881905692]",6.404587881905692,5.714285714285714,6.404587881905692,7.366666666666646,0,1,0,58.3988154391991,6.404587881905692e-06,442,1,0
254,57,16,0,0,0,6.402451651436943,"[0.0, 6.402451651436943]",6.402451651436943,5.714285714285714,6.402451651436943,7.416666666666646,0,1,0,59.53746752536972,6.402451651436943e-06,445,1,0
254,58,57,0,0,0,6.313149588448661,"[0.0, 6.313149588448661]",6.313149588448661,5.714285714285714,6.313149588448661,7.366666666666646,0,1,0,58.581905355757044,6.31314958844866e-06,442,1,0
254,59,56,0,0,0,6.299443926130022,"[0.0, 6.299443926130022]",6.299443926130022,5.714285714285714,6.299443926130022,7.366666666666646,0,1,0,58.517496957370895,6.299443926130022e-06,442,1,0
254,60,62,0,0,0,6.298136029924666,"[0.0, 6.298136029924666]",6.298136029924666,5.714285714285714,6.298136029924666,7.366666666666646,0,1,0,58.646087282664666,6.298136029924666e-06,442,1,0
254,61,46,0,0,0,6.287612915039062,"[0.0, 6.287612915039062]",6.287612915039062,5.714285714285714,6.287612915039062,7.366666666666646,0,1,0,58.35322353069205,6.287612915039062e-06,442,1,0
254,62,51,0,0,0,5.854666573660714,"[0.0, 5.854666573660714]",5.854666573660714,5.714285714285714,5.854666573660714,6.6999999999999815,0,1,0,69.25609708484262,5.854666573660714e-06,402,1,0
254,63,35,0,0,0,5.217350551060268,"[0.0, 5.217350551060268]",5.217350551060268,2.857142857142857,5.217350551060268,6.916666666666647,0,1,0,44.65510954027559,5.217350551060268e-06,415,1,0
254,64,59,0,0,0,4.71611567905971,"[0.0, 4.71611567905971]",4.71611567905971,2.857142857142857,4.71611567905971,2.2666666666666635,0,1,0,38.73315165936947,4.71611567905971e-06,136,1,0
255,1,0,0,1,1,22.162786211286274,"[0.0, 22.162786211286274]",22.162786211286274,20.0,22.162786211286274,14.933333333333655,0,1,0,204.40520906735037,2.2162786211286276e-05,896,1,0
255,2,1,0,1,1,22.11598805018834,"[0.0, 22.11598805018834]",22.11598805018834,20.0,22.11598805018834,16.40000000000035,0,1,0,199.96907283434848,2.211598805018834e-05,984,1,0
255,3,2,0,1,1,21.69342041015625,"[0.0, 21.69342041015625]",21.69342041015625,20.0,21.69342041015625,13.90000000000027,0,1,0,195.93393591793574,2.169342041015625e-05,834,1,0
255,4,3,0,1,1,21.37338365827288,"[0.0, 21.37338365827288]",21.37338365827288,20.0,21.37338365827288,11.116666666666799,0,1,0,193.56138689096406,2.137338365827288e-05,667,1,0
255,5,4,0,1,1,21.367876870291575,"[0.0, 21.367876870291575]",21.367876870291575,20.0,21.367876870291575,11.716666666666828,0,1,0,194.07621198098786,2.1367876870291574e-05,703,1,0
255,6,5,0,1,1,21.28575461251395,"[0.0, 21.28575461251395]",21.28575461251395,20.0,21.28575461251395,10.533333333333436,0,1,0,192.39989259229333,2.1285754612513952e-05,632,1,0
255,7,6,0,1,1,21.19035448346819,"[0.0, 21.19035448346819]",21.19035448346819,20.0,21.19035448346819,10.700000000000111,0,1,0,194.77104606619105,2.1190354483468192e-05,642,1,0
255,8,7,0,1,1,21.17732456752232,"[0.0, 21.17732456752232]",21.17732456752232,20.0,21.17732456752232,10.216666666666754,0,1,0,193.25174491479993,2.117732456752232e-05,613,1,0
255,9,14,0,0,1,21.134215763637,"[0.0, 21.134215763637]",21.134215763637,20.0,21.134215763637,12.466666666666866,0,1,0,195.41926223654445,2.1134215763637e-05,748,1,0
255,10,27,0,0,1,21.0223879132952,"[0.0, 21.0223879132952]",21.0223879132952,20.0,21.0223879132952,12.466666666666866,0,1,0,196.56217113195453,2.10223879132952e-05,748,1,0
255,11,8,0,0,1,20.672988891601562,"[0.0, 20.672988891601562]",20.672988891601562,20.0,20.672988891601562,11.850000000000168,0,1,0,191.84422753649415,2.067298889160156e-05,711,1,0
255,12,24,0,0,1,20.395003727504186,"[0.0, 20.395003727504186]",20.395003727504186,20.0,20.395003727504186,12.016666666666843,0,1,0,195.3846741225716,2.0395003727504186e-05,721,1,0
255,13,59,0,0,1,20.188680376325337,"[0.0, 20.188680376325337]",20.188680376325337,20.0,20.188680376325337,10.850000000000119,0,1,0,188.89978017074463,2.0188680376325338e-05,651,1,0
255,14,31,0,0,1,19.98884473528181,"[0.0, 19.98884473528181]",19.98884473528181,17.142857142857142,19.98884473528181,11.383333333333479,0,1,0,191.94857772204705,1.9988844735281808e-05,683,1,0
255,15,62,0,0,1,16.956438337053573,"[0.0, 16.956438337053573]",16.956438337053573,14.285714285714285,16.956438337053573,10.216666666666754,0,1,0,158.0264936569074,1.6956438337053573e-05,613,1,0
255,16,12,0,0,1,16.90568651471819,"[0.0, 16.90568651471819]",16.90568651471819,14.285714285714285,16.90568651471819,10.000000000000076,0,1,0,158.69246110309177,1.690568651471819e-05,600,1,0
255,17,60,0,0,1,16.90319061279297,"[0.0, 16.90319061279297]",16.90319061279297,14.285714285714285,16.90319061279297,13.216666666666903,0,1,0,157.92385657563136,1.690319061279297e-05,793,1,0
255,18,20,0,0,1,16.792172023228236,"[0.0, 16.792172023228236]",16.792172023228236,14.285714285714285,16.792172023228236,11.000000000000126,0,1,0,158.79134351810353,1.6792172023228237e-05,660,1,0
255,19,37,0,0,1,16.542881556919642,"[0.0, 16.542881556919642]",16.542881556919642,14.285714285714285,16.542881556919642,10.366666666666761,0,1,0,153.89770073282853,1.654288155691964e-05,622,1,0
255,20,23,0,0,1,16.5235846383231,"[0.0, 16.5235846383231]",16.5235846383231,14.285714285714285,16.5235846383231,9.916666666666739,0,1,0,154.1342911913307,1.65235846383231e-05,595,1,0
255,21,45,0,0,1,16.45648956298828,"[0.0, 16.45648956298828]",16.45648956298828,14.285714285714285,16.45648956298828,9.016666666666694,0,1,0,151.97857285663486,1.6456489562988282e-05,541,1,0
255,22,41,0,0,1,16.443655831473215,"[0.0, 16.443655831473215]",16.443655831473215,14.285714285714285,16.443655831473215,9.550000000000054,0,1,0,154.77939871372655,1.6443655831473216e-05,573,1,0
255,23,33,0,0,1,16.413012913295198,"[0.0, 16.413012913295198]",16.413012913295198,14.285714285714285,16.413012913295198,9.1166666666667,0,1,0,148.74468562752008,1.64130129132952e-05,547,1,0
255,24,40,0,0,1,16.351231166294646,"[0.0, 16.351231166294646]",16.351231166294646,14.285714285714285,16.351231166294646,9.266666666666707,0,1,0,152.38953345362097,1.6351231166294646e-05,556,1,0
255,25,39,0,0,1,16.342806134905132,"[0.0, 16.342806134905132]",16.342806134905132,14.285714285714285,16.342806134905132,10.650000000000109,0,1,0,155.5247320436465,1.6342806134905134e-05,639,1,0
255,26,52,0,0,1,16.325787135532924,"[0.0, 16.325787135532924]",16.325787135532924,14.285714285714285,16.325787135532924,11.500000000000151,0,1,0,152.54665997546545,1.6325787135532925e-05,690,1,0
255,27,50,0,0,1,16.316511971609934,"[0.0, 16.316511971609934]",16.316511971609934,14.285714285714285,16.316511971609934,9.983333333333409,0,1,0,153.4956801782755,1.6316511971609934e-05,599,1,0
255,28,34,0,0,1,16.23732430594308,"[0.0, 16.23732430594308]",16.23732430594308,14.285714285714285,16.23732430594308,10.166666666666751,0,1,0,152.02750426644343,1.623732430594308e-05,610,1,0
255,29,29,0,0,1,16.221367972237726,"[0.0, 16.221367972237726]",16.221367972237726,14.285714285714285,16.221367972237726,9.583333333333389,0,1,0,153.14629386062734,1.6221367972237725e-05,575,1,0
255,30,30,0,0,1,16.210719517299108,"[0.0, 16.210719517299108]",16.210719517299108,14.285714285714285,16.210719517299108,10.300000000000091,0,1,0,157.06217343953904,1.6210719517299107e-05,618,1,0
255,31,25,0,0,1,16.16997310093471,"[0.0, 16.16997310093471]",16.16997310093471,14.285714285714285,16.16997310093471,10.000000000000076,0,1,0,152.97558748661686,1.6169973100934708e-05,600,1,0
255,32,48,0,0,1,16.11250196184431,"[0.0, 16.11250196184431]",16.11250196184431,14.285714285714285,16.11250196184431,10.616666666666774,0,1,0,152.44738411787694,1.611250196184431e-05,637,1,0
255,33,46,0,0,0,16.09834943498884,"[0.0, 16.09834943498884]",16.09834943498884,14.285714285714285,16.09834943498884,10.783333333333449,0,1,0,153.28539346657635,1.609834943498884e-05,647,1,0
255,34,63,0,0,0,16.077466692243302,"[0.0, 16.077466692243302]",16.077466692243302,14.285714285714285,16.077466692243302,10.166666666666751,0,1,0,146.98199303794536,1.60774666922433e-05,610,1,0
255,35,22,0,0,0,16.03039877755301,"[0.0, 16.03039877755301]",16.03039877755301,14.285714285714285,16.03039877755301,10.800000000000116,0,1,0,150.3289536332304,1.603039877755301e-05,648,1,0
255,36,21,0,0,0,15.56079864501953,"[0.0, 15.56079864501953]",15.56079864501953,14.285714285714285,15.56079864501953,10.666666666666776,0,1,0,150.2108252632679,1.556079864501953e-05,640,1,0
255,37,35,0,0,0,15.363262721470425,"[0.0, 15.363262721470425]",15.363262721470425,14.285714285714285,15.363262721470425,10.033333333333411,0,1,0,147.7638374884482,1.5363262721470425e-05,602,1,0
255,38,51,0,0,0,15.293818882533483,"[0.0, 15.293818882533483]",15.293818882533483,14.285714285714285,15.293818882533483,10.583333333333439,0,1,0,149.86041204381763,1.5293818882533482e-05,635,1,0
255,39,17,0,0,0,11.693752833775111,"[0.0, 11.693752833775111]",11.693752833775111,11.428571428571429,11.693752833775111,8.65000000000001,0,1,0,115.06673646865238,1.1693752833775111e-05,519,1,0
255,40,16,0,0,0,11.390857696533203,"[0.0, 11.390857696533203]",11.390857696533203,8.571428571428571,11.390857696533203,7.916666666666644,0,1,0,111.10094264149666,1.1390857696533203e-05,475,1,0
255,41,28,0,0,0,11.35490962437221,"[0.0, 11.35490962437221]",11.35490962437221,8.571428571428571,11.35490962437221,7.483333333333312,0,1,0,109.60305088758469,1.135490962437221e-05,449,1,0
255,42,9,0,0,0,11.259010859898158,"[0.0, 11.259010859898158]",11.259010859898158,8.571428571428571,11.259010859898158,8.216666666666654,0,1,0,110.29084872733802,1.1259010859898159e-05,493,1,0
255,43,36,0,0,0,11.148856026785714,"[0.0, 11.148856026785714]",11.148856026785714,8.571428571428571,11.148856026785714,8.149999999999984,0,1,0,104.75166446715593,1.1148856026785713e-05,489,1,0
255,44,53,0,0,0,11.126937866210938,"[0.0, 11.126937866210938]",11.126937866210938,8.571428571428571,11.126937866210938,10.250000000000089,0,1,0,116.99811499760835,1.1126937866210937e-05,615,1,0
255,45,57,0,0,0,11.025646754673549,"[0.0, 11.025646754673549]",11.025646754673549,8.571428571428571,11.025646754673549,7.599999999999978,0,1,0,107.60906334593892,1.1025646754673548e-05,456,1,0
255,46,32,0,0,0,10.991126469203403,"[0.0, 10.991126469203403]",10.991126469203403,8.571428571428571,10.991126469203403,8.31666666666666,0,1,0,106.15490052610403,1.0991126469203403e-05,499,1,0
255,47,47,0,0,0,10.90846197945731,"[0.0, 10.90846197945731]",10.90846197945731,8.571428571428571,10.90846197945731,8.299999999999992,0,1,0,104.59753580271354,1.0908461979457311e-05,498,1,0
255,48,49,0,0,0,10.88078362601144,"[0.0, 10.88078362601144]",10.88078362601144,8.571428571428571,10.88078362601144,7.616666666666645,0,1,0,106.63615547865629,1.0880783626011439e-05,457,1,0
255,49,55,0,0,0,10.74871608189174,"[0.0, 10.74871608189174]",10.74871608189174,8.571428571428571,10.74871608189174,6.499999999999982,0,1,0,102.56971940398216,1.074871608189174e-05,390,1,0
255,50,58,0,0,0,10.676108769008092,"[0.0, 10.676108769008092]",10.676108769008092,8.571428571428571,10.676108769008092,7.6333333333333115,0,1,0,103.54012211970985,1.0676108769008092e-05,458,1,0
255,51,18,0,0,0,10.092310224260604,"[0.0, 10.092310224260604]",10.092310224260604,8.571428571428571,10.092310224260604,7.383333333333312,0,1,0,98.30367871001363,1.0092310224260605e-05,443,1,0
255,52,61,0,0,0,10.01826422555106,"[0.0, 10.01826422555106]",10.01826422555106,8.571428571428571,10.01826422555106,5.783333333333318,0,1,0,96.75408947467804,1.001826422555106e-05,347,1,0
255,53,38,0,0,0,8.910511561802455,"[0.0, 8.910511561802455]",8.910511561802455,8.571428571428571,8.910511561802455,8.233333333333322,0,1,0,73.00623073370662,8.910511561802455e-06,494,1,0
255,54,19,0,0,0,8.602281297956193,"[0.0, 8.602281297956193]",8.602281297956193,8.571428571428571,8.602281297956193,5.33333333333332,0,1,0,87.39573764801025,8.602281297956193e-06,320,1,0
255,55,54,0,0,0,8.54651587350028,"[0.0, 8.54651587350028]",8.54651587350028,5.714285714285714,8.54651587350028,8.750000000000014,0,1,0,75.39862554967112,8.54651587350028e-06,525,1,0
255,56,11,0,0,0,7.573334830147879,"[0.0, 7.573334830147879]",7.573334830147879,5.714285714285714,7.573334830147879,4.033333333333324,0,1,0,77.74544206261635,7.5733348301478796e-06,242,1,0
255,57,26,0,0,0,6.533393859863282,"[0.0, 6.533393859863282]",6.533393859863282,5.714285714285714,6.533393859863282,7.416666666666646,0,1,0,59.53704219420615,6.533393859863282e-06,445,1,0
255,58,42,0,0,0,6.456620352608818,"[0.0, 6.456620352608818]",6.456620352608818,5.714285714285714,6.456620352608818,7.366666666666646,0,1,0,58.58207808424049,6.456620352608818e-06,442,1,0
255,59,56,0,0,0,6.327629089355469,"[0.0, 6.327629089355469]",6.327629089355469,5.714285714285714,6.327629089355469,7.366666666666646,0,1,0,58.48163228609337,6.3276290893554685e-06,442,1,0
255,60,10,0,0,0,6.32171630859375,"[0.0, 6.32171630859375]",6.32171630859375,5.714285714285714,6.32171630859375,7.366666666666646,0,1,0,58.58150007006043,6.32171630859375e-06,442,1,0
255,61,13,0,0,0,6.308920724051339,"[0.0, 6.308920724051339]",6.308920724051339,5.714285714285714,6.308920724051339,7.366666666666646,0,1,0,58.69319800046651,6.30892072405134e-06,442,1,0
255,62,43,0,0,0,4.986822945731027,"[0.0, 4.986822945731027]",4.986822945731027,2.857142857142857,4.986822945731027,2.066666666666664,0,1,0,41.68914280831814,4.986822945731027e-06,124,1,0
255,63,44,0,0,0,3.9675685337611606,"[0.0, 3.9675685337611606]",3.9675685337611606,2.857142857142857,3.9675685337611606,2.5666666666666624,0,1,0,30.934995785355568,3.967568533761161e-06,154,1,0
255,64,15,0,0,0,3.0141721452985495,"[0.0, 3.0141721452985495]",3.0141721452985495,2.857142857142857,3.0141721452985495,5.2999999999999865,0,1,0,19.075736875252915,3.0141721452985494e-06,318,1,0
256,1,0,0,1,1,22.162786211286274,"[0.0, 22.162786211286274]",22.162786211286274,20.0,22.162786211286274,14.933333333333655,0,1,0,204.40520906735037,2.2162786211286276e-05,896,1,0
256,2,1,0,1,1,22.11598805018834,"[0.0, 22.11598805018834]",22.11598805018834,20.0,22.11598805018834,16.40000000000035,0,1,0,199.96907283434848,2.211598805018834e-05,984,1,0
256,3,2,0,1,1,21.69342041015625,"[0.0, 21.69342041015625]",21.69342041015625,20.0,21.69342041015625,13.90000000000027,0,1,0,195.93393591793574,2.169342041015625e-05,834,1,0
256,4,46,0,1,1,21.58036368233817,"[0.0, 21.58036368233817]",21.58036368233817,20.0,21.58036368233817,14.43333333333363,0,1,0,198.74765132110042,2.158036368233817e-05,866,1,0
256,5,3,0,1,1,21.37338365827288,"[0.0, 21.37338365827288]",21.37338365827288,20.0,21.37338365827288,11.116666666666799,0,1,0,193.56138689096406,2.137338365827288e-05,667,1,0
256,6,4,0,1,1,21.367876870291575,"[0.0, 21.367876870291575]",21.367876870291575,20.0,21.367876870291575,11.716666666666828,0,1,0,194.07621198098786,2.1367876870291574e-05,703,1,0
256,7,5,0,1,1,21.28575461251395,"[0.0, 21.28575461251395]",21.28575461251395,20.0,21.28575461251395,10.533333333333436,0,1,0,192.39989259229333,2.1285754612513952e-05,632,1,0
256,8,6,0,1,1,21.19035448346819,"[0.0, 21.19035448346819]",21.19035448346819,20.0,21.19035448346819,10.700000000000111,0,1,0,194.77104606619105,2.1190354483468192e-05,642,1,0
256,9,7,0,0,1,21.17732456752232,"[0.0, 21.17732456752232]",21.17732456752232,20.0,21.17732456752232,10.216666666666754,0,1,0,193.25174491479993,2.117732456752232e-05,613,1,0
256,10,48,0,0,1,21.091725485665457,"[0.0, 21.091725485665457]",21.091725485665457,20.0,21.091725485665457,10.266666666666756,0,1,0,192.60601989086717,2.1091725485665458e-05,616,1,0
256,11,31,0,0,1,21.089275905064177,"[0.0, 21.089275905064177]",21.089275905064177,20.0,21.089275905064177,12.616666666666873,0,1,0,195.33280539153202,2.1089275905064177e-05,757,1,0
256,12,14,0,0,1,21.057491302490234,"[0.0, 21.057491302490234]",21.057491302490234,20.0,21.057491302490234,9.983333333333409,0,1,0,190.56193610467017,2.1057491302490236e-05,599,1,0
256,13,37,0,0,1,21.017404283796036,"[0.0, 21.017404283796036]",21.017404283796036,20.0,21.017404283796036,10.666666666666776,0,1,0,193.5728263619385,2.1017404283796035e-05,640,1,0
256,14,54,0,0,1,20.40768487112863,"[0.0, 20.40768487112863]",20.40768487112863,20.0,20.40768487112863,10.833333333333451,0,1,0,192.78452382431715,2.040768487112863e-05,650,1,0
256,15,47,0,0,1,17.194469996861052,"[0.0, 17.194469996861052]",17.194469996861052,17.142857142857142,17.194469996861052,10.550000000000104,0,1,0,161.49557807808014,1.7194469996861052e-05,633,1,0
256,16,57,0,0,1,17.06623077392578,"[0.0, 17.06623077392578]",17.06623077392578,14.285714285714285,17.06623077392578,10.750000000000114,0,1,0,161.78795398855436,1.7066230773925782e-05,645,1,0
256,17,44,0,0,1,16.926531110491073,"[0.0, 16.926531110491073]",16.926531110491073,14.285714285714285,16.926531110491073,9.633333333333391,0,1,0,156.97775168484077,1.6926531110491073e-05,578,1,0
256,18,16,0,0,1,16.881375994001115,"[0.0, 16.881375994001115]",16.881375994001115,14.285714285714285,16.881375994001115,10.816666666666784,0,1,0,158.73468448509811,1.6881375994001114e-05,649,1,0
256,19,20,0,0,1,16.768945966448104,"[0.0, 16.768945966448104]",16.768945966448104,14.285714285714285,16.768945966448104,11.083333333333464,0,1,0,160.01490030060813,1.6768945966448104e-05,665,1,0
256,20,40,0,0,1,16.74130575997489,"[0.0, 16.74130575997489]",16.74130575997489,14.285714285714285,16.74130575997489,10.383333333333429,0,1,0,156.2725111608961,1.674130575997489e-05,623,1,0
256,21,63,0,0,1,16.727414812360493,"[0.0, 16.727414812360493]",16.727414812360493,14.285714285714285,16.727414812360493,9.866666666666736,0,1,0,159.16086502050166,1.6727414812360494e-05,592,1,0
256,22,35,0,0,1,16.518211364746094,"[0.0, 16.518211364746094]",16.518211364746094,14.285714285714285,16.518211364746094,9.100000000000032,0,1,0,153.60101016238332,1.6518211364746093e-05,546,1,0
256,23,26,0,0,1,16.367481776646205,"[0.0, 16.367481776646205]",16.367481776646205,14.285714285714285,16.367481776646205,9.916666666666739,0,1,0,152.66376324182056,1.6367481776646204e-05,595,1,0
256,24,24,0,0,1,16.35019029889788,"[0.0, 16.35019029889788]",16.35019029889788,14.285714285714285,16.35019029889788,10.916666666666789,0,1,0,153.14376474195888,1.6350190298897877e-05,655,1,0
256,25,33,0,0,1,16.330501011439733,"[0.0, 16.330501011439733]",16.330501011439733,14.285714285714285,16.330501011439733,9.550000000000054,0,1,0,153.35205403948203,1.6330501011439734e-05,573,1,0
256,26,62,0,0,1,16.31847381591797,"[0.0, 16.31847381591797]",16.31847381591797,14.285714285714285,16.31847381591797,10.250000000000089,0,1,0,155.36603323846066,1.631847381591797e-05,615,1,0
256,27,18,0,0,1,16.199569702148438,"[0.0, 16.199569702148438]",16.199569702148438,14.285714285714285,16.199569702148438,10.550000000000104,0,1,0,153.704487686402,1.6199569702148438e-05,633,1,0
256,28,8,0,0,1,16.005052839006698,"[0.0, 16.005052839006698]",16.005052839006698,14.285714285714285,16.005052839006698,9.566666666666721,0,1,0,150.13018419378204,1.60050528390067e-05,574,1,0
256,29,29,0,0,1,15.98473140171596,"[0.0, 15.98473140171596]",15.98473140171596,14.285714285714285,15.98473140171596,10.066666666666746,0,1,0,155.96524938334187,1.598473140171596e-05,604,1,0
256,30,27,0,0,1,15.843729291643417,"[0.0, 15.843729291643417]",15.843729291643417,14.285714285714285,15.843729291643417,10.316666666666759,0,1,0,147.08578151617257,1.5843729291643416e-05,619,1,0
256,31,61,0,0,1,15.806454249790736,"[0.0, 15.806454249790736]",15.806454249790736,14.285714285714285,15.806454249790736,11.283333333333474,0,1,0,144.13392522880167,1.5806454249790737e-05,677,1,0
256,32,50,0,0,1,15.543523515973773,"[0.0, 15.543523515973773]",15.543523515973773,14.285714285714285,15.543523515973773,10.416666666666764,0,1,0,152.42634309068671,1.5543523515973773e-05,625,1,0
256,33,49,0,0,0,15.170021057128908,"[0.0, 15.170021057128908]",15.170021057128908,14.285714285714285,15.170021057128908,10.616666666666774,0,1,0,147.89702433760976,1.5170021057128907e-05,637,1,0
256,34,9,0,0,0,14.897962297712052,"[0.0, 14.897962297712052]",14.897962297712052,14.285714285714285,14.897962297712052,10.533333333333436,0,1,0,148.29551073606126,1.4897962297712052e-05,632,1,0
256,35,51,0,0,0,14.841406685965403,"[0.0, 14.841406685965403]",14.841406685965403,14.285714285714285,14.841406685965403,9.933333333333406,0,1,0,144.63885961934284,1.4841406685965404e-05,596,1,0
256,36,21,0,0,0,11.48935317993164,"[0.0, 11.48935317993164]",11.48935317993164,11.428571428571429,11.48935317993164,7.849999999999977,0,1,0,108.76630228385329,1.148935317993164e-05,471,1,0
256,37,36,0,0,0,11.484944479806082,"[0.0, 11.484944479806082]",11.484944479806082,11.428571428571429,11.484944479806082,8.283333333333324,0,1,0,112.88782185409218,1.1484944479806081e-05,497,1,0
256,38,32,0,0,0,11.430931091308594,"[0.0, 11.430931091308594]",11.430931091308594,11.428571428571429,11.430931091308594,9.016666666666694,0,1,0,112.45915412963222,1.1430931091308594e-05,541,1,0
256,39,58,0,0,0,11.386244637625557,"[0.0, 11.386244637625557]",11.386244637625557,8.571428571428571,11.386244637625557,8.65000000000001,0,1,0,112.03075349966821,1.1386244637625557e-05,519,1,0
256,40,28,0,0,0,11.2052127293178,"[0.0, 11.2052127293178]",11.2052127293178,8.571428571428571,11.2052127293178,8.283333333333324,0,1,0,109.98457294609398,1.12052127293178e-05,497,1,0
256,41,23,0,0,0,11.164076668875559,"[0.0, 11.164076668875559]",11.164076668875559,8.571428571428571,11.164076668875559,9.100000000000032,0,1,0,110.0358001722343,1.1164076668875559e-05,546,1,0
256,42,11,0,0,0,10.720748901367188,"[0.0, 10.720748901367188]",10.720748901367188,8.571428571428571,10.720748901367188,6.766666666666648,0,1,0,101.91450672596693,1.0720748901367187e-05,406,1,0
256,43,22,0,0,0,10.686446598597936,"[0.0, 10.686446598597936]",10.686446598597936,8.571428571428571,10.686446598597936,6.633333333333315,0,1,0,103.31739383935928,1.0686446598597936e-05,398,1,0
256,44,38,0,0,0,10.63307353428432,"[0.0, 10.63307353428432]",10.63307353428432,8.571428571428571,10.63307353428432,9.733333333333396,0,1,0,106.67620378090942,1.063307353428432e-05,584,1,0
256,45,15,0,0,0,10.298205784388951,"[0.0, 10.298205784388951]",10.298205784388951,8.571428571428571,10.298205784388951,7.616666666666645,0,1,0,103.89383034408092,1.0298205784388951e-05,457,1,0
256,46,59,0,0,0,9.987234388078962,"[0.0, 9.987234388078962]",9.987234388078962,8.571428571428571,9.987234388078962,5.533333333333319,0,1,0,94.83740650117397,9.987234388078963e-06,332,1,0
256,47,53,0,0,0,9.532669612339564,"[0.0, 9.532669612339564]",9.532669612339564,8.571428571428571,9.532669612339564,7.233333333333313,0,1,0,96.96054711937904,9.532669612339565e-06,434,1,0
256,48,25,0,0,0,9.417664664132253,"[0.0, 9.417664664132253]",9.417664664132253,8.571428571428571,9.417664664132253,5.649999999999985,0,1,0,93.21892188489437,9.417664664132253e-06,339,1,0
256,49,55,0,0,0,9.132276262555804,"[0.0, 9.132276262555804]",9.132276262555804,8.571428571428571,9.132276262555804,8.566666666666672,0,1,0,82.8523487107741,9.132276262555804e-06,514,1,0
256,50,43,0,0,0,8.943086351667132,"[0.0, 8.943086351667132]",8.943086351667132,8.571428571428571,8.943086351667132,8.18333333333332,0,1,0,76.07799778648769,8.943086351667132e-06,491,1,0
256,51,41,0,0,0,8.527875627790179,"[0.0, 8.527875627790179]",8.527875627790179,5.714285714285714,8.527875627790179,5.149999999999987,0,1,0,84.72065265476704,8.527875627790178e-06,309,1,0
256,52,39,0,0,0,7.5628253391810825,"[0.0, 7.5628253391810825]",7.5628253391810825,5.714285714285714,7.5628253391810825,4.883333333333321,0,1,0,77.14557091891766,7.5628253391810825e-06,293,1,0
256,53,12,0,0,0,6.470042637416294,"[0.0, 6.470042637416294]",6.470042637416294,5.714285714285714,6.470042637416294,3.299999999999993,0,1,0,57.943315133452415,6.470042637416294e-06,198,1,0
256,54,30,0,0,0,6.397132873535156,"[0.0, 6.397132873535156]",6.397132873535156,5.714285714285714,6.397132873535156,7.416666666666646,0,1,0,59.5547370051645,6.3971328735351565e-06,445,1,0
256,55,42,0,0,0,6.329263959612165,"[0.0, 6.329263959612165]",6.329263959612165,5.714285714285714,6.329263959612165,7.366666666666646,0,1,0,58.59557135099749,6.329263959612165e-06,442,1,0
256,56,34,0,0,0,6.328163146972657,"[0.0, 6.328163146972657]",6.328163146972657,5.714285714285714,6.328163146972657,7.366666666666646,0,1,0,58.75785818611621,6.328163146972657e-06,442,1,0
256,57,45,0,0,0,6.3163539341517865,"[0.0, 6.3163539341517865]",6.3163539341517865,5.714285714285714,6.3163539341517865,7.366666666666646,0,1,0,58.47828477659641,6.316353934151787e-06,442,1,0
256,58,17,0,0,0,6.307220458984375,"[0.0, 6.307220458984375]",6.307220458984375,5.714285714285714,6.307220458984375,7.366666666666646,0,1,0,58.62091740566393,6.307220458984375e-06,442,1,0
256,59,13,0,0,0,6.30141122000558,"[0.0, 6.30141122000558]",6.30141122000558,5.714285714285714,6.30141122000558,7.366666666666646,0,1,0,58.59792746423773,6.30141122000558e-06,442,1,0
256,60,19,0,0,0,6.194289071219308,"[0.0, 6.194289071219308]",6.194289071219308,5.714285714285714,6.194289071219308,8.550000000000004,0,1,0,61.125820032488264,6.194289071219308e-06,513,1,0
256,61,52,0,0,0,5.987690516880581,"[0.0, 5.987690516880581]",5.987690516880581,5.714285714285714,5.987690516880581,9.350000000000044,0,1,0,70.45051861117099,5.987690516880581e-06,561,1,0
256,62,56,0,0,0,3.9980316162109375,"[0.0, 3.9980316162109375]",3.9980316162109375,2.857142857142857,3.9980316162109375,1.7166666666666655,0,1,0,31.399882793426514,3.9980316162109375e-06,103,1,0
256,63,60,0,0,0,3.3658654349190846,"[0.0, 3.3658654349190846]",3.3658654349190846,2.857142857142857,3.3658654349190846,2.5166666666666626,0,1,0,24.968465257436037,3.3658654349190845e-06,151,1,0
256,64,10,0,0,0,3.2221875871930803,"[0.0, 3.2221875871930803]",3.2221875871930803,2.857142857142857,3.2221875871930803,5.733333333333318,0,1,0,22.004423826379934,3.22218758719308e-06,344,1,0
257,1,0,0,1,1,22.162786211286274,"[0.0, 22.162786211286274]",22.162786211286274,20.0,22.162786211286274,14.933333333333655,0,1,0,204.40520906735037,2.2162786211286276e-05,896,1,0
257,2,1,0,1,1,22.11598805018834,"[0.0, 22.11598805018834]",22.11598805018834,20.0,22.11598805018834,16.40000000000035,0,1,0,199.96907283434848,2.211598805018834e-05,984,1,0
257,3,2,0,1,1,21.69342041015625,"[0.0, 21.69342041015625]",21.69342041015625,20.0,21.69342041015625,13.90000000000027,0,1,0,195.93393591793574,2.169342041015625e-05,834,1,0
257,4,11,0,1,1,21.636289869035995,"[0.0, 21.636289869035995]",21.636289869035995,20.0,21.636289869035995,12.5000000000002,0,1,0,197.8283313754073,2.1636289869035995e-05,750,1,0
257,5,3,0,1,1,21.58036368233817,"[0.0, 21.58036368233817]",21.58036368233817,20.0,21.58036368233817,14.43333333333363,0,1,0,198.74765132110042,2.158036368233817e-05,866,1,0
257,6,4,0,1,1,21.37338365827288,"[0.0, 21.37338365827288]",21.37338365827288,20.0,21.37338365827288,11.116666666666799,0,1,0,193.56138689096406,2.137338365827288e-05,667,1,0
257,7,5,0,1,1,21.367876870291575,"[0.0, 21.367876870291575]",21.367876870291575,20.0,21.367876870291575,11.716666666666828,0,1,0,194.07621198098786,2.1367876870291574e-05,703,1,0
257,8,6,0,1,1,21.28575461251395,"[0.0, 21.28575461251395]",21.28575461251395,20.0,21.28575461251395,10.533333333333436,0,1,0,192.39989259229333,2.1285754612513952e-05,632,1,0
257,9,7,0,0,1,21.19035448346819,"[0.0, 21.19035448346819]",21.19035448346819,20.0,21.19035448346819,10.700000000000111,0,1,0,194.77104606619105,2.1190354483468192e-05,642,1,0
257,10,53,0,0,1,20.601517813546316,"[0.0, 20.601517813546316]",20.601517813546316,20.0,20.601517813546316,12.30000000000019,0,1,0,192.97417280299123,2.0601517813546315e-05,738,1,0
257,11,37,0,0,1,20.473376682826448,"[0.0, 20.473376682826448]",20.473376682826448,20.0,20.473376682826448,12.616666666666873,0,1,0,192.21706477727275,2.047337668282645e-05,757,1,0
257,12,18,0,0,1,20.409202575683594,"[0.0, 20.409202575683594]",20.409202575683594,20.0,20.409202575683594,10.550000000000104,0,1,0,192.20474957712577,2.0409202575683594e-05,633,1,0
257,13,59,0,0,1,20.33879143851144,"[0.0, 20.33879143851144]",20.33879143851144,20.0,20.33879143851144,11.350000000000144,0,1,0,190.86334774606075,2.0338791438511438e-05,681,1,0
257,14,20,0,0,1,20.271366664341517,"[0.0, 20.271366664341517]",20.271366664341517,20.0,20.271366664341517,11.033333333333461,0,1,0,189.8550629585734,2.0271366664341518e-05,662,1,0
257,15,58,0,0,1,17.266720363071986,"[0.0, 17.266720363071986]",17.266720363071986,17.142857142857142,17.266720363071986,10.766666666666781,0,1,0,162.91905713691085,1.7266720363071986e-05,646,1,0
257,16,45,0,0,1,17.02342987060547,"[0.0, 17.02342987060547]",17.02342987060547,14.285714285714285,17.02342987060547,11.566666666666821,0,1,0,160.7933035456881,1.7023429870605467e-05,694,1,0
257,17,55,0,0,1,16.995293753487722,"[0.0, 16.995293753487722]",16.995293753487722,14.285714285714285,16.995293753487722,10.816666666666784,0,1,0,161.4006829065329,1.6995293753487724e-05,649,1,0
257,18,44,0,0,1,16.855555943080358,"[0.0, 16.855555943080358]",16.855555943080358,14.285714285714285,16.855555943080358,10.350000000000094,0,1,0,158.78728995983693,1.6855555943080356e-05,621,1,0
257,19,28,0,0,1,16.754651750837056,"[0.0, 16.754651750837056]",16.754651750837056,14.285714285714285,16.754651750837056,9.583333333333389,0,1,0,154.6975891906768,1.6754651750837055e-05,575,1,0
257,20,31,0,0,1,16.71306610107422,"[0.0, 16.71306610107422]",16.71306610107422,14.285714285714285,16.71306610107422,11.96666666666684,0,1,0,157.9192842186676,1.671306610107422e-05,718,1,0
257,21,63,0,0,1,16.648821149553573,"[0.0, 16.648821149553573]",16.648821149553573,14.285714285714285,16.648821149553573,10.800000000000116,0,1,0,158.16959541449614,1.6648821149553573e-05,648,1,0
257,22,38,0,0,1,16.59571511404855,"[0.0, 16.59571511404855]",16.59571511404855,14.285714285714285,16.59571511404855,10.900000000000121,0,1,0,157.31013548209012,1.659571511404855e-05,654,1,0
257,23,19,0,0,1,16.514276776994976,"[0.0, 16.514276776994976]",16.514276776994976,14.285714285714285,16.514276776994976,11.400000000000146,0,1,0,152.44011894771393,1.6514276776994974e-05,684,1,0
257,24,22,0,0,1,16.490958077566965,"[0.0, 16.490958077566965]",16.490958077566965,14.285714285714285,16.490958077566965,9.183333333333369,0,1,0,153.2159227617085,1.6490958077566964e-05,551,1,0
257,25,17,0,0,1,16.484974452427455,"[0.0, 16.484974452427455]",16.484974452427455,14.285714285714285,16.484974452427455,10.700000000000111,0,1,0,156.03531929248857,1.6484974452427454e-05,642,1,0
257,26,33,0,0,1,16.37315477643694,"[0.0, 16.37315477643694]",16.37315477643694,14.285714285714285,16.37315477643694,10.066666666666746,0,1,0,153.2677551758752,1.637315477643694e-05,604,1,0
257,27,9,0,0,1,16.352615356445312,"[0.0, 16.352615356445312]",16.352615356445312,14.285714285714285,16.352615356445312,11.016666666666794,0,1,0,160.3424924995561,1.6352615356445312e-05,661,1,0
257,28,48,0,0,1,16.10398428780692,"[0.0, 16.10398428780692]",16.10398428780692,14.285714285714285,16.10398428780692,10.566666666666771,0,1,0,153.75728003867698,1.610398428780692e-05,634,1,0
257,29,29,0,0,1,16.078627450125555,"[0.0, 16.078627450125555]",16.078627450125555,14.285714285714285,16.078627450125555,9.850000000000069,0,1,0,150.57729170859238,1.6078627450125556e-05,591,1,0
257,30,35,0,0,1,16.07773917061942,"[0.0, 16.07773917061942]",16.07773917061942,14.285714285714285,16.07773917061942,10.500000000000101,0,1,0,155.3156321322458,1.607773917061942e-05,630,1,0
257,31,56,0,0,1,15.978758675711497,"[0.0, 15.978758675711497]",15.978758675711497,14.285714285714285,15.978758675711497,9.833333333333401,0,1,0,151.61334335731226,1.5978758675711496e-05,590,1,0
257,32,30,0,0,1,15.972371782575333,"[0.0, 15.972371782575333]",15.972371782575333,14.285714285714285,15.972371782575333,9.400000000000047,0,1,0,148.09023240704846,1.5972371782575333e-05,564,1,0
257,33,49,0,0,0,15.888323102678573,"[0.0, 15.888323102678573]",15.888323102678573,14.285714285714285,15.888323102678573,9.650000000000059,0,1,0,149.74801298787497,1.5888323102678572e-05,579,1,0
257,34,24,0,0,0,15.854437691824778,"[0.0, 15.854437691824778]",15.854437691824778,14.285714285714285,15.854437691824778,9.350000000000044,0,1,0,148.87675711419433,1.5854437691824778e-05,561,1,0
257,35,16,0,0,0,15.846933637346542,"[0.0, 15.846933637346542]",15.846933637346542,14.285714285714285,15.846933637346542,10.766666666666781,0,1,0,151.50401605165098,1.5846933637346542e-05,646,1,0
257,36,27,0,0,0,15.840154375348773,"[0.0, 15.840154375348773]",15.840154375348773,14.285714285714285,15.840154375348773,10.100000000000081,0,1,0,149.44733666363027,1.584015437534877e-05,606,1,0
257,37,21,0,0,0,15.738007681710378,"[0.0, 15.738007681710378]",15.738007681710378,14.285714285714285,15.738007681710378,9.583333333333389,0,1,0,144.87402009910147,1.5738007681710378e-05,575,1,0
257,38,43,0,0,0,15.62103271484375,"[0.0, 15.62103271484375]",15.62103271484375,14.285714285714285,15.62103271484375,9.983333333333409,0,1,0,150.54358767391386,1.562103271484375e-05,599,1,0
257,39,10,0,0,0,15.52837916782924,"[0.0, 15.52837916782924]",15.52837916782924,14.285714285714285,15.52837916782924,9.850000000000069,0,1,0,149.35140166903875,1.552837916782924e-05,591,1,0
257,40,57,0,0,0,15.493529183523997,"[0.0, 15.493529183523997]",15.493529183523997,14.285714285714285,15.493529183523997,9.900000000000071,0,1,0,147.51111142097943,1.5493529183523995e-05,594,1,0
257,41,52,0,0,0,15.167503356933592,"[0.0, 15.167503356933592]",15.167503356933592,14.285714285714285,15.167503356933592,9.600000000000056,0,1,0,146.36278345981555,1.5167503356933592e-05,576,1,0
257,42,26,0,0,0,15.082032339913503,"[0.0, 15.082032339913503]",15.082032339913503,14.285714285714285,15.082032339913503,10.150000000000084,0,1,0,147.7672073479407,1.5082032339913503e-05,609,1,0
257,43,39,0,0,0,11.58710207257952,"[0.0, 11.58710207257952]",11.58710207257952,11.428571428571429,11.58710207257952,8.866666666666687,0,1,0,114.82956621043559,1.158710207257952e-05,532,1,0
257,44,23,0,0,0,11.365669795445035,"[0.0, 11.365669795445035]",11.365669795445035,8.571428571428571,11.365669795445035,8.600000000000007,0,1,0,112.06439826785936,1.1365669795445035e-05,516,1,0
257,45,13,0,0,0,11.115905216761998,"[0.0, 11.115905216761998]",11.115905216761998,8.571428571428571,11.115905216761998,8.733333333333347,0,1,0,108.52651793632685,1.1115905216761998e-05,524,1,0
257,46,62,0,0,0,11.093384878976005,"[0.0, 11.093384878976005]",11.093384878976005,8.571428571428571,11.093384878976005,7.14999999999998,0,1,0,106.94935493543744,1.1093384878976006e-05,429,1,0
257,47,40,0,0,0,11.000764029366628,"[0.0, 11.000764029366628]",11.000764029366628,8.571428571428571,11.000764029366628,7.116666666666647,0,1,0,106.70368218421936,1.1000764029366629e-05,427,1,0
257,48,47,0,0,0,10.99952152797154,"[0.0, 10.99952152797154]",10.99952152797154,8.571428571428571,10.99952152797154,10.016666666666744,0,1,0,110.12807991204318,1.099952152797154e-05,601,1,0
257,49,15,0,0,0,10.736100333077566,"[0.0, 10.736100333077566]",10.736100333077566,8.571428571428571,10.736100333077566,7.0833333333333135,0,1,0,104.80740604549646,1.0736100333077565e-05,425,1,0
257,50,60,0,0,0,10.693937029157366,"[0.0, 10.693937029157366]",10.693937029157366,8.571428571428571,10.693937029157366,6.949999999999981,0,1,0,103.61518951505423,1.0693937029157367e-05,417,1,0
257,51,50,0,0,0,10.637972695486885,"[0.0, 10.637972695486885]",10.637972695486885,8.571428571428571,10.637972695486885,7.366666666666646,0,1,0,104.5998521707952,1.0637972695486885e-05,442,1,0
257,52,41,0,0,0,10.588038308279856,"[0.0, 10.588038308279856]",10.588038308279856,8.571428571428571,10.588038308279856,6.849999999999981,0,1,0,103.62443352490664,1.0588038308279855e-05,411,1,0
257,53,61,0,0,0,9.182766505650111,"[0.0, 9.182766505650111]",9.182766505650111,8.571428571428571,9.182766505650111,5.533333333333319,0,1,0,90.72707349061966,9.18276650565011e-06,332,1,0
257,54,42,0,0,0,8.263511657714844,"[0.0, 8.263511657714844]",8.263511657714844,5.714285714285714,8.263511657714844,4.29999999999999,0,1,0,83.69752711057663,8.263511657714844e-06,258,1,0
257,55,32,0,0,0,7.996027810232979,"[0.0, 7.996027810232979]",7.996027810232979,5.714285714285714,7.996027810232979,4.716666666666655,0,1,0,81.85925917327404,7.996027810232979e-06,283,1,0
257,56,51,0,0,0,7.163298470633371,"[0.0, 7.163298470633371]",7.163298470633371,5.714285714285714,7.163298470633371,3.6333333333333253,0,1,0,73.62475143373013,7.163298470633371e-06,218,1,0
257,57,8,0,0,0,7.142857142857142,"[0.0, 7.142857142857142]",7.142857142857142,5.714285714285714,7.142857142857142,2.8499999999999948,0,1,0,68.87246662378311,7.142857142857143e-06,171,1,0
257,58,12,0,0,0,7.142857142857142,"[0.0, 7.142857142857142]",7.142857142857142,5.714285714285714,7.142857142857142,4.19999999999999,0,1,0,69.50900565087795,7.142857142857143e-06,252,1,0
257,59,25,0,0,0,6.399051121303014,"[0.0, 6.399051121303014]",6.399051121303014,5.714285714285714,6.399051121303014,7.366666666666646,0,1,0,58.602135333530896,6.399051121303014e-06,442,1,0
257,60,14,0,0,0,6.382250104631697,"[0.0, 6.382250104631697]",6.382250104631697,5.714285714285714,6.382250104631697,7.366666666666646,0,1,0,58.58139389841381,6.382250104631697e-06,442,1,0
257,61,34,0,0,0,6.305160522460937,"[0.0, 6.305160522460937]",6.305160522460937,5.714285714285714,6.305160522460937,7.366666666666646,0,1,0,58.5815988332688,6.305160522460937e-06,442,1,0
257,62,46,0,0,0,6.26420157296317,"[0.0, 6.26420157296317]",6.26420157296317,5.714285714285714,6.26420157296317,7.316666666666646,0,1,0,57.53701936255675,6.26420157296317e-06,439,1,0
257,63,36,0,0,0,5.523774283272879,"[0.0, 5.523774283272879]",5.523774283272879,2.857142857142857,5.523774283272879,7.616666666666645,0,1,0,48.11714003684028,5.52377428327288e-06,457,1,0
257,64,54,0,0,0,4.415463038853237,"[0.0, 4.415463038853237]",4.415463038853237,2.857142857142857,4.415463038853237,2.1499999999999972,0,1,0,35.565678760409355,4.415463038853237e-06,129,1,0
258,1,25,0,1,1,22.304894583565847,"[0.0, 22.304894583565847]",22.304894583565847,20.0,22.304894583565847,19.16666666666686,0,1,0,202.65076178580784,2.2304894583565847e-05,1150,1,0
258,2,0,0,1,1,22.162786211286274,"[0.0, 22.162786211286274]",22.162786211286274,20.0,22.162786211286274,14.933333333333655,0,1,0,204.40520906735037,2.2162786211286276e-05,896,1,0
258,3,1,0,1,1,22.11598805018834,"[0.0, 22.11598805018834]",22.11598805018834,20.0,22.11598805018834,16.40000000000035,0,1,0,199.96907283434848,2.211598805018834e-05,984,1,0
258,4,49,0,1,1,22.0492798941476,"[0.0, 22.0492798941476]",22.0492798941476,20.0,22.0492798941476,13.400000000000245,0,1,0,202.12754694750765,2.2049279894147598e-05,804,1,0
258,5,2,0,1,1,21.69342041015625,"[0.0, 21.69342041015625]",21.69342041015625,20.0,21.69342041015625,13.90000000000027,0,1,0,195.93393591793574,2.169342041015625e-05,834,1,0
258,6,3,0,1,1,21.636289869035995,"[0.0, 21.636289869035995]",21.636289869035995,20.0,21.636289869035995,12.5000000000002,0,1,0,197.8283313754073,2.1636289869035995e-05,750,1,0
258,7,4,0,1,1,21.58036368233817,"[0.0, 21.58036368233817]",21.58036368233817,20.0,21.58036368233817,14.43333333333363,0,1,0,198.74765132110042,2.158036368233817e-05,866,1,0
258,8,5,0,1,1,21.37338365827288,"[0.0, 21.37338365827288]",21.37338365827288,20.0,21.37338365827288,11.116666666666799,0,1,0,193.56138689096406,2.137338365827288e-05,667,1,0
258,9,6,0,0,1,21.367876870291575,"[0.0, 21.367876870291575]",21.367876870291575,20.0,21.367876870291575,11.716666666666828,0,1,0,194.07621198098786,2.1367876870291574e-05,703,1,0
258,10,33,0,0,1,21.29736764090402,"[0.0, 21.29736764090402]",21.29736764090402,20.0,21.29736764090402,12.333333333333526,0,1,0,196.1911313472956,2.129736764090402e-05,740,1,0
258,11,7,0,0,1,21.28575461251395,"[0.0, 21.28575461251395]",21.28575461251395,20.0,21.28575461251395,10.533333333333436,0,1,0,192.39989259229333,2.1285754612513952e-05,632,1,0
258,12,35,0,0,1,20.52351815359933,"[0.0, 20.52351815359933]",20.52351815359933,20.0,20.52351815359933,11.366666666666811,0,1,0,192.72143418105406,2.052351815359933e-05,682,1,0
258,13,8,0,0,1,20.48595973423549,"[0.0, 20.48595973423549]",20.48595973423549,20.0,20.48595973423549,11.666666666666826,0,1,0,192.96286351384333,2.048595973423549e-05,700,1,0
258,14,11,0,0,1,20.430395943777903,"[0.0, 20.430395943777903]",20.430395943777903,20.0,20.430395943777903,11.666666666666826,0,1,0,194.7295595803007,2.0430395943777903e-05,700,1,0
258,15,14,0,0,1,20.407932826450892,"[0.0, 20.407932826450892]",20.407932826450892,20.0,20.407932826450892,12.283333333333523,0,1,0,189.039183832836,2.0407932826450893e-05,737,1,0
258,16,56,0,0,1,20.403804779052734,"[0.0, 20.403804779052734]",20.403804779052734,20.0,20.403804779052734,12.116666666666848,0,1,0,193.86159797056462,2.0403804779052733e-05,727,1,0
258,17,39,0,0,1,16.9159426007952,"[0.0, 16.9159426007952]",16.9159426007952,14.285714285714285,16.9159426007952,10.116666666666749,0,1,0,157.77821440390107,1.69159426007952e-05,607,1,0
258,18,54,0,0,1,16.88824244907924,"[0.0, 16.88824244907924]",16.88824244907924,14.285714285714285,16.88824244907924,10.333333333333426,0,1,0,160.0700175134989,1.688824244907924e-05,620,1,0
258,19,48,0,0,1,16.847637721470424,"[0.0, 16.847637721470424]",16.847637721470424,14.285714285714285,16.847637721470424,9.833333333333401,0,1,0,159.682154700713,1.6847637721470422e-05,590,1,0
258,20,15,0,0,1,16.844090053013396,"[0.0, 16.844090053013396]",16.844090053013396,14.285714285714285,16.844090053013396,10.783333333333449,0,1,0,158.34359759762447,1.6844090053013396e-05,647,1,0
258,21,31,0,0,1,16.660303388323104,"[0.0, 16.660303388323104]",16.660303388323104,14.285714285714285,16.660303388323104,10.933333333333456,0,1,0,158.56534568977804,1.6660303388323104e-05,656,1,0
258,22,23,0,0,1,16.588968549455917,"[0.0, 16.588968549455917]",16.588968549455917,14.285714285714285,16.588968549455917,10.066666666666746,0,1,0,156.19869591923634,1.6588968549455916e-05,604,1,0
258,23,47,0,0,1,16.555083138602118,"[0.0, 16.555083138602118]",16.555083138602118,14.285714285714285,16.555083138602118,10.383333333333429,0,1,0,156.04937419661292,1.655508313860212e-05,623,1,0
258,24,45,0,0,1,16.41660962785993,"[0.0, 16.41660962785993]",16.41660962785993,14.285714285714285,16.41660962785993,10.250000000000089,0,1,0,156.49330520356307,1.641660962785993e-05,615,1,0
258,25,29,0,0,1,16.415672302246094,"[0.0, 16.415672302246094]",16.415672302246094,14.285714285714285,16.415672302246094,10.100000000000081,0,1,0,154.70452060392563,1.6415672302246095e-05,606,1,0
258,26,46,0,0,1,16.38561248779297,"[0.0, 16.38561248779297]",16.38561248779297,14.285714285714285,16.38561248779297,10.866666666666786,0,1,0,156.0033896581881,1.638561248779297e-05,652,1,0
258,27,36,0,0,1,16.37972150530134,"[0.0, 16.37972150530134]",16.37972150530134,14.285714285714285,16.37972150530134,9.583333333333389,0,1,0,154.06575639272342,1.637972150530134e-05,575,1,0
258,28,43,0,0,1,16.37586866106306,"[0.0, 16.37586866106306]",16.37586866106306,14.285714285714285,16.37586866106306,10.550000000000104,0,1,0,153.56210216621548,1.6375868661063058e-05,633,1,0
258,29,19,0,0,1,16.36310032435826,"[0.0, 16.36310032435826]",16.36310032435826,14.285714285714285,16.36310032435826,11.200000000000136,0,1,0,156.7311492750814,1.636310032435826e-05,672,1,0
258,30,42,0,0,1,16.222359793526785,"[0.0, 16.222359793526785]",16.222359793526785,14.285714285714285,16.222359793526785,9.866666666666736,0,1,0,149.36224340158515,1.6222359793526784e-05,592,1,0
258,31,40,0,0,1,16.195291791643417,"[0.0, 16.195291791643417]",16.195291791643417,14.285714285714285,16.195291791643417,9.300000000000042,0,1,0,144.511327078857,1.6195291791643416e-05,558,1,0
258,32,17,0,0,1,16.105989728655135,"[0.0, 16.105989728655135]",16.105989728655135,14.285714285714285,16.105989728655135,10.633333333333441,0,1,0,151.84286102780607,1.6105989728655134e-05,638,1,0
258,33,24,0,0,0,16.005325317382812,"[0.0, 16.005325317382812]",16.005325317382812,14.285714285714285,16.005325317382812,10.650000000000109,0,1,0,152.1129169577398,1.6005325317382814e-05,639,1,0
258,34,60,0,0,0,15.991407121930804,"[0.0, 15.991407121930804]",15.991407121930804,14.285714285714285,15.991407121930804,10.100000000000081,0,1,0,151.66010177338467,1.5991407121930803e-05,606,1,0
258,35,52,0,0,0,15.961554391043528,"[0.0, 15.961554391043528]",15.961554391043528,14.285714285714285,15.961554391043528,11.183333333333469,0,1,0,153.8071637439498,1.5961554391043528e-05,671,1,0
258,36,38,0,0,0,15.87454114641462,"[0.0, 15.87454114641462]",15.87454114641462,14.285714285714285,15.87454114641462,10.966666666666791,0,1,0,151.93393665254553,1.587454114641462e-05,658,1,0
258,37,32,0,0,0,15.630923679896764,"[0.0, 15.630923679896764]",15.630923679896764,14.285714285714285,15.630923679896764,10.766666666666781,0,1,0,152.2508913742713,1.5630923679896765e-05,646,1,0
258,38,12,0,0,0,15.541033063616073,"[0.0, 15.541033063616073]",15.541033063616073,14.285714285714285,15.541033063616073,10.933333333333456,0,1,0,153.98705231143686,1.5541033063616073e-05,656,1,0
258,39,55,0,0,0,14.762780325753347,"[0.0, 14.762780325753347]",14.762780325753347,14.285714285714285,14.762780325753347,10.483333333333434,0,1,0,145.0169325401439,1.4762780325753348e-05,629,1,0
258,40,13,0,0,0,13.745144435337611,"[0.0, 13.745144435337611]",13.745144435337611,11.428571428571429,13.745144435337611,9.466666666666717,0,1,0,133.29917721965467,1.3745144435337612e-05,568,1,0
258,41,63,0,0,0,11.677979060581752,"[0.0, 11.677979060581752]",11.677979060581752,11.428571428571429,11.677979060581752,8.85000000000002,0,1,0,116.65512878885784,1.1677979060581751e-05,531,1,0
258,42,30,0,0,0,11.435838426862443,"[0.0, 11.435838426862443]",11.435838426862443,11.428571428571429,11.435838426862443,8.633333333333342,0,1,0,110.412225170905,1.1435838426862442e-05,518,1,0
258,43,27,0,0,0,11.418369838169642,"[0.0, 11.418369838169642]",11.418369838169642,8.571428571428571,11.418369838169642,9.266666666666707,0,1,0,112.9053918391437,1.1418369838169643e-05,556,1,0
258,44,34,0,0,0,11.123959677559988,"[0.0, 11.123959677559988]",11.123959677559988,8.571428571428571,11.123959677559988,7.583333333333312,0,1,0,107.41936305165291,1.1123959677559988e-05,455,1,0
258,45,21,0,0,0,11.006567818777901,"[0.0, 11.006567818777901]",11.006567818777901,8.571428571428571,11.006567818777901,7.916666666666644,0,1,0,106.80416009575129,1.10065678187779e-05,475,1,0
258,46,22,0,0,0,10.78460420880999,"[0.0, 10.78460420880999]",10.78460420880999,8.571428571428571,10.78460420880999,8.750000000000014,0,1,0,108.02762142957363,1.0784604208809989e-05,525,1,0
258,47,44,0,0,0,10.741642543247767,"[0.0, 10.741642543247767]",10.741642543247767,8.571428571428571,10.741642543247767,7.5499999999999785,0,1,0,105.65515772625804,1.0741642543247768e-05,453,1,0
258,48,18,0,0,0,10.015850067138672,"[0.0, 10.015850067138672]",10.015850067138672,8.571428571428571,10.015850067138672,5.7666666666666515,0,1,0,94.42230723798275,1.0015850067138672e-05,346,1,0
258,49,61,0,0,0,9.619622911725726,"[0.0, 9.619622911725726]",9.619622911725726,8.571428571428571,9.619622911725726,5.816666666666651,0,1,0,94.76237016916275,9.619622911725726e-06,349,1,0
258,50,9,0,0,0,9.345790318080358,"[0.0, 9.345790318080358]",9.345790318080358,8.571428571428571,9.345790318080358,5.33333333333332,0,1,0,91.24595007300377,9.345790318080357e-06,320,1,0
258,51,10,0,0,0,8.460963112967356,"[0.0, 8.460963112967356]",8.460963112967356,5.714285714285714,8.460963112967356,6.933333333333314,0,1,0,62.35219930148742,8.460963112967356e-06,416,1,0
258,52,53,0,0,0,7.6831817626953125,"[0.0, 7.6831817626953125]",7.6831817626953125,5.714285714285714,7.6831817626953125,4.899999999999988,0,1,0,80.30604773759842,7.683181762695313e-06,294,1,0
258,53,28,0,0,0,7.142857142857142,"[0.0, 7.142857142857142]",7.142857142857142,5.714285714285714,7.142857142857142,2.8999999999999946,0,1,0,70.79182122647762,7.142857142857143e-06,174,1,0
258,54,20,0,0,0,6.571519034249442,"[0.0, 6.571519034249442]",6.571519034249442,5.714285714285714,6.571519034249442,7.4666666666666455,0,1,0,60.306395954292384,6.571519034249442e-06,448,1,0
258,55,58,0,0,0,6.451525006975446,"[0.0, 6.451525006975446]",6.451525006975446,5.714285714285714,6.451525006975446,7.366666666666646,0,1,0,58.47825529671536,6.451525006975446e-06,442,1,0
258,56,41,0,0,0,6.447089059012277,"[0.0, 6.447089059012277]",6.447089059012277,5.714285714285714,6.447089059012277,7.416666666666646,0,1,0,59.6545350979286,6.447089059012277e-06,445,1,0
258,57,37,0,0,0,6.42742701939174,"[0.0, 6.42742701939174]",6.42742701939174,5.714285714285714,6.42742701939174,7.416666666666646,0,1,0,59.65482987627911,6.42742701939174e-06,445,1,0
258,58,62,0,0,0,6.417748587472098,"[0.0, 6.417748587472098]",6.417748587472098,5.714285714285714,6.417748587472098,7.366666666666646,0,1,0,58.43793144655501,6.417748587472098e-06,442,1,0
258,59,57,0,0,0,6.401596069335938,"[0.0, 6.401596069335938]",6.401596069335938,5.714285714285714,6.401596069335938,7.416666666666646,0,1,0,59.53637685487047,6.401596069335938e-06,445,1,0
258,60,59,0,0,0,6.358669825962611,"[0.0, 6.358669825962611]",6.358669825962611,5.714285714285714,6.358669825962611,7.366666666666646,0,1,0,58.58162133843143,6.358669825962611e-06,442,1,0
258,61,26,0,0,0,4.692034040178571,"[0.0, 4.692034040178571]",4.692034040178571,2.857142857142857,4.692034040178571,2.3499999999999965,0,1,0,38.499568462371826,4.6920340401785714e-06,141,1,0
258,62,50,0,0,0,4.049203055245536,"[0.0, 4.049203055245536]",4.049203055245536,2.857142857142857,4.049203055245536,5.783333333333318,0,1,0,29.858046282126452,4.049203055245535e-06,347,1,0
258,63,51,0,0,0,3.118389674595424,"[0.0, 3.118389674595424]",3.118389674595424,2.857142857142857,3.118389674595424,2.9833333333333276,0,1,0,22.76012956723571,3.118389674595424e-06,179,1,0
258,64,16,0,0,0,1.8634796142578125,"[0.0, 1.8634796142578125]",1.8634796142578125,0.0,1.8634796142578125,5.016666666666654,0,1,0,5.187630069725856,1.8634796142578125e-06,301,1,0
259,1,0,0,1,1,22.304894583565847,"[0.0, 22.304894583565847]",22.304894583565847,20.0,22.304894583565847,19.16666666666686,0,1,0,202.65076178580784,2.2304894583565847e-05,1150,1,0
259,2,1,0,1,1,22.162786211286274,"[0.0, 22.162786211286274]",22.162786211286274,20.0,22.162786211286274,14.933333333333655,0,1,0,204.40520906735037,2.2162786211286276e-05,896,1,0
259,3,2,0,1,1,22.11598805018834,"[0.0, 22.11598805018834]",22.11598805018834,20.0,22.11598805018834,16.40000000000035,0,1,0,199.96907283434848,2.211598805018834e-05,984,1,0
259,4,3,0,1,1,22.0492798941476,"[0.0, 22.0492798941476]",22.0492798941476,20.0,22.0492798941476,13.400000000000245,0,1,0,202.12754694750765,2.2049279894147598e-05,804,1,0
259,5,4,0,1,1,21.69342041015625,"[0.0, 21.69342041015625]",21.69342041015625,20.0,21.69342041015625,13.90000000000027,0,1,0,195.93393591793574,2.169342041015625e-05,834,1,0
259,6,5,0,1,1,21.636289869035995,"[0.0, 21.636289869035995]",21.636289869035995,20.0,21.636289869035995,12.5000000000002,0,1,0,197.8283313754073,2.1636289869035995e-05,750,1,0
259,7,6,0,1,1,21.58036368233817,"[0.0, 21.58036368233817]",21.58036368233817,20.0,21.58036368233817,14.43333333333363,0,1,0,198.74765132110042,2.158036368233817e-05,866,1,0
259,8,7,0,1,1,21.37338365827288,"[0.0, 21.37338365827288]",21.37338365827288,20.0,21.37338365827288,11.116666666666799,0,1,0,193.56138689096406,2.137338365827288e-05,667,1,0
259,9,9,0,0,1,20.853361402239116,"[0.0, 20.853361402239116]",20.853361402239116,20.0,20.853361402239116,12.000000000000176,0,1,0,193.11824193665962,2.0853361402239117e-05,720,1,0
259,10,26,0,0,1,20.702318464006698,"[0.0, 20.702318464006698]",20.702318464006698,20.0,20.702318464006698,11.750000000000163,0,1,0,193.16155222003727,2.0702318464006698e-05,705,1,0
259,11,46,0,0,1,20.558741433279856,"[0.0, 20.558741433279856]",20.558741433279856,20.0,20.558741433279856,11.000000000000126,0,1,0,193.674261043765,2.0558741433279855e-05,660,1,0
259,12,32,0,0,1,20.447286878313335,"[0.0, 20.447286878313335]",20.447286878313335,20.0,20.447286878313335,12.150000000000183,0,1,0,194.1164588261454,2.0447286878313334e-05,729,1,0
259,13,18,0,0,1,20.314619881766184,"[0.0, 20.314619881766184]",20.314619881766184,20.0,20.314619881766184,11.550000000000153,0,1,0,192.9460116825867,2.0314619881766183e-05,693,1,0
259,14,42,0,0,1,17.126148768833705,"[0.0, 17.126148768833705]",17.126148768833705,14.285714285714285,17.126148768833705,9.733333333333396,0,1,0,159.68480486795306,1.7126148768833703e-05,584,1,0
259,15,23,0,0,1,17.09625244140625,"[0.0, 17.09625244140625]",17.09625244140625,14.285714285714285,17.09625244140625,10.700000000000111,0,1,0,159.7454179621127,1.709625244140625e-05,642,1,0
259,16,38,0,0,1,16.980552673339844,"[0.0, 16.980552673339844]",16.980552673339844,14.285714285714285,16.980552673339844,11.200000000000136,0,1,0,160.2086993298435,1.6980552673339843e-05,672,1,0
259,17,10,0,0,1,16.882405962262833,"[0.0, 16.882405962262833]",16.882405962262833,14.285714285714285,16.882405962262833,11.266666666666806,0,1,0,158.20356874843856,1.6882405962262835e-05,676,1,0
259,18,50,0,0,1,16.7064939226423,"[0.0, 16.7064939226423]",16.7064939226423,14.285714285714285,16.7064939226423,10.716666666666779,0,1,0,156.43893907260644,1.6706493922642297e-05,643,1,0
259,19,43,0,0,1,16.69429234095982,"[0.0, 16.69429234095982]",16.69429234095982,14.285714285714285,16.69429234095982,11.266666666666806,0,1,0,165.28709579986753,1.669429234095982e-05,676,1,0
259,20,39,0,0,1,16.66442326136998,"[0.0, 16.66442326136998]",16.66442326136998,14.285714285714285,16.66442326136998,11.000000000000126,0,1,0,157.2403590637623,1.666442326136998e-05,660,1,0
259,21,19,0,0,1,16.65986742292132,"[0.0, 16.65986742292132]",16.65986742292132,14.285714285714285,16.65986742292132,10.066666666666746,0,1,0,155.4212681832505,1.665986742292132e-05,604,1,0
259,22,63,0,0,1,16.59562247140067,"[0.0, 16.59562247140067]",16.59562247140067,14.285714285714285,16.59562247140067,10.550000000000104,0,1,0,158.0249269309861,1.659562247140067e-05,633,1,0
259,23,13,0,0,1,16.58509935651507,"[0.0, 16.58509935651507]",16.58509935651507,14.285714285714285,16.58509935651507,9.583333333333389,0,1,0,150.51933522066975,1.658509935651507e-05,575,1,0
259,24,59,0,0,1,16.537704467773438,"[0.0, 16.537704467773438]",16.537704467773438,14.285714285714285,16.537704467773438,9.200000000000037,0,1,0,149.85138962976635,1.6537704467773437e-05,552,1,0
259,25,57,0,0,1,16.444969177246094,"[0.0, 16.444969177246094]",16.444969177246094,14.285714285714285,16.444969177246094,9.666666666666726,0,1,0,155.5453991570539,1.6444969177246094e-05,580,1,0
259,26,55,0,0,1,16.408320835658483,"[0.0, 16.408320835658483]",16.408320835658483,14.285714285714285,16.408320835658483,10.750000000000114,0,1,0,152.26174290979543,1.6408320835658482e-05,645,1,0
259,27,62,0,0,1,16.398696899414062,"[0.0, 16.398696899414062]",16.398696899414062,14.285714285714285,16.398696899414062,9.950000000000074,0,1,0,154.9516994412843,1.6398696899414063e-05,597,1,0
259,28,12,0,0,1,16.390064784458705,"[0.0, 16.390064784458705]",16.390064784458705,14.285714285714285,16.390064784458705,10.500000000000101,0,1,0,152.764165494802,1.6390064784458706e-05,630,1,0
259,29,49,0,0,1,16.38561248779297,"[0.0, 16.38561248779297]",16.38561248779297,14.285714285714285,16.38561248779297,10.166666666666751,0,1,0,155.6545293967065,1.638561248779297e-05,610,1,0
259,30,37,0,0,1,16.26140594482422,"[0.0, 16.26140594482422]",16.26140594482422,14.285714285714285,16.26140594482422,11.083333333333464,0,1,0,155.12117650331493,1.626140594482422e-05,665,1,0
259,31,35,0,0,1,16.085897173200333,"[0.0, 16.085897173200333]",16.085897173200333,14.285714285714285,16.085897173200333,9.950000000000074,0,1,0,150.27886631528236,1.6085897173200335e-05,597,1,0
259,32,31,0,0,1,16.05414799281529,"[0.0, 16.05414799281529]",16.05414799281529,14.285714285714285,16.05414799281529,9.100000000000032,0,1,0,149.23752355575562,1.605414799281529e-05,546,1,0
259,33,44,0,0,0,15.977799551827568,"[0.0, 15.977799551827568]",15.977799551827568,14.285714285714285,15.977799551827568,11.183333333333469,0,1,0,156.41987032663747,1.5977799551827568e-05,671,1,0
259,34,36,0,0,0,15.850192478724889,"[0.0, 15.850192478724889]",15.850192478724889,14.285714285714285,15.850192478724889,9.783333333333399,0,1,0,150.44386945531733,1.585019247872489e-05,587,1,0
259,35,27,0,0,0,15.805718558175222,"[0.0, 15.805718558175222]",15.805718558175222,14.285714285714285,15.805718558175222,10.633333333333441,0,1,0,154.1086137199236,1.5805718558175223e-05,638,1,0
259,36,53,0,0,0,15.55718558175223,"[0.0, 15.55718558175223]",15.55718558175223,14.285714285714285,15.55718558175223,10.900000000000121,0,1,0,152.45769560355257,1.555718558175223e-05,654,1,0
259,37,51,0,0,0,15.338870457240514,"[0.0, 15.338870457240514]",15.338870457240514,14.285714285714285,15.338870457240514,10.300000000000091,0,1,0,143.50289816335135,1.5338870457240516e-05,618,1,0
259,38,45,0,0,0,11.618366241455078,"[0.0, 11.618366241455078]",11.618366241455078,11.428571428571429,11.618366241455078,9.400000000000047,0,1,0,115.83517459572613,1.1618366241455079e-05,564,1,0
259,39,47,0,0,0,11.367432730538503,"[0.0, 11.367432730538503]",11.367432730538503,8.571428571428571,11.367432730538503,7.98333333333331,0,1,0,110.33134198188782,1.1367432730538503e-05,479,1,0
259,40,21,0,0,0,11.11297879900251,"[0.0, 11.11297879900251]",11.11297879900251,8.571428571428571,11.11297879900251,8.216666666666654,0,1,0,110.36363730765879,1.111297879900251e-05,493,1,0
259,41,11,0,0,0,11.104948861258372,"[0.0, 11.104948861258372]",11.104948861258372,8.571428571428571,11.104948861258372,10.066666666666746,0,1,0,112.74516669541481,1.1104948861258372e-05,604,1,0
259,42,60,0,0,0,11.015625,"[0.0, 11.015625]",11.015625,8.571428571428571,11.015625,9.666666666666726,0,1,0,108.31212140609568,1.1015625e-05,580,1,0
259,43,54,0,0,0,10.759086608886719,"[0.0, 10.759086608886719]",10.759086608886719,8.571428571428571,10.759086608886719,7.19999999999998,0,1,0,104.42916159704328,1.0759086608886719e-05,432,1,0
259,44,14,0,0,0,10.739631652832031,"[0.0, 10.739631652832031]",10.739631652832031,8.571428571428571,10.739631652832031,7.4666666666666455,0,1,0,104.5695658698678,1.073963165283203e-05,448,1,0
259,45,61,0,0,0,9.551497868129186,"[0.0, 9.551497868129186]",9.551497868129186,8.571428571428571,9.551497868129186,5.33333333333332,0,1,0,92.6229662001133,9.551497868129185e-06,320,1,0
259,46,15,0,0,0,8.803138732910156,"[0.0, 8.803138732910156]",8.803138732910156,8.571428571428571,8.803138732910156,7.98333333333331,0,1,0,73.90210016217316,8.803138732910156e-06,479,1,0
259,47,41,0,0,0,8.705196380615234,"[0.0, 8.705196380615234]",8.705196380615234,8.571428571428571,8.705196380615234,7.816666666666644,0,1,0,69.31733426668507,8.705196380615234e-06,469,1,0
259,48,20,0,0,0,8.53677749633789,"[0.0, 8.53677749633789]",8.53677749633789,5.714285714285714,8.53677749633789,8.500000000000002,0,1,0,73.52834718041413,8.536777496337891e-06,510,1,0
259,49,16,0,0,0,8.478014809744698,"[0.0, 8.478014809744698]",8.478014809744698,5.714285714285714,8.478014809744698,12.000000000000176,0,1,0,73.10733543510287,8.478014809744698e-06,720,1,0
259,50,8,0,0,0,7.142857142857142,"[0.0, 7.142857142857142]",7.142857142857142,5.714285714285714,7.142857142857142,4.19999999999999,0,1,0,72.22145818173885,7.142857142857143e-06,252,1,0
259,51,40,0,0,0,6.5546689714704245,"[0.0, 6.5546689714704245]",6.5546689714704245,5.714285714285714,6.5546689714704245,7.5499999999999785,0,1,0,60.1522679519112,6.554668971470425e-06,453,1,0
259,52,48,0,0,0,6.511056082589286,"[0.0, 6.511056082589286]",6.511056082589286,5.714285714285714,6.511056082589286,7.416666666666646,0,1,0,59.536744062177604,6.511056082589286e-06,445,1,0
259,53,25,0,0,0,6.442162649972098,"[0.0, 6.442162649972098]",6.442162649972098,5.714285714285714,6.442162649972098,7.366666666666646,0,1,0,58.478232300127274,6.4421626499720985e-06,442,1,0
259,54,22,0,0,0,6.393209184919085,"[0.0, 6.393209184919085]",6.393209184919085,5.714285714285714,6.393209184919085,7.416666666666646,0,1,0,59.536657939635916,6.393209184919085e-06,445,1,0
259,55,30,0,0,0,6.3925933837890625,"[0.0, 6.3925933837890625]",6.3925933837890625,5.714285714285714,6.3925933837890625,7.416666666666646,0,1,0,59.592515974421985,6.392593383789063e-06,445,1,0
259,56,29,0,0,0,6.392473493303571,"[0.0, 6.392473493303571]",6.392473493303571,5.714285714285714,6.392473493303571,7.366666666666646,0,1,0,58.581804541325255,6.392473493303571e-06,442,1,0
259,57,58,0,0,0,6.372718811035156,"[0.0, 6.372718811035156]",6.372718811035156,5.714285714285714,6.372718811035156,7.366666666666646,0,1,0,58.58243114451034,6.372718811035157e-06,442,1,0
259,58,33,0,0,0,6.369552612304688,"[0.0, 6.369552612304688]",6.369552612304688,5.714285714285714,6.369552612304688,7.366666666666646,0,1,0,58.65878255005373,6.369552612304688e-06,442,1,0
259,59,17,0,0,0,6.337868826729911,"[0.0, 6.337868826729911]",6.337868826729911,5.714285714285714,6.337868826729911,7.366666666666646,0,1,0,58.58119809913478,6.3378688267299104e-06,442,1,0
259,60,56,0,0,0,6.312653677804129,"[0.0, 6.312653677804129]",6.312653677804129,5.714285714285714,6.312653677804129,7.366666666666646,0,1,0,58.353403435176006,6.312653677804129e-06,442,1,0
259,61,28,0,0,0,6.306648254394531,"[0.0, 6.306648254394531]",6.306648254394531,5.714285714285714,6.306648254394531,7.366666666666646,0,1,0,58.47864243911317,6.306648254394532e-06,442,1,0
259,62,52,0,0,0,4.61266108921596,"[0.0, 4.61266108921596]",4.61266108921596,2.857142857142857,4.61266108921596,1.9333333333333313,0,1,0,37.62837307155132,4.61266108921596e-06,116,1,0
259,63,34,0,0,0,4.047502790178571,"[0.0, 4.047502790178571]",4.047502790178571,2.857142857142857,4.047502790178571,1.9166666666666647,0,1,0,31.856893196702003,4.0475027901785714e-06,115,1,0
259,64,24,0,0,0,2.938837323869978,"[0.0, 2.938837323869978]",2.938837323869978,2.857142857142857,2.938837323869978,5.149999999999987,0,1,0,18.847536902809225,2.938837323869978e-06,309,1,0
260,1,0,0,1,1,22.304894583565847,"[0.0, 22.304894583565847]",22.304894583565847,20.0,22.304894583565847,19.16666666666686,0,1,0,202.65076178580784,2.2304894583565847e-05,1150,1,0
260,2,1,0,1,1,22.162786211286274,"[0.0, 22.162786211286274]",22.162786211286274,20.0,22.162786211286274,14.933333333333655,0,1,0,204.40520906735037,2.2162786211286276e-05,896,1,0
260,3,2,0,1,1,22.11598805018834,"[0.0, 22.11598805018834]",22.11598805018834,20.0,22.11598805018834,16.40000000000035,0,1,0,199.96907283434848,2.211598805018834e-05,984,1,0
260,4,3,0,1,1,22.0492798941476,"[0.0, 22.0492798941476]",22.0492798941476,20.0,22.0492798941476,13.400000000000245,0,1,0,202.12754694750765,2.2049279894147598e-05,804,1,0
260,5,55,0,1,1,21.808695111955913,"[0.0, 21.808695111955913]",21.808695111955913,20.0,21.808695111955913,11.750000000000163,0,1,0,197.729799126726,2.1808695111955912e-05,705,1,0
260,6,4,0,1,1,21.69342041015625,"[0.0, 21.69342041015625]",21.69342041015625,20.0,21.69342041015625,13.90000000000027,0,1,0,195.93393591793574,2.169342041015625e-05,834,1,0
260,7,5,0,1,1,21.636289869035995,"[0.0, 21.636289869035995]",21.636289869035995,20.0,21.636289869035995,12.5000000000002,0,1,0,197.8283313754073,2.1636289869035995e-05,750,1,0
260,8,6,0,1,1,21.58036368233817,"[0.0, 21.58036368233817]",21.58036368233817,20.0,21.58036368233817,14.43333333333363,0,1,0,198.74765132110042,2.158036368233817e-05,866,1,0
260,9,7,0,0,1,21.37338365827288,"[0.0, 21.37338365827288]",21.37338365827288,20.0,21.37338365827288,11.116666666666799,0,1,0,193.56138689096406,2.137338365827288e-05,667,1,0
260,10,19,0,0,1,21.36958258492606,"[0.0, 21.36958258492606]",21.36958258492606,20.0,21.36958258492606,12.416666666666863,0,1,0,195.83935790955002,2.136958258492606e-05,745,1,0
260,11,32,0,0,1,21.25483649117606,"[0.0, 21.25483649117606]",21.25483649117606,20.0,21.25483649117606,11.850000000000168,0,1,0,194.4677594835157,2.125483649117606e-05,711,1,0
260,12,13,0,0,1,21.252975463867188,"[0.0, 21.252975463867188]",21.252975463867188,20.0,21.252975463867188,12.10000000000018,0,1,0,195.73748435580637,2.1252975463867188e-05,726,1,0
260,13,43,0,0,1,21.19718279157366,"[0.0, 21.19718279157366]",21.19718279157366,20.0,21.19718279157366,10.066666666666746,0,1,0,191.72529261559248,2.119718279157366e-05,604,1,0
260,14,28,0,0,1,21.053848266601562,"[0.0, 21.053848266601562]",21.053848266601562,20.0,21.053848266601562,13.750000000000263,0,1,0,196.59987192368135,2.1053848266601563e-05,825,1,0
260,15,42,0,0,1,20.70387159075056,"[0.0, 20.70387159075056]",20.70387159075056,20.0,20.70387159075056,10.683333333333444,0,1,0,188.67329885374056,2.070387159075056e-05,641,1,0
260,16,37,0,0,1,20.625152587890625,"[0.0, 20.625152587890625]",20.625152587890625,20.0,20.625152587890625,11.783333333333498,0,1,0,193.12602194879582,2.0625152587890626e-05,707,1,0
260,17,16,0,0,1,20.535875047956196,"[0.0, 20.535875047956196]",20.535875047956196,20.0,20.535875047956196,12.23333333333352,0,1,0,194.2872740902676,2.0535875047956196e-05,734,1,0
260,18,57,0,0,1,20.32167707170759,"[0.0, 20.32167707170759]",20.32167707170759,20.0,20.32167707170759,10.466666666666766,0,1,0,188.38239109283313,2.032167707170759e-05,628,1,0
260,19,56,0,0,1,17.08984375,"[0.0, 17.08984375]",17.08984375,14.285714285714285,17.08984375,11.733333333333496,0,1,0,165.7401095154928,1.708984375e-05,704,1,0
260,20,59,0,0,1,16.944547380719865,"[0.0, 16.944547380719865]",16.944547380719865,14.285714285714285,16.944547380719865,10.900000000000121,0,1,0,158.90454945981037,1.6944547380719865e-05,654,1,0
260,21,10,0,0,1,16.85922350202288,"[0.0, 16.85922350202288]",16.85922350202288,14.285714285714285,16.85922350202288,10.916666666666789,0,1,0,157.4252007549294,1.6859223502022878e-05,655,1,0
260,22,63,0,0,1,16.762646266392302,"[0.0, 16.762646266392302]",16.762646266392302,14.285714285714285,16.762646266392302,10.166666666666751,0,1,0,159.08698378485133,1.6762646266392303e-05,610,1,0
260,23,21,0,0,1,16.58354622977121,"[0.0, 16.58354622977121]",16.58354622977121,14.285714285714285,16.58354622977121,10.983333333333459,0,1,0,158.83387603700976,1.658354622977121e-05,659,1,0
260,24,50,0,0,1,16.566227504185267,"[0.0, 16.566227504185267]",16.566227504185267,14.285714285714285,16.566227504185267,11.883333333333503,0,1,0,155.5341039070554,1.6566227504185267e-05,713,1,0
260,25,45,0,0,1,16.554625374930247,"[0.0, 16.554625374930247]",16.554625374930247,14.285714285714285,16.554625374930247,10.133333333333416,0,1,0,156.13618734003103,1.6554625374930248e-05,608,1,0
260,26,8,0,0,1,16.522587367466517,"[0.0, 16.522587367466517]",16.522587367466517,14.285714285714285,16.522587367466517,10.916666666666789,0,1,0,153.8968473569621,1.6522587367466516e-05,655,1,0
260,27,53,0,0,1,16.5178952898298,"[0.0, 16.5178952898298]",16.5178952898298,14.285714285714285,16.5178952898298,10.233333333333421,0,1,0,157.5461236340634,1.65178952898298e-05,614,1,0
260,28,12,0,0,1,16.516641889299667,"[0.0, 16.516641889299667]",16.516641889299667,14.285714285714285,16.516641889299667,10.866666666666786,0,1,0,156.91774848895875,1.6516641889299667e-05,652,1,0
260,29,25,0,0,1,16.2678473336356,"[0.0, 16.2678473336356]",16.2678473336356,14.285714285714285,16.2678473336356,9.616666666666724,0,1,0,152.6243314405001,1.62678473336356e-05,577,1,0
260,30,17,0,0,1,16.099858965192524,"[0.0, 16.099858965192524]",16.099858965192524,14.285714285714285,16.099858965192524,10.966666666666791,0,1,0,158.6176040997816,1.6099858965192525e-05,658,1,0
260,31,62,0,0,1,15.83054678780692,"[0.0, 15.83054678780692]",15.83054678780692,14.285714285714285,15.83054678780692,10.350000000000094,0,1,0,150.37555032104865,1.583054678780692e-05,621,1,0
260,32,39,0,0,1,15.820317949567523,"[0.0, 15.820317949567523]",15.820317949567523,14.285714285714285,15.820317949567523,11.050000000000129,0,1,0,148.33081533814402,1.5820317949567524e-05,663,1,0
260,33,54,0,0,0,15.573452540806363,"[0.0, 15.573452540806363]",15.573452540806363,14.285714285714285,15.573452540806363,10.550000000000104,0,1,0,149.99746583886008,1.5573452540806364e-05,633,1,0
260,34,34,0,0,0,15.564090183803014,"[0.0, 15.564090183803014]",15.564090183803014,14.285714285714285,15.564090183803014,10.150000000000084,0,1,0,150.49621703763114,1.5564090183803014e-05,609,1,0
260,35,33,0,0,0,15.428483145577568,"[0.0, 15.428483145577568]",15.428483145577568,14.285714285714285,15.428483145577568,10.350000000000094,0,1,0,147.0889925766096,1.5428483145577567e-05,621,1,0
260,36,29,0,0,0,11.507298605782646,"[0.0, 11.507298605782646]",11.507298605782646,11.428571428571429,11.507298605782646,9.383333333333379,0,1,0,113.03106580761232,1.1507298605782646e-05,563,1,0
260,37,30,0,0,0,11.478028978620257,"[0.0, 11.478028978620257]",11.478028978620257,11.428571428571429,11.478028978620257,9.633333333333391,0,1,0,113.44938402390835,1.1478028978620257e-05,578,1,0
260,38,18,0,0,0,11.263771057128906,"[0.0, 11.263771057128906]",11.263771057128906,8.571428571428571,11.263771057128906,8.45,0,1,0,109.94860269449418,1.1263771057128906e-05,507,1,0
260,39,38,0,0,0,11.169945853097097,"[0.0, 11.169945853097097]",11.169945853097097,8.571428571428571,11.169945853097097,8.266666666666657,0,1,0,108.96049340534955,1.1169945853097098e-05,496,1,0
260,40,52,0,0,0,10.838633946010043,"[0.0, 10.838633946010043]",10.838633946010043,8.571428571428571,10.838633946010043,7.24999999999998,0,1,0,105.76135808601975,1.0838633946010043e-05,435,1,0
260,41,11,0,0,0,10.661095210484097,"[0.0, 10.661095210484097]",10.661095210484097,8.571428571428571,10.661095210484097,7.999999999999977,0,1,0,106.80978784523904,1.0661095210484098e-05,480,1,0
260,42,41,0,0,0,10.630291530064175,"[0.0, 10.630291530064175]",10.630291530064175,8.571428571428571,10.630291530064175,6.733333333333315,0,1,0,102.6136046051979,1.0630291530064175e-05,404,1,0
260,43,31,0,0,0,9.90433829171317,"[0.0, 9.90433829171317]",9.90433829171317,8.571428571428571,9.90433829171317,5.549999999999986,0,1,0,95.83661955595016,9.90433829171317e-06,333,1,0
260,44,44,0,0,0,9.777238028390068,"[0.0, 9.777238028390068]",9.777238028390068,8.571428571428571,9.777238028390068,5.516666666666652,0,1,0,94.70279771089554,9.777238028390068e-06,331,1,0
260,45,35,0,0,0,9.556435176304408,"[0.0, 9.556435176304408]",9.556435176304408,8.571428571428571,9.556435176304408,5.433333333333319,0,1,0,90.60825449228287,9.556435176304409e-06,326,1,0
260,46,51,0,0,0,9.136663164411273,"[0.0, 9.136663164411273]",9.136663164411273,8.571428571428571,9.136663164411273,5.2999999999999865,0,1,0,90.39871819317341,9.136663164411273e-06,318,1,0
260,47,47,0,0,0,8.007324763706752,"[0.0, 8.007324763706752]",8.007324763706752,5.714285714285714,8.007324763706752,4.949999999999988,0,1,0,82.13310718536377,8.007324763706751e-06,297,1,0
260,48,9,0,0,0,7.897355215890068,"[0.0, 7.897355215890068]",7.897355215890068,5.714285714285714,7.897355215890068,3.7833333333333248,0,1,0,80.45998385548592,7.897355215890067e-06,227,1,0
260,49,23,0,0,0,7.4620737348284045,"[0.0, 7.4620737348284045]",7.4620737348284045,5.714285714285714,7.4620737348284045,3.049999999999994,0,1,0,76.6761034578085,7.462073734828405e-06,183,1,0
260,50,49,0,0,0,6.591905866350446,"[0.0, 6.591905866350446]",6.591905866350446,5.714285714285714,6.591905866350446,7.5499999999999785,0,1,0,60.083912891175714,6.591905866350447e-06,453,1,0
260,51,58,0,0,0,6.457285199846541,"[0.0, 6.457285199846541]",6.457285199846541,5.714285714285714,6.457285199846541,7.416666666666646,0,1,0,59.55120046091906,6.457285199846541e-06,445,1,0
260,52,24,0,0,0,6.423688616071428,"[0.0, 6.423688616071428]",6.423688616071428,5.714285714285714,6.423688616071428,7.366666666666646,0,1,0,58.58145476724167,6.423688616071428e-06,442,1,0
260,53,36,0,0,0,6.407383510044642,"[0.0, 6.407383510044642]",6.407383510044642,5.714285714285714,6.407383510044642,7.366666666666646,0,1,0,58.4785859055919,6.407383510044642e-06,442,1,0
260,54,20,0,0,0,6.390468052455358,"[0.0, 6.390468052455358]",6.390468052455358,5.714285714285714,6.390468052455358,7.416666666666646,0,1,0,59.53717012415291,6.390468052455358e-06,445,1,0
260,55,61,0,0,0,6.366206577845983,"[0.0, 6.366206577845983]",6.366206577845983,5.714285714285714,6.366206577845983,7.366666666666646,0,1,0,58.77984862500307,6.366206577845982e-06,442,1,0
260,56,46,0,0,0,6.36192866734096,"[0.0, 6.36192866734096]",6.36192866734096,5.714285714285714,6.36192866734096,7.366666666666646,0,1,0,58.622730861876335,6.36192866734096e-06,442,1,0
260,57,15,0,0,0,6.349193028041294,"[0.0, 6.349193028041294]",6.349193028041294,5.714285714285714,6.349193028041294,7.366666666666646,0,1,0,58.58980203682586,6.349193028041294e-06,442,1,0
260,58,27,0,0,0,6.3213893345424115,"[0.0, 6.3213893345424115]",6.3213893345424115,5.714285714285714,6.3213893345424115,7.366666666666646,0,1,0,58.35453622411296,6.321389334542412e-06,442,1,0
260,59,26,0,0,0,6.299634660993303,"[0.0, 6.299634660993303]",6.299634660993303,5.714285714285714,6.299634660993303,7.366666666666646,0,1,0,58.58168298012606,6.2996346609933026e-06,442,1,0
260,60,22,0,0,0,6.281558445521764,"[0.0, 6.281558445521764]",6.281558445521764,5.714285714285714,6.281558445521764,7.366666666666646,0,1,0,58.73049654190254,6.281558445521764e-06,442,1,0
260,61,48,0,0,0,6.245416913713727,"[0.0, 6.245416913713727]",6.245416913713727,5.714285714285714,6.245416913713727,7.366666666666646,0,1,0,58.58170058808901,6.245416913713727e-06,442,1,0
260,62,60,0,0,0,6.07344491141183,"[0.0, 6.07344491141183]",6.07344491141183,5.714285714285714,6.07344491141183,7.433333333333312,0,1,0,55.333797478990164,6.07344491141183e-06,446,1,0
260,63,14,0,0,0,2.8233446393694197,"[0.0, 2.8233446393694197]",2.8233446393694197,0.0,2.8233446393694197,5.016666666666654,0,1,0,40.83300417463761,2.82334463936942e-06,301,1,0
260,64,40,0,0,0,1.8927165440150668,"[0.0, 1.8927165440150668]",1.8927165440150668,0.0,1.8927165440150668,5.016666666666654,0,1,0,5.57194237341173,1.8927165440150668e-06,301,1,0
261,1,8,0,1,1,29.07006373223238,"[0.0, 29.07006373223238]",29.07006373223238,28.57142857142857,29.07006373223238,19.416666666666845,0,1,0,282.330984117747,2.907006373223238e-05,1165,1,0
261,2,21,0,1,1,28.555750174077392,"[0.0, 28.555750174077392]",28.555750174077392,25.71428571428571,28.555750174077392,20.083333333333474,0,1,0,285.9795293595016,2.8555750174077392e-05,1205,1,0
261,3,15,0,1,1,27.671193197069833,"[0.0, 27.671193197069833]",27.671193197069833,25.71428571428571,27.671193197069833,12.950000000000223,0,1,0,268.2002897739585,2.7671193197069833e-05,777,1,0
261,4,0,0,1,1,22.304894583565847,"[0.0, 22.304894583565847]",22.304894583565847,20.0,22.304894583565847,19.16666666666686,0,1,0,202.65076178580784,2.2304894583565847e-05,1150,1,0
261,5,1,0,1,1,22.162786211286274,"[0.0, 22.162786211286274]",22.162786211286274,20.0,22.162786211286274,14.933333333333655,0,1,0,204.40520906735037,2.2162786211286276e-05,896,1,0
261,6,2,0,1,1,22.11598805018834,"[0.0, 22.11598805018834]",22.11598805018834,20.0,22.11598805018834,16.40000000000035,0,1,0,199.96907283434848,2.211598805018834e-05,984,1,0
261,7,3,0,1,1,22.0492798941476,"[0.0, 22.0492798941476]",22.0492798941476,20.0,22.0492798941476,13.400000000000245,0,1,0,202.12754694750765,2.2049279894147598e-05,804,1,0
261,8,25,0,1,1,21.986182076590403,"[0.0, 21.986182076590403]",21.986182076590403,20.0,21.986182076590403,11.100000000000131,0,1,0,197.71783754549688,2.1986182076590403e-05,666,1,0
261,9,4,0,0,1,21.808695111955913,"[0.0, 21.808695111955913]",21.808695111955913,20.0,21.808695111955913,11.750000000000163,0,1,0,197.729799126726,2.1808695111955912e-05,705,1,0
261,10,5,0,0,1,21.69342041015625,"[0.0, 21.69342041015625]",21.69342041015625,20.0,21.69342041015625,13.90000000000027,0,1,0,195.93393591793574,2.169342041015625e-05,834,1,0
261,11,6,0,0,1,21.636289869035995,"[0.0, 21.636289869035995]",21.636289869035995,20.0,21.636289869035995,12.5000000000002,0,1,0,197.8283313754073,2.1636289869035995e-05,750,1,0
261,12,7,0,0,1,21.58036368233817,"[0.0, 21.58036368233817]",21.58036368233817,20.0,21.58036368233817,14.43333333333363,0,1,0,198.74765132110042,2.158036368233817e-05,866,1,0
261,13,63,0,0,1,21.159984043666295,"[0.0, 21.159984043666295]",21.159984043666295,20.0,21.159984043666295,13.1666666666669,0,1,0,195.35033708090486,2.1159984043666294e-05,790,1,0
261,14,23,0,0,1,20.98957334245954,"[0.0, 20.98957334245954]",20.98957334245954,20.0,20.98957334245954,12.683333333333543,0,1,0,195.83439090431057,2.098957334245954e-05,761,1,0
261,15,33,0,0,1,20.935723440987722,"[0.0, 20.935723440987722]",20.935723440987722,20.0,20.935723440987722,11.150000000000134,0,1,0,192.89029433649557,2.093572344098772e-05,669,1,0
261,16,59,0,0,1,20.784236363002233,"[0.0, 20.784236363002233]",20.784236363002233,20.0,20.784236363002233,12.150000000000183,0,1,0,193.9885562571726,2.0784236363002233e-05,729,1,0
261,17,13,0,0,1,20.309979575020925,"[0.0, 20.309979575020925]",20.309979575020925,20.0,20.309979575020925,11.716666666666828,0,1,0,192.95493892862578,2.0309979575020926e-05,703,1,0
261,18,22,0,0,1,20.308385576520646,"[0.0, 20.308385576520646]",20.308385576520646,20.0,20.308385576520646,12.000000000000176,0,1,0,193.51585371111287,2.0308385576520645e-05,720,1,0
261,19,53,0,0,1,19.88655362810407,"[0.0, 19.88655362810407]",19.88655362810407,17.142857142857142,19.88655362810407,11.483333333333483,0,1,0,188.3351349049044,1.988655362810407e-05,689,1,0
261,20,55,0,0,1,16.930454799107142,"[0.0, 16.930454799107142]",16.930454799107142,14.285714285714285,16.930454799107142,10.283333333333424,0,1,0,156.90661050198105,1.6930454799107143e-05,617,1,0
261,21,37,0,0,1,16.88891274588449,"[0.0, 16.88891274588449]",16.88891274588449,14.285714285714285,16.88891274588449,10.500000000000101,0,1,0,156.34340214374242,1.688891274588449e-05,630,1,0
261,22,43,0,0,1,16.84478759765625,"[0.0, 16.84478759765625]",16.84478759765625,14.285714285714285,16.84478759765625,14.600000000000305,0,1,0,159.41676099533652,1.684478759765625e-05,876,1,0
261,23,24,0,0,1,16.824231828962052,"[0.0, 16.824231828962052]",16.824231828962052,14.285714285714285,16.824231828962052,10.983333333333459,0,1,0,158.50478885493794,1.6824231828962054e-05,659,1,0
261,24,30,0,0,1,16.7455564226423,"[0.0, 16.7455564226423]",16.7455564226423,14.285714285714285,16.7455564226423,11.066666666666796,0,1,0,159.1646941076615,1.67455564226423e-05,664,1,0
261,25,19,0,0,1,16.564085824148997,"[0.0, 16.564085824148997]",16.564085824148997,14.285714285714285,16.564085824148997,10.416666666666764,0,1,0,156.66077112199855,1.6564085824148995e-05,625,1,0
261,26,38,0,0,1,16.560461861746653,"[0.0, 16.560461861746653]",16.560461861746653,14.285714285714285,16.560461861746653,10.683333333333444,0,1,0,153.6935463808113,1.6560461861746653e-05,641,1,0
261,27,32,0,0,1,16.528870718819753,"[0.0, 16.528870718819753]",16.528870718819753,14.285714285714285,16.528870718819753,10.966666666666791,0,1,0,158.3682106784836,1.6528870718819754e-05,658,1,0
261,28,26,0,0,1,16.455356052943635,"[0.0, 16.455356052943635]",16.455356052943635,14.285714285714285,16.455356052943635,10.866666666666786,0,1,0,156.3274794390527,1.6455356052943636e-05,652,1,0
261,29,16,0,0,1,16.410745893205917,"[0.0, 16.410745893205917]",16.410745893205917,14.285714285714285,16.410745893205917,10.666666666666776,0,1,0,156.5646640468476,1.6410745893205918e-05,640,1,0
261,30,48,0,0,1,16.352173941476003,"[0.0, 16.352173941476003]",16.352173941476003,14.285714285714285,16.352173941476003,10.666666666666776,0,1,0,152.72554786342516,1.6352173941476005e-05,640,1,0
261,31,56,0,0,1,16.245324271065847,"[0.0, 16.245324271065847]",16.245324271065847,14.285714285714285,16.245324271065847,11.300000000000141,0,1,0,152.74576010488818,1.6245324271065848e-05,678,1,0
261,32,46,0,0,1,16.112916128976003,"[0.0, 16.112916128976003]",16.112916128976003,14.285714285714285,16.112916128976003,10.500000000000101,0,1,0,154.07019187370315,1.6112916128976003e-05,630,1,0
261,33,36,0,0,0,15.992998395647321,"[0.0, 15.992998395647321]",15.992998395647321,14.285714285714285,15.992998395647321,10.433333333333431,0,1,0,154.8462214654428,1.599299839564732e-05,626,1,0
261,34,50,0,0,0,15.791326250348773,"[0.0, 15.791326250348773]",15.791326250348773,14.285714285714285,15.791326250348773,10.433333333333431,0,1,0,147.27977206142532,1.5791326250348773e-05,626,1,0
261,35,41,0,0,0,15.725697108677455,"[0.0, 15.725697108677455]",15.725697108677455,14.285714285714285,15.725697108677455,10.916666666666789,0,1,0,154.1942774108611,1.5725697108677454e-05,655,1,0
261,36,31,0,0,0,15.333786010742188,"[0.0, 15.333786010742188]",15.333786010742188,14.285714285714285,15.333786010742188,10.066666666666746,0,1,0,143.3247152681579,1.5333786010742188e-05,604,1,0
261,37,62,0,0,0,14.697543552943637,"[0.0, 14.697543552943637]",14.697543552943637,14.285714285714285,14.697543552943637,10.500000000000101,0,1,0,147.7925350331352,1.4697543552943637e-05,630,1,0
261,38,60,0,0,0,11.665153503417969,"[0.0, 11.665153503417969]",11.665153503417969,11.428571428571429,11.665153503417969,9.216666666666704,0,1,0,113.89078885809431,1.1665153503417969e-05,553,1,0
261,39,35,0,0,0,11.418628692626953,"[0.0, 11.418628692626953]",11.418628692626953,8.571428571428571,11.418628692626953,9.716666666666729,0,1,0,112.37144839230314,1.1418628692626953e-05,583,1,0
261,40,58,0,0,0,11.37324469430106,"[0.0, 11.37324469430106]",11.37324469430106,8.571428571428571,11.37324469430106,8.950000000000024,0,1,0,109.53150963698135,1.137324469430106e-05,537,1,0
261,41,47,0,0,0,11.343364715576172,"[0.0, 11.343364715576172]",11.343364715576172,8.571428571428571,11.343364715576172,8.78333333333335,0,1,0,110.52033870408923,1.1343364715576172e-05,527,1,0
261,42,34,0,0,0,11.320198604038783,"[0.0, 11.320198604038783]",11.320198604038783,8.571428571428571,11.320198604038783,10.450000000000099,0,1,0,113.00753836068907,1.1320198604038783e-05,627,1,0
261,43,44,0,0,0,11.242212568010602,"[0.0, 11.242212568010602]",11.242212568010602,8.571428571428571,11.242212568010602,8.45,0,1,0,111.47223653865512,1.1242212568010603e-05,507,1,0
261,44,39,0,0,0,11.210948399135043,"[0.0, 11.210948399135043]",11.210948399135043,8.571428571428571,11.210948399135043,8.816666666666684,0,1,0,111.35483659859892,1.1210948399135043e-05,529,1,0
261,45,52,0,0,0,11.023777553013394,"[0.0, 11.023777553013394]",11.023777553013394,8.571428571428571,11.023777553013394,7.366666666666646,0,1,0,106.63801511749625,1.1023777553013395e-05,442,1,0
261,46,18,0,0,0,11.01628167288644,"[0.0, 11.01628167288644]",11.01628167288644,8.571428571428571,11.01628167288644,8.78333333333335,0,1,0,105.70210287599912,1.1016281672886439e-05,527,1,0
261,47,40,0,0,0,10.981780460902621,"[0.0, 10.981780460902621]",10.981780460902621,8.571428571428571,10.981780460902621,8.149999999999984,0,1,0,109.55139031074941,1.0981780460902621e-05,489,1,0
261,48,27,0,0,0,10.964726039341517,"[0.0, 10.964726039341517]",10.964726039341517,8.571428571428571,10.964726039341517,7.999999999999977,0,1,0,105.55731288623065,1.0964726039341517e-05,480,1,0
261,49,42,0,0,0,10.785372597830637,"[0.0, 10.785372597830637]",10.785372597830637,8.571428571428571,10.785372597830637,8.099999999999982,0,1,0,108.25888526253402,1.0785372597830637e-05,486,1,0
261,50,11,0,0,0,10.691007886614118,"[0.0, 10.691007886614118]",10.691007886614118,8.571428571428571,10.691007886614118,7.433333333333312,0,1,0,104.24014155194163,1.0691007886614118e-05,446,1,0
261,51,28,0,0,0,10.474439348493302,"[0.0, 10.474439348493302]",10.474439348493302,8.571428571428571,10.474439348493302,7.5499999999999785,0,1,0,101.35514194518328,1.0474439348493303e-05,453,1,0
261,52,10,0,0,0,9.804706573486328,"[0.0, 9.804706573486328]",9.804706573486328,8.571428571428571,9.804706573486328,5.583333333333319,0,1,0,95.70941534638405,9.804706573486328e-06,335,1,0
261,53,14,0,0,0,9.773314339773997,"[0.0, 9.773314339773997]",9.773314339773997,8.571428571428571,9.773314339773997,5.583333333333319,0,1,0,93.36635494232178,9.773314339773997e-06,335,1,0
261,54,45,0,0,0,9.45134026663644,"[0.0, 9.45134026663644]",9.45134026663644,8.571428571428571,9.45134026663644,5.349999999999986,0,1,0,92.94142025709152,9.45134026663644e-06,321,1,0
261,55,12,0,0,0,9.169496808733259,"[0.0, 9.169496808733259]",9.169496808733259,8.571428571428571,9.169496808733259,5.316666666666653,0,1,0,90.67851468920708,9.169496808733258e-06,319,1,0
261,56,57,0,0,0,8.620632716587611,"[0.0, 8.620632716587611]",8.620632716587611,8.571428571428571,8.620632716587611,5.166666666666654,0,1,0,86.82643806934357,8.620632716587611e-06,310,1,0
261,57,51,0,0,0,6.513628278459821,"[0.0, 6.513628278459821]",6.513628278459821,5.714285714285714,6.513628278459821,7.499999999999979,0,1,0,59.409900379760074,6.513628278459821e-06,450,1,0
261,58,20,0,0,0,6.436129978724889,"[0.0, 6.436129978724889]",6.436129978724889,5.714285714285714,6.436129978724889,7.416666666666646,0,1,0,59.54997078834276,6.436129978724889e-06,445,1,0
261,59,61,0,0,0,6.397280011858259,"[0.0, 6.397280011858259]",6.397280011858259,5.714285714285714,6.397280011858259,7.416666666666646,0,1,0,59.5370043872681,6.397280011858259e-06,445,1,0
261,60,29,0,0,0,6.346495492117746,"[0.0, 6.346495492117746]",6.346495492117746,5.714285714285714,6.346495492117746,7.366666666666646,0,1,0,58.478437608537206,6.3464954921177455e-06,442,1,0
261,61,17,0,0,0,5.059264046805245,"[0.0, 5.059264046805245]",5.059264046805245,2.857142857142857,5.059264046805245,2.6499999999999955,0,1,0,42.49077099561691,5.059264046805245e-06,159,1,0
261,62,49,0,0,0,4.603124346051898,"[0.0, 4.603124346051898]",4.603124346051898,2.857142857142857,4.603124346051898,2.28333333333333,0,1,0,37.54645501077175,4.603124346051898e-06,137,1,0
261,63,9,0,0,0,4.558432442801339,"[0.0, 4.558432442801339]",4.558432442801339,2.857142857142857,4.558432442801339,2.249999999999997,0,1,0,37.06051854789257,4.55843244280134e-06,135,1,0
261,64,54,0,0,0,3.6066055297851562,"[0.0, 3.6066055297851562]",3.6066055297851562,2.857142857142857,3.6066055297851562,5.466666666666653,0,1,0,25.206966977661068,3.6066055297851563e-06,328,1,0
262,1,0,0,1,1,29.07006373223238,"[0.0, 29.07006373223238]",29.07006373223238,28.57142857142857,29.07006373223238,19.416666666666845,0,1,0,282.330984117747,2.907006373223238e-05,1165,1,0
262,2,1,0,1,1,28.555750174077392,"[0.0, 28.555750174077392]",28.555750174077392,25.71428571428571,28.555750174077392,20.083333333333474,0,1,0,285.9795293595016,2.8555750174077392e-05,1205,1,0
262,3,2,0,1,1,27.671193197069833,"[0.0, 27.671193197069833]",27.671193197069833,25.71428571428571,27.671193197069833,12.950000000000223,0,1,0,268.2002897739585,2.7671193197069833e-05,777,1,0
262,4,55,0,1,1,23.279554957901173,"[0.0, 23.279554957901173]",23.279554957901173,22.857142857142858,23.279554957901173,14.416666666666963,0,1,0,213.40182683184685,2.3279554957901172e-05,865,1,0
262,5,3,0,1,1,22.304894583565847,"[0.0, 22.304894583565847]",22.304894583565847,20.0,22.304894583565847,19.16666666666686,0,1,0,202.65076178580784,2.2304894583565847e-05,1150,1,0
262,6,18,0,1,1,22.165301186697825,"[0.0, 22.165301186697825]",22.165301186697825,20.0,22.165301186697825,12.266666666666856,0,1,0,200.841517050103,2.2165301186697824e-05,736,1,0
262,7,4,0,1,1,22.162786211286274,"[0.0, 22.162786211286274]",22.162786211286274,20.0,22.162786211286274,14.933333333333655,0,1,0,204.40520906735037,2.2162786211286276e-05,896,1,0
262,8,5,0,1,1,22.11598805018834,"[0.0, 22.11598805018834]",22.11598805018834,20.0,22.11598805018834,16.40000000000035,0,1,0,199.96907283434848,2.211598805018834e-05,984,1,0
262,9,6,0,0,1,22.0492798941476,"[0.0, 22.0492798941476]",22.0492798941476,20.0,22.0492798941476,13.400000000000245,0,1,0,202.12754694750765,2.2049279894147598e-05,804,1,0
262,10,7,0,0,1,21.986182076590403,"[0.0, 21.986182076590403]",21.986182076590403,20.0,21.986182076590403,11.100000000000131,0,1,0,197.71783754549688,2.1986182076590403e-05,666,1,0
262,11,37,0,0,1,21.305048806326727,"[0.0, 21.305048806326727]",21.305048806326727,20.0,21.305048806326727,11.96666666666684,0,1,0,195.07925981344306,2.1305048806326727e-05,718,1,0
262,12,39,0,0,1,21.151605333600727,"[0.0, 21.151605333600727]",21.151605333600727,20.0,21.151605333600727,14.250000000000288,0,1,0,197.50796121780877,2.1151605333600727e-05,855,1,0
262,13,15,0,0,1,21.13476344517299,"[0.0, 21.13476344517299]",21.13476344517299,20.0,21.13476344517299,13.03333333333356,0,1,0,196.42002568330645,2.113476344517299e-05,782,1,0
262,14,24,0,0,1,21.07031413487026,"[0.0, 21.07031413487026]",21.07031413487026,20.0,21.07031413487026,11.416666666666814,0,1,0,194.283664214483,2.107031413487026e-05,685,1,0
262,15,38,0,0,1,20.964298248291016,"[0.0, 20.964298248291016]",20.964298248291016,20.0,20.964298248291016,10.766666666666781,0,1,0,191.220749033615,2.0964298248291015e-05,646,1,0
262,16,31,0,0,1,20.73331015450614,"[0.0, 20.73331015450614]",20.73331015450614,20.0,20.73331015450614,12.96666666666689,0,1,0,193.8870693057106,2.073331015450614e-05,778,1,0
262,17,19,0,0,1,20.635517665318083,"[0.0, 20.635517665318083]",20.635517665318083,20.0,20.635517665318083,13.416666666666913,0,1,0,193.98631818775903,2.0635517665318084e-05,805,1,0
262,18,14,0,0,1,20.614490509033203,"[0.0, 20.614490509033203]",20.614490509033203,20.0,20.614490509033203,11.96666666666684,0,1,0,192.23402451386937,2.0614490509033204e-05,718,1,0
262,19,26,0,0,1,20.339126586914062,"[0.0, 20.339126586914062]",20.339126586914062,20.0,20.339126586914062,11.583333333333488,0,1,0,188.6364542142619,2.0339126586914063e-05,695,1,0
262,20,61,0,0,1,20.319911411830358,"[0.0, 20.319911411830358]",20.319911411830358,20.0,20.319911411830358,12.050000000000178,0,1,0,192.29944531332876,2.0319911411830358e-05,723,1,0
262,21,23,0,0,1,17.10033416748047,"[0.0, 17.10033416748047]",17.10033416748047,14.285714285714285,17.10033416748047,10.750000000000114,0,1,0,163.6380099504895,1.710033416748047e-05,645,1,0
262,22,53,0,0,1,17.057691301618302,"[0.0, 17.057691301618302]",17.057691301618302,14.285714285714285,17.057691301618302,12.10000000000018,0,1,0,160.43841590590455,1.7057691301618302e-05,726,1,0
262,23,28,0,0,1,16.96908678327288,"[0.0, 16.96908678327288]",16.96908678327288,14.285714285714285,16.96908678327288,10.883333333333454,0,1,0,158.82584563284763,1.696908678327288e-05,653,1,0
262,24,10,0,0,1,16.848907470703125,"[0.0, 16.848907470703125]",16.848907470703125,14.285714285714285,16.848907470703125,9.800000000000066,0,1,0,156.61701688048197,1.6848907470703124e-05,588,1,0
262,25,43,0,0,1,16.64724622453962,"[0.0, 16.64724622453962]",16.64724622453962,14.285714285714285,16.64724622453962,11.066666666666796,0,1,0,155.30122271503933,1.6647246224539623e-05,664,1,0
262,26,20,0,0,1,16.582674298967635,"[0.0, 16.582674298967635]",16.582674298967635,14.285714285714285,16.582674298967635,10.133333333333416,0,1,0,159.1994743238829,1.6582674298967636e-05,608,1,0
262,27,45,0,0,1,16.45459311349051,"[0.0, 16.45459311349051]",16.45459311349051,14.285714285714285,16.45459311349051,11.216666666666804,0,1,0,155.3497229517816,1.645459311349051e-05,673,1,0
262,28,48,0,0,1,16.27950940813337,"[0.0, 16.27950940813337]",16.27950940813337,14.285714285714285,16.27950940813337,11.033333333333461,0,1,0,153.38426532150334,1.6279509408133373e-05,662,1,0
262,29,41,0,0,1,15.83648136683873,"[0.0, 15.83648136683873]",15.83648136683873,14.285714285714285,15.83648136683873,10.900000000000121,0,1,0,153.4656327999037,1.583648136683873e-05,654,1,0
262,30,50,0,0,1,15.472602844238281,"[0.0, 15.472602844238281]",15.472602844238281,14.285714285714285,15.472602844238281,11.266666666666806,0,1,0,154.23688484092418,1.547260284423828e-05,676,1,0
262,31,51,0,0,1,15.404761178152901,"[0.0, 15.404761178152901]",15.404761178152901,14.285714285714285,15.404761178152901,11.050000000000129,0,1,0,150.1337939283694,1.54047611781529e-05,663,1,0
262,32,62,0,0,1,15.364657810756139,"[0.0, 15.364657810756139]",15.364657810756139,14.285714285714285,15.364657810756139,9.633333333333391,0,1,0,146.3058751450808,1.536465781075614e-05,578,1,0
262,33,57,0,0,0,15.14275142124721,"[0.0, 15.14275142124721]",15.14275142124721,14.285714285714285,15.14275142124721,11.100000000000131,0,1,0,153.24648585097748,1.514275142124721e-05,666,1,0
262,34,22,0,0,0,11.661630358014788,"[0.0, 11.661630358014788]",11.661630358014788,11.428571428571429,11.661630358014788,9.266666666666707,0,1,0,116.15028488881944,1.1661630358014788e-05,556,1,0
262,35,8,0,0,0,11.54754366193499,"[0.0, 11.54754366193499]",11.54754366193499,11.428571428571429,11.54754366193499,10.516666666666769,0,1,0,113.99129724677914,1.154754366193499e-05,631,1,0
262,36,42,0,0,0,11.518412998744418,"[0.0, 11.518412998744418]",11.518412998744418,11.428571428571429,11.518412998744418,9.316666666666709,0,1,0,114.49420891673071,1.1518412998744418e-05,559,1,0
262,37,63,0,0,0,11.390726906912667,"[0.0, 11.390726906912667]",11.390726906912667,8.571428571428571,11.390726906912667,8.78333333333335,0,1,0,111.20752376985183,1.1390726906912666e-05,527,1,0
262,38,44,0,0,0,11.377653394426618,"[0.0, 11.377653394426618]",11.377653394426618,8.571428571428571,11.377653394426618,7.416666666666646,0,1,0,107.95717009902,1.1377653394426619e-05,445,1,0
262,39,25,0,0,0,11.362489972795759,"[0.0, 11.362489972795759]",11.362489972795759,8.571428571428571,11.362489972795759,7.949999999999977,0,1,0,109.89399763010442,1.136248997279576e-05,477,1,0
262,40,49,0,0,0,11.329942430768694,"[0.0, 11.329942430768694]",11.329942430768694,8.571428571428571,11.329942430768694,8.65000000000001,0,1,0,113.08318206801778,1.1329942430768695e-05,519,1,0
262,41,34,0,0,0,11.297893524169922,"[0.0, 11.297893524169922]",11.297893524169922,8.571428571428571,11.297893524169922,8.38333333333333,0,1,0,113.38602838478982,1.1297893524169922e-05,503,1,0
262,42,60,0,0,0,11.19073050362723,"[0.0, 11.19073050362723]",11.19073050362723,8.571428571428571,11.19073050362723,10.050000000000079,0,1,0,111.66781916909531,1.119073050362723e-05,603,1,0
262,43,9,0,0,0,11.184354509626115,"[0.0, 11.184354509626115]",11.184354509626115,8.571428571428571,11.184354509626115,10.033333333333411,0,1,0,111.05483207895304,1.1184354509626114e-05,602,1,0
262,44,47,0,0,0,10.97114018031529,"[0.0, 10.97114018031529]",10.97114018031529,8.571428571428571,10.97114018031529,8.950000000000024,0,1,0,108.97848938345851,1.097114018031529e-05,537,1,0
262,45,11,0,0,0,10.950987679617745,"[0.0, 10.950987679617745]",10.950987679617745,8.571428571428571,10.950987679617745,9.933333333333406,0,1,0,111.48529080394655,1.0950987679617744e-05,596,1,0
262,46,36,0,0,0,10.830293382917132,"[0.0, 10.830293382917132]",10.830293382917132,8.571428571428571,10.830293382917132,9.650000000000059,0,1,0,109.312250891031,1.0830293382917132e-05,579,1,0
262,47,12,0,0,0,9.656573704310826,"[0.0, 9.656573704310826]",9.656573704310826,8.571428571428571,9.656573704310826,5.499999999999986,0,1,0,94.43919993937016,9.656573704310826e-06,330,1,0
262,48,17,0,0,0,7.46596200125558,"[0.0, 7.46596200125558]",7.46596200125558,5.714285714285714,7.46596200125558,4.799999999999988,0,1,0,77.95226596295834,7.46596200125558e-06,288,1,0
262,49,27,0,0,0,7.142857142857142,"[0.0, 7.142857142857142]",7.142857142857142,5.714285714285714,7.142857142857142,2.8666666666666614,0,1,0,69.50951611995697,7.142857142857143e-06,172,1,0
262,50,52,0,0,0,6.599878583635603,"[0.0, 6.599878583635603]",6.599878583635603,5.714285714285714,6.599878583635603,7.6333333333333115,0,1,0,60.25050478902267,6.599878583635603e-06,458,1,0
262,51,29,0,0,0,6.484734671456473,"[0.0, 6.484734671456473]",6.484734671456473,5.714285714285714,6.484734671456473,7.416666666666646,0,1,0,59.6697156017035,6.484734671456473e-06,445,1,0
262,52,35,0,0,0,6.480473109654018,"[0.0, 6.480473109654018]",6.480473109654018,5.714285714285714,6.480473109654018,7.366666666666646,0,1,0,58.47806938858412,6.4804731096540185e-06,442,1,0
262,53,21,0,0,0,6.472200666155134,"[0.0, 6.472200666155134]",6.472200666155134,5.714285714285714,6.472200666155134,7.433333333333312,0,1,0,58.94797687936807,6.472200666155133e-06,446,1,0
262,54,16,0,0,0,6.466336931501115,"[0.0, 6.466336931501115]",6.466336931501115,5.714285714285714,6.466336931501115,7.416666666666646,0,1,0,59.761988722661044,6.466336931501115e-06,445,1,0
262,55,30,0,0,0,6.465230669294085,"[0.0, 6.465230669294085]",6.465230669294085,5.714285714285714,6.465230669294085,7.416666666666646,0,1,0,59.54607021754782,6.465230669294085e-06,445,1,0
262,56,46,0,0,0,6.402342660086495,"[0.0, 6.402342660086495]",6.402342660086495,5.714285714285714,6.402342660086495,7.416666666666646,0,1,0,59.53713864144811,6.402342660086495e-06,445,1,0
262,57,32,0,0,0,6.399220057896206,"[0.0, 6.399220057896206]",6.399220057896206,5.714285714285714,6.399220057896206,7.416666666666646,0,1,0,59.536802568036364,6.399220057896206e-06,445,1,0
262,58,13,0,0,0,6.362876892089845,"[0.0, 6.362876892089845]",6.362876892089845,5.714285714285714,6.362876892089845,7.366666666666646,0,1,0,58.58211908418889,6.362876892089845e-06,442,1,0
262,59,33,0,0,0,6.314441135951451,"[0.0, 6.314441135951451]",6.314441135951451,5.714285714285714,6.314441135951451,7.366666666666646,0,1,0,58.581962135656795,6.314441135951452e-06,442,1,0
262,60,56,0,0,0,6.302234104701451,"[0.0, 6.302234104701451]",6.302234104701451,5.714285714285714,6.302234104701451,7.366666666666646,0,1,0,58.58173362364323,6.302234104701451e-06,442,1,0
262,61,58,0,0,0,6.301253182547432,"[0.0, 6.301253182547432]",6.301253182547432,5.714285714285714,6.301253182547432,7.366666666666646,0,1,0,58.47823497530044,6.301253182547432e-06,442,1,0
262,62,40,0,0,0,5.225464957101004,"[0.0, 5.225464957101004]",5.225464957101004,2.857142857142857,5.225464957101004,6.6166666666666485,0,1,0,43.943517611820425,5.2254649571010045e-06,397,1,0
262,63,54,0,0,0,4.365545000348773,"[0.0, 4.365545000348773]",4.365545000348773,2.857142857142857,4.365545000348773,2.116666666666664,0,1,0,35.05476292967796,4.365545000348772e-06,127,1,0
262,64,59,0,0,0,1.8703787667410714,"[0.0, 1.8703787667410714]",1.8703787667410714,0.0,1.8703787667410714,5.016666666666654,0,1,0,5.155902332800906,1.8703787667410714e-06,301,1,0
263,1,0,0,1,1,29.07006373223238,"[0.0, 29.07006373223238]",29.07006373223238,28.57142857142857,29.07006373223238,19.416666666666845,0,1,0,282.330984117747,2.907006373223238e-05,1165,1,0
263,2,1,0,1,1,28.555750174077392,"[0.0, 28.555750174077392]",28.555750174077392,25.71428571428571,28.555750174077392,20.083333333333474,0,1,0,285.9795293595016,2.8555750174077392e-05,1205,1,0
263,3,2,0,1,1,27.671193197069833,"[0.0, 27.671193197069833]",27.671193197069833,25.71428571428571,27.671193197069833,12.950000000000223,0,1,0,268.2002897739585,2.7671193197069833e-05,777,1,0
263,4,3,0,1,1,23.279554957901173,"[0.0, 23.279554957901173]",23.279554957901173,22.857142857142858,23.279554957901173,14.416666666666963,0,1,0,213.40182683184685,2.3279554957901172e-05,865,1,0
263,5,4,0,1,1,22.304894583565847,"[0.0, 22.304894583565847]",22.304894583565847,20.0,22.304894583565847,19.16666666666686,0,1,0,202.65076178580784,2.2304894583565847e-05,1150,1,0
263,6,5,0,1,1,22.165301186697825,"[0.0, 22.165301186697825]",22.165301186697825,20.0,22.165301186697825,12.266666666666856,0,1,0,200.841517050103,2.2165301186697824e-05,736,1,0
263,7,6,0,1,1,22.162786211286274,"[0.0, 22.162786211286274]",22.162786211286274,20.0,22.162786211286274,14.933333333333655,0,1,0,204.40520906735037,2.2162786211286276e-05,896,1,0
263,8,7,0,1,1,22.11598805018834,"[0.0, 22.11598805018834]",22.11598805018834,20.0,22.11598805018834,16.40000000000035,0,1,0,199.96907283434848,2.211598805018834e-05,984,1,0
263,9,27,0,0,1,21.708363124302455,"[0.0, 21.708363124302455]",21.708363124302455,20.0,21.708363124302455,11.700000000000161,0,1,0,196.77402294219792,2.1708363124302453e-05,702,1,0
263,10,53,0,0,1,21.348773411342076,"[0.0, 21.348773411342076]",21.348773411342076,20.0,21.348773411342076,11.316666666666809,0,1,0,194.74314884084743,2.1348773411342077e-05,679,1,0
263,11,8,0,0,1,21.19091033935547,"[0.0, 21.19091033935547]",21.19091033935547,20.0,21.19091033935547,11.866666666666836,0,1,0,195.8236423781782,2.1190910339355468e-05,712,1,0
263,12,57,0,0,1,21.103714534214564,"[0.0, 21.103714534214564]",21.103714534214564,20.0,21.103714534214564,13.816666666666933,0,1,0,194.09024607000902,2.1103714534214563e-05,829,1,0
263,13,12,0,0,1,20.952987670898438,"[0.0, 20.952987670898438]",20.952987670898438,20.0,20.952987670898438,14.216666666666953,0,1,0,193.49179357733374,2.0952987670898438e-05,853,1,0
263,14,44,0,0,1,20.932410103934153,"[0.0, 20.932410103934153]",20.932410103934153,20.0,20.932410103934153,14.150000000000283,0,1,0,193.62439239797823,2.093241010393415e-05,849,1,0
263,15,11,0,0,1,20.472150530133927,"[0.0, 20.472150530133927]",20.472150530133927,20.0,20.472150530133927,11.483333333333483,0,1,0,193.99676451506093,2.0472150530133927e-05,689,1,0
263,16,20,0,0,1,20.41190828595843,"[0.0, 20.41190828595843]",20.41190828595843,20.0,20.41190828595843,11.633333333333491,0,1,0,191.59846940424177,2.041190828595843e-05,698,1,0
263,17,56,0,0,1,20.394624982561385,"[0.0, 20.394624982561385]",20.394624982561385,20.0,20.394624982561385,11.850000000000168,0,1,0,194.05341224305448,2.0394624982561385e-05,711,1,0
263,18,38,0,0,1,20.348151070731028,"[0.0, 20.348151070731028]",20.348151070731028,20.0,20.348151070731028,11.066666666666796,0,1,0,189.65218384377658,2.0348151070731028e-05,664,1,0
263,19,41,0,0,1,20.264344896589005,"[0.0, 20.264344896589005]",20.264344896589005,20.0,20.264344896589005,11.96666666666684,0,1,0,196.53923418212798,2.0264344896589005e-05,718,1,0
263,20,37,0,0,1,17.104236057826448,"[0.0, 17.104236057826448]",17.104236057826448,14.285714285714285,17.104236057826448,10.266666666666756,0,1,0,157.6983869890464,1.7104236057826448e-05,616,1,0
263,21,24,0,0,1,16.84605734688895,"[0.0, 16.84605734688895]",16.84605734688895,14.285714285714285,16.84605734688895,11.216666666666804,0,1,0,159.16853750890732,1.684605734688895e-05,673,1,0
263,22,54,0,0,1,16.82443346296038,"[0.0, 16.82443346296038]",16.82443346296038,14.285714285714285,16.82443346296038,11.316666666666809,0,1,0,160.87822156542097,1.6824433462960377e-05,679,1,0
263,23,51,0,0,1,16.748548235212056,"[0.0, 16.748548235212056]",16.748548235212056,14.285714285714285,16.748548235212056,11.466666666666816,0,1,0,159.39164922083728,1.6748548235212056e-05,688,1,0
263,24,48,0,0,1,16.485535757882257,"[0.0, 16.485535757882257]",16.485535757882257,14.285714285714285,16.485535757882257,11.183333333333469,0,1,0,155.67590705515613,1.6485535757882258e-05,671,1,0
263,25,14,0,0,1,16.41430446079799,"[0.0, 16.41430446079799]",16.41430446079799,14.285714285714285,16.41430446079799,11.250000000000139,0,1,0,158.1741086896145,1.641430446079799e-05,675,1,0
263,26,35,0,0,1,16.404920305524552,"[0.0, 16.404920305524552]",16.404920305524552,14.285714285714285,16.404920305524552,11.266666666666806,0,1,0,152.78917427474516,1.640492030552455e-05,676,1,0
263,27,40,0,0,1,16.38979775565011,"[0.0, 16.38979775565011]",16.38979775565011,14.285714285714285,16.38979775565011,11.233333333333471,0,1,0,154.14227671930712,1.6389797755650112e-05,674,1,0
263,28,60,0,0,1,16.38751438685826,"[0.0, 16.38751438685826]",16.38751438685826,14.285714285714285,16.38751438685826,10.600000000000106,0,1,0,156.55891488430643,1.638751438685826e-05,636,1,0
263,29,50,0,0,1,16.37676239013672,"[0.0, 16.37676239013672]",16.37676239013672,14.285714285714285,16.37676239013672,10.816666666666784,0,1,0,155.25828698089754,1.637676239013672e-05,649,1,0
263,30,63,0,0,1,16.102158682686945,"[0.0, 16.102158682686945]",16.102158682686945,14.285714285714285,16.102158682686945,10.666666666666776,0,1,0,155.28780233503494,1.6102158682686944e-05,640,1,0
263,31,45,0,0,1,15.918012346540177,"[0.0, 15.918012346540177]",15.918012346540177,14.285714285714285,15.918012346540177,10.100000000000081,0,1,0,152.4832088282783,1.5918012346540178e-05,606,1,0
263,32,26,0,0,1,15.597664969308036,"[0.0, 15.597664969308036]",15.597664969308036,14.285714285714285,15.597664969308036,10.500000000000101,0,1,0,153.68889710081567,1.5597664969308038e-05,630,1,0
263,33,52,0,0,0,11.63466317313058,"[0.0, 11.63466317313058]",11.63466317313058,11.428571428571429,11.63466317313058,8.500000000000002,0,1,0,112.73577343247598,1.163466317313058e-05,510,1,0
263,34,15,0,0,0,11.611251831054688,"[0.0, 11.611251831054688]",11.611251831054688,11.428571428571429,11.611251831054688,9.500000000000052,0,1,0,114.63474366904848,1.1611251831054688e-05,570,1,0
263,35,49,0,0,0,11.440753936767578,"[0.0, 11.440753936767578]",11.440753936767578,11.428571428571429,11.440753936767578,10.433333333333431,0,1,0,115.21830269526981,1.1440753936767577e-05,626,1,0
263,36,18,0,0,0,11.347005026681083,"[0.0, 11.347005026681083]",11.347005026681083,8.571428571428571,11.347005026681083,9.400000000000047,0,1,0,111.23242204875714,1.1347005026681084e-05,564,1,0
263,37,19,0,0,0,11.158291952950613,"[0.0, 11.158291952950613]",11.158291952950613,8.571428571428571,11.158291952950613,10.000000000000076,0,1,0,109.55947962137725,1.1158291952950612e-05,600,1,0
263,38,28,0,0,0,10.868513924734934,"[0.0, 10.868513924734934]",10.868513924734934,8.571428571428571,10.868513924734934,9.466666666666717,0,1,0,107.15638480873895,1.0868513924734934e-05,568,1,0
263,39,23,0,0,0,10.634738377162387,"[0.0, 10.634738377162387]",10.634738377162387,8.571428571428571,10.634738377162387,9.733333333333396,0,1,0,106.31604428472929,1.0634738377162388e-05,584,1,0
263,40,29,0,0,0,10.524779728480746,"[0.0, 10.524779728480746]",10.524779728480746,8.571428571428571,10.524779728480746,6.883333333333314,0,1,0,100.29004023224115,1.0524779728480746e-05,413,1,0
263,41,31,0,0,0,9.675298418317523,"[0.0, 9.675298418317523]",9.675298418317523,8.571428571428571,9.675298418317523,5.499999999999986,0,1,0,94.22181433439255,9.675298418317522e-06,330,1,0
263,42,47,0,0,0,9.180485861642019,"[0.0, 9.180485861642019]",9.180485861642019,8.571428571428571,9.180485861642019,5.533333333333319,0,1,0,91.02302622795105,9.18048586164202e-06,332,1,0
263,43,39,0,0,0,9.122695922851562,"[0.0, 9.122695922851562]",9.122695922851562,8.571428571428571,9.122695922851562,9.100000000000032,0,1,0,82.2235901291424,9.122695922851562e-06,546,1,0
263,44,21,0,0,0,6.633622305733818,"[0.0, 6.633622305733818]",6.633622305733818,5.714285714285714,6.633622305733818,7.5499999999999785,0,1,0,60.39234467129427,6.633622305733818e-06,453,1,0
263,45,42,0,0,0,6.505186898367746,"[0.0, 6.505186898367746]",6.505186898367746,5.714285714285714,6.505186898367746,7.416666666666646,0,1,0,59.65496724653349,6.505186898367746e-06,445,1,0
263,46,62,0,0,0,6.487982613699776,"[0.0, 6.487982613699776]",6.487982613699776,5.714285714285714,6.487982613699776,7.366666666666646,0,1,0,58.58180954821728,6.487982613699776e-06,442,1,0
263,47,17,0,0,0,6.473873683384486,"[0.0, 6.473873683384486]",6.473873683384486,5.714285714285714,6.473873683384486,7.416666666666646,0,1,0,59.5376941505383,6.473873683384486e-06,445,1,0
263,48,25,0,0,0,6.472418648856026,"[0.0, 6.472418648856026]",6.472418648856026,5.714285714285714,6.472418648856026,7.416666666666646,0,1,0,59.53651381353848,6.472418648856026e-06,445,1,0
263,49,9,0,0,0,6.438249860491071,"[0.0, 6.438249860491071]",6.438249860491071,5.714285714285714,6.438249860491071,7.416666666666646,0,1,0,59.53695835122198,6.438249860491071e-06,445,1,0
263,50,58,0,0,0,6.424500601632255,"[0.0, 6.424500601632255]",6.424500601632255,5.714285714285714,6.424500601632255,7.416666666666646,0,1,0,59.549420251118136,6.424500601632255e-06,445,1,0
263,51,43,0,0,0,6.42199925013951,"[0.0, 6.42199925013951]",6.42199925013951,5.714285714285714,6.42199925013951,7.416666666666646,0,1,0,59.53680046602676,6.42199925013951e-06,445,1,0
263,52,59,0,0,0,6.417525155203683,"[0.0, 6.417525155203683]",6.417525155203683,5.714285714285714,6.417525155203683,7.416666666666646,0,1,0,59.53680984537641,6.417525155203683e-06,445,1,0
263,53,16,0,0,0,6.407710484095983,"[0.0, 6.407710484095983]",6.407710484095983,5.714285714285714,6.407710484095983,7.366666666666646,0,1,0,58.49722998988727,6.407710484095982e-06,442,1,0
263,54,33,0,0,0,6.402146475655692,"[0.0, 6.402146475655692]",6.402146475655692,5.714285714285714,6.402146475655692,7.366666666666646,0,1,0,58.581833117073984,6.402146475655692e-06,442,1,0
263,55,61,0,0,0,6.378985813685826,"[0.0, 6.378985813685826]",6.378985813685826,5.714285714285714,6.378985813685826,7.416666666666646,0,1,0,59.53739982980187,6.378985813685826e-06,445,1,0
263,56,46,0,0,0,6.378064836774554,"[0.0, 6.378064836774554]",6.378064836774554,5.714285714285714,6.378064836774554,7.366666666666646,0,1,0,58.58153968190163,6.378064836774554e-06,442,1,0
263,57,30,0,0,0,6.33613041469029,"[0.0, 6.33613041469029]",6.33613041469029,5.714285714285714,6.33613041469029,7.366666666666646,0,1,0,58.47876799002552,6.33613041469029e-06,442,1,0
263,58,36,0,0,0,6.3316563197544635,"[0.0, 6.3316563197544635]",6.3316563197544635,5.714285714285714,6.3316563197544635,7.366666666666646,0,1,0,58.47853691054479,6.331656319754464e-06,442,1,0
263,59,22,0,0,0,6.309149605887276,"[0.0, 6.309149605887276]",6.309149605887276,5.714285714285714,6.309149605887276,7.366666666666646,0,1,0,58.48667548514641,6.309149605887276e-06,442,1,0
263,60,34,0,0,0,6.30136217389788,"[0.0, 6.30136217389788]",6.30136217389788,5.714285714285714,6.30136217389788,7.366666666666646,0,1,0,58.581523823151656,6.301362173897881e-06,442,1,0
263,61,13,0,0,0,6.299258640834264,"[0.0, 6.299258640834264]",6.299258640834264,5.714285714285714,6.299258640834264,7.366666666666646,0,1,0,58.58179865178681,6.299258640834264e-06,442,1,0
263,62,10,0,0,0,6.256147112165178,"[0.0, 6.256147112165178]",6.256147112165178,5.714285714285714,6.256147112165178,7.316666666666646,0,1,0,57.157247495735646,6.256147112165178e-06,439,1,0
263,63,32,0,0,0,4.440160478864398,"[0.0, 4.440160478864398]",4.440160478864398,2.857142857142857,4.440160478864398,2.166666666666664,0,1,0,35.818681210279465,4.440160478864397e-06,130,1,0
263,64,55,0,0,0,4.17586190359933,"[0.0, 4.17586190359933]",4.17586190359933,2.857142857142857,4.17586190359933,1.8999999999999981,0,1,0,33.107060223817825,4.17586190359933e-06,114,1,0
264,1,0,0,1,1,29.07006373223238,"[0.0, 29.07006373223238]",29.07006373223238,28.57142857142857,29.07006373223238,19.416666666666845,0,1,0,282.330984117747,2.907006373223238e-05,1165,1,0
264,2,1,0,1,1,28.555750174077392,"[0.0, 28.555750174077392]",28.555750174077392,25.71428571428571,28.555750174077392,20.083333333333474,0,1,0,285.9795293595016,2.8555750174077392e-05,1205,1,0
264,3,2,0,1,1,27.671193197069833,"[0.0, 27.671193197069833]",27.671193197069833,25.71428571428571,27.671193197069833,12.950000000000223,0,1,0,268.2002897739585,2.7671193197069833e-05,777,1,0
264,4,3,0,1,1,23.279554957901173,"[0.0, 23.279554957901173]",23.279554957901173,22.857142857142858,23.279554957901173,14.416666666666963,0,1,0,213.40182683184685,2.3279554957901172e-05,865,1,0
264,5,4,0,1,1,22.304894583565847,"[0.0, 22.304894583565847]",22.304894583565847,20.0,22.304894583565847,19.16666666666686,0,1,0,202.65076178580784,2.2304894583565847e-05,1150,1,0
264,6,5,0,1,1,22.165301186697825,"[0.0, 22.165301186697825]",22.165301186697825,20.0,22.165301186697825,12.266666666666856,0,1,0,200.841517050103,2.2165301186697824e-05,736,1,0
264,7,6,0,1,1,22.162786211286274,"[0.0, 22.162786211286274]",22.162786211286274,20.0,22.162786211286274,14.933333333333655,0,1,0,204.40520906735037,2.2162786211286276e-05,896,1,0
264,8,7,0,1,1,22.11598805018834,"[0.0, 22.11598805018834]",22.11598805018834,20.0,22.11598805018834,16.40000000000035,0,1,0,199.96907283434848,2.211598805018834e-05,984,1,0
264,9,38,0,0,1,21.191550663539342,"[0.0, 21.191550663539342]",21.191550663539342,20.0,21.191550663539342,11.733333333333496,0,1,0,193.42821785246633,2.119155066353934e-05,704,1,0
264,10,56,0,0,1,20.769985743931365,"[0.0, 20.769985743931365]",20.769985743931365,20.0,20.769985743931365,11.150000000000134,0,1,0,190.31740646392427,2.0769985743931363e-05,669,1,0
264,11,37,0,0,1,20.76644080025809,"[0.0, 20.76644080025809]",20.76644080025809,20.0,20.76644080025809,12.416666666666863,0,1,0,195.13595275407715,2.0766440800258088e-05,745,1,0
264,12,24,0,0,1,20.601667676653182,"[0.0, 20.601667676653182]",20.601667676653182,20.0,20.601667676653182,11.566666666666821,0,1,0,193.45872480163234,2.060166767665318e-05,694,1,0
264,13,51,0,0,1,20.459788186209543,"[0.0, 20.459788186209543]",20.459788186209543,20.0,20.459788186209543,11.683333333333493,0,1,0,196.38284430372005,2.0459788186209542e-05,701,1,0
264,14,23,0,0,1,20.448243277413507,"[0.0, 20.448243277413507]",20.448243277413507,20.0,20.448243277413507,12.000000000000176,0,1,0,192.97961124226276,2.0448243277413508e-05,720,1,0
264,15,20,0,0,1,20.164487021309988,"[0.0, 20.164487021309988]",20.164487021309988,20.0,20.164487021309988,12.183333333333518,0,1,0,194.83941366848012,2.0164487021309988e-05,731,1,0
264,16,9,0,0,1,19.240986960274835,"[0.0, 19.240986960274835]",19.240986960274835,17.142857142857142,19.240986960274835,11.250000000000139,0,1,0,188.14681791016483,1.9240986960274834e-05,675,1,0
264,17,17,0,0,1,16.954383850097656,"[0.0, 16.954383850097656]",16.954383850097656,14.285714285714285,16.954383850097656,10.966666666666791,0,1,0,161.04845596763334,1.6954383850097656e-05,658,1,0
264,18,40,0,0,1,16.878934587751115,"[0.0, 16.878934587751115]",16.878934587751115,14.285714285714285,16.878934587751115,10.216666666666754,0,1,0,158.7584503072576,1.6878934587751115e-05,613,1,0
264,19,52,0,0,1,16.86910901750837,"[0.0, 16.86910901750837]",16.86910901750837,14.285714285714285,16.86910901750837,10.566666666666771,0,1,0,162.20251822285354,1.6869109017508373e-05,634,1,0
264,20,58,0,0,1,16.792967660086497,"[0.0, 16.792967660086497]",16.792967660086497,14.285714285714285,16.792967660086497,11.266666666666806,0,1,0,155.73111963770498,1.6792967660086497e-05,676,1,0
264,21,49,0,0,1,16.686472211565288,"[0.0, 16.686472211565288]",16.686472211565288,14.285714285714285,16.686472211565288,9.583333333333389,0,1,0,156.60279452148825,1.668647221156529e-05,575,1,0
264,22,43,0,0,1,16.509039742606028,"[0.0, 16.509039742606028]",16.509039742606028,14.285714285714285,16.509039742606028,10.666666666666776,0,1,0,155.92983310810087,1.6509039742606027e-05,640,1,0
264,23,48,0,0,1,16.18132999965123,"[0.0, 16.18132999965123]",16.18132999965123,14.285714285714285,16.18132999965123,10.633333333333441,0,1,0,151.5419661017877,1.6181329999651228e-05,638,1,0
264,24,55,0,0,1,16.159166608537948,"[0.0, 16.159166608537948]",16.159166608537948,14.285714285714285,16.159166608537948,10.550000000000104,0,1,0,151.3678432931265,1.615916660853795e-05,633,1,0
264,25,63,0,0,1,16.145079476492747,"[0.0, 16.145079476492747]",16.145079476492747,14.285714285714285,16.145079476492747,9.883333333333404,0,1,0,150.66347935342492,1.6145079476492748e-05,593,1,0
264,26,57,0,0,1,15.957892281668526,"[0.0, 15.957892281668526]",15.957892281668526,14.285714285714285,15.957892281668526,10.566666666666771,0,1,0,155.19233874199563,1.5957892281668525e-05,634,1,0
264,27,15,0,0,1,15.735326494489396,"[0.0, 15.735326494489396]",15.735326494489396,14.285714285714285,15.735326494489396,10.050000000000079,0,1,0,150.73749966733885,1.5735326494489394e-05,603,1,0
264,28,33,0,0,1,15.528406415666854,"[0.0, 15.528406415666854]",15.528406415666854,14.285714285714285,15.528406415666854,10.883333333333454,0,1,0,155.1306333612447,1.5528406415666855e-05,653,1,0
264,29,39,0,0,1,15.507703508649554,"[0.0, 15.507703508649554]",15.507703508649554,14.285714285714285,15.507703508649554,10.633333333333441,0,1,0,149.53656188079185,1.5507703508649555e-05,638,1,0
264,30,61,0,0,1,15.293993268694198,"[0.0, 15.293993268694198]",15.293993268694198,14.285714285714285,15.293993268694198,10.333333333333426,0,1,0,146.53634047591913,1.52939932686942e-05,620,1,0
264,31,34,0,0,1,15.24406978062221,"[0.0, 15.24406978062221]",15.24406978062221,14.285714285714285,15.24406978062221,10.466666666666766,0,1,0,148.3130405336051,1.524406978062221e-05,628,1,0
264,32,14,0,0,1,15.226211547851562,"[0.0, 15.226211547851562]",15.226211547851562,14.285714285714285,15.226211547851562,10.633333333333441,0,1,0,148.49529048323893,1.5226211547851563e-05,638,1,0
264,33,44,0,0,0,14.007737295968193,"[0.0, 14.007737295968193]",14.007737295968193,11.428571428571429,14.007737295968193,11.500000000000151,0,1,0,118.03284519283625,1.4007737295968193e-05,690,1,0
264,34,32,0,0,0,11.708829062325615,"[0.0, 11.708829062325615]",11.708829062325615,11.428571428571429,11.708829062325615,9.516666666666719,0,1,0,116.92117487994983,1.1708829062325614e-05,571,1,0
264,35,8,0,0,0,11.414040156773158,"[0.0, 11.414040156773158]",11.414040156773158,8.571428571428571,11.414040156773158,8.266666666666657,0,1,0,111.24058316182345,1.1414040156773158e-05,496,1,0
264,36,12,0,0,0,11.373307364327568,"[0.0, 11.373307364327568]",11.373307364327568,8.571428571428571,11.373307364327568,9.650000000000059,0,1,0,111.7907975924245,1.1373307364327567e-05,579,1,0
264,37,54,0,0,0,11.045965467180524,"[0.0, 11.045965467180524]",11.045965467180524,8.571428571428571,11.045965467180524,9.633333333333391,0,1,0,112.3112368171569,1.1045965467180524e-05,578,1,0
264,38,60,0,0,0,10.937535422188894,"[0.0, 10.937535422188894]",10.937535422188894,8.571428571428571,10.937535422188894,9.350000000000044,0,1,0,108.34645779725543,1.0937535422188894e-05,561,1,0
264,39,42,0,0,0,10.587234497070312,"[0.0, 10.587234497070312]",10.587234497070312,8.571428571428571,10.587234497070312,7.116666666666647,0,1,0,103.09235705435276,1.0587234497070313e-05,427,1,0
264,40,29,0,0,0,9.952978406633651,"[0.0, 9.952978406633651]",9.952978406633651,8.571428571428571,9.952978406633651,5.599999999999985,0,1,0,96.218985080719,9.952978406633651e-06,336,1,0
264,41,31,0,0,0,9.392602103097099,"[0.0, 9.392602103097099]",9.392602103097099,8.571428571428571,9.392602103097099,5.3833333333333195,0,1,0,92.7171531021595,9.392602103097099e-06,323,1,0
264,42,35,0,0,0,9.097069331577847,"[0.0, 9.097069331577847]",9.097069331577847,8.571428571428571,9.097069331577847,8.299999999999992,0,1,0,79.60540040414344,9.097069331577847e-06,498,1,0
264,43,53,0,0,0,8.864593505859375,"[0.0, 8.864593505859375]",8.864593505859375,8.571428571428571,8.864593505859375,5.2166666666666535,0,1,0,87.84944961965084,8.864593505859374e-06,313,1,0
264,44,36,0,0,0,7.803805215018136,"[0.0, 7.803805215018136]",7.803805215018136,5.714285714285714,7.803805215018136,3.866666666666658,0,1,0,79.80313251912594,7.803805215018136e-06,232,1,0
264,45,59,0,0,0,6.473982674734933,"[0.0, 6.473982674734933]",6.473982674734933,5.714285714285714,6.473982674734933,7.416666666666646,0,1,0,59.53676826543233,6.473982674734933e-06,445,1,0
264,46,18,0,0,0,6.434342520577567,"[0.0, 6.434342520577567]",6.434342520577567,5.714285714285714,6.434342520577567,7.416666666666646,0,1,0,59.549530834527104,6.434342520577567e-06,445,1,0
264,47,13,0,0,0,6.419683183942522,"[0.0, 6.419683183942522]",6.419683183942522,5.714285714285714,6.419683183942522,7.366666666666646,0,1,0,58.60247120348504,6.419683183942522e-06,442,1,0
264,48,16,0,0,0,6.413367135184152,"[0.0, 6.413367135184152]",6.413367135184152,5.714285714285714,6.413367135184152,7.416666666666646,0,1,0,59.761461426576716,6.413367135184152e-06,445,1,0
264,49,46,0,0,0,6.402620588030134,"[0.0, 6.402620588030134]",6.402620588030134,5.714285714285714,6.402620588030134,7.416666666666646,0,1,0,59.2491908346492,6.402620588030134e-06,445,1,0
264,50,62,0,0,0,6.400157383510045,"[0.0, 6.400157383510045]",6.400157383510045,5.714285714285714,6.400157383510045,7.366666666666646,0,1,0,58.47802051289909,6.400157383510045e-06,442,1,0
264,51,27,0,0,0,6.392064775739398,"[0.0, 6.392064775739398]",6.392064775739398,5.714285714285714,6.392064775739398,7.416666666666646,0,1,0,59.53664200750063,6.392064775739398e-06,445,1,0
264,52,50,0,0,0,6.364255632672991,"[0.0, 6.364255632672991]",6.364255632672991,5.714285714285714,6.364255632672991,7.366666666666646,0,1,0,58.45921710014227,6.364255632672992e-06,442,1,0
264,53,10,0,0,0,6.3527951921735495,"[0.0, 6.3527951921735495]",6.3527951921735495,5.714285714285714,6.3527951921735495,7.366666666666646,0,1,0,58.47848088498722,6.352795192173549e-06,442,1,0
264,54,47,0,0,0,6.341912405831474,"[0.0, 6.341912405831474]",6.341912405831474,5.714285714285714,6.341912405831474,7.366666666666646,0,1,0,58.58181863003847,6.341912405831474e-06,442,1,0
264,55,25,0,0,0,6.33990696498326,"[0.0, 6.33990696498326]",6.33990696498326,5.714285714285714,6.33990696498326,7.366666666666646,0,1,0,58.581779219501186,6.33990696498326e-06,442,1,0
264,56,21,0,0,0,6.302168709891183,"[0.0, 6.302168709891183]",6.302168709891183,5.714285714285714,6.302168709891183,7.366666666666646,0,1,0,58.5938687270027,6.302168709891183e-06,442,1,0
264,57,28,0,0,0,6.300773620605468,"[0.0, 6.300773620605468]",6.300773620605468,5.714285714285714,6.300773620605468,7.366666666666646,0,1,0,58.58148697583965,6.300773620605468e-06,442,1,0
264,58,41,0,0,0,6.3003322056361615,"[0.0, 6.3003322056361615]",6.3003322056361615,5.714285714285714,6.3003322056361615,7.366666666666646,0,1,0,58.582159954094095,6.300332205636162e-06,442,1,0
264,59,19,0,0,0,6.297645568847657,"[0.0, 6.297645568847657]",6.297645568847657,5.714285714285714,6.297645568847657,7.366666666666646,0,1,0,58.47874431229866,6.297645568847657e-06,442,1,0
264,60,45,0,0,0,4.846529279436384,"[0.0, 4.846529279436384]",4.846529279436384,2.857142857142857,4.846529279436384,5.649999999999985,0,1,0,56.70296983357548,4.846529279436384e-06,339,1,0
264,61,26,0,0,0,3.981203351702009,"[0.0, 3.981203351702009]",3.981203351702009,2.857142857142857,3.981203351702009,2.666666666666662,0,1,0,31.074178881943226,3.981203351702009e-06,160,1,0
264,62,22,0,0,0,3.822190420968192,"[0.0, 3.822190420968192]",3.822190420968192,2.857142857142857,3.822190420968192,2.4333333333333296,0,1,0,29.45856773108244,3.822190420968192e-06,146,1,0
264,63,11,0,0,0,3.07656969342913,"[0.0, 3.07656969342913]",3.07656969342913,2.857142857142857,3.07656969342913,2.9999999999999942,0,1,0,22.40728839673102,3.0765696934291297e-06,180,1,0
264,64,30,0,0,0,3.0096871512276784,"[0.0, 3.0096871512276784]",3.0096871512276784,2.857142857142857,3.0096871512276784,2.833333333333328,0,1,0,21.772378618828952,3.0096871512276785e-06,170,1,0
265,1,0,0,1,1,29.07006373223238,"[0.0, 29.07006373223238]",29.07006373223238,28.57142857142857,29.07006373223238,19.416666666666845,0,1,0,282.330984117747,2.907006373223238e-05,1165,1,0
265,2,1,0,1,1,28.555750174077392,"[0.0, 28.555750174077392]",28.555750174077392,25.71428571428571,28.555750174077392,20.083333333333474,0,1,0,285.9795293595016,2.8555750174077392e-05,1205,1,0
265,3,2,0,1,1,27.671193197069833,"[0.0, 27.671193197069833]",27.671193197069833,25.71428571428571,27.671193197069833,12.950000000000223,0,1,0,268.2002897739585,2.7671193197069833e-05,777,1,0
265,4,3,0,1,1,23.279554957901173,"[0.0, 23.279554957901173]",23.279554957901173,22.857142857142858,23.279554957901173,14.416666666666963,0,1,0,213.40182683184685,2.3279554957901172e-05,865,1,0
265,5,4,0,1,1,22.304894583565847,"[0.0, 22.304894583565847]",22.304894583565847,20.0,22.304894583565847,19.16666666666686,0,1,0,202.65076178580784,2.2304894583565847e-05,1150,1,0
265,6,5,0,1,1,22.165301186697825,"[0.0, 22.165301186697825]",22.165301186697825,20.0,22.165301186697825,12.266666666666856,0,1,0,200.841517050103,2.2165301186697824e-05,736,1,0
265,7,6,0,1,1,22.162786211286274,"[0.0, 22.162786211286274]",22.162786211286274,20.0,22.162786211286274,14.933333333333655,0,1,0,204.40520906735037,2.2162786211286276e-05,896,1,0
265,8,7,0,1,1,22.11598805018834,"[0.0, 22.11598805018834]",22.11598805018834,20.0,22.11598805018834,16.40000000000035,0,1,0,199.96907283434848,2.211598805018834e-05,984,1,0
265,9,46,0,0,1,21.85224260602679,"[0.0, 21.85224260602679]",21.85224260602679,20.0,21.85224260602679,11.050000000000129,0,1,0,197.36235753105575,2.1852242606026787e-05,663,1,0
265,10,45,0,0,1,21.460440499441965,"[0.0, 21.460440499441965]",21.460440499441965,20.0,21.460440499441965,14.050000000000278,0,1,0,199.2047758289118,2.1460440499441964e-05,843,1,0
265,11,60,0,0,1,21.356702532087056,"[0.0, 21.356702532087056]",21.356702532087056,20.0,21.356702532087056,16.63333333333367,0,1,0,197.58174816624523,2.1356702532087057e-05,998,1,0
265,12,22,0,0,1,21.285035269601003,"[0.0, 21.285035269601003]",21.285035269601003,20.0,21.285035269601003,12.583333333333538,0,1,0,196.70672439664486,2.1285035269601005e-05,755,1,0
265,13,14,0,0,1,20.74857984270368,"[0.0, 20.74857984270368]",20.74857984270368,20.0,20.74857984270368,11.816666666666833,0,1,0,194.8588980137065,2.074857984270368e-05,709,1,0
265,14,38,0,0,1,20.713520050048828,"[0.0, 20.713520050048828]",20.713520050048828,20.0,20.713520050048828,10.150000000000084,0,1,0,190.25662353634834,2.0713520050048828e-05,609,1,0
265,15,24,0,0,1,20.612348828996932,"[0.0, 20.612348828996932]",20.612348828996932,20.0,20.612348828996932,13.350000000000243,0,1,0,191.907855423844,2.0612348828996933e-05,801,1,0
265,16,40,0,0,1,20.453055245535715,"[0.0, 20.453055245535715]",20.453055245535715,20.0,20.453055245535715,11.116666666666799,0,1,0,192.42266391576413,2.0453055245535715e-05,667,1,0
265,17,53,0,0,1,20.393578665597097,"[0.0, 20.393578665597097]",20.393578665597097,20.0,20.393578665597097,11.350000000000144,0,1,0,192.34680787786783,2.0393578665597098e-05,681,1,0
265,18,44,0,0,1,17.025745936802455,"[0.0, 17.025745936802455]",17.025745936802455,14.285714285714285,17.025745936802455,11.166666666666801,0,1,0,164.01400861038564,1.7025745936802456e-05,670,1,0
265,19,63,0,0,1,16.880008152553014,"[0.0, 16.880008152553014]",16.880008152553014,14.285714285714285,16.880008152553014,10.266666666666756,0,1,0,159.43707197959156,1.6880008152553015e-05,616,1,0
265,20,13,0,0,1,16.80925096784319,"[0.0, 16.80925096784319]",16.80925096784319,14.285714285714285,16.80925096784319,11.066666666666796,0,1,0,159.92940032359184,1.680925096784319e-05,664,1,0
265,21,52,0,0,1,16.789637974330358,"[0.0, 16.789637974330358]",16.789637974330358,14.285714285714285,16.789637974330358,10.616666666666774,0,1,0,156.60891385962168,1.6789637974330358e-05,637,1,0
265,22,54,0,0,1,16.709654671805247,"[0.0, 16.709654671805247]",16.709654671805247,14.285714285714285,16.709654671805247,10.633333333333441,0,1,0,161.11676062615152,1.6709654671805247e-05,638,1,0
265,23,41,0,0,1,16.689790998186385,"[0.0, 16.689790998186385]",16.689790998186385,14.285714285714285,16.689790998186385,10.800000000000116,0,1,0,155.70495706939982,1.6689790998186387e-05,648,1,0
265,24,37,0,0,1,16.58230917794364,"[0.0, 16.58230917794364]",16.58230917794364,14.285714285714285,16.58230917794364,9.100000000000032,0,1,0,152.2962406873703,1.6582309177943638e-05,546,1,0
265,25,39,0,0,1,16.51778084891183,"[0.0, 16.51778084891183]",16.51778084891183,14.285714285714285,16.51778084891183,10.383333333333429,0,1,0,159.525380891675,1.651778084891183e-05,623,1,0
265,26,57,0,0,1,16.506325857979913,"[0.0, 16.506325857979913]",16.506325857979913,14.285714285714285,16.506325857979913,9.833333333333401,0,1,0,156.39051017483143,1.6506325857979913e-05,590,1,0
265,27,17,0,0,1,16.503165108816965,"[0.0, 16.503165108816965]",16.503165108816965,14.285714285714285,16.503165108816965,11.066666666666796,0,1,0,159.85072645597393,1.6503165108816967e-05,664,1,0
265,28,19,0,0,1,16.443775721958705,"[0.0, 16.443775721958705]",16.443775721958705,14.285714285714285,16.443775721958705,9.583333333333389,0,1,0,154.40785759518621,1.6443775721958705e-05,575,1,0
265,29,43,0,0,1,16.13673073904855,"[0.0, 16.13673073904855]",16.13673073904855,14.285714285714285,16.13673073904855,12.000000000000176,0,1,0,148.60320898075588,1.613673073904855e-05,720,1,0
265,30,10,0,0,1,16.119842529296875,"[0.0, 16.119842529296875]",16.119842529296875,14.285714285714285,16.119842529296875,10.383333333333429,0,1,0,154.53330767209263,1.6119842529296875e-05,623,1,0
265,31,35,0,0,1,15.934044974190847,"[0.0, 15.934044974190847]",15.934044974190847,14.285714285714285,15.934044974190847,10.816666666666784,0,1,0,151.42023865441297,1.593404497419085e-05,649,1,0
265,32,62,0,0,1,15.725795200892856,"[0.0, 15.725795200892856]",15.725795200892856,14.285714285714285,15.725795200892856,16.033333333333704,0,1,0,150.977886523302,1.5725795200892855e-05,962,1,0
265,33,49,0,0,0,15.547545296805247,"[0.0, 15.547545296805247]",15.547545296805247,14.285714285714285,15.547545296805247,10.650000000000109,0,1,0,150.66284925130458,1.5547545296805247e-05,639,1,0
265,34,36,0,0,0,15.375551496233259,"[0.0, 15.375551496233259]",15.375551496233259,14.285714285714285,15.375551496233259,10.700000000000111,0,1,0,151.43051879385894,1.5375551496233258e-05,642,1,0
265,35,31,0,0,0,15.19555228097098,"[0.0, 15.19555228097098]",15.19555228097098,14.285714285714285,15.19555228097098,10.516666666666769,0,1,0,148.96859773542383,1.519555228097098e-05,631,1,0
265,36,50,0,0,0,14.816736493791852,"[0.0, 14.816736493791852]",14.816736493791852,14.285714285714285,14.816736493791852,11.350000000000144,0,1,0,149.17162672800623,1.4816736493791853e-05,681,1,0
265,37,21,0,0,0,14.80522700718471,"[0.0, 14.80522700718471]",14.80522700718471,14.285714285714285,14.80522700718471,8.283333333333324,0,1,0,136.5913415066898,1.480522700718471e-05,497,1,0
265,38,48,0,0,0,14.673739842006139,"[0.0, 14.673739842006139]",14.673739842006139,14.285714285714285,14.673739842006139,10.483333333333434,0,1,0,147.53874829916458,1.4673739842006139e-05,629,1,0
265,39,32,0,0,0,11.560186658586774,"[0.0, 11.560186658586774]",11.560186658586774,11.428571428571429,11.560186658586774,11.166666666666801,0,1,0,113.77771470585867,1.1560186658586775e-05,670,1,0
265,40,59,0,0,0,11.348160334995814,"[0.0, 11.348160334995814]",11.348160334995814,8.571428571428571,11.348160334995814,9.166666666666702,0,1,0,110.18003296218376,1.1348160334995815e-05,550,1,0
265,41,27,0,0,0,11.274119785853795,"[0.0, 11.274119785853795]",11.274119785853795,8.571428571428571,11.274119785853795,8.399999999999997,0,1,0,109.6202983580879,1.1274119785853795e-05,504,1,0
265,42,56,0,0,0,11.102120535714285,"[0.0, 11.102120535714285]",11.102120535714285,8.571428571428571,11.102120535714285,8.04999999999998,0,1,0,107.16939063370228,1.1102120535714285e-05,483,1,0
265,43,28,0,0,0,11.066063472202845,"[0.0, 11.066063472202845]",11.066063472202845,8.571428571428571,11.066063472202845,8.766666666666682,0,1,0,109.21873625744774,1.1066063472202846e-05,526,1,0
265,44,51,0,0,0,10.996513366699219,"[0.0, 10.996513366699219]",10.996513366699219,8.571428571428571,10.996513366699219,7.349999999999979,0,1,0,107.1251409612596,1.0996513366699219e-05,441,1,0
265,45,25,0,0,0,9.766526903424943,"[0.0, 9.766526903424943]",9.766526903424943,8.571428571428571,9.766526903424943,5.716666666666652,0,1,0,95.0246476829052,9.766526903424943e-06,343,1,0
265,46,18,0,0,0,9.546863010951451,"[0.0, 9.546863010951451]",9.546863010951451,8.571428571428571,9.546863010951451,5.449999999999986,0,1,0,92.6839332729578,9.546863010951452e-06,327,1,0
265,47,47,0,0,0,9.175445011683873,"[0.0, 9.175445011683873]",9.175445011683873,8.571428571428571,9.175445011683873,8.750000000000014,0,1,0,83.0300963354166,9.175445011683873e-06,525,1,0
265,48,33,0,0,0,7.471768515450614,"[0.0, 7.471768515450614]",7.471768515450614,5.714285714285714,7.471768515450614,3.2333333333333267,0,1,0,76.6494751572609,7.4717685154506135e-06,194,1,0
265,49,30,0,0,0,6.958956037248884,"[0.0, 6.958956037248884]",6.958956037248884,5.714285714285714,6.958956037248884,2.716666666666662,0,1,0,63.85903564095497,6.958956037248884e-06,163,1,0
265,50,8,0,0,0,6.523955208914621,"[0.0, 6.523955208914621]",6.523955208914621,5.714285714285714,6.523955208914621,7.416666666666646,0,1,0,59.76121949827939,6.523955208914621e-06,445,1,0
265,51,12,0,0,0,6.480919974190848,"[0.0, 6.480919974190848]",6.480919974190848,5.714285714285714,6.480919974190848,7.416666666666646,0,1,0,59.53745291630912,6.480919974190848e-06,445,1,0
265,52,58,0,0,0,6.446887425013951,"[0.0, 6.446887425013951]",6.446887425013951,5.714285714285714,6.446887425013951,7.366666666666646,0,1,0,58.35101176380704,6.446887425013951e-06,442,1,0
265,53,11,0,0,0,6.432298932756697,"[0.0, 6.432298932756697]",6.432298932756697,5.714285714285714,6.432298932756697,7.416666666666646,0,1,0,59.53637408470968,6.432298932756697e-06,445,1,0
265,54,34,0,0,0,6.412075587681361,"[0.0, 6.412075587681361]",6.412075587681361,5.714285714285714,6.412075587681361,7.416666666666646,0,1,0,59.5369298588339,6.412075587681361e-06,445,1,0
265,55,15,0,0,0,6.403083801269531,"[0.0, 6.403083801269531]",6.403083801269531,5.714285714285714,6.403083801269531,7.366666666666646,0,1,0,58.59447743061901,6.4030838012695315e-06,442,1,0
265,56,20,0,0,0,6.329525538853237,"[0.0, 6.329525538853237]",6.329525538853237,5.714285714285714,6.329525538853237,7.366666666666646,0,1,0,58.22774309548549,6.329525538853237e-06,442,1,0
265,57,29,0,0,0,6.322479248046875,"[0.0, 6.322479248046875]",6.322479248046875,5.714285714285714,6.322479248046875,7.366666666666646,0,1,0,58.075644895187,6.322479248046875e-06,442,1,0
265,58,16,0,0,0,6.322005135672433,"[0.0, 6.322005135672433]",6.322005135672433,5.714285714285714,6.322005135672433,7.366666666666646,0,1,0,58.58146021498396,6.3220051356724335e-06,442,1,0
265,59,61,0,0,0,6.311563764299666,"[0.0, 6.311563764299666]",6.311563764299666,5.714285714285714,6.311563764299666,7.366666666666646,0,1,0,58.478472162656544,6.311563764299666e-06,442,1,0
265,60,9,0,0,0,4.6478053501674115,"[0.0, 4.6478053501674115]",4.6478053501674115,2.857142857142857,4.6478053501674115,2.3166666666666633,0,1,0,38.02601818740368,4.647805350167412e-06,139,1,0
265,61,26,0,0,0,4.0704345703125,"[0.0, 4.0704345703125]",4.0704345703125,2.857142857142857,4.0704345703125,1.9833333333333312,0,1,0,32.07951684296131,4.0704345703125e-06,119,1,0
265,62,55,0,0,0,3.7749862670898438,"[0.0, 3.7749862670898438]",3.7749862670898438,2.857142857142857,3.7749862670898438,5.566666666666652,0,1,0,26.718894871606608,3.7749862670898436e-06,334,1,0
265,63,42,0,0,0,3.446164812360491,"[0.0, 3.446164812360491]",3.446164812360491,2.857142857142857,3.446164812360491,2.533333333333329,0,1,0,25.76396857574582,3.446164812360491e-06,152,1,0
265,64,23,0,0,0,1.874950953892299,"[0.0, 1.874950953892299]",1.874950953892299,0.0,1.874950953892299,5.016666666666654,0,1,0,5.294544566233526,1.8749509538922991e-06,301,1,0
266,1,0,0,1,1,29.07006373223238,"[0.0, 29.07006373223238]",29.07006373223238,28.57142857142857,29.07006373223238,19.416666666666845,0,1,0,282.330984117747,2.907006373223238e-05,1165,1,0
266,2,1,0,1,1,28.555750174077392,"[0.0, 28.555750174077392]",28.555750174077392,25.71428571428571,28.555750174077392,20.083333333333474,0,1,0,285.9795293595016,2.8555750174077392e-05,1205,1,0
266,3,2,0,1,1,27.671193197069833,"[0.0, 27.671193197069833]",27.671193197069833,25.71428571428571,27.671193197069833,12.950000000000223,0,1,0,268.2002897739585,2.7671193197069833e-05,777,1,0
266,4,3,0,1,1,23.279554957901173,"[0.0, 23.279554957901173]",23.279554957901173,22.857142857142858,23.279554957901173,14.416666666666963,0,1,0,213.40182683184685,2.3279554957901172e-05,865,1,0
266,5,29,0,1,1,22.559149605887278,"[0.0, 22.559149605887278]",22.559149605887278,20.0,22.559149605887278,16.183333333333696,0,1,0,207.72322867465118,2.2559149605887278e-05,971,1,0
266,6,4,0,1,1,22.304894583565847,"[0.0, 22.304894583565847]",22.304894583565847,20.0,22.304894583565847,19.16666666666686,0,1,0,202.65076178580784,2.2304894583565847e-05,1150,1,0
266,7,5,0,1,1,22.165301186697825,"[0.0, 22.165301186697825]",22.165301186697825,20.0,22.165301186697825,12.266666666666856,0,1,0,200.841517050103,2.2165301186697824e-05,736,1,0
266,8,6,0,1,1,22.162786211286274,"[0.0, 22.162786211286274]",22.162786211286274,20.0,22.162786211286274,14.933333333333655,0,1,0,204.40520906735037,2.2162786211286276e-05,896,1,0
266,9,7,0,0,1,22.11598805018834,"[0.0, 22.11598805018834]",22.11598805018834,20.0,22.11598805018834,16.40000000000035,0,1,0,199.96907283434848,2.211598805018834e-05,984,1,0
266,10,25,0,0,1,21.793651580810547,"[0.0, 21.793651580810547]",21.793651580810547,20.0,21.793651580810547,14.200000000000285,0,1,0,200.66174667659652,2.1793651580810547e-05,852,1,0
266,11,58,0,0,1,21.294781821114675,"[0.0, 21.294781821114675]",21.294781821114675,20.0,21.294781821114675,12.716666666666878,0,1,0,195.24935173806443,2.1294781821114674e-05,763,1,0
266,12,16,0,0,1,20.908096858433314,"[0.0, 20.908096858433314]",20.908096858433314,20.0,20.908096858433314,14.550000000000303,0,1,0,196.15844788642426,2.0908096858433316e-05,873,1,0
266,13,38,0,0,1,20.80789293561663,"[0.0, 20.80789293561663]",20.80789293561663,20.0,20.80789293561663,11.766666666666831,0,1,0,195.74240846127213,2.0807892935616628e-05,706,1,0
266,14,49,0,0,1,20.63891547066825,"[0.0, 20.63891547066825]",20.63891547066825,20.0,20.63891547066825,11.983333333333508,0,1,0,194.81314310026937,2.0638915470668247e-05,719,1,0
266,15,24,0,0,1,20.51343100411551,"[0.0, 20.51343100411551]",20.51343100411551,20.0,20.51343100411551,12.666666666666876,0,1,0,195.7542936189202,2.051343100411551e-05,760,1,0
266,16,32,0,0,1,20.443447657993865,"[0.0, 20.443447657993865]",20.443447657993865,20.0,20.443447657993865,10.916666666666789,0,1,0,191.10738208969997,2.0443447657993865e-05,655,1,0
266,17,20,0,0,1,20.405349731445312,"[0.0, 20.405349731445312]",20.405349731445312,20.0,20.405349731445312,12.950000000000223,0,1,0,192.00844162634894,2.0405349731445313e-05,777,1,0
266,18,50,0,0,1,17.016705104282927,"[0.0, 17.016705104282927]",17.016705104282927,14.285714285714285,17.016705104282927,11.383333333333479,0,1,0,162.19894086312706,1.701670510428293e-05,683,1,0
266,19,33,0,0,1,16.953637259347097,"[0.0, 16.953637259347097]",16.953637259347097,14.285714285714285,16.953637259347097,11.716666666666828,0,1,0,159.9460688695035,1.6953637259347097e-05,703,1,0
266,20,23,0,0,1,16.901473999023438,"[0.0, 16.901473999023438]",16.901473999023438,14.285714285714285,16.901473999023438,9.033333333333362,0,1,0,156.3009247612208,1.690147399902344e-05,542,1,0
266,21,22,0,0,1,16.87282017299107,"[0.0, 16.87282017299107]",16.87282017299107,14.285714285714285,16.87282017299107,10.683333333333444,0,1,0,157.53766219100362,1.687282017299107e-05,641,1,0
266,22,63,0,0,1,16.81317465645926,"[0.0, 16.81317465645926]",16.81317465645926,14.285714285714285,16.81317465645926,10.283333333333424,0,1,0,154.0583011635681,1.681317465645926e-05,617,1,0
266,23,57,0,0,1,16.794362749372212,"[0.0, 16.794362749372212]",16.794362749372212,14.285714285714285,16.794362749372212,10.833333333333451,0,1,0,158.91604868588183,1.6794362749372212e-05,650,1,0
266,24,17,0,0,1,16.660357883998326,"[0.0, 16.660357883998326]",16.660357883998326,14.285714285714285,16.660357883998326,11.016666666666794,0,1,0,156.2466455654503,1.6660357883998325e-05,661,1,0
266,25,21,0,0,1,16.26385280064174,"[0.0, 16.26385280064174]",16.26385280064174,14.285714285714285,16.26385280064174,9.100000000000032,0,1,0,152.68306276015937,1.626385280064174e-05,546,1,0
266,26,19,0,0,1,16.226866585867747,"[0.0, 16.226866585867747]",16.226866585867747,14.285714285714285,16.226866585867747,12.950000000000223,0,1,0,152.58587883506698,1.6226866585867745e-05,777,1,0
266,27,62,0,0,1,16.120038713727677,"[0.0, 16.120038713727677]",16.120038713727677,14.285714285714285,16.120038713727677,10.766666666666781,0,1,0,153.19152835253772,1.6120038713727677e-05,646,1,0
266,28,14,0,0,1,15.966191973005023,"[0.0, 15.966191973005023]",15.966191973005023,14.285714285714285,15.966191973005023,9.950000000000074,0,1,0,151.0819831510962,1.5966191973005024e-05,597,1,0
266,29,46,0,0,1,15.827228001185825,"[0.0, 15.827228001185825]",15.827228001185825,14.285714285714285,15.827228001185825,9.783333333333399,0,1,0,146.45628265965206,1.5827228001185826e-05,587,1,0
266,30,54,0,0,1,15.826922825404576,"[0.0, 15.826922825404576]",15.826922825404576,14.285714285714285,15.826922825404576,10.133333333333416,0,1,0,149.58275726407737,1.5826922825404577e-05,608,1,0
266,31,51,0,0,1,15.194614955357144,"[0.0, 15.194614955357144]",15.194614955357144,14.285714285714285,15.194614955357144,11.066666666666796,0,1,0,147.9981683957085,1.5194614955357143e-05,664,1,0
266,32,8,0,0,1,14.993602207728795,"[0.0, 14.993602207728795]",14.993602207728795,14.285714285714285,14.993602207728795,11.100000000000131,0,1,0,151.25918627905776,1.4993602207728795e-05,666,1,0
266,33,34,0,0,0,14.444481985909599,"[0.0, 14.444481985909599]",14.444481985909599,14.285714285714285,14.444481985909599,10.533333333333436,0,1,0,139.58208004772314,1.44444819859096e-05,632,1,0
266,34,40,0,0,0,14.231730869838168,"[0.0, 14.231730869838168]",14.231730869838168,11.428571428571429,14.231730869838168,10.616666666666774,0,1,0,143.52472879643756,1.4231730869838168e-05,637,1,0
266,35,56,0,0,0,11.622505187988281,"[0.0, 11.622505187988281]",11.622505187988281,11.428571428571429,11.622505187988281,8.566666666666672,0,1,0,111.9129998311837,1.1622505187988281e-05,514,1,0
266,36,60,0,0,0,11.598194667271205,"[0.0, 11.598194667271205]",11.598194667271205,11.428571428571429,11.598194667271205,8.349999999999994,0,1,0,112.43733054678887,1.1598194667271204e-05,501,1,0
266,37,15,0,0,0,11.593276432582309,"[0.0, 11.593276432582309]",11.593276432582309,11.428571428571429,11.593276432582309,9.916666666666739,0,1,0,116.44661036899197,1.1593276432582309e-05,595,1,0
266,38,28,0,0,0,11.589766911097936,"[0.0, 11.589766911097936]",11.589766911097936,11.428571428571429,11.589766911097936,7.749999999999978,0,1,0,112.21538660675287,1.1589766911097936e-05,465,1,0
266,39,35,0,0,0,11.316920689174108,"[0.0, 11.316920689174108]",11.316920689174108,8.571428571428571,11.316920689174108,6.799999999999981,0,1,0,103.6964475363493,1.1316920689174108e-05,408,1,0
266,40,11,0,0,0,11.251847403390066,"[0.0, 11.251847403390066]",11.251847403390066,8.571428571428571,11.251847403390066,8.216666666666654,0,1,0,110.56793161574751,1.1251847403390066e-05,493,1,0
266,41,43,0,0,0,10.68166732788086,"[0.0, 10.68166732788086]",10.68166732788086,8.571428571428571,10.68166732788086,9.683333333333394,0,1,0,105.61597157766664,1.068166732788086e-05,581,1,0
266,42,26,0,0,0,10.550291878836497,"[0.0, 10.550291878836497]",10.550291878836497,8.571428571428571,10.550291878836497,9.683333333333394,0,1,0,105.0472672253818,1.0550291878836497e-05,581,1,0
266,43,53,0,0,0,10.437583923339844,"[0.0, 10.437583923339844]",10.437583923339844,8.571428571428571,10.437583923339844,7.98333333333331,0,1,0,100.73350419197232,1.0437583923339843e-05,479,1,0
266,44,12,0,0,0,10.310004098074776,"[0.0, 10.310004098074776]",10.310004098074776,8.571428571428571,10.310004098074776,6.383333333333316,0,1,0,101.07556653022766,1.0310004098074776e-05,383,1,0
266,45,18,0,0,0,9.864610944475446,"[0.0, 9.864610944475446]",9.864610944475446,8.571428571428571,9.864610944475446,5.549999999999986,0,1,0,94.86635959148407,9.864610944475446e-06,333,1,0
266,46,13,0,0,0,9.592573983328682,"[0.0, 9.592573983328682]",9.592573983328682,8.571428571428571,9.592573983328682,5.433333333333319,0,1,0,94.0959215760231,9.592573983328683e-06,326,1,0
266,47,52,0,0,0,9.470885140555245,"[0.0, 9.470885140555245]",9.470885140555245,8.571428571428571,9.470885140555245,7.316666666666646,0,1,0,95.55406366288662,9.470885140555245e-06,439,1,0
266,48,48,0,0,0,9.008726392473493,"[0.0, 9.008726392473493]",9.008726392473493,8.571428571428571,9.008726392473493,5.3833333333333195,0,1,0,89.12224547564983,9.008726392473494e-06,323,1,0
266,49,55,0,0,0,8.729793003627233,"[0.0, 8.729793003627233]",8.729793003627233,8.571428571428571,8.729793003627233,8.600000000000007,0,1,0,77.39757949546038,8.729793003627232e-06,516,1,0
266,50,39,0,0,0,8.335326058523995,"[0.0, 8.335326058523995]",8.335326058523995,5.714285714285714,8.335326058523995,13.250000000000238,0,1,0,71.65731529675395,8.335326058523994e-06,795,1,0
266,51,47,0,0,0,7.8048024858747205,"[0.0, 7.8048024858747205]",7.8048024858747205,5.714285714285714,7.8048024858747205,4.866666666666655,0,1,0,80.21892093122005,7.80480248587472e-06,292,1,0
266,52,45,0,0,0,6.535377502441405,"[0.0, 6.535377502441405]",6.535377502441405,5.714285714285714,6.535377502441405,7.4666666666666455,0,1,0,60.34474102732929,6.535377502441405e-06,448,1,0
266,53,37,0,0,0,6.412991115025111,"[0.0, 6.412991115025111]",6.412991115025111,5.714285714285714,6.412991115025111,7.366666666666646,0,1,0,58.59621295663237,6.4129911150251115e-06,442,1,0
266,54,30,0,0,0,6.410882132393973,"[0.0, 6.410882132393973]",6.410882132393973,5.714285714285714,6.410882132393973,7.416666666666646,0,1,0,59.53752225196513,6.410882132393973e-06,445,1,0
266,55,61,0,0,0,6.358936854771205,"[0.0, 6.358936854771205]",6.358936854771205,5.714285714285714,6.358936854771205,7.366666666666646,0,1,0,58.581708453297324,6.358936854771205e-06,442,1,0
266,56,41,0,0,0,6.352816990443638,"[0.0, 6.352816990443638]",6.352816990443638,5.714285714285714,6.352816990443638,7.366666666666646,0,1,0,58.58191867086134,6.352816990443638e-06,442,1,0
266,57,10,0,0,0,6.33514404296875,"[0.0, 6.33514404296875]",6.33514404296875,5.714285714285714,6.33514404296875,7.366666666666646,0,1,0,58.49784144137084,6.33514404296875e-06,442,1,0
266,58,36,0,0,0,6.327885219029018,"[0.0, 6.327885219029018]",6.327885219029018,5.714285714285714,6.327885219029018,7.366666666666646,0,1,0,58.58121918349207,6.327885219029018e-06,442,1,0
266,59,9,0,0,0,6.322026933942522,"[0.0, 6.322026933942522]",6.322026933942522,5.714285714285714,6.322026933942522,7.366666666666646,0,1,0,58.4820647184024,6.3220269339425215e-06,442,1,0
266,60,42,0,0,0,6.318768092564174,"[0.0, 6.318768092564174]",6.318768092564174,5.714285714285714,6.318768092564174,7.366666666666646,0,1,0,58.72668954908295,6.318768092564173e-06,442,1,0
266,61,59,0,0,0,6.3105283464704245,"[0.0, 6.3105283464704245]",6.3105283464704245,5.714285714285714,6.3105283464704245,7.366666666666646,0,1,0,58.35373059057747,6.310528346470424e-06,442,1,0
266,62,27,0,0,0,6.307416643415179,"[0.0, 6.307416643415179]",6.307416643415179,5.714285714285714,6.307416643415179,7.366666666666646,0,1,0,58.49478799704957,6.3074166434151786e-06,442,1,0
266,63,31,0,0,0,4.487468174525669,"[0.0, 4.487468174525669]",4.487468174525669,2.857142857142857,4.487468174525669,2.199999999999997,0,1,0,36.32018378376961,4.487468174525669e-06,132,1,0
266,64,44,0,0,0,3.362306867327009,"[0.0, 3.362306867327009]",3.362306867327009,2.857142857142857,3.362306867327009,5.2999999999999865,0,1,0,23.111929425635026,3.362306867327009e-06,318,1,0
267,1,0,0,1,1,29.07006373223238,"[0.0, 29.07006373223238]",29.07006373223238,28.57142857142857,29.07006373223238,19.416666666666845,0,1,0,282.330984117747,2.907006373223238e-05,1165,1,0
267,2,1,0,1,1,28.555750174077392,"[0.0, 28.555750174077392]",28.555750174077392,25.71428571428571,28.555750174077392,20.083333333333474,0,1,0,285.9795293595016,2.8555750174077392e-05,1205,1,0
267,3,2,0,1,1,27.671193197069833,"[0.0, 27.671193197069833]",27.671193197069833,25.71428571428571,27.671193197069833,12.950000000000223,0,1,0,268.2002897739585,2.7671193197069833e-05,777,1,0
267,4,3,0,1,1,23.279554957901173,"[0.0, 23.279554957901173]",23.279554957901173,22.857142857142858,23.279554957901173,14.416666666666963,0,1,0,213.40182683184685,2.3279554957901172e-05,865,1,0
267,5,4,0,1,1,22.559149605887278,"[0.0, 22.559149605887278]",22.559149605887278,20.0,22.559149605887278,16.183333333333696,0,1,0,207.72322867465118,2.2559149605887278e-05,971,1,0
267,6,5,0,1,1,22.304894583565847,"[0.0, 22.304894583565847]",22.304894583565847,20.0,22.304894583565847,19.16666666666686,0,1,0,202.65076178580784,2.2304894583565847e-05,1150,1,0
267,7,6,0,1,1,22.165301186697825,"[0.0, 22.165301186697825]",22.165301186697825,20.0,22.165301186697825,12.266666666666856,0,1,0,200.841517050103,2.2165301186697824e-05,736,1,0
267,8,7,0,1,1,22.162786211286274,"[0.0, 22.162786211286274]",22.162786211286274,20.0,22.162786211286274,14.933333333333655,0,1,0,204.40520906735037,2.2162786211286276e-05,896,1,0
267,9,29,0,0,1,21.4815548488072,"[0.0, 21.4815548488072]",21.4815548488072,20.0,21.4815548488072,12.150000000000183,0,1,0,196.67088413450256,2.14815548488072e-05,729,1,0
267,10,13,0,0,1,21.185831342424667,"[0.0, 21.185831342424667]",21.185831342424667,20.0,21.185831342424667,12.050000000000178,0,1,0,196.99279969453346,2.1185831342424668e-05,723,1,0
267,11,55,0,0,1,21.087594713483536,"[0.0, 21.087594713483536]",21.087594713483536,20.0,21.087594713483536,10.933333333333456,0,1,0,192.92940788901615,2.1087594713483537e-05,656,1,0
267,12,33,0,0,1,20.696517399379186,"[0.0, 20.696517399379186]",20.696517399379186,20.0,20.696517399379186,13.10000000000023,0,1,0,192.7194672442056,2.0696517399379186e-05,786,1,0
267,13,45,0,0,1,20.574776785714285,"[0.0, 20.574776785714285]",20.574776785714285,20.0,20.574776785714285,11.866666666666836,0,1,0,193.12892789507168,2.0574776785714283e-05,712,1,0
267,14,25,0,0,1,20.51770074026925,"[0.0, 20.51770074026925]",20.51770074026925,20.0,20.51770074026925,13.10000000000023,0,1,0,191.68140940014564,2.051770074026925e-05,786,1,0
267,15,14,0,0,1,19.497429983956476,"[0.0, 19.497429983956476]",19.497429983956476,17.142857142857142,19.497429983956476,12.350000000000193,0,1,0,191.64854205025767,1.9497429983956477e-05,741,1,0
267,16,46,0,0,1,17.15057918003627,"[0.0, 17.15057918003627]",17.15057918003627,17.142857142857142,17.15057918003627,11.850000000000168,0,1,0,167.3666245055283,1.715057918003627e-05,711,1,0
267,17,48,0,0,1,17.118639264787948,"[0.0, 17.118639264787948]",17.118639264787948,14.285714285714285,17.118639264787948,10.750000000000114,0,1,0,160.74175699811167,1.7118639264787946e-05,645,1,0
267,18,56,0,0,1,16.93546840122768,"[0.0, 16.93546840122768]",16.93546840122768,14.285714285714285,16.93546840122768,9.633333333333391,0,1,0,159.84348345398757,1.693546840122768e-05,578,1,0
267,19,54,0,0,1,16.752804347446986,"[0.0, 16.752804347446986]",16.752804347446986,14.285714285714285,16.752804347446986,11.000000000000126,0,1,0,158.8575304582555,1.6752804347446987e-05,660,1,0
267,20,50,0,0,1,16.608755929129465,"[0.0, 16.608755929129465]",16.608755929129465,14.285714285714285,16.608755929129465,10.666666666666776,0,1,0,162.81309266612516,1.6608755929129464e-05,640,1,0
267,21,23,0,0,1,16.387759617396764,"[0.0, 16.387759617396764]",16.387759617396764,14.285714285714285,16.387759617396764,11.216666666666804,0,1,0,156.18208319535916,1.6387759617396762e-05,673,1,0
267,22,31,0,0,1,16.268719264439174,"[0.0, 16.268719264439174]",16.268719264439174,14.285714285714285,16.268719264439174,8.933333333333357,0,1,0,150.4127089716494,1.6268719264439174e-05,536,1,0
267,23,17,0,0,1,16.191907610212052,"[0.0, 16.191907610212052]",16.191907610212052,14.285714285714285,16.191907610212052,9.233333333333372,0,1,0,149.30247681308538,1.619190761021205e-05,554,1,0
267,24,39,0,0,1,16.054932730538503,"[0.0, 16.054932730538503]",16.054932730538503,14.285714285714285,16.054932730538503,10.133333333333416,0,1,0,152.44459622081922,1.6054932730538502e-05,608,1,0
267,25,37,0,0,1,15.984725952148438,"[0.0, 15.984725952148438]",15.984725952148438,14.285714285714285,15.984725952148438,9.683333333333394,0,1,0,148.86528603969782,1.5984725952148436e-05,581,1,0
267,26,47,0,0,1,15.946916852678573,"[0.0, 15.946916852678573]",15.946916852678573,14.285714285714285,15.946916852678573,10.466666666666766,0,1,0,151.87602148627047,1.5946916852678573e-05,628,1,0
267,27,22,0,0,1,15.933009556361608,"[0.0, 15.933009556361608]",15.933009556361608,14.285714285714285,15.933009556361608,12.133333333333516,0,1,0,149.86041179720632,1.5933009556361607e-05,728,1,0
267,28,51,0,0,1,15.268985203334262,"[0.0, 15.268985203334262]",15.268985203334262,14.285714285714285,15.268985203334262,9.316666666666709,0,1,0,139.05813012548606,1.5268985203334262e-05,559,1,0
267,29,36,0,0,1,14.380945478166854,"[0.0, 14.380945478166854]",14.380945478166854,14.285714285714285,14.380945478166854,10.116666666666749,0,1,0,140.40438997615274,1.4380945478166854e-05,607,1,0
267,30,38,0,0,1,14.285790579659599,"[0.0, 14.285790579659599]",14.285790579659599,14.285714285714285,14.285790579659599,18.650000000000222,0,1,0,185.68277685833164,1.4285790579659598e-05,1119,1,0
267,31,63,0,0,1,11.554110390799387,"[0.0, 11.554110390799387]",11.554110390799387,11.428571428571429,11.554110390799387,8.033333333333312,0,1,0,112.23872771300375,1.1554110390799386e-05,482,1,0
267,32,60,0,0,1,11.419402531215123,"[0.0, 11.419402531215123]",11.419402531215123,8.571428571428571,11.419402531215123,8.24999999999999,0,1,0,111.84321683365852,1.1419402531215124e-05,495,1,0
267,33,8,0,0,0,11.385737827845983,"[0.0, 11.385737827845983]",11.385737827845983,8.571428571428571,11.385737827845983,8.216666666666654,0,1,0,110.90533471852541,1.1385737827845982e-05,493,1,0
267,34,24,0,0,0,11.227496010916575,"[0.0, 11.227496010916575]",11.227496010916575,8.571428571428571,11.227496010916575,8.083333333333314,0,1,0,108.92824994213879,1.1227496010916575e-05,485,1,0
267,35,52,0,0,0,11.128027779715403,"[0.0, 11.128027779715403]",11.128027779715403,8.571428571428571,11.128027779715403,6.6999999999999815,0,1,0,105.8385668694973,1.1128027779715403e-05,402,1,0
267,36,15,0,0,0,10.967249189104352,"[0.0, 10.967249189104352]",10.967249189104352,8.571428571428571,10.967249189104352,7.999999999999977,0,1,0,106.21206428669393,1.0967249189104352e-05,480,1,0
267,37,40,0,0,0,9.760017395019531,"[0.0, 9.760017395019531]",9.760017395019531,8.571428571428571,9.760017395019531,5.533333333333319,0,1,0,94.93430012464523,9.760017395019532e-06,332,1,0
267,38,61,0,0,0,9.752834865025111,"[0.0, 9.752834865025111]",9.752834865025111,8.571428571428571,9.752834865025111,5.499999999999986,0,1,0,93.60093447566032,9.752834865025112e-06,330,1,0
267,39,57,0,0,0,8.941236223493304,"[0.0, 8.941236223493304]",8.941236223493304,8.571428571428571,8.941236223493304,7.999999999999977,0,1,0,72.93537412125443,8.941236223493304e-06,480,1,0
267,40,30,0,0,0,8.903056553431918,"[0.0, 8.903056553431918]",8.903056553431918,8.571428571428571,8.903056553431918,8.833333333333352,0,1,0,80.86555479906383,8.903056553431918e-06,530,1,0
267,41,9,0,0,0,8.650556291852679,"[0.0, 8.650556291852679]",8.650556291852679,8.571428571428571,8.650556291852679,8.133333333333317,0,1,0,69.71837902042898,8.650556291852679e-06,488,1,0
267,42,62,0,0,0,8.524229867117745,"[0.0, 8.524229867117745]",8.524229867117745,5.714285714285714,8.524229867117745,7.733333333333311,0,1,0,66.14296174554329,8.524229867117745e-06,464,1,0
267,43,18,0,0,0,8.513532366071429,"[0.0, 8.513532366071429]",8.513532366071429,5.714285714285714,8.513532366071429,12.116666666666848,0,1,0,73.34129842733819,8.51353236607143e-06,727,1,0
267,44,19,0,0,0,7.882546016148158,"[0.0, 7.882546016148158]",7.882546016148158,5.714285714285714,7.882546016148158,4.9166666666666545,0,1,0,81.57319094240665,7.882546016148158e-06,295,1,0
267,45,21,0,0,0,7.6569284711565295,"[0.0, 7.6569284711565295]",7.6569284711565295,5.714285714285714,7.6569284711565295,4.849999999999988,0,1,0,79.24568471312523,7.65692847115653e-06,291,1,0
267,46,28,0,0,0,6.442794799804688,"[0.0, 6.442794799804688]",6.442794799804688,5.714285714285714,6.442794799804688,7.366666666666646,0,1,0,58.58184237173555,6.442794799804689e-06,442,1,0
267,47,41,0,0,0,6.430958339146205,"[0.0, 6.430958339146205]",6.430958339146205,5.714285714285714,6.430958339146205,7.416666666666646,0,1,0,59.536843919355306,6.430958339146205e-06,445,1,0
267,48,16,0,0,0,6.419873918805803,"[0.0, 6.419873918805803]",6.419873918805803,5.714285714285714,6.419873918805803,7.366666666666646,0,1,0,58.59646075578348,6.4198739188058025e-06,442,1,0
267,49,43,0,0,0,6.419165475027902,"[0.0, 6.419165475027902]",6.419165475027902,5.714285714285714,6.419165475027902,7.366666666666646,0,1,0,58.478403343491664,6.419165475027902e-06,442,1,0
267,50,32,0,0,0,6.390615190778459,"[0.0, 6.390615190778459]",6.390615190778459,5.714285714285714,6.390615190778459,7.416666666666646,0,1,0,59.536709639811306,6.390615190778459e-06,445,1,0
267,51,11,0,0,0,6.388811383928572,"[0.0, 6.388811383928572]",6.388811383928572,5.714285714285714,6.388811383928572,7.416666666666646,0,1,0,59.536971478461055,6.388811383928572e-06,445,1,0
267,52,10,0,0,0,6.364021301269532,"[0.0, 6.364021301269532]",6.364021301269532,5.714285714285714,6.364021301269532,7.366666666666646,0,1,0,58.64869384215126,6.364021301269532e-06,442,1,0
267,53,20,0,0,0,6.353116716657365,"[0.0, 6.353116716657365]",6.353116716657365,5.714285714285714,6.353116716657365,7.366666666666646,0,1,0,58.47837508429802,6.353116716657366e-06,442,1,0
267,54,49,0,0,0,6.342691693987165,"[0.0, 6.342691693987165]",6.342691693987165,5.714285714285714,6.342691693987165,7.366666666666646,0,1,0,58.55593106273591,6.342691693987165e-06,442,1,0
267,55,53,0,0,0,6.335138593401228,"[0.0, 6.335138593401228]",6.335138593401228,5.714285714285714,6.335138593401228,7.366666666666646,0,1,0,58.58248035050201,6.335138593401228e-06,442,1,0
267,56,44,0,0,0,6.326740809849331,"[0.0, 6.326740809849331]",6.326740809849331,5.714285714285714,6.326740809849331,7.366666666666646,0,1,0,58.58134765961586,6.326740809849331e-06,442,1,0
267,57,26,0,0,0,6.308653695242746,"[0.0, 6.308653695242746]",6.308653695242746,5.714285714285714,6.308653695242746,7.366666666666646,0,1,0,58.581910266577324,6.308653695242746e-06,442,1,0
267,58,27,0,0,0,6.308223179408483,"[0.0, 6.308223179408483]",6.308223179408483,5.714285714285714,6.308223179408483,7.366666666666646,0,1,0,58.478310111189785,6.308223179408483e-06,442,1,0
267,59,59,0,0,0,6.3063812255859375,"[0.0, 6.3063812255859375]",6.3063812255859375,5.714285714285714,6.3063812255859375,7.366666666666646,0,1,0,58.58151767717936,6.306381225585938e-06,442,1,0
267,60,58,0,0,0,6.288893563406808,"[0.0, 6.288893563406808]",6.288893563406808,5.714285714285714,6.288893563406808,7.366666666666646,0,1,0,58.297747067394084,6.288893563406808e-06,442,1,0
267,61,12,0,0,0,4.676497323172433,"[0.0, 4.676497323172433]",4.676497323172433,2.857142857142857,4.676497323172433,2.2999999999999967,0,1,0,38.328856974840164,4.676497323172433e-06,138,1,0
267,62,35,0,0,0,4.640595572335379,"[0.0, 4.640595572335379]",4.640595572335379,2.857142857142857,4.640595572335379,2.33333333333333,0,1,0,37.93834426999092,4.640595572335379e-06,140,1,0
267,63,42,0,0,0,3.532333374023437,"[0.0, 3.532333374023437]",3.532333374023437,2.857142857142857,3.532333374023437,2.5999999999999956,0,1,0,26.623056076467037,3.532333374023437e-06,156,1,0
267,64,34,0,0,0,2.8304726736886163,"[0.0, 2.8304726736886163]",2.8304726736886163,0.0,2.8304726736886163,5.033333333333321,0,1,0,41.169687964138575,2.8304726736886163e-06,302,1,0
268,1,0,0,1,1,29.07006373223238,"[0.0, 29.07006373223238]",29.07006373223238,28.57142857142857,29.07006373223238,19.416666666666845,0,1,0,282.330984117747,2.907006373223238e-05,1165,1,0
268,2,1,0,1,1,28.555750174077392,"[0.0, 28.555750174077392]",28.555750174077392,25.71428571428571,28.555750174077392,20.083333333333474,0,1,0,285.9795293595016,2.8555750174077392e-05,1205,1,0
268,3,2,0,1,1,27.671193197069833,"[0.0, 27.671193197069833]",27.671193197069833,25.71428571428571,27.671193197069833,12.950000000000223,0,1,0,268.2002897739585,2.7671193197069833e-05,777,1,0
268,4,35,0,1,1,27.43463304739407,"[0.0, 27.43463304739407]",27.43463304739407,25.71428571428571,27.43463304739407,12.43333333333353,0,1,0,264.66152656511986,2.743463304739407e-05,746,1,0
268,5,3,0,1,1,23.279554957901173,"[0.0, 23.279554957901173]",23.279554957901173,22.857142857142858,23.279554957901173,14.416666666666963,0,1,0,213.40182683184685,2.3279554957901172e-05,865,1,0
268,6,33,0,1,1,22.778475625174384,"[0.0, 22.778475625174384]",22.778475625174384,20.0,22.778475625174384,15.250000000000338,0,1,0,208.91949978344928,2.2778475625174385e-05,915,1,0
268,7,4,0,1,1,22.559149605887278,"[0.0, 22.559149605887278]",22.559149605887278,20.0,22.559149605887278,16.183333333333696,0,1,0,207.72322867465118,2.2559149605887278e-05,971,1,0
268,8,32,0,1,1,22.360894339425222,"[0.0, 22.360894339425222]",22.360894339425222,20.0,22.360894339425222,13.50000000000025,0,1,0,201.82380051042855,2.2360894339425223e-05,810,1,0
268,9,5,0,0,1,22.304894583565847,"[0.0, 22.304894583565847]",22.304894583565847,20.0,22.304894583565847,19.16666666666686,0,1,0,202.65076178580784,2.2304894583565847e-05,1150,1,0
268,10,6,0,0,1,22.165301186697825,"[0.0, 22.165301186697825]",22.165301186697825,20.0,22.165301186697825,12.266666666666856,0,1,0,200.841517050103,2.2165301186697824e-05,736,1,0
268,11,7,0,0,1,22.162786211286274,"[0.0, 22.162786211286274]",22.162786211286274,20.0,22.162786211286274,14.933333333333655,0,1,0,204.40520906735037,2.2162786211286276e-05,896,1,0
268,12,22,0,0,1,21.73133305140904,"[0.0, 21.73133305140904]",21.73133305140904,20.0,21.73133305140904,13.916666666666938,0,1,0,200.3634454615094,2.1731333051409042e-05,835,1,0
268,13,20,0,0,1,21.55451910836356,"[0.0, 21.55451910836356]",21.55451910836356,20.0,21.55451910836356,12.63333333333354,0,1,0,198.51325067014113,2.155451910836356e-05,758,1,0
268,14,63,0,0,1,21.098864419119696,"[0.0, 21.098864419119696]",21.098864419119696,20.0,21.098864419119696,12.550000000000203,0,1,0,193.8631317606123,2.1098864419119695e-05,753,1,0
268,15,46,0,0,1,20.48979622977121,"[0.0, 20.48979622977121]",20.48979622977121,20.0,20.48979622977121,14.150000000000283,0,1,0,191.82416820067738,2.048979622977121e-05,849,1,0
268,16,31,0,0,1,20.293298448835102,"[0.0, 20.293298448835102]",20.293298448835102,20.0,20.293298448835102,12.250000000000188,0,1,0,191.6656525508879,2.0293298448835104e-05,735,1,0
268,17,17,0,0,1,20.174290793282644,"[0.0, 20.174290793282644]",20.174290793282644,20.0,20.174290793282644,11.766666666666831,0,1,0,191.28763841610635,2.0174290793282646e-05,706,1,0
268,18,26,0,0,1,20.123247419084823,"[0.0, 20.123247419084823]",20.123247419084823,20.0,20.123247419084823,11.883333333333503,0,1,0,192.8920152987921,2.0123247419084824e-05,713,1,0
268,19,59,0,0,1,16.934133257184712,"[0.0, 16.934133257184712]",16.934133257184712,14.285714285714285,16.934133257184712,11.750000000000163,0,1,0,166.92125959313125,1.6934133257184713e-05,705,1,0
268,20,19,0,0,1,16.852095467703684,"[0.0, 16.852095467703684]",16.852095467703684,14.285714285714285,16.852095467703684,10.416666666666764,0,1,0,159.66530768560187,1.6852095467703683e-05,625,1,0
268,21,50,0,0,1,16.683758326939174,"[0.0, 16.683758326939174]",16.683758326939174,14.285714285714285,16.683758326939174,10.400000000000096,0,1,0,161.39979396824492,1.6683758326939172e-05,624,1,0
268,22,37,0,0,1,16.529410226004465,"[0.0, 16.529410226004465]",16.529410226004465,14.285714285714285,16.529410226004465,10.950000000000124,0,1,0,156.85716816051718,1.6529410226004466e-05,657,1,0
268,23,11,0,0,1,16.491410391671316,"[0.0, 16.491410391671316]",16.491410391671316,14.285714285714285,16.491410391671316,10.200000000000086,0,1,0,156.22822324690787,1.6491410391671315e-05,612,1,0
268,24,44,0,0,1,16.404130118233816,"[0.0, 16.404130118233816]",16.404130118233816,14.285714285714285,16.404130118233816,10.100000000000081,0,1,0,151.67453944126464,1.6404130118233815e-05,606,1,0
268,25,10,0,0,1,16.403487069266184,"[0.0, 16.403487069266184]",16.403487069266184,14.285714285714285,16.403487069266184,10.116666666666749,0,1,0,154.82178746529826,1.6403487069266184e-05,607,1,0
268,26,12,0,0,1,16.250196184430806,"[0.0, 16.250196184430806]",16.250196184430806,14.285714285714285,16.250196184430806,10.766666666666781,0,1,0,154.9712829506243,1.6250196184430804e-05,646,1,0
268,27,48,0,0,1,16.1512701851981,"[0.0, 16.1512701851981]",16.1512701851981,14.285714285714285,16.1512701851981,9.900000000000071,0,1,0,148.51291137808585,1.61512701851981e-05,594,1,0
268,28,30,0,0,1,16.103875296456476,"[0.0, 16.103875296456476]",16.103875296456476,14.285714285714285,16.103875296456476,9.066666666666697,0,1,0,149.88727844506502,1.6103875296456475e-05,544,1,0
268,29,45,0,0,1,15.986731392996653,"[0.0, 15.986731392996653]",15.986731392996653,14.285714285714285,15.986731392996653,9.666666666666726,0,1,0,152.54157678629417,1.5986731392996652e-05,580,1,0
268,30,36,0,0,1,15.883767264229911,"[0.0, 15.883767264229911]",15.883767264229911,14.285714285714285,15.883767264229911,9.750000000000064,0,1,0,147.97680786380806,1.588376726422991e-05,585,1,0
268,31,62,0,0,1,15.504629952566965,"[0.0, 15.504629952566965]",15.504629952566965,14.285714285714285,15.504629952566965,11.033333333333461,0,1,0,152.60153905865445,1.5504629952566964e-05,662,1,0
268,32,41,0,0,1,15.430668422154017,"[0.0, 15.430668422154017]",15.430668422154017,14.285714285714285,15.430668422154017,8.433333333333332,0,1,0,139.80025651678443,1.5430668422154018e-05,506,1,0
268,33,53,0,0,0,15.403349740164622,"[0.0, 15.403349740164622]",15.403349740164622,14.285714285714285,15.403349740164622,9.500000000000052,0,1,0,140.79158405966882,1.5403349740164623e-05,570,1,0
268,34,21,0,0,0,14.93452889578683,"[0.0, 14.93452889578683]",14.93452889578683,14.285714285714285,14.93452889578683,10.550000000000104,0,1,0,146.97888941421843,1.493452889578683e-05,633,1,0
268,35,40,0,0,0,14.827499389648438,"[0.0, 14.827499389648438]",14.827499389648438,14.285714285714285,14.827499389648438,10.450000000000099,0,1,0,145.9184241336843,1.4827499389648438e-05,627,1,0
268,36,38,0,0,0,14.734437125069755,"[0.0, 14.734437125069755]",14.734437125069755,14.285714285714285,14.734437125069755,10.316666666666759,0,1,0,139.51373477508605,1.4734437125069755e-05,619,1,0
268,37,43,0,0,0,11.65407453264509,"[0.0, 11.65407453264509]",11.65407453264509,11.428571428571429,11.65407453264509,8.600000000000007,0,1,0,115.87355953780934,1.165407453264509e-05,516,1,0
268,38,18,0,0,0,11.606055668422153,"[0.0, 11.606055668422153]",11.606055668422153,11.428571428571429,11.606055668422153,8.283333333333324,0,1,0,115.00864011794329,1.1606055668422153e-05,497,1,0
268,39,29,0,0,0,11.582489013671875,"[0.0, 11.582489013671875]",11.582489013671875,11.428571428571429,11.582489013671875,9.250000000000039,0,1,0,116.4435277027078,1.1582489013671875e-05,555,1,0
268,40,28,0,0,0,11.244653974260602,"[0.0, 11.244653974260602]",11.244653974260602,8.571428571428571,11.244653974260602,9.700000000000061,0,1,0,112.13287080739974,1.1244653974260602e-05,582,1,0
268,41,15,0,0,0,11.215847560337613,"[0.0, 11.215847560337613]",11.215847560337613,8.571428571428571,11.215847560337613,9.05000000000003,0,1,0,110.0835005691988,1.1215847560337613e-05,543,1,0
268,42,51,0,0,0,11.210400717599052,"[0.0, 11.210400717599052]",11.210400717599052,8.571428571428571,11.210400717599052,7.333333333333313,0,1,0,104.75463216751814,1.1210400717599052e-05,440,1,0
268,43,27,0,0,0,11.1615480695452,"[0.0, 11.1615480695452]",11.1615480695452,8.571428571428571,11.1615480695452,9.05000000000003,0,1,0,108.93207539289142,1.1161548069545199e-05,543,1,0
268,44,8,0,0,0,11.092308589390345,"[0.0, 11.092308589390345]",11.092308589390345,8.571428571428571,11.092308589390345,8.666666666666677,0,1,0,109.64314924713835,1.1092308589390345e-05,520,1,0
268,45,47,0,0,0,11.065583910260882,"[0.0, 11.065583910260882]",11.065583910260882,8.571428571428571,11.065583910260882,8.78333333333335,0,1,0,111.39140635296644,1.1065583910260882e-05,527,1,0
268,46,61,0,0,0,10.948431832449778,"[0.0, 10.948431832449778]",10.948431832449778,8.571428571428571,10.948431832449778,7.066666666666647,0,1,0,105.63567881286144,1.0948431832449777e-05,424,1,0
268,47,42,0,0,0,10.622152600969587,"[0.0, 10.622152600969587]",10.622152600969587,8.571428571428571,10.622152600969587,8.083333333333314,0,1,0,102.36055503366515,1.0622152600969586e-05,485,1,0
268,48,24,0,0,0,9.743246350969587,"[0.0, 9.743246350969587]",9.743246350969587,8.571428571428571,9.743246350969587,5.533333333333319,0,1,0,93.61584374308586,9.743246350969587e-06,332,1,0
268,49,54,0,0,0,9.357378823416573,"[0.0, 9.357378823416573]",9.357378823416573,8.571428571428571,9.357378823416573,5.399999999999986,0,1,0,91.57470412552357,9.357378823416574e-06,324,1,0
268,50,25,0,0,0,9.22140393938337,"[0.0, 9.22140393938337]",9.22140393938337,8.571428571428571,9.22140393938337,3.516666666666659,0,1,0,84.99989478290081,9.22140393938337e-06,211,1,0
268,51,56,0,0,0,8.886451721191406,"[0.0, 8.886451721191406]",8.886451721191406,8.571428571428571,8.886451721191406,4.133333333333324,0,1,0,87.02635286748409,8.886451721191407e-06,248,1,0
268,52,39,0,0,0,8.70161601475307,"[0.0, 8.70161601475307]",8.70161601475307,8.571428571428571,8.70161601475307,8.04999999999998,0,1,0,73.24060028157692,8.70161601475307e-06,483,1,0
268,53,9,0,0,0,8.505499703543528,"[0.0, 8.505499703543528]",8.505499703543528,5.714285714285714,8.505499703543528,7.533333333333312,0,1,0,67.79662153834943,8.505499703543527e-06,452,1,0
268,54,14,0,0,0,7.142857142857142,"[0.0, 7.142857142857142]",7.142857142857142,5.714285714285714,7.142857142857142,4.549999999999989,0,1,0,70.281803637743,7.142857142857143e-06,273,1,0
268,55,34,0,0,0,6.390173775809152,"[0.0, 6.390173775809152]",6.390173775809152,5.714285714285714,6.390173775809152,7.366666666666646,0,1,0,58.581537409430894,6.390173775809152e-06,442,1,0
268,56,16,0,0,0,6.373530796595982,"[0.0, 6.373530796595982]",6.373530796595982,5.714285714285714,6.373530796595982,7.366666666666646,0,1,0,58.515426119724,6.373530796595982e-06,442,1,0
268,57,58,0,0,0,6.357111249651227,"[0.0, 6.357111249651227]",6.357111249651227,5.714285714285714,6.357111249651227,7.366666666666646,0,1,0,58.53440253249573,6.357111249651227e-06,442,1,0
268,58,57,0,0,0,6.316212245396205,"[0.0, 6.316212245396205]",6.316212245396205,5.714285714285714,6.316212245396205,7.366666666666646,0,1,0,58.057761686941376,6.316212245396205e-06,442,1,0
268,59,13,0,0,0,6.313896179199219,"[0.0, 6.313896179199219]",6.313896179199219,5.714285714285714,6.313896179199219,7.366666666666646,0,1,0,58.582061348140996,6.313896179199218e-06,442,1,0
268,60,60,0,0,0,6.301928928920201,"[0.0, 6.301928928920201]",6.301928928920201,5.714285714285714,6.301928928920201,7.366666666666646,0,1,0,58.58695797055407,6.301928928920201e-06,442,1,0
268,61,49,0,0,0,5.958644321986608,"[0.0, 5.958644321986608]",5.958644321986608,5.714285714285714,5.958644321986608,7.449999999999979,0,1,0,53.64719248814072,5.958644321986608e-06,447,1,0
268,62,55,0,0,0,5.558973039899554,"[0.0, 5.558973039899554]",5.558973039899554,2.857142857142857,5.558973039899554,6.866666666666648,0,1,0,48.31460067434091,5.558973039899554e-06,412,1,0
268,63,52,0,0,0,4.365218026297433,"[0.0, 4.365218026297433]",4.365218026297433,2.857142857142857,4.365218026297433,2.116666666666664,0,1,0,35.05512823164463,4.365218026297433e-06,127,1,0
268,64,23,0,0,0,2.7260971069335938,"[0.0, 2.7260971069335938]",2.7260971069335938,0.0,2.7260971069335938,5.13333333333332,0,1,0,35.69780778879067,2.7260971069335937e-06,308,1,0
269,1,0,0,1,1,29.07006373223238,"[0.0, 29.07006373223238]",29.07006373223238,28.57142857142857,29.07006373223238,19.416666666666845,0,1,0,282.330984117747,2.907006373223238e-05,1165,1,0
269,2,1,0,1,1,28.555750174077392,"[0.0, 28.555750174077392]",28.555750174077392,25.71428571428571,28.555750174077392,20.083333333333474,0,1,0,285.9795293595016,2.8555750174077392e-05,1205,1,0
269,3,2,0,1,1,27.671193197069833,"[0.0, 27.671193197069833]",27.671193197069833,25.71428571428571,27.671193197069833,12.950000000000223,0,1,0,268.2002897739585,2.7671193197069833e-05,777,1,0
269,4,3,0,1,1,27.43463304739407,"[0.0, 27.43463304739407]",27.43463304739407,25.71428571428571,27.43463304739407,12.43333333333353,0,1,0,264.66152656511986,2.743463304739407e-05,746,1,0
269,5,25,0,1,1,23.774067523085876,"[0.0, 23.774067523085876]",23.774067523085876,22.857142857142858,23.774067523085876,16.216666666667027,0,1,0,219.1191477911998,2.3774067523085877e-05,973,1,0
269,6,4,0,1,1,23.279554957901173,"[0.0, 23.279554957901173]",23.279554957901173,22.857142857142858,23.279554957901173,14.416666666666963,0,1,0,213.40182683184685,2.3279554957901172e-05,865,1,0
269,7,5,0,1,1,22.778475625174384,"[0.0, 22.778475625174384]",22.778475625174384,20.0,22.778475625174384,15.250000000000338,0,1,0,208.91949978344928,2.2778475625174385e-05,915,1,0
269,8,6,0,1,1,22.559149605887278,"[0.0, 22.559149605887278]",22.559149605887278,20.0,22.559149605887278,16.183333333333696,0,1,0,207.72322867465118,2.2559149605887278e-05,971,1,0
269,9,7,0,0,1,22.360894339425222,"[0.0, 22.360894339425222]",22.360894339425222,20.0,22.360894339425222,13.50000000000025,0,1,0,201.82380051042855,2.2360894339425223e-05,810,1,0
269,10,53,0,0,1,22.013151986258368,"[0.0, 22.013151986258368]",22.013151986258368,20.0,22.013151986258368,11.550000000000153,0,1,0,197.79625891232718,2.2013151986258368e-05,693,1,0
269,11,54,0,0,1,21.172346387590682,"[0.0, 21.172346387590682]",21.172346387590682,20.0,21.172346387590682,11.316666666666809,0,1,0,196.5822935632168,2.1172346387590682e-05,679,1,0
269,12,44,0,0,1,21.014867510114396,"[0.0, 21.014867510114396]",21.014867510114396,20.0,21.014867510114396,11.96666666666684,0,1,0,196.17606092575443,2.1014867510114395e-05,718,1,0
269,13,19,0,0,1,20.859636579241073,"[0.0, 20.859636579241073]",20.859636579241073,20.0,20.859636579241073,11.866666666666836,0,1,0,195.09231758145324,2.0859636579241073e-05,712,1,0
269,14,14,0,0,1,20.677942548479354,"[0.0, 20.677942548479354]",20.677942548479354,20.0,20.677942548479354,12.350000000000193,0,1,0,192.02218510887906,2.0677942548479355e-05,741,1,0
269,15,36,0,0,1,20.575005667550222,"[0.0, 20.575005667550222]",20.575005667550222,20.0,20.575005667550222,12.916666666666888,0,1,0,192.2214707247913,2.0575005667550222e-05,775,1,0
269,16,39,0,0,1,20.343047550746373,"[0.0, 20.343047550746373]",20.343047550746373,20.0,20.343047550746373,10.966666666666791,0,1,0,192.00366647713236,2.0343047550746372e-05,658,1,0
269,17,17,0,0,1,20.22674560546875,"[0.0, 20.22674560546875]",20.22674560546875,20.0,20.22674560546875,11.300000000000141,0,1,0,189.57633189394983,2.022674560546875e-05,678,1,0
269,18,48,0,0,1,17.11005619594029,"[0.0, 17.11005619594029]",17.11005619594029,14.285714285714285,17.11005619594029,11.850000000000168,0,1,0,162.28230261060526,1.7110056195940293e-05,711,1,0
269,19,63,0,0,1,17.055702209472656,"[0.0, 17.055702209472656]",17.055702209472656,14.285714285714285,17.055702209472656,10.216666666666754,0,1,0,158.55351409099967,1.7055702209472656e-05,613,1,0
269,20,15,0,0,1,16.97591509137835,"[0.0, 16.97591509137835]",16.97591509137835,14.285714285714285,16.97591509137835,9.800000000000066,0,1,0,157.04443925991654,1.697591509137835e-05,588,1,0
269,21,61,0,0,1,16.96063450404576,"[0.0, 16.96063450404576]",16.96063450404576,14.285714285714285,16.96063450404576,11.416666666666814,0,1,0,163.70330834196648,1.696063450404576e-05,685,1,0
269,22,29,0,0,1,16.900547572544646,"[0.0, 16.900547572544646]",16.900547572544646,14.285714285714285,16.900547572544646,10.316666666666759,0,1,0,157.13823884727753,1.6900547572544647e-05,619,1,0
269,23,18,0,0,1,16.85765402657645,"[0.0, 16.85765402657645]",16.85765402657645,14.285714285714285,16.85765402657645,11.400000000000146,0,1,0,155.87399953489512,1.6857654026576452e-05,684,1,0
269,24,24,0,0,1,16.85511997767857,"[0.0, 16.85511997767857]",16.85511997767857,14.285714285714285,16.85511997767857,10.733333333333446,0,1,0,163.97923420518055,1.685511997767857e-05,644,1,0
269,25,13,0,0,1,16.814259120396205,"[0.0, 16.814259120396205]",16.814259120396205,14.285714285714285,16.814259120396205,11.333333333333476,0,1,0,158.20679398220818,1.6814259120396206e-05,680,1,0
269,26,50,0,0,1,16.668357849121094,"[0.0, 16.668357849121094]",16.668357849121094,14.285714285714285,16.668357849121094,10.116666666666749,0,1,0,154.1850242323053,1.6668357849121094e-05,607,1,0
269,27,28,0,0,1,16.644810267857142,"[0.0, 16.644810267857142]",16.644810267857142,14.285714285714285,16.644810267857142,12.583333333333538,0,1,0,155.7421395796482,1.6644810267857142e-05,755,1,0
269,28,33,0,0,1,16.494124276297434,"[0.0, 16.494124276297434]",16.494124276297434,14.285714285714285,16.494124276297434,10.100000000000081,0,1,0,156.03490600121586,1.6494124276297435e-05,606,1,0
269,29,51,0,0,1,16.484576633998326,"[0.0, 16.484576633998326]",16.484576633998326,14.285714285714285,16.484576633998326,9.683333333333394,0,1,0,147.2202792922908,1.6484576633998326e-05,581,1,0
269,30,40,0,0,1,16.44974844796317,"[0.0, 16.44974844796317]",16.44974844796317,14.285714285714285,16.44974844796317,10.450000000000099,0,1,0,161.1276702934556,1.644974844796317e-05,627,1,0
269,31,43,0,0,1,16.37969970703125,"[0.0, 16.37969970703125]",16.37969970703125,14.285714285714285,16.37969970703125,9.716666666666729,0,1,0,150.77769619354513,1.637969970703125e-05,583,1,0
269,32,62,0,0,1,16.333530970982142,"[0.0, 16.333530970982142]",16.333530970982142,14.285714285714285,16.333530970982142,9.133333333333367,0,1,0,151.074712716043,1.6333530970982142e-05,548,1,0
269,33,16,0,0,0,16.309405735560826,"[0.0, 16.309405735560826]",16.309405735560826,14.285714285714285,16.309405735560826,10.466666666666766,0,1,0,152.38015065396758,1.6309405735560827e-05,628,1,0
269,34,49,0,0,0,16.30827222551618,"[0.0, 16.30827222551618]",16.30827222551618,14.285714285714285,16.30827222551618,9.583333333333389,0,1,0,153.21074369893176,1.630827222551618e-05,575,1,0
269,35,30,0,0,0,16.12283434186663,"[0.0, 16.12283434186663]",16.12283434186663,14.285714285714285,16.12283434186663,11.166666666666801,0,1,0,154.87185738250992,1.6122834341866628e-05,670,1,0
269,36,38,0,0,0,16.08685629708426,"[0.0, 16.08685629708426]",16.08685629708426,14.285714285714285,16.08685629708426,9.916666666666739,0,1,0,152.5449363858279,1.608685629708426e-05,595,1,0
269,37,60,0,0,0,15.895325796944753,"[0.0, 15.895325796944753]",15.895325796944753,14.285714285714285,15.895325796944753,9.416666666666714,0,1,0,149.62795448023826,1.5895325796944754e-05,565,1,0
269,38,45,0,0,0,15.648830958775111,"[0.0, 15.648830958775111]",15.648830958775111,14.285714285714285,15.648830958775111,10.650000000000109,0,1,0,149.4998851372875,1.564883095877511e-05,639,1,0
269,39,11,0,0,0,15.52306583949498,"[0.0, 15.52306583949498]",15.52306583949498,14.285714285714285,15.52306583949498,11.050000000000129,0,1,0,149.66728560826596,1.552306583949498e-05,663,1,0
269,40,22,0,0,0,15.518798828125,"[0.0, 15.518798828125]",15.518798828125,14.285714285714285,15.518798828125,9.883333333333404,0,1,0,146.0717379099442,1.5518798828125e-05,593,1,0
269,41,42,0,0,0,15.429235185895648,"[0.0, 15.429235185895648]",15.429235185895648,14.285714285714285,15.429235185895648,9.700000000000061,0,1,0,144.4638217403117,1.5429235185895648e-05,582,1,0
269,42,55,0,0,0,15.376194545200894,"[0.0, 15.376194545200894]",15.376194545200894,14.285714285714285,15.376194545200894,10.350000000000094,0,1,0,147.2284544445938,1.5376194545200895e-05,621,1,0
269,43,34,0,0,0,15.331617082868304,"[0.0, 15.331617082868304]",15.331617082868304,14.285714285714285,15.331617082868304,10.433333333333431,0,1,0,149.10189767828706,1.5331617082868303e-05,626,1,0
269,44,32,0,0,0,11.679810115269254,"[0.0, 11.679810115269254]",11.679810115269254,11.428571428571429,11.679810115269254,11.716666666666828,0,1,0,114.98802967021038,1.1679810115269253e-05,703,1,0
269,45,10,0,0,0,11.595458984375,"[0.0, 11.595458984375]",11.595458984375,11.428571428571429,11.595458984375,9.083333333333364,0,1,0,111.17822618566424,1.1595458984375e-05,545,1,0
269,46,47,0,0,0,11.496459415980748,"[0.0, 11.496459415980748]",11.496459415980748,11.428571428571429,11.496459415980748,14.450000000000298,0,1,0,115.93128956586588,1.1496459415980749e-05,867,1,0
269,47,26,0,0,0,11.409429822649276,"[0.0, 11.409429822649276]",11.409429822649276,8.571428571428571,11.409429822649276,8.600000000000007,0,1,0,112.95599043183029,1.1409429822649277e-05,516,1,0
269,48,41,0,0,0,11.299043382917132,"[0.0, 11.299043382917132]",11.299043382917132,8.571428571428571,11.299043382917132,8.58333333333334,0,1,0,109.70532786535477,1.1299043382917131e-05,515,1,0
269,49,23,0,0,0,11.156482696533203,"[0.0, 11.156482696533203]",11.156482696533203,8.571428571428571,11.156482696533203,7.999999999999977,0,1,0,108.4665203280747,1.1156482696533204e-05,480,1,0
269,50,12,0,0,0,11.123409271240234,"[0.0, 11.123409271240234]",11.123409271240234,8.571428571428571,11.123409271240234,8.38333333333333,0,1,0,108.38804011332104,1.1123409271240235e-05,503,1,0
269,51,35,0,0,0,10.73460442679269,"[0.0, 10.73460442679269]",10.73460442679269,8.571428571428571,10.73460442679269,6.549999999999982,0,1,0,103.80970377475023,1.0734604426792688e-05,393,1,0
269,52,52,0,0,0,10.435927254813059,"[0.0, 10.435927254813059]",10.435927254813059,8.571428571428571,10.435927254813059,6.199999999999983,0,1,0,100.91153797507286,1.0435927254813059e-05,372,1,0
269,53,21,0,0,0,8.75859124319894,"[0.0, 8.75859124319894]",8.75859124319894,8.571428571428571,8.75859124319894,8.066666666666647,0,1,0,74.27606106942403,8.75859124319894e-06,484,1,0
269,54,59,0,0,0,8.683101109095983,"[0.0, 8.683101109095983]",8.683101109095983,8.571428571428571,8.683101109095983,8.800000000000017,0,1,0,78.81997154468263,8.683101109095983e-06,528,1,0
269,55,37,0,0,0,6.892972673688616,"[0.0, 6.892972673688616]",6.892972673688616,5.714285714285714,6.892972673688616,2.7333333333333285,0,1,0,62.930720284581184,6.892972673688616e-06,164,1,0
269,56,56,0,0,0,6.50155748639788,"[0.0, 6.50155748639788]",6.50155748639788,5.714285714285714,6.50155748639788,7.416666666666646,0,1,0,59.53724516653165,6.50155748639788e-06,445,1,0
269,57,8,0,0,0,6.4760317121233255,"[0.0, 6.4760317121233255]",6.4760317121233255,5.714285714285714,6.4760317121233255,7.366666666666646,0,1,0,58.5812567765679,6.476031712123326e-06,442,1,0
269,58,9,0,0,0,6.4618410382952005,"[0.0, 6.4618410382952005]",6.4618410382952005,5.714285714285714,6.4618410382952005,7.366666666666646,0,1,0,58.47917723791761,6.461841038295201e-06,442,1,0
269,59,31,0,0,0,6.451007298060826,"[0.0, 6.451007298060826]",6.451007298060826,5.714285714285714,6.451007298060826,7.366666666666646,0,1,0,58.47875503631076,6.451007298060826e-06,442,1,0
269,60,57,0,0,0,6.446266174316406,"[0.0, 6.446266174316406]",6.446266174316406,5.714285714285714,6.446266174316406,7.416666666666646,0,1,0,59.54900302358146,6.4462661743164065e-06,445,1,0
269,61,58,0,0,0,6.435519627162388,"[0.0, 6.435519627162388]",6.435519627162388,5.714285714285714,6.435519627162388,7.366666666666646,0,1,0,58.478840699193825,6.435519627162388e-06,442,1,0
269,62,20,0,0,0,6.393748692103794,"[0.0, 6.393748692103794]",6.393748692103794,5.714285714285714,6.393748692103794,7.416666666666646,0,1,0,59.53721242668689,6.393748692103794e-06,445,1,0
269,63,27,0,0,0,6.3537815638950885,"[0.0, 6.3537815638950885]",6.3537815638950885,5.714285714285714,6.3537815638950885,7.366666666666646,0,1,0,58.56564710233215,6.353781563895089e-06,442,1,0
269,64,46,0,0,0,2.6561083112444197,"[0.0, 2.6561083112444197]",2.6561083112444197,0.0,2.6561083112444197,5.349999999999986,0,1,0,16.90154399810126,2.65610831124442e-06,321,1,0
270,1,0,0,1,1,29.07006373223238,"[0.0, 29.07006373223238]",29.07006373223238,28.57142857142857,29.07006373223238,19.416666666666845,0,1,0,282.330984117747,2.907006373223238e-05,1165,1,0
270,2,1,0,1,1,28.555750174077392,"[0.0, 28.555750174077392]",28.555750174077392,25.71428571428571,28.555750174077392,20.083333333333474,0,1,0,285.9795293595016,2.8555750174077392e-05,1205,1,0
270,3,2,0,1,1,27.671193197069833,"[0.0, 27.671193197069833]",27.671193197069833,25.71428571428571,27.671193197069833,12.950000000000223,0,1,0,268.2002897739585,2.7671193197069833e-05,777,1,0
270,4,3,0,1,1,27.43463304739407,"[0.0, 27.43463304739407]",27.43463304739407,25.71428571428571,27.43463304739407,12.43333333333353,0,1,0,264.66152656511986,2.743463304739407e-05,746,1,0
270,5,4,0,1,1,23.774067523085876,"[0.0, 23.774067523085876]",23.774067523085876,22.857142857142858,23.774067523085876,16.216666666667027,0,1,0,219.1191477911998,2.3774067523085877e-05,973,1,0
270,6,5,0,1,1,23.279554957901173,"[0.0, 23.279554957901173]",23.279554957901173,22.857142857142858,23.279554957901173,14.416666666666963,0,1,0,213.40182683184685,2.3279554957901172e-05,865,1,0
270,7,6,0,1,1,22.778475625174384,"[0.0, 22.778475625174384]",22.778475625174384,20.0,22.778475625174384,15.250000000000338,0,1,0,208.91949978344928,2.2778475625174385e-05,915,1,0
270,8,7,0,1,1,22.559149605887278,"[0.0, 22.559149605887278]",22.559149605887278,20.0,22.559149605887278,16.183333333333696,0,1,0,207.72322867465118,2.2559149605887278e-05,971,1,0
270,9,60,0,0,1,21.75614493233817,"[0.0, 21.75614493233817]",21.75614493233817,20.0,21.75614493233817,12.983333333333558,0,1,0,199.8188574008891,2.175614493233817e-05,779,1,0
270,10,55,0,0,1,21.1866705758231,"[0.0, 21.1866705758231]",21.1866705758231,20.0,21.1866705758231,12.116666666666848,0,1,0,195.91220208691811,2.11866705758231e-05,727,1,0
270,11,24,0,0,1,20.646013532366073,"[0.0, 20.646013532366073]",20.646013532366073,20.0,20.646013532366073,11.333333333333476,0,1,0,192.94559396513068,2.0646013532366073e-05,680,1,0
270,12,28,0,0,1,20.605307987758092,"[0.0, 20.605307987758092]",20.605307987758092,20.0,20.605307987758092,11.466666666666816,0,1,0,192.74388812168763,2.0605307987758093e-05,688,1,0
270,13,51,0,0,1,20.598820277622767,"[0.0, 20.598820277622767]",20.598820277622767,20.0,20.598820277622767,11.066666666666796,0,1,0,193.47425301233307,2.0598820277622768e-05,664,1,0
270,14,46,0,0,1,20.51625660487584,"[0.0, 20.51625660487584]",20.51625660487584,20.0,20.51625660487584,12.133333333333516,0,1,0,191.5833139175811,2.0516256604875838e-05,728,1,0
270,15,62,0,0,1,20.161879403250555,"[0.0, 20.161879403250555]",20.161879403250555,20.0,20.161879403250555,11.516666666666818,0,1,0,189.29756219176488,2.0161879403250557e-05,691,1,0
270,16,25,0,0,1,20.08580071585519,"[0.0, 20.08580071585519]",20.08580071585519,20.0,20.08580071585519,13.266666666666906,0,1,0,191.11899167507363,2.008580071585519e-05,796,1,0
270,17,59,0,0,1,17.089473179408483,"[0.0, 17.089473179408483]",17.089473179408483,14.285714285714285,17.089473179408483,11.400000000000146,0,1,0,160.16871247861854,1.7089473179408482e-05,684,1,0
270,18,61,0,0,1,16.915768214634486,"[0.0, 16.915768214634486]",16.915768214634486,14.285714285714285,16.915768214634486,12.083333333333513,0,1,0,159.07268969812867,1.6915768214634487e-05,725,1,0
270,19,34,0,0,1,16.773676191057476,"[0.0, 16.773676191057476]",16.773676191057476,14.285714285714285,16.773676191057476,9.533333333333387,0,1,0,157.33179993135855,1.6773676191057476e-05,572,1,0
270,20,56,0,0,1,16.416168212890625,"[0.0, 16.416168212890625]",16.416168212890625,14.285714285714285,16.416168212890625,10.683333333333444,0,1,0,148.70977704536926,1.6416168212890625e-05,641,1,0
270,21,54,0,0,1,16.40280042375837,"[0.0, 16.40280042375837]",16.40280042375837,14.285714285714285,16.40280042375837,11.416666666666814,0,1,0,156.78559395909542,1.640280042375837e-05,685,1,0
270,22,40,0,0,1,16.38202667236328,"[0.0, 16.38202667236328]",16.38202667236328,14.285714285714285,16.38202667236328,9.633333333333391,0,1,0,152.53472720598802,1.6382026672363282e-05,578,1,0
270,23,29,0,0,1,16.365203857421875,"[0.0, 16.365203857421875]",16.365203857421875,14.285714285714285,16.365203857421875,10.166666666666751,0,1,0,151.5085739488568,1.6365203857421876e-05,610,1,0
270,24,53,0,0,1,16.317171369280135,"[0.0, 16.317171369280135]",16.317171369280135,14.285714285714285,16.317171369280135,9.900000000000071,0,1,0,152.68818239012762,1.6317171369280135e-05,594,1,0
270,25,47,0,0,1,16.25946589878627,"[0.0, 16.25946589878627]",16.25946589878627,14.285714285714285,16.25946589878627,9.833333333333401,0,1,0,153.52399948245875,1.625946589878627e-05,590,1,0
270,26,8,0,0,1,16.21924809047154,"[0.0, 16.21924809047154]",16.21924809047154,14.285714285714285,16.21924809047154,8.85000000000002,0,1,0,147.47914891317487,1.6219248090471542e-05,531,1,0
270,27,12,0,0,1,16.02464948381696,"[0.0, 16.02464948381696]",16.02464948381696,14.285714285714285,16.02464948381696,10.550000000000104,0,1,0,149.9645726868257,1.6024649483816962e-05,633,1,0
270,28,16,0,0,1,15.290565490722658,"[0.0, 15.290565490722658]",15.290565490722658,14.285714285714285,15.290565490722658,10.600000000000106,0,1,0,151.27418407604273,1.529056549072266e-05,636,1,0
270,29,44,0,0,1,15.20805903843471,"[0.0, 15.20805903843471]",15.20805903843471,14.285714285714285,15.20805903843471,10.583333333333439,0,1,0,149.59166884823935,1.520805903843471e-05,635,1,0
270,30,58,0,0,1,14.946714128766741,"[0.0, 14.946714128766741]",14.946714128766741,14.285714285714285,14.946714128766741,10.283333333333424,0,1,0,146.45117220449174,1.4946714128766742e-05,617,1,0
270,31,50,0,0,1,11.639009203229632,"[0.0, 11.639009203229632]",11.639009203229632,11.428571428571429,11.639009203229632,8.31666666666666,0,1,0,114.10872639808804,1.1639009203229633e-05,499,1,0
270,32,17,0,0,1,11.636428833007812,"[0.0, 11.636428833007812]",11.636428833007812,11.428571428571429,11.636428833007812,8.666666666666677,0,1,0,116.21090414910577,1.1636428833007812e-05,520,1,0
270,33,32,0,0,0,11.589764186314174,"[0.0, 11.589764186314174]",11.589764186314174,11.428571428571429,11.589764186314174,9.250000000000039,0,1,0,115.07667305236828,1.1589764186314174e-05,555,1,0
270,34,19,0,0,0,11.563211168561663,"[0.0, 11.563211168561663]",11.563211168561663,11.428571428571429,11.563211168561663,7.5499999999999785,0,1,0,112.32845003157854,1.1563211168561664e-05,453,1,0
270,35,48,0,0,0,11.497519356863839,"[0.0, 11.497519356863839]",11.497519356863839,11.428571428571429,11.497519356863839,9.416666666666714,0,1,0,113.45864741884725,1.1497519356863839e-05,565,1,0
270,36,41,0,0,0,11.46010262625558,"[0.0, 11.46010262625558]",11.46010262625558,11.428571428571429,11.46010262625558,8.099999999999982,0,1,0,111.5221428591758,1.146010262625558e-05,486,1,0
270,37,42,0,0,0,11.36704581124442,"[0.0, 11.36704581124442]",11.36704581124442,8.571428571428571,11.36704581124442,8.966666666666692,0,1,0,111.53152796522772,1.136704581124442e-05,538,1,0
270,38,49,0,0,0,11.354258401053292,"[0.0, 11.354258401053292]",11.354258401053292,8.571428571428571,11.354258401053292,9.533333333333387,0,1,0,115.55823659789166,1.1354258401053291e-05,572,1,0
270,39,20,0,0,0,11.322217668805804,"[0.0, 11.322217668805804]",11.322217668805804,8.571428571428571,11.322217668805804,7.799999999999978,0,1,0,107.62296622619033,1.1322217668805804e-05,468,1,0
270,40,30,0,0,0,11.28920146397182,"[0.0, 11.28920146397182]",11.28920146397182,8.571428571428571,11.28920146397182,8.666666666666677,0,1,0,110.16935383814416,1.1289201463971819e-05,520,1,0
270,41,23,0,0,0,11.20631081717355,"[0.0, 11.20631081717355]",11.20631081717355,8.571428571428571,11.20631081717355,7.783333333333311,0,1,0,109.71341470256448,1.120631081717355e-05,467,1,0
270,42,22,0,0,0,11.05947766985212,"[0.0, 11.05947766985212]",11.05947766985212,8.571428571428571,11.05947766985212,8.24999999999999,0,1,0,106.06301955552772,1.105947766985212e-05,495,1,0
270,43,35,0,0,0,10.983900342668807,"[0.0, 10.983900342668807]",10.983900342668807,8.571428571428571,10.983900342668807,9.133333333333367,0,1,0,109.0764962348112,1.0983900342668807e-05,548,1,0
270,44,45,0,0,0,10.593231746128627,"[0.0, 10.593231746128627]",10.593231746128627,8.571428571428571,10.593231746128627,8.833333333333352,0,1,0,103.52166753428173,1.0593231746128626e-05,530,1,0
270,45,57,0,0,0,10.349619729178293,"[0.0, 10.349619729178293]",10.349619729178293,8.571428571428571,10.349619729178293,7.4666666666666455,0,1,0,94.4237923191613,1.0349619729178293e-05,448,1,0
270,46,18,0,0,0,9.687104906354632,"[0.0, 9.687104906354632]",9.687104906354632,8.571428571428571,9.687104906354632,5.483333333333319,0,1,0,93.88109594583511,9.687104906354632e-06,329,1,0
270,47,9,0,0,0,9.063178471156528,"[0.0, 9.063178471156528]",9.063178471156528,8.571428571428571,9.063178471156528,8.216666666666654,0,1,0,77.27094028543797,9.063178471156529e-06,493,1,0
270,48,63,0,0,0,8.071809496198382,"[0.0, 8.071809496198382]",8.071809496198382,5.714285714285714,8.071809496198382,5.266666666666653,0,1,0,83.44616807997227,8.071809496198381e-06,316,1,0
270,49,15,0,0,0,7.645356314522879,"[0.0, 7.645356314522879]",7.645356314522879,5.714285714285714,7.645356314522879,4.949999999999988,0,1,0,78.45524954795837,7.645356314522879e-06,297,1,0
270,50,37,0,0,0,7.070219857352121,"[0.0, 7.070219857352121]",7.070219857352121,5.714285714285714,7.070219857352121,2.799999999999995,0,1,0,64.9642084389925,7.070219857352121e-06,168,1,0
270,51,10,0,0,0,6.538347516741072,"[0.0, 6.538347516741072]",6.538347516741072,5.714285714285714,6.538347516741072,7.416666666666646,0,1,0,59.537165044777794,6.538347516741072e-06,445,1,0
270,52,13,0,0,0,6.525611877441406,"[0.0, 6.525611877441406]",6.525611877441406,5.714285714285714,6.525611877441406,7.416666666666646,0,1,0,59.536851478304015,6.525611877441406e-06,445,1,0
270,53,33,0,0,0,6.449732099260602,"[0.0, 6.449732099260602]",6.449732099260602,5.714285714285714,6.449732099260602,7.366666666666646,0,1,0,58.478891622886294,6.449732099260602e-06,442,1,0
270,54,26,0,0,0,6.42683846609933,"[0.0, 6.42683846609933]",6.42683846609933,5.714285714285714,6.42683846609933,7.366666666666646,0,1,0,58.478575105611526,6.4268384660993295e-06,442,1,0
270,55,11,0,0,0,6.416849408830916,"[0.0, 6.416849408830916]",6.416849408830916,5.714285714285714,6.416849408830916,7.349999999999979,0,1,0,58.801661092926224,6.416849408830916e-06,441,1,0
270,56,36,0,0,0,6.413312639508928,"[0.0, 6.413312639508928]",6.413312639508928,5.714285714285714,6.413312639508928,7.416666666666646,0,1,0,59.53716285135306,6.413312639508928e-06,445,1,0
270,57,31,0,0,0,6.401339939662389,"[0.0, 6.401339939662389]",6.401339939662389,5.714285714285714,6.401339939662389,7.366666666666646,0,1,0,58.47866436957702,6.401339939662389e-06,442,1,0
270,58,21,0,0,0,6.397062029157366,"[0.0, 6.397062029157366]",6.397062029157366,5.714285714285714,6.397062029157366,7.366666666666646,0,1,0,58.581646549733705,6.397062029157366e-06,442,1,0
270,59,14,0,0,0,6.340124947684152,"[0.0, 6.340124947684152]",6.340124947684152,5.714285714285714,6.340124947684152,7.366666666666646,0,1,0,58.58107071137783,6.3401249476841515e-06,442,1,0
270,60,27,0,0,0,6.311792646135602,"[0.0, 6.311792646135602]",6.311792646135602,5.714285714285714,6.311792646135602,7.366666666666646,0,1,0,58.58205109436676,6.3117926461356024e-06,442,1,0
270,61,39,0,0,0,5.309573582240514,"[0.0, 5.309573582240514]",5.309573582240514,2.857142857142857,5.309573582240514,6.683333333333315,0,1,0,45.22372997511411,5.309573582240514e-06,401,1,0
270,62,52,0,0,0,4.968763078962054,"[0.0, 4.968763078962054]",4.968763078962054,2.857142857142857,4.968763078962054,2.5999999999999956,0,1,0,41.46948006749153,4.968763078962054e-06,156,1,0
270,63,43,0,0,0,4.390356881277901,"[0.0, 4.390356881277901]",4.390356881277901,2.857142857142857,4.390356881277901,2.1333333333333306,0,1,0,35.310920760035515,4.390356881277901e-06,128,1,0
270,64,38,0,0,0,4.328193664550781,"[0.0, 4.328193664550781]",4.328193664550781,2.857142857142857,4.328193664550781,6.06666666666665,0,1,0,33.15729053752875,4.328193664550781e-06,364,1,0
271,1,0,0,1,1,29.07006373223238,"[0.0, 29.07006373223238]",29.07006373223238,28.57142857142857,29.07006373223238,19.416666666666845,0,1,0,282.330984117747,2.907006373223238e-05,1165,1,0
271,2,1,0,1,1,28.555750174077392,"[0.0, 28.555750174077392]",28.555750174077392,25.71428571428571,28.555750174077392,20.083333333333474,0,1,0,285.9795293595016,2.8555750174077392e-05,1205,1,0
271,3,2,0,1,1,27.671193197069833,"[0.0, 27.671193197069833]",27.671193197069833,25.71428571428571,27.671193197069833,12.950000000000223,0,1,0,268.2002897739585,2.7671193197069833e-05,777,1,0
271,4,3,0,1,1,27.43463304739407,"[0.0, 27.43463304739407]",27.43463304739407,25.71428571428571,27.43463304739407,12.43333333333353,0,1,0,264.66152656511986,2.743463304739407e-05,746,1,0
271,5,4,0,1,1,23.774067523085876,"[0.0, 23.774067523085876]",23.774067523085876,22.857142857142858,23.774067523085876,16.216666666667027,0,1,0,219.1191477911998,2.3774067523085877e-05,973,1,0
271,6,5,0,1,1,23.279554957901173,"[0.0, 23.279554957901173]",23.279554957901173,22.857142857142858,23.279554957901173,14.416666666666963,0,1,0,213.40182683184685,2.3279554957901172e-05,865,1,0
271,7,6,0,1,1,22.778475625174384,"[0.0, 22.778475625174384]",22.778475625174384,20.0,22.778475625174384,15.250000000000338,0,1,0,208.91949978344928,2.2778475625174385e-05,915,1,0
271,8,7,0,1,1,22.559149605887278,"[0.0, 22.559149605887278]",22.559149605887278,20.0,22.559149605887278,16.183333333333696,0,1,0,207.72322867465118,2.2559149605887278e-05,971,1,0
271,9,17,0,0,1,21.284751892089844,"[0.0, 21.284751892089844]",21.284751892089844,20.0,21.284751892089844,12.96666666666689,0,1,0,194.51808384461765,2.1284751892089844e-05,778,1,0
271,10,25,0,0,1,21.16250719342913,"[0.0, 21.16250719342913]",21.16250719342913,20.0,21.16250719342913,11.916666666666838,0,1,0,197.0172701029078,2.1162507193429127e-05,715,1,0
271,11,55,0,0,1,20.977260044642858,"[0.0, 20.977260044642858]",20.977260044642858,20.0,20.977260044642858,12.56666666666687,0,1,0,192.90365819809813,2.097726004464286e-05,754,1,0
271,12,45,0,0,1,20.922835213797434,"[0.0, 20.922835213797434]",20.922835213797434,20.0,20.922835213797434,11.200000000000136,0,1,0,193.85457330947247,2.0922835213797433e-05,672,1,0
271,13,13,0,0,1,20.908679962158203,"[0.0, 20.908679962158203]",20.908679962158203,20.0,20.908679962158203,11.166666666666801,0,1,0,192.50505948666978,2.0908679962158204e-05,670,1,0
271,14,9,0,0,1,20.656610216413227,"[0.0, 20.656610216413227]",20.656610216413227,20.0,20.656610216413227,11.916666666666838,0,1,0,191.67391513159964,2.0656610216413227e-05,715,1,0
271,15,56,0,0,1,20.452166966029576,"[0.0, 20.452166966029576]",20.452166966029576,20.0,20.452166966029576,12.683333333333543,0,1,0,193.1454643182442,2.0452166966029578e-05,761,1,0
271,16,48,0,0,1,17.06017630440848,"[0.0, 17.06017630440848]",17.06017630440848,14.285714285714285,17.06017630440848,11.400000000000146,0,1,0,162.82361053752538,1.706017630440848e-05,684,1,0
271,17,8,0,0,1,17.012977600097656,"[0.0, 17.012977600097656]",17.012977600097656,14.285714285714285,17.012977600097656,10.950000000000124,0,1,0,159.016613335094,1.7012977600097657e-05,657,1,0
271,18,43,0,0,1,16.951719011579243,"[0.0, 16.951719011579243]",16.951719011579243,14.285714285714285,16.951719011579243,10.033333333333411,0,1,0,155.6932719739052,1.6951719011579243e-05,602,1,0
271,19,41,0,0,1,16.873234340122767,"[0.0, 16.873234340122767]",16.873234340122767,14.285714285714285,16.873234340122767,10.283333333333424,0,1,0,157.55031831227097,1.6873234340122766e-05,617,1,0
271,20,10,0,0,1,16.76837376185826,"[0.0, 16.76837376185826]",16.76837376185826,14.285714285714285,16.76837376185826,10.483333333333434,0,1,0,157.30702819053113,1.676837376185826e-05,629,1,0
271,21,47,0,0,1,16.62137712751116,"[0.0, 16.62137712751116]",16.62137712751116,14.285714285714285,16.62137712751116,9.850000000000069,0,1,0,154.87676845733222,1.662137712751116e-05,591,1,0
271,22,49,0,0,1,16.49339403424944,"[0.0, 16.49339403424944]",16.49339403424944,14.285714285714285,16.49339403424944,10.550000000000104,0,1,0,156.90357402337395,1.6493394034249442e-05,633,1,0
271,23,62,0,0,1,16.425023760114396,"[0.0, 16.425023760114396]",16.425023760114396,14.285714285714285,16.425023760114396,11.033333333333461,0,1,0,155.27258865796466,1.6425023760114396e-05,662,1,0
271,24,19,0,0,1,16.387759617396764,"[0.0, 16.387759617396764]",16.387759617396764,14.285714285714285,16.387759617396764,10.483333333333434,0,1,0,152.6839312787124,1.6387759617396762e-05,629,1,0
271,25,34,0,0,1,16.35427747453962,"[0.0, 16.35427747453962]",16.35427747453962,14.285714285714285,16.35427747453962,10.233333333333421,0,1,0,152.53140474415704,1.635427747453962e-05,614,1,0
271,26,40,0,0,1,16.30765097481864,"[0.0, 16.30765097481864]",16.30765097481864,14.285714285714285,16.30765097481864,9.866666666666736,0,1,0,152.50551498859568,1.6307650974818638e-05,592,1,0
271,27,53,0,0,1,16.298392159598215,"[0.0, 16.298392159598215]",16.298392159598215,14.285714285714285,16.298392159598215,11.96666666666684,0,1,0,153.76399561878497,1.6298392159598217e-05,718,1,0
271,28,30,0,0,1,16.281847272600448,"[0.0, 16.281847272600448]",16.281847272600448,14.285714285714285,16.281847272600448,10.300000000000091,0,1,0,154.81081036304386,1.6281847272600446e-05,618,1,0
271,29,24,0,0,1,16.278621128627233,"[0.0, 16.278621128627233]",16.278621128627233,14.285714285714285,16.278621128627233,11.316666666666809,0,1,0,149.92179120668152,1.6278621128627233e-05,679,1,0
271,30,61,0,0,1,16.23096466064453,"[0.0, 16.23096466064453]",16.23096466064453,14.285714285714285,16.23096466064453,9.333333333333377,0,1,0,148.5945184128359,1.6230964660644532e-05,560,1,0
271,31,50,0,0,1,16.14269801548549,"[0.0, 16.14269801548549]",16.14269801548549,14.285714285714285,16.14269801548549,10.783333333333449,0,1,0,153.4908364741641,1.614269801548549e-05,647,1,0
271,32,15,0,0,1,16.04376656668527,"[0.0, 16.04376656668527]",16.04376656668527,14.285714285714285,16.04376656668527,9.616666666666724,0,1,0,151.57743729942013,1.604376656668527e-05,577,1,0
271,33,28,0,0,0,16.035772051130024,"[0.0, 16.035772051130024]",16.035772051130024,14.285714285714285,16.035772051130024,9.933333333333406,0,1,0,149.4026110146442,1.6035772051130026e-05,596,1,0
271,34,54,0,0,0,16.02660587855748,"[0.0, 16.02660587855748]",16.02660587855748,14.285714285714285,16.02660587855748,10.950000000000124,0,1,0,152.62103425115492,1.6026605878557478e-05,657,1,0
271,35,44,0,0,0,15.977085658482142,"[0.0, 15.977085658482142]",15.977085658482142,14.285714285714285,15.977085658482142,9.683333333333394,0,1,0,149.04421870191436,1.597708565848214e-05,581,1,0
271,36,38,0,0,0,15.836661202566965,"[0.0, 15.836661202566965]",15.836661202566965,14.285714285714285,15.836661202566965,10.166666666666751,0,1,0,148.96576694639953,1.5836661202566964e-05,610,1,0
271,37,57,0,0,0,15.767391749790738,"[0.0, 15.767391749790738]",15.767391749790738,14.285714285714285,15.767391749790738,11.283333333333474,0,1,0,151.10278665331862,1.576739174979074e-05,677,1,0
271,38,60,0,0,0,15.292576381138392,"[0.0, 15.292576381138392]",15.292576381138392,14.285714285714285,15.292576381138392,10.500000000000101,0,1,0,149.3553647881854,1.5292576381138393e-05,630,1,0
271,39,58,0,0,0,14.9231447492327,"[0.0, 14.9231447492327]",14.9231447492327,14.285714285714285,14.9231447492327,10.250000000000089,0,1,0,145.96580994874967,1.49231447492327e-05,615,1,0
271,40,11,0,0,0,11.660025460379464,"[0.0, 11.660025460379464]",11.660025460379464,11.428571428571429,11.660025460379464,9.833333333333401,0,1,0,117.97167857816385,1.1660025460379463e-05,590,1,0
271,41,42,0,0,0,11.619080134800502,"[0.0, 11.619080134800502]",11.619080134800502,11.428571428571429,11.619080134800502,10.016666666666744,0,1,0,118.95317443655222,1.1619080134800502e-05,601,1,0
271,42,52,0,0,0,11.496031624930247,"[0.0, 11.496031624930247]",11.496031624930247,11.428571428571429,11.496031624930247,10.266666666666756,0,1,0,112.83300275139482,1.1496031624930247e-05,616,1,0
271,43,12,0,0,0,11.4911379132952,"[0.0, 11.4911379132952]",11.4911379132952,11.428571428571429,11.4911379132952,8.066666666666647,0,1,0,111.14419902488589,1.14911379132952e-05,484,1,0
271,44,18,0,0,0,11.34967531476702,"[0.0, 11.34967531476702]",11.34967531476702,8.571428571428571,11.34967531476702,8.483333333333334,0,1,0,111.25075790571282,1.134967531476702e-05,509,1,0
271,45,39,0,0,0,11.254667554582868,"[0.0, 11.254667554582868]",11.254667554582868,8.571428571428571,11.254667554582868,7.5499999999999785,0,1,0,110.4482148848474,1.1254667554582868e-05,453,1,0
271,46,31,0,0,0,11.250286102294922,"[0.0, 11.250286102294922]",11.250286102294922,8.571428571428571,11.250286102294922,9.333333333333377,0,1,0,112.21859694246086,1.1250286102294922e-05,560,1,0
271,47,36,0,0,0,11.076474870954241,"[0.0, 11.076474870954241]",11.076474870954241,8.571428571428571,11.076474870954241,9.316666666666709,0,1,0,110.09926943099708,1.107647487095424e-05,559,1,0
271,48,26,0,0,0,10.329491751534599,"[0.0, 10.329491751534599]",10.329491751534599,8.571428571428571,10.329491751534599,6.133333333333317,0,1,0,100.59346902370453,1.0329491751534599e-05,368,1,0
271,49,21,0,0,0,10.102754320417132,"[0.0, 10.102754320417132]",10.102754320417132,8.571428571428571,10.102754320417132,5.599999999999985,0,1,0,97.02836775779724,1.0102754320417133e-05,336,1,0
271,50,59,0,0,0,9.286308288574219,"[0.0, 9.286308288574219]",9.286308288574219,8.571428571428571,9.286308288574219,5.916666666666651,0,1,0,91.77809672057629,9.286308288574218e-06,355,1,0
271,51,23,0,0,0,7.142857142857142,"[0.0, 7.142857142857142]",7.142857142857142,5.714285714285714,7.142857142857142,2.883333333333328,0,1,0,70.14960812032223,7.142857142857143e-06,173,1,0
271,52,22,0,0,0,6.45866938999721,"[0.0, 6.45866938999721]",6.45866938999721,5.714285714285714,6.45866938999721,7.366666666666646,0,1,0,58.581239076498605,6.45866938999721e-06,442,1,0
271,53,29,0,0,0,6.417585100446428,"[0.0, 6.417585100446428]",6.417585100446428,5.714285714285714,6.417585100446428,7.366666666666646,0,1,0,58.63923727218207,6.417585100446428e-06,442,1,0
271,54,32,0,0,0,6.355939592633929,"[0.0, 6.355939592633929]",6.355939592633929,5.714285714285714,6.355939592633929,7.366666666666646,0,1,0,58.49495764850144,6.355939592633929e-06,442,1,0
271,55,20,0,0,0,6.316250392368862,"[0.0, 6.316250392368862]",6.316250392368862,5.714285714285714,6.316250392368862,7.366666666666646,0,1,0,58.581957939961285,6.316250392368862e-06,442,1,0
271,56,27,0,0,0,6.305285862513951,"[0.0, 6.305285862513951]",6.305285862513951,5.714285714285714,6.305285862513951,7.366666666666646,0,1,0,58.58203375706944,6.305285862513952e-06,442,1,0
271,57,33,0,0,0,5.668040684291294,"[0.0, 5.668040684291294]",5.668040684291294,2.857142857142857,5.668040684291294,7.4666666666666455,0,1,0,50.35916337517847,5.668040684291294e-06,448,1,0
271,58,46,0,0,0,5.46478271484375,"[0.0, 5.46478271484375]",5.46478271484375,2.857142857142857,5.46478271484375,6.816666666666648,0,1,0,47.34924642828264,5.46478271484375e-06,409,1,0
271,59,35,0,0,0,4.841809953962054,"[0.0, 4.841809953962054]",4.841809953962054,2.857142857142857,4.841809953962054,2.466666666666663,0,1,0,40.109181582927704,4.841809953962054e-06,148,1,0
271,60,14,0,0,0,4.609919956752232,"[0.0, 4.609919956752232]",4.609919956752232,2.857142857142857,4.609919956752232,1.9333333333333313,0,1,0,37.62848076224327,4.609919956752232e-06,116,1,0
271,61,51,0,0,0,4.358994620186942,"[0.0, 4.358994620186942]",4.358994620186942,2.857142857142857,4.358994620186942,2.1499999999999972,0,1,0,34.96249087154865,4.3589946201869415e-06,129,1,0
271,62,63,0,0,0,3.7649863106863837,"[0.0, 3.7649863106863837]",3.7649863106863837,2.857142857142857,3.7649863106863837,5.566666666666652,0,1,0,26.681179682600487,3.764986310686384e-06,334,1,0
271,63,16,0,0,0,3.580736432756696,"[0.0, 3.580736432756696]",3.580736432756696,2.857142857142857,3.580736432756696,5.466666666666653,0,1,0,24.99564066992025,3.5807364327566963e-06,328,1,0
271,64,37,0,0,0,3.215876988002232,"[0.0, 3.215876988002232]",3.215876988002232,2.857142857142857,3.215876988002232,5.083333333333321,0,1,0,20.231683639045514,3.2158769880022323e-06,305,1,0
272,1,0,0,1,1,29.07006373223238,"[0.0, 29.07006373223238]",29.07006373223238,28.57142857142857,29.07006373223238,19.416666666666845,0,1,0,282.330984117747,2.907006373223238e-05,1165,1,0
272,2,1,0,1,1,28.555750174077392,"[0.0, 28.555750174077392]",28.555750174077392,25.71428571428571,28.555750174077392,20.083333333333474,0,1,0,285.9795293595016,2.8555750174077392e-05,1205,1,0
272,3,2,0,1,1,27.671193197069833,"[0.0, 27.671193197069833]",27.671193197069833,25.71428571428571,27.671193197069833,12.950000000000223,0,1,0,268.2002897739585,2.7671193197069833e-05,777,1,0
272,4,3,0,1,1,27.43463304739407,"[0.0, 27.43463304739407]",27.43463304739407,25.71428571428571,27.43463304739407,12.43333333333353,0,1,0,264.66152656511986,2.743463304739407e-05,746,1,0
272,5,4,0,1,1,23.774067523085876,"[0.0, 23.774067523085876]",23.774067523085876,22.857142857142858,23.774067523085876,16.216666666667027,0,1,0,219.1191477911998,2.3774067523085877e-05,973,1,0
272,6,53,0,1,1,23.290072617577138,"[0.0, 23.290072617577138]",23.290072617577138,22.857142857142858,23.290072617577138,14.316666666666958,0,1,0,213.9662596543858,2.329007261757714e-05,859,1,0
272,7,5,0,1,1,23.279554957901173,"[0.0, 23.279554957901173]",23.279554957901173,22.857142857142858,23.279554957901173,14.416666666666963,0,1,0,213.40182683184685,2.3279554957901172e-05,865,1,0
272,8,25,0,1,1,23.01988865432586,"[0.0, 23.01988865432586]",23.01988865432586,22.857142857142858,23.01988865432586,19.033333333333534,0,1,0,211.49774274531228,2.301988865432586e-05,1142,1,0
272,9,6,0,0,1,22.778475625174384,"[0.0, 22.778475625174384]",22.778475625174384,20.0,22.778475625174384,15.250000000000338,0,1,0,208.91949978344928,2.2778475625174385e-05,915,1,0
272,10,7,0,0,1,22.559149605887278,"[0.0, 22.559149605887278]",22.559149605887278,20.0,22.559149605887278,16.183333333333696,0,1,0,207.72322867465118,2.2559149605887278e-05,971,1,0
272,11,46,0,0,1,21.36376789637974,"[0.0, 21.36376789637974]",21.36376789637974,20.0,21.36376789637974,12.36666666666686,0,1,0,195.55207076103397,2.1363767896379742e-05,742,1,0
272,12,52,0,0,1,21.207787649972097,"[0.0, 21.207787649972097]",21.207787649972097,20.0,21.207787649972097,12.600000000000206,0,1,0,197.14030240799912,2.1207787649972096e-05,756,1,0
272,13,48,0,0,1,20.47694069998605,"[0.0, 20.47694069998605]",20.47694069998605,20.0,20.47694069998605,12.116666666666848,0,1,0,191.46545658972173,2.047694069998605e-05,727,1,0
272,14,49,0,0,1,17.15925489153181,"[0.0, 17.15925489153181]",17.15925489153181,17.142857142857142,17.15925489153181,10.333333333333426,0,1,0,159.05561626518465,1.715925489153181e-05,620,1,0
272,15,54,0,0,1,16.8528802054269,"[0.0, 16.8528802054269]",16.8528802054269,14.285714285714285,16.8528802054269,11.333333333333476,0,1,0,157.94211730558163,1.68528802054269e-05,680,1,0
272,16,37,0,0,1,16.741747174944198,"[0.0, 16.741747174944198]",16.741747174944198,14.285714285714285,16.741747174944198,10.200000000000086,0,1,0,157.88373054978,1.6741747174944197e-05,612,1,0
272,17,44,0,0,1,16.72034672328404,"[0.0, 16.72034672328404]",16.72034672328404,14.285714285714285,16.72034672328404,10.733333333333446,0,1,0,159.80839240217028,1.672034672328404e-05,644,1,0
272,18,31,0,0,1,16.57666342599051,"[0.0, 16.57666342599051]",16.57666342599051,14.285714285714285,16.57666342599051,9.683333333333394,0,1,0,154.0181741831475,1.657666342599051e-05,581,1,0
272,19,16,0,0,1,16.553944178989955,"[0.0, 16.553944178989955]",16.553944178989955,14.285714285714285,16.553944178989955,10.833333333333451,0,1,0,157.19919565720193,1.6553944178989955e-05,650,1,0
272,20,24,0,0,1,16.538282121930802,"[0.0, 16.538282121930802]",16.538282121930802,14.285714285714285,16.538282121930802,10.966666666666791,0,1,0,154.02141263837257,1.65382821219308e-05,658,1,0
272,21,14,0,0,1,16.49254935128348,"[0.0, 16.49254935128348]",16.49254935128348,14.285714285714285,16.49254935128348,8.349999999999994,0,1,0,144.6998291797936,1.6492549351283478e-05,501,1,0
272,22,13,0,0,1,16.42120361328125,"[0.0, 16.42120361328125]",16.42120361328125,14.285714285714285,16.42120361328125,10.850000000000119,0,1,0,155.43219942550786,1.642120361328125e-05,651,1,0
272,23,57,0,0,1,16.270915440150667,"[0.0, 16.270915440150667]",16.270915440150667,14.285714285714285,16.270915440150667,10.866666666666786,0,1,0,152.96312292892253,1.6270915440150667e-05,652,1,0
272,24,56,0,0,1,16.16577693394252,"[0.0, 16.16577693394252]",16.16577693394252,14.285714285714285,16.16577693394252,10.100000000000081,0,1,0,150.21061296325206,1.616577693394252e-05,606,1,0
272,25,9,0,0,1,16.126223972865514,"[0.0, 16.126223972865514]",16.126223972865514,14.285714285714285,16.126223972865514,10.500000000000101,0,1,0,150.99218680896593,1.6126223972865514e-05,630,1,0
272,26,10,0,0,1,16.057096208844865,"[0.0, 16.057096208844865]",16.057096208844865,14.285714285714285,16.057096208844865,9.983333333333409,0,1,0,146.3638016023615,1.6057096208844865e-05,599,1,0
272,27,36,0,0,1,16.017379760742188,"[0.0, 16.017379760742188]",16.017379760742188,14.285714285714285,16.017379760742188,10.816666666666784,0,1,0,151.4082454475647,1.6017379760742187e-05,649,1,0
272,28,45,0,0,1,15.886780875069753,"[0.0, 15.886780875069753]",15.886780875069753,14.285714285714285,15.886780875069753,10.116666666666749,0,1,0,148.01762435273122,1.5886780875069755e-05,607,1,0
272,29,40,0,0,1,15.885723658970424,"[0.0, 15.885723658970424]",15.885723658970424,14.285714285714285,15.885723658970424,10.283333333333424,0,1,0,148.70843305048766,1.5885723658970422e-05,617,1,0
272,30,62,0,0,1,15.873740059988839,"[0.0, 15.873740059988839]",15.873740059988839,14.285714285714285,15.873740059988839,11.066666666666796,0,1,0,156.19394578188076,1.5873740059988838e-05,664,1,0
272,31,21,0,0,1,15.705037798200335,"[0.0, 15.705037798200335]",15.705037798200335,14.285714285714285,15.705037798200335,10.700000000000111,0,1,0,153.77694752391835,1.5705037798200337e-05,642,1,0
272,32,55,0,0,1,15.659512111118861,"[0.0, 15.659512111118861]",15.659512111118861,14.285714285714285,15.659512111118861,11.150000000000134,0,1,0,153.0326406179738,1.5659512111118862e-05,669,1,0
272,33,28,0,0,0,15.648896353585378,"[0.0, 15.648896353585378]",15.648896353585378,14.285714285714285,15.648896353585378,10.616666666666774,0,1,0,148.51066837323742,1.5648896353585377e-05,637,1,0
272,34,51,0,0,0,15.526695251464846,"[0.0, 15.526695251464846]",15.526695251464846,14.285714285714285,15.526695251464846,10.900000000000121,0,1,0,149.77910286197584,1.5526695251464845e-05,654,1,0
272,35,15,0,0,0,15.518226623535156,"[0.0, 15.518226623535156]",15.518226623535156,14.285714285714285,15.518226623535156,10.533333333333436,0,1,0,148.79548248172068,1.5518226623535157e-05,632,1,0
272,36,33,0,0,0,15.434079851422991,"[0.0, 15.434079851422991]",15.434079851422991,14.285714285714285,15.434079851422991,8.700000000000012,0,1,0,139.79632338136435,1.543407985142299e-05,522,1,0
272,37,29,0,0,0,15.407660348074778,"[0.0, 15.407660348074778]",15.407660348074778,14.285714285714285,15.407660348074778,10.533333333333436,0,1,0,149.0687696409077,1.5407660348074778e-05,632,1,0
272,38,61,0,0,0,11.608445303780691,"[0.0, 11.608445303780691]",11.608445303780691,11.428571428571429,11.608445303780691,8.800000000000017,0,1,0,111.2990877550692,1.1608445303780691e-05,528,1,0
272,39,58,0,0,0,11.556023188999722,"[0.0, 11.556023188999722]",11.556023188999722,11.428571428571429,11.556023188999722,9.083333333333364,0,1,0,113.31851807579369,1.1556023188999722e-05,545,1,0
272,40,30,0,0,0,11.490186963762556,"[0.0, 11.490186963762556]",11.490186963762556,11.428571428571429,11.490186963762556,7.699999999999978,0,1,0,110.92559035867453,1.1490186963762555e-05,462,1,0
272,41,38,0,0,0,11.366541726248606,"[0.0, 11.366541726248606]",11.366541726248606,8.571428571428571,11.366541726248606,8.31666666666666,0,1,0,110.82218269770965,1.1366541726248606e-05,499,1,0
272,42,26,0,0,0,11.30355017525809,"[0.0, 11.30355017525809]",11.30355017525809,8.571428571428571,11.30355017525809,8.78333333333335,0,1,0,111.20728559606505,1.130355017525809e-05,527,1,0
272,43,23,0,0,0,11.030657632010325,"[0.0, 11.030657632010325]",11.030657632010325,8.571428571428571,11.030657632010325,7.683333333333311,0,1,0,109.09807820618153,1.1030657632010325e-05,461,1,0
272,44,34,0,0,0,11.013077327183314,"[0.0, 11.013077327183314]",11.013077327183314,8.571428571428571,11.013077327183314,8.733333333333347,0,1,0,106.83627155631984,1.1013077327183315e-05,524,1,0
272,45,8,0,0,0,10.49525124686105,"[0.0, 10.49525124686105]",10.49525124686105,8.571428571428571,10.49525124686105,6.816666666666648,0,1,0,101.06731462478638,1.0495251246861051e-05,409,1,0
272,46,17,0,0,0,10.068040575299944,"[0.0, 10.068040575299944]",10.068040575299944,8.571428571428571,10.068040575299944,7.916666666666644,0,1,0,98.93406254053116,1.0068040575299945e-05,475,1,0
272,47,41,0,0,0,9.458274841308594,"[0.0, 9.458274841308594]",9.458274841308594,8.571428571428571,9.458274841308594,5.483333333333319,0,1,0,92.73759058117867,9.458274841308593e-06,329,1,0
272,48,12,0,0,0,9.394149780273438,"[0.0, 9.394149780273438]",9.394149780273438,8.571428571428571,9.394149780273438,5.566666666666652,0,1,0,91.12701052427292,9.394149780273437e-06,334,1,0
272,49,20,0,0,0,9.171123504638672,"[0.0, 9.171123504638672]",9.171123504638672,8.571428571428571,9.171123504638672,5.883333333333318,0,1,0,90.1576205343008,9.171123504638671e-06,353,1,0
272,50,11,0,0,0,6.536243983677455,"[0.0, 6.536243983677455]",6.536243983677455,5.714285714285714,6.536243983677455,7.416666666666646,0,1,0,59.53674677864183,6.536243983677455e-06,445,1,0
272,51,35,0,0,0,6.4641843523297995,"[0.0, 6.4641843523297995]",6.4641843523297995,5.714285714285714,6.4641843523297995,7.416666666666646,0,1,0,59.53734405992145,6.4641843523298e-06,445,1,0
272,52,43,0,0,0,6.449198041643416,"[0.0, 6.449198041643416]",6.449198041643416,5.714285714285714,6.449198041643416,7.366666666666646,0,1,0,58.64675163633365,6.4491980416434156e-06,442,1,0
272,53,27,0,0,0,6.419868469238281,"[0.0, 6.419868469238281]",6.419868469238281,5.714285714285714,6.419868469238281,7.366666666666646,0,1,0,58.59925789968838,6.419868469238281e-06,442,1,0
272,54,59,0,0,0,6.386429922921318,"[0.0, 6.386429922921318]",6.386429922921318,5.714285714285714,6.386429922921318,7.416666666666646,0,1,0,59.545829219176085,6.386429922921318e-06,445,1,0
272,55,60,0,0,0,6.3801356724330365,"[0.0, 6.3801356724330365]",6.3801356724330365,5.714285714285714,6.3801356724330365,7.366666666666646,0,1,0,58.581587455533736,6.380135672433036e-06,442,1,0
272,56,19,0,0,0,6.343492780412946,"[0.0, 6.343492780412946]",6.343492780412946,5.714285714285714,6.343492780412946,7.366666666666646,0,1,0,58.49445229979028,6.343492780412946e-06,442,1,0
272,57,22,0,0,0,6.328975132533482,"[0.0, 6.328975132533482]",6.328975132533482,5.714285714285714,6.328975132533482,7.366666666666646,0,1,0,58.7190797505682,6.3289751325334816e-06,442,1,0
272,58,47,0,0,0,6.307269505092076,"[0.0, 6.307269505092076]",6.307269505092076,5.714285714285714,6.307269505092076,7.366666666666646,0,1,0,58.58204868359462,6.307269505092076e-06,442,1,0
272,59,18,0,0,0,6.195945739746094,"[0.0, 6.195945739746094]",6.195945739746094,5.714285714285714,6.195945739746094,7.316666666666646,0,1,0,57.54183687562181,6.195945739746094e-06,439,1,0
272,60,63,0,0,0,4.831057957240514,"[0.0, 4.831057957240514]",4.831057957240514,2.857142857142857,4.831057957240514,5.199999999999987,0,1,0,40.21206908037129,4.831057957240514e-06,312,1,0
272,61,42,0,0,0,4.606977190290178,"[0.0, 4.606977190290178]",4.606977190290178,2.857142857142857,4.606977190290178,2.833333333333328,0,1,0,37.687758073210716,4.606977190290178e-06,170,1,0
272,62,39,0,0,0,4.57953861781529,"[0.0, 4.57953861781529]",4.57953861781529,2.857142857142857,4.57953861781529,3.016666666666661,0,1,0,37.5026945322752,4.57953861781529e-06,181,1,0
272,63,32,0,0,0,3.723013741629464,"[0.0, 3.723013741629464]",3.723013741629464,2.857142857142857,3.723013741629464,5.516666666666652,0,1,0,26.043401177492342,3.723013741629464e-06,331,1,0
272,64,50,0,0,0,3.4207916259765625,"[0.0, 3.4207916259765625]",3.4207916259765625,2.857142857142857,3.4207916259765625,6.06666666666665,0,1,0,25.468070032875403,3.4207916259765624e-06,364,1,0
273,1,0,0,1,1,29.07006373223238,"[0.0, 29.07006373223238]",29.07006373223238,28.57142857142857,29.07006373223238,19.416666666666845,0,1,0,282.330984117747,2.907006373223238e-05,1165,1,0
273,2,1,0,1,1,28.555750174077392,"[0.0, 28.555750174077392]",28.555750174077392,25.71428571428571,28.555750174077392,20.083333333333474,0,1,0,285.9795293595016,2.8555750174077392e-05,1205,1,0
273,3,2,0,1,1,27.671193197069833,"[0.0, 27.671193197069833]",27.671193197069833,25.71428571428571,27.671193197069833,12.950000000000223,0,1,0,268.2002897739585,2.7671193197069833e-05,777,1,0
273,4,3,0,1,1,27.43463304739407,"[0.0, 27.43463304739407]",27.43463304739407,25.71428571428571,27.43463304739407,12.43333333333353,0,1,0,264.66152656511986,2.743463304739407e-05,746,1,0
273,5,4,0,1,1,23.774067523085876,"[0.0, 23.774067523085876]",23.774067523085876,22.857142857142858,23.774067523085876,16.216666666667027,0,1,0,219.1191477911998,2.3774067523085877e-05,973,1,0
273,6,5,0,1,1,23.290072617577138,"[0.0, 23.290072617577138]",23.290072617577138,22.857142857142858,23.290072617577138,14.316666666666958,0,1,0,213.9662596543858,2.329007261757714e-05,859,1,0
273,7,6,0,1,1,23.279554957901173,"[0.0, 23.279554957901173]",23.279554957901173,22.857142857142858,23.279554957901173,14.416666666666963,0,1,0,213.40182683184685,2.3279554957901172e-05,865,1,0
273,8,7,0,1,1,23.01988865432586,"[0.0, 23.01988865432586]",23.01988865432586,22.857142857142858,23.01988865432586,19.033333333333534,0,1,0,211.49774274531228,2.301988865432586e-05,1142,1,0
273,9,61,0,0,1,21.721226828438894,"[0.0, 21.721226828438894]",21.721226828438894,20.0,21.721226828438894,13.56666666666692,0,1,0,199.32703817124275,2.1721226828438893e-05,814,1,0
273,10,62,0,0,1,21.298010689871653,"[0.0, 21.298010689871653]",21.298010689871653,20.0,21.298010689871653,10.733333333333446,0,1,0,193.1575422843016,2.129801068987165e-05,644,1,0
273,11,37,0,0,1,20.897009713309153,"[0.0, 20.897009713309153]",20.897009713309153,20.0,20.897009713309153,11.383333333333479,0,1,0,194.37938324338757,2.0897009713309153e-05,683,1,0
273,12,46,0,0,1,20.726634434291295,"[0.0, 20.726634434291295]",20.726634434291295,20.0,20.726634434291295,13.000000000000226,0,1,0,193.97555182087672,2.0726634434291294e-05,780,1,0
273,13,13,0,0,1,20.617659432547434,"[0.0, 20.617659432547434]",20.617659432547434,20.0,20.617659432547434,11.750000000000163,0,1,0,191.66873538386426,2.0617659432547433e-05,705,1,0
273,14,25,0,0,1,20.586348942347936,"[0.0, 20.586348942347936]",20.586348942347936,20.0,20.586348942347936,12.03333333333351,0,1,0,193.84972703310632,2.0586348942347936e-05,722,1,0
273,15,31,0,0,1,20.546188354492188,"[0.0, 20.546188354492188]",20.546188354492188,20.0,20.546188354492188,12.416666666666863,0,1,0,192.5956332738424,2.0546188354492186e-05,745,1,0
273,16,19,0,0,1,20.41294915335519,"[0.0, 20.41294915335519]",20.41294915335519,20.0,20.41294915335519,11.066666666666796,0,1,0,189.32428369471745,2.041294915335519e-05,664,1,0
273,17,10,0,0,1,20.197688511439733,"[0.0, 20.197688511439733]",20.197688511439733,20.0,20.197688511439733,11.633333333333491,0,1,0,190.6324507622703,2.0197688511439732e-05,698,1,0
273,18,47,0,0,1,17.08599090576172,"[0.0, 17.08599090576172]",17.08599090576172,14.285714285714285,17.08599090576172,10.533333333333436,0,1,0,162.23956368646031,1.7085990905761717e-05,632,1,0
273,19,30,0,0,1,16.730439322335382,"[0.0, 16.730439322335382]",16.730439322335382,14.285714285714285,16.730439322335382,10.450000000000099,0,1,0,157.15837248533353,1.673043932233538e-05,627,1,0
273,20,40,0,0,1,16.704488481794087,"[0.0, 16.704488481794087]",16.704488481794087,14.285714285714285,16.704488481794087,11.083333333333464,0,1,0,159.6539267800763,1.6704488481794088e-05,665,1,0
273,21,28,0,0,1,16.64954594203404,"[0.0, 16.64954594203404]",16.64954594203404,14.285714285714285,16.64954594203404,11.066666666666796,0,1,0,156.51679010185762,1.6649545942034042e-05,664,1,0
273,22,53,0,0,1,16.501720973423552,"[0.0, 16.501720973423552]",16.501720973423552,14.285714285714285,16.501720973423552,11.466666666666816,0,1,0,150.7339571374323,1.650172097342355e-05,688,1,0
273,23,41,0,0,1,16.495671953473774,"[0.0, 16.495671953473774]",16.495671953473774,14.285714285714285,16.495671953473774,10.933333333333456,0,1,0,154.05831166373537,1.6495671953473773e-05,656,1,0
273,24,8,0,0,1,16.486173357282365,"[0.0, 16.486173357282365]",16.486173357282365,14.285714285714285,16.486173357282365,11.033333333333461,0,1,0,155.12147037869,1.6486173357282364e-05,662,1,0
273,25,29,0,0,1,16.465721130371094,"[0.0, 16.465721130371094]",16.465721130371094,14.285714285714285,16.465721130371094,9.466666666666717,0,1,0,149.97305685156607,1.6465721130371094e-05,568,1,0
273,26,55,0,0,1,16.42387935093471,"[0.0, 16.42387935093471]",16.42387935093471,14.285714285714285,16.42387935093471,11.166666666666801,0,1,0,154.78609060279996,1.6423879350934708e-05,670,1,0
273,27,48,0,0,1,16.130758013044087,"[0.0, 16.130758013044087]",16.130758013044087,14.285714285714285,16.130758013044087,10.966666666666791,0,1,0,148.88263393250236,1.6130758013044087e-05,658,1,0
273,28,18,0,0,1,16.115624564034597,"[0.0, 16.115624564034597]",16.115624564034597,14.285714285714285,16.115624564034597,10.983333333333459,0,1,0,151.7518492482268,1.61156245640346e-05,659,1,0
273,29,57,0,0,1,16.047227042061945,"[0.0, 16.047227042061945]",16.047227042061945,14.285714285714285,16.047227042061945,10.216666666666754,0,1,0,151.84900587981247,1.6047227042061943e-05,613,1,0
273,30,36,0,0,1,16.010420663016184,"[0.0, 16.010420663016184]",16.010420663016184,14.285714285714285,16.010420663016184,10.333333333333426,0,1,0,150.98401195326733,1.6010420663016184e-05,620,1,0
273,31,58,0,0,1,15.982420785086497,"[0.0, 15.982420785086497]",15.982420785086497,14.285714285714285,15.982420785086497,10.916666666666789,0,1,0,147.19239880592795,1.5982420785086496e-05,655,1,0
273,32,32,0,0,1,15.933739798409599,"[0.0, 15.933739798409599]",15.933739798409599,14.285714285714285,15.933739798409599,10.766666666666781,0,1,0,144.8791036549228,1.59337397984096e-05,646,1,0
273,33,20,0,0,0,15.921963282993861,"[0.0, 15.921963282993861]",15.921963282993861,14.285714285714285,15.921963282993861,10.750000000000114,0,1,0,149.69364098336519,1.592196328299386e-05,645,1,0
273,34,33,0,0,0,15.881227765764509,"[0.0, 15.881227765764509]",15.881227765764509,14.285714285714285,15.881227765764509,9.466666666666717,0,1,0,147.2007051454857,1.588122776576451e-05,568,1,0
273,35,17,0,0,0,15.840503147670201,"[0.0, 15.840503147670201]",15.840503147670201,14.285714285714285,15.840503147670201,9.566666666666721,0,1,0,147.74203099595616,1.5840503147670203e-05,574,1,0
273,36,52,0,0,0,15.770972115652901,"[0.0, 15.770972115652901]",15.770972115652901,14.285714285714285,15.770972115652901,10.600000000000106,0,1,0,151.11681184225745,1.57709721156529e-05,636,1,0
273,37,49,0,0,0,15.604438781738281,"[0.0, 15.604438781738281]",15.604438781738281,14.285714285714285,15.604438781738281,10.683333333333444,0,1,0,151.28163371315895,1.560443878173828e-05,641,1,0
273,38,39,0,0,0,15.197149004255023,"[0.0, 15.197149004255023]",15.197149004255023,14.285714285714285,15.197149004255023,10.450000000000099,0,1,0,145.2683410165846,1.5197149004255022e-05,627,1,0
273,39,56,0,0,0,15.009476797921318,"[0.0, 15.009476797921318]",15.009476797921318,14.285714285714285,15.009476797921318,9.766666666666731,0,1,0,146.4091212918065,1.5009476797921318e-05,586,1,0
273,40,50,0,0,0,14.833553859165738,"[0.0, 14.833553859165738]",14.833553859165738,14.285714285714285,14.833553859165738,9.900000000000071,0,1,0,142.0662112030841,1.4833553859165738e-05,594,1,0
273,41,38,0,0,0,11.645646776471818,"[0.0, 11.645646776471818]",11.645646776471818,11.428571428571429,11.645646776471818,9.466666666666717,0,1,0,115.17791288051376,1.1645646776471818e-05,568,1,0
273,42,59,0,0,0,11.535745348249163,"[0.0, 11.535745348249163]",11.535745348249163,11.428571428571429,11.535745348249163,8.04999999999998,0,1,0,112.57931565307081,1.1535745348249163e-05,483,1,0
273,43,15,0,0,0,11.45465578351702,"[0.0, 11.45465578351702]",11.45465578351702,11.428571428571429,11.45465578351702,8.666666666666677,0,1,0,110.58604883283988,1.145465578351702e-05,520,1,0
273,44,22,0,0,0,11.386075701032366,"[0.0, 11.386075701032366]",11.386075701032366,8.571428571428571,11.386075701032366,7.583333333333312,0,1,0,110.78403061628342,1.1386075701032366e-05,455,1,0
273,45,26,0,0,0,11.341062273297991,"[0.0, 11.341062273297991]",11.341062273297991,8.571428571428571,11.341062273297991,9.1166666666667,0,1,0,111.81338364263502,1.134106227329799e-05,547,1,0
273,46,35,0,0,0,11.135905129568917,"[0.0, 11.135905129568917]",11.135905129568917,8.571428571428571,11.135905129568917,7.883333333333311,0,1,0,108.35584190115333,1.1135905129568917e-05,473,1,0
273,47,43,0,0,0,10.815222603934153,"[0.0, 10.815222603934153]",10.815222603934153,8.571428571428571,10.815222603934153,8.433333333333332,0,1,0,104.92947318207734,1.0815222603934152e-05,506,1,0
273,48,60,0,0,0,10.73646000453404,"[0.0, 10.73646000453404]",10.73646000453404,8.571428571428571,10.73646000453404,8.283333333333324,0,1,0,104.60295116790803,1.073646000453404e-05,497,1,0
273,49,14,0,0,0,10.550518035888672,"[0.0, 10.550518035888672]",10.550518035888672,8.571428571428571,10.550518035888672,7.116666666666647,0,1,0,102.44360944256186,1.0550518035888672e-05,427,1,0
273,50,16,0,0,0,9.970250810895648,"[0.0, 9.970250810895648]",9.970250810895648,8.571428571428571,9.970250810895648,7.749999999999978,0,1,0,101.02905678749084,9.970250810895647e-06,465,1,0
273,51,42,0,0,0,8.43376977103097,"[0.0, 8.43376977103097]",8.43376977103097,5.714285714285714,8.43376977103097,7.783333333333311,0,1,0,65.34774231714255,8.43376977103097e-06,467,1,0
273,52,34,0,0,0,6.520947047642299,"[0.0, 6.520947047642299]",6.520947047642299,5.714285714285714,6.520947047642299,7.416666666666646,0,1,0,59.5927032965119,6.520947047642299e-06,445,1,0
273,53,11,0,0,0,6.515606471470424,"[0.0, 6.515606471470424]",6.515606471470424,5.714285714285714,6.515606471470424,7.416666666666646,0,1,0,59.762378412357066,6.515606471470424e-06,445,1,0
273,54,24,0,0,0,6.428179059709821,"[0.0, 6.428179059709821]",6.428179059709821,5.714285714285714,6.428179059709821,7.366666666666646,0,1,0,58.24643089365418,6.428179059709821e-06,442,1,0
273,55,45,0,0,0,6.425230843680245,"[0.0, 6.425230843680245]",6.425230843680245,5.714285714285714,6.425230843680245,7.416666666666646,0,1,0,59.537143996189116,6.425230843680245e-06,445,1,0
273,56,44,0,0,0,6.347852434430804,"[0.0, 6.347852434430804]",6.347852434430804,5.714285714285714,6.347852434430804,7.366666666666646,0,1,0,58.47849718361249,6.347852434430804e-06,442,1,0
273,57,27,0,0,0,6.2950352260044635,"[0.0, 6.2950352260044635]",6.2950352260044635,5.714285714285714,6.2950352260044635,7.316666666666646,0,1,0,57.416980601046816,6.295035226004463e-06,439,1,0
273,58,51,0,0,0,6.294163295200892,"[0.0, 6.294163295200892]",6.294163295200892,5.714285714285714,6.294163295200892,7.366666666666646,0,1,0,58.65315659603948,6.294163295200893e-06,442,1,0
273,59,21,0,0,0,6.2349428449358255,"[0.0, 6.2349428449358255]",6.2349428449358255,5.714285714285714,6.2349428449358255,7.316666666666646,0,1,0,57.534898915888334,6.234942844935826e-06,439,1,0
273,60,23,0,0,0,4.798082624162946,"[0.0, 4.798082624162946]",4.798082624162946,2.857142857142857,4.798082624162946,2.4333333333333296,0,1,0,39.65658324956894,4.798082624162946e-06,146,1,0
273,61,63,0,0,0,3.6128016880580356,"[0.0, 3.6128016880580356]",3.6128016880580356,2.857142857142857,3.6128016880580356,5.466666666666653,0,1,0,25.10230312305066,3.6128016880580355e-06,328,1,0
273,62,12,0,0,0,2.816521780831473,"[0.0, 2.816521780831473]",2.816521780831473,0.0,2.816521780831473,5.016666666666654,0,1,0,40.244304306514096,2.8165217808314732e-06,301,1,0
273,63,9,0,0,0,2.4771390642438615,"[0.0, 2.4771390642438615]",2.4771390642438615,0.0,2.4771390642438615,5.016666666666654,0,1,0,13.48036602018692,2.4771390642438614e-06,301,1,0
273,64,54,0,0,0,2.154606410435268,"[0.0, 2.154606410435268]",2.154606410435268,0.0,2.154606410435268,5.016666666666654,0,1,0,9.879500773793552,2.1546064104352676e-06,301,1,0
274,1,0,0,1,1,29.07006373223238,"[0.0, 29.07006373223238]",29.07006373223238,28.57142857142857,29.07006373223238,19.416666666666845,0,1,0,282.330984117747,2.907006373223238e-05,1165,1,0
274,2,1,0,1,1,28.555750174077392,"[0.0, 28.555750174077392]",28.555750174077392,25.71428571428571,28.555750174077392,20.083333333333474,0,1,0,285.9795293595016,2.8555750174077392e-05,1205,1,0
274,3,2,0,1,1,27.671193197069833,"[0.0, 27.671193197069833]",27.671193197069833,25.71428571428571,27.671193197069833,12.950000000000223,0,1,0,268.2002897739585,2.7671193197069833e-05,777,1,0
274,4,3,0,1,1,27.43463304739407,"[0.0, 27.43463304739407]",27.43463304739407,25.71428571428571,27.43463304739407,12.43333333333353,0,1,0,264.66152656511986,2.743463304739407e-05,746,1,0
274,5,4,0,1,1,23.774067523085876,"[0.0, 23.774067523085876]",23.774067523085876,22.857142857142858,23.774067523085876,16.216666666667027,0,1,0,219.1191477911998,2.3774067523085877e-05,973,1,0
274,6,5,0,1,1,23.290072617577138,"[0.0, 23.290072617577138]",23.290072617577138,22.857142857142858,23.290072617577138,14.316666666666958,0,1,0,213.9662596543858,2.329007261757714e-05,859,1,0
274,7,6,0,1,1,23.279554957901173,"[0.0, 23.279554957901173]",23.279554957901173,22.857142857142858,23.279554957901173,14.416666666666963,0,1,0,213.40182683184685,2.3279554957901172e-05,865,1,0
274,8,63,0,1,1,23.038602459158657,"[0.0, 23.038602459158657]",23.038602459158657,22.857142857142858,23.038602459158657,19.583333333333503,0,1,0,209.24012152950309,2.3038602459158657e-05,1175,1,0
274,9,7,0,0,1,23.01988865432586,"[0.0, 23.01988865432586]",23.01988865432586,22.857142857142858,23.01988865432586,19.033333333333534,0,1,0,211.49774274531228,2.301988865432586e-05,1142,1,0
274,10,22,0,0,1,22.324275970458984,"[0.0, 22.324275970458984]",22.324275970458984,20.0,22.324275970458984,14.850000000000318,0,1,0,203.47200125066593,2.2324275970458984e-05,891,1,0
274,11,49,0,0,1,22.004737854003906,"[0.0, 22.004737854003906]",22.004737854003906,20.0,22.004737854003906,12.96666666666689,0,1,0,199.83382484912727,2.2004737854003907e-05,778,1,0
274,12,10,0,0,1,21.489764622279576,"[0.0, 21.489764622279576]",21.489764622279576,20.0,21.489764622279576,14.666666666666975,0,1,0,195.88948245750362,2.1489764622279575e-05,880,1,0
274,13,45,0,0,1,21.427277156284877,"[0.0, 21.427277156284877]",21.427277156284877,20.0,21.427277156284877,12.03333333333351,0,1,0,196.65315484847815,2.1427277156284878e-05,722,1,0
274,14,33,0,0,1,20.913835253034318,"[0.0, 20.913835253034318]",20.913835253034318,20.0,20.913835253034318,13.76666666666693,0,1,0,194.50666389155958,2.0913835253034317e-05,826,1,0
274,15,36,0,0,1,20.615163530622212,"[0.0, 20.615163530622212]",20.615163530622212,20.0,20.615163530622212,12.36666666666686,0,1,0,191.96018616719084,2.0615163530622212e-05,742,1,0
274,16,26,0,0,1,20.574591500418528,"[0.0, 20.574591500418528]",20.574591500418528,20.0,20.574591500418528,10.700000000000111,0,1,0,191.79214485592092,2.0574591500418527e-05,642,1,0
274,17,61,0,0,1,20.428564889090403,"[0.0, 20.428564889090403]",20.428564889090403,20.0,20.428564889090403,12.03333333333351,0,1,0,190.92124944003444,2.0428564889090404e-05,722,1,0
274,18,12,0,0,1,20.18014907836914,"[0.0, 20.18014907836914]",20.18014907836914,20.0,20.18014907836914,10.983333333333459,0,1,0,191.25579622012447,2.018014907836914e-05,659,1,0
274,19,18,0,0,1,17.21937452043806,"[0.0, 17.21937452043806]",17.21937452043806,17.142857142857142,17.21937452043806,10.466666666666766,0,1,0,159.1566567915943,1.7219374520438058e-05,628,1,0
274,20,53,0,0,1,17.063871111188618,"[0.0, 17.063871111188618]",17.063871111188618,14.285714285714285,17.063871111188618,11.383333333333479,0,1,0,160.66669792136963,1.7063871111188617e-05,683,1,0
274,21,39,0,0,1,16.948934282575333,"[0.0, 16.948934282575333]",16.948934282575333,14.285714285714285,16.948934282575333,11.083333333333464,0,1,0,157.20330614520208,1.6948934282575334e-05,665,1,0
274,22,17,0,0,1,16.83089120047433,"[0.0, 16.83089120047433]",16.83089120047433,14.285714285714285,16.83089120047433,10.866666666666786,0,1,0,159.30157535771286,1.683089120047433e-05,652,1,0
274,23,40,0,0,1,16.823278154645646,"[0.0, 16.823278154645646]",16.823278154645646,14.285714285714285,16.823278154645646,10.716666666666779,0,1,0,157.08280080027907,1.6823278154645646e-05,643,1,0
274,24,14,0,0,1,16.74012320382254,"[0.0, 16.74012320382254]",16.74012320382254,14.285714285714285,16.74012320382254,11.933333333333506,0,1,0,156.39453768297244,1.6740123203822543e-05,716,1,0
274,25,32,0,0,1,16.71586717878069,"[0.0, 16.71586717878069]",16.71586717878069,14.285714285714285,16.71586717878069,11.050000000000129,0,1,0,157.58205926346272,1.671586717878069e-05,663,1,0
274,26,15,0,0,1,16.52895791190011,"[0.0, 16.52895791190011]",16.52895791190011,14.285714285714285,16.52895791190011,11.366666666666811,0,1,0,154.72437635134702,1.6528957911900112e-05,682,1,0
274,27,50,0,0,1,16.503753662109375,"[0.0, 16.503753662109375]",16.503753662109375,14.285714285714285,16.503753662109375,9.500000000000052,0,1,0,152.5958600541344,1.6503753662109376e-05,570,1,0
274,28,44,0,0,1,16.316920689174108,"[0.0, 16.316920689174108]",16.316920689174108,14.285714285714285,16.316920689174108,10.816666666666784,0,1,0,152.38614741206402,1.6316920689174108e-05,649,1,0
274,29,34,0,0,1,16.18755885532924,"[0.0, 16.18755885532924]",16.18755885532924,14.285714285714285,16.18755885532924,10.316666666666759,0,1,0,146.80176432683947,1.618755885532924e-05,619,1,0
274,30,35,0,0,1,16.12041473388672,"[0.0, 16.12041473388672]",16.12041473388672,14.285714285714285,16.12041473388672,9.033333333333362,0,1,0,142.17453364096582,1.6120414733886717e-05,542,1,0
274,31,19,0,0,1,16.082807268415177,"[0.0, 16.082807268415177]",16.082807268415177,14.285714285714285,16.082807268415177,11.433333333333481,0,1,0,152.114992301249,1.6082807268415177e-05,686,1,0
274,32,27,0,0,1,16.065804617745535,"[0.0, 16.065804617745535]",16.065804617745535,14.285714285714285,16.065804617745535,10.700000000000111,0,1,0,147.4688920710032,1.6065804617745535e-05,642,1,0
274,33,58,0,0,0,16.056246076311385,"[0.0, 16.056246076311385]",16.056246076311385,14.285714285714285,16.056246076311385,11.533333333333486,0,1,0,147.79704108349688,1.6056246076311387e-05,692,1,0
274,34,37,0,0,0,16.053167070661274,"[0.0, 16.053167070661274]",16.053167070661274,14.285714285714285,16.053167070661274,11.266666666666806,0,1,0,150.43776116611116,1.6053167070661274e-05,676,1,0
274,35,55,0,0,0,15.982873099190847,"[0.0, 15.982873099190847]",15.982873099190847,14.285714285714285,15.982873099190847,10.666666666666776,0,1,0,152.29467932822445,1.5982873099190847e-05,640,1,0
274,36,28,0,0,0,15.972355433872767,"[0.0, 15.972355433872767]",15.972355433872767,14.285714285714285,15.972355433872767,9.533333333333387,0,1,0,149.7771790627885,1.5972355433872766e-05,572,1,0
274,37,59,0,0,0,15.806857517787387,"[0.0, 15.806857517787387]",15.806857517787387,14.285714285714285,15.806857517787387,10.066666666666746,0,1,0,145.3022274528921,1.5806857517787387e-05,604,1,0
274,38,56,0,0,0,15.802873883928573,"[0.0, 15.802873883928573]",15.802873883928573,14.285714285714285,15.802873883928573,9.550000000000054,0,1,0,142.2547968650033,1.5802873883928574e-05,573,1,0
274,39,31,0,0,0,15.773636954171316,"[0.0, 15.773636954171316]",15.773636954171316,14.285714285714285,15.773636954171316,9.700000000000061,0,1,0,143.60956456218264,1.5773636954171315e-05,582,1,0
274,40,57,0,0,0,15.744187491280693,"[0.0, 15.744187491280693]",15.744187491280693,14.285714285714285,15.744187491280693,11.133333333333466,0,1,0,146.43070552678546,1.5744187491280694e-05,668,1,0
274,41,62,0,0,0,11.630971091134208,"[0.0, 11.630971091134208]",11.630971091134208,11.428571428571429,11.630971091134208,8.45,0,1,0,114.36404633754864,1.1630971091134208e-05,507,1,0
274,42,16,0,0,0,11.501620156424385,"[0.0, 11.501620156424385]",11.501620156424385,11.428571428571429,11.501620156424385,8.133333333333317,0,1,0,107.80848096683621,1.1501620156424385e-05,488,1,0
274,43,11,0,0,0,11.491241455078125,"[0.0, 11.491241455078125]",11.491241455078125,11.428571428571429,11.491241455078125,8.666666666666677,0,1,0,110.58585203823168,1.1491241455078126e-05,520,1,0
274,44,51,0,0,0,11.417732238769531,"[0.0, 11.417732238769531]",11.417732238769531,8.571428571428571,11.417732238769531,9.083333333333364,0,1,0,111.17779872743267,1.1417732238769531e-05,545,1,0
274,45,25,0,0,0,11.307858058384486,"[0.0, 11.307858058384486]",11.307858058384486,8.571428571428571,11.307858058384486,8.11666666666665,0,1,0,109.28436212521046,1.1307858058384486e-05,487,1,0
274,46,54,0,0,0,10.860287802559988,"[0.0, 10.860287802559988]",10.860287802559988,8.571428571428571,10.860287802559988,8.299999999999992,0,1,0,105.09684901608853,1.0860287802559988e-05,498,1,0
274,47,23,0,0,0,8.583096095493861,"[0.0, 8.583096095493861]",8.583096095493861,8.571428571428571,8.583096095493861,7.666666666666645,0,1,0,64.9509349494183,8.58309609549386e-06,460,1,0
274,48,60,0,0,0,8.509551456996373,"[0.0, 8.509551456996373]",8.509551456996373,5.714285714285714,8.509551456996373,7.683333333333311,0,1,0,66.36949789937353,8.509551456996374e-06,461,1,0
274,49,42,0,0,0,6.510957990373884,"[0.0, 6.510957990373884]",6.510957990373884,5.714285714285714,6.510957990373884,7.416666666666646,0,1,0,59.5369571960764,6.510957990373884e-06,445,1,0
274,50,48,0,0,0,6.422037397112165,"[0.0, 6.422037397112165]",6.422037397112165,5.714285714285714,6.422037397112165,7.366666666666646,0,1,0,58.478220298711676,6.422037397112165e-06,442,1,0
274,51,24,0,0,0,6.421666826520648,"[0.0, 6.421666826520648]",6.421666826520648,5.714285714285714,6.421666826520648,7.366666666666646,0,1,0,58.794279515132075,6.421666826520648e-06,442,1,0
274,52,46,0,0,0,6.399999346051898,"[0.0, 6.399999346051898]",6.399999346051898,5.714285714285714,6.399999346051898,7.366666666666646,0,1,0,58.581851529175765,6.399999346051897e-06,442,1,0
274,53,13,0,0,0,6.39380863734654,"[0.0, 6.39380863734654]",6.39380863734654,5.714285714285714,6.39380863734654,7.366666666666646,0,1,0,58.49132393691252,6.39380863734654e-06,442,1,0
274,54,47,0,0,0,6.383340018136161,"[0.0, 6.383340018136161]",6.383340018136161,5.714285714285714,6.383340018136161,7.416666666666646,0,1,0,59.536930043337634,6.38334001813616e-06,445,1,0
274,55,30,0,0,0,6.346233912876674,"[0.0, 6.346233912876674]",6.346233912876674,5.714285714285714,6.346233912876674,7.366666666666646,0,1,0,58.47926935287978,6.346233912876674e-06,442,1,0
274,56,20,0,0,0,6.326223100934709,"[0.0, 6.326223100934709]",6.326223100934709,5.714285714285714,6.326223100934709,7.366666666666646,0,1,0,58.58185882670659,6.326223100934709e-06,442,1,0
274,57,9,0,0,0,6.301683698381696,"[0.0, 6.301683698381696]",6.301683698381696,5.714285714285714,6.301683698381696,7.366666666666646,0,1,0,58.47883286384604,6.301683698381696e-06,442,1,0
274,58,29,0,0,0,5.083536420549665,"[0.0, 5.083536420549665]",5.083536420549665,2.857142857142857,5.083536420549665,2.716666666666662,0,1,0,42.74243985116482,5.083536420549665e-06,163,1,0
274,59,8,0,0,0,4.639685494559152,"[0.0, 4.639685494559152]",4.639685494559152,2.857142857142857,4.639685494559152,6.2333333333333165,0,1,0,37.02034236716281,4.639685494559152e-06,374,1,0
274,60,43,0,0,0,4.427163260323661,"[0.0, 4.427163260323661]",4.427163260323661,2.857142857142857,4.427163260323661,2.1499999999999972,0,1,0,35.697116270661354,4.4271632603236605e-06,129,1,0
274,61,21,0,0,0,3.6459677559988837,"[0.0, 3.6459677559988837]",3.6459677559988837,2.857142857142857,3.6459677559988837,5.466666666666653,0,1,0,25.30038359563332,3.645967755998884e-06,328,1,0
274,62,52,0,0,0,3.5800170898437496,"[0.0, 3.5800170898437496]",3.5800170898437496,2.857142857142857,3.5800170898437496,5.466666666666653,0,1,0,24.98685831653711,3.5800170898437495e-06,328,1,0
274,63,41,0,0,0,3.410077776227679,"[0.0, 3.410077776227679]",3.410077776227679,2.857142857142857,3.410077776227679,5.249999999999987,0,1,0,22.39804764909786,3.4100777762276787e-06,315,1,0
274,64,38,0,0,0,3.391282217843192,"[0.0, 3.391282217843192]",3.391282217843192,2.857142857142857,3.391282217843192,5.2999999999999865,0,1,0,23.11238498898456,3.391282217843192e-06,318,1,0
275,1,0,0,1,1,29.07006373223238,"[0.0, 29.07006373223238]",29.07006373223238,28.57142857142857,29.07006373223238,19.416666666666845,0,1,0,282.330984117747,2.907006373223238e-05,1165,1,0
275,2,1,0,1,1,28.555750174077392,"[0.0, 28.555750174077392]",28.555750174077392,25.71428571428571,28.555750174077392,20.083333333333474,0,1,0,285.9795293595016,2.8555750174077392e-05,1205,1,0
275,3,2,0,1,1,27.671193197069833,"[0.0, 27.671193197069833]",27.671193197069833,25.71428571428571,27.671193197069833,12.950000000000223,0,1,0,268.2002897739585,2.7671193197069833e-05,777,1,0
275,4,3,0,1,1,27.43463304739407,"[0.0, 27.43463304739407]",27.43463304739407,25.71428571428571,27.43463304739407,12.43333333333353,0,1,0,264.66152656511986,2.743463304739407e-05,746,1,0
275,5,4,0,1,1,23.774067523085876,"[0.0, 23.774067523085876]",23.774067523085876,22.857142857142858,23.774067523085876,16.216666666667027,0,1,0,219.1191477911998,2.3774067523085877e-05,973,1,0
275,6,39,0,1,1,23.293977230612292,"[0.0, 23.293977230612292]",23.293977230612292,22.857142857142858,23.293977230612292,14.583333333333638,0,1,0,212.33498453319044,2.329397723061229e-05,875,1,0
275,7,5,0,1,1,23.290072617577138,"[0.0, 23.290072617577138]",23.290072617577138,22.857142857142858,23.290072617577138,14.316666666666958,0,1,0,213.9662596543858,2.329007261757714e-05,859,1,0
275,8,6,0,1,1,23.279554957901173,"[0.0, 23.279554957901173]",23.279554957901173,22.857142857142858,23.279554957901173,14.416666666666963,0,1,0,213.40182683184685,2.3279554957901172e-05,865,1,0
275,9,7,0,0,1,23.038602459158657,"[0.0, 23.038602459158657]",23.038602459158657,22.857142857142858,23.038602459158657,19.583333333333503,0,1,0,209.24012152950309,2.3038602459158657e-05,1175,1,0
275,10,43,0,0,1,22.042813982282368,"[0.0, 22.042813982282368]",22.042813982282368,20.0,22.042813982282368,20.850000000000097,0,1,0,202.97542633429111,2.2042813982282368e-05,1251,1,0
275,11,42,0,0,1,22.02172143118722,"[0.0, 22.02172143118722]",22.02172143118722,20.0,22.02172143118722,13.150000000000233,0,1,0,201.10912099287088,2.202172143118722e-05,789,1,0
275,12,15,0,0,1,21.21316637311663,"[0.0, 21.21316637311663]",21.21316637311663,20.0,21.21316637311663,13.000000000000226,0,1,0,195.5576279950692,2.121316637311663e-05,780,1,0
275,13,30,0,0,1,21.172866821289062,"[0.0, 21.172866821289062]",21.172866821289062,20.0,21.172866821289062,12.533333333333536,0,1,0,194.9827890592569,2.1172866821289064e-05,752,1,0
275,14,14,0,0,1,20.837811061314174,"[0.0, 20.837811061314174]",20.837811061314174,20.0,20.837811061314174,11.250000000000139,0,1,0,191.0110302072062,2.0837811061314173e-05,675,1,0
275,15,17,0,0,1,20.787996564592635,"[0.0, 20.787996564592635]",20.787996564592635,20.0,20.787996564592635,11.800000000000166,0,1,0,194.17646415276977,2.0787996564592634e-05,708,1,0
275,16,32,0,0,1,20.760092054094585,"[0.0, 20.760092054094585]",20.760092054094585,20.0,20.760092054094585,10.983333333333459,0,1,0,191.53388537195133,2.0760092054094586e-05,659,1,0
275,17,21,0,0,1,17.114481244768413,"[0.0, 17.114481244768413]",17.114481244768413,14.285714285714285,17.114481244768413,11.783333333333498,0,1,0,163.00000581581116,1.7114481244768413e-05,707,1,0
275,18,36,0,0,1,17.10629599434989,"[0.0, 17.10629599434989]",17.10629599434989,14.285714285714285,17.10629599434989,10.016666666666744,0,1,0,160.14471320098528,1.710629599434989e-05,601,1,0
275,19,9,0,0,1,16.821441650390625,"[0.0, 16.821441650390625]",16.821441650390625,14.285714285714285,16.821441650390625,11.250000000000139,0,1,0,159.12692935307132,1.6821441650390623e-05,675,1,0
275,20,26,0,0,1,16.80760519845145,"[0.0, 16.80760519845145]",16.80760519845145,14.285714285714285,16.80760519845145,10.550000000000104,0,1,0,159.01843843538518,1.6807605198451453e-05,633,1,0
275,21,51,0,0,1,16.765943254743306,"[0.0, 16.765943254743306]",16.765943254743306,14.285714285714285,16.765943254743306,10.066666666666746,0,1,0,158.3594078069509,1.6765943254743305e-05,604,1,0
275,22,57,0,0,1,16.747240339006698,"[0.0, 16.747240339006698]",16.747240339006698,14.285714285714285,16.747240339006698,9.850000000000069,0,1,0,153.62980562041048,1.67472403390067e-05,591,1,0
275,23,13,0,0,1,16.681371416364396,"[0.0, 16.681371416364396]",16.681371416364396,14.285714285714285,16.681371416364396,11.233333333333471,0,1,0,155.40450306025014,1.6681371416364395e-05,674,1,0
275,24,22,0,0,1,16.508494785853795,"[0.0, 16.508494785853795]",16.508494785853795,14.285714285714285,16.508494785853795,10.250000000000089,0,1,0,153.3488599501361,1.6508494785853794e-05,615,1,0
275,25,46,0,0,1,16.451846531459264,"[0.0, 16.451846531459264]",16.451846531459264,14.285714285714285,16.451846531459264,9.950000000000074,0,1,0,155.46916057251656,1.6451846531459262e-05,597,1,0
275,26,37,0,0,1,16.443939208984375,"[0.0, 16.443939208984375]",16.443939208984375,14.285714285714285,16.443939208984375,11.200000000000136,0,1,0,154.6226475241201,1.6443939208984374e-05,672,1,0
275,27,63,0,0,1,16.363568987165177,"[0.0, 16.363568987165177]",16.363568987165177,14.285714285714285,16.363568987165177,10.566666666666771,0,1,0,154.46330737445533,1.6363568987165176e-05,634,1,0
275,28,33,0,0,1,16.357378278459823,"[0.0, 16.357378278459823]",16.357378278459823,14.285714285714285,16.357378278459823,11.000000000000126,0,1,0,155.02757746997668,1.635737827845982e-05,660,1,0
275,29,35,0,0,1,16.342337472098215,"[0.0, 16.342337472098215]",16.342337472098215,14.285714285714285,16.342337472098215,10.716666666666779,0,1,0,154.22729381261888,1.6342337472098217e-05,643,1,0
275,30,20,0,0,1,16.194795880998882,"[0.0, 16.194795880998882]",16.194795880998882,14.285714285714285,16.194795880998882,11.933333333333506,0,1,0,150.57397458463674,1.6194795880998883e-05,716,1,0
275,31,54,0,0,1,16.175073896135604,"[0.0, 16.175073896135604]",16.175073896135604,14.285714285714285,16.175073896135604,10.150000000000084,0,1,0,152.27772082855518,1.6175073896135603e-05,609,1,0
275,32,59,0,0,1,16.096741812569753,"[0.0, 16.096741812569753]",16.096741812569753,14.285714285714285,16.096741812569753,9.950000000000074,0,1,0,152.0890912499235,1.6096741812569755e-05,597,1,0
275,33,10,0,0,0,16.093194144112726,"[0.0, 16.093194144112726]",16.093194144112726,14.285714285714285,16.093194144112726,10.666666666666776,0,1,0,152.27845919080573,1.6093194144112726e-05,640,1,0
275,34,61,0,0,0,16.091837201799667,"[0.0, 16.091837201799667]",16.091837201799667,14.285714285714285,16.091837201799667,10.800000000000116,0,1,0,151.92014770097012,1.6091837201799666e-05,648,1,0
275,35,16,0,0,0,15.852454049246653,"[0.0, 15.852454049246653]",15.852454049246653,14.285714285714285,15.852454049246653,9.366666666666712,0,1,0,144.70026127342135,1.5852454049246653e-05,562,1,0
275,36,60,0,0,0,15.82838875906808,"[0.0, 15.82838875906808]",15.82838875906808,14.285714285714285,15.82838875906808,11.233333333333471,0,1,0,149.79524659761955,1.582838875906808e-05,674,1,0
275,37,50,0,0,0,15.212549482073104,"[0.0, 15.212549482073104]",15.212549482073104,14.285714285714285,15.212549482073104,10.500000000000101,0,1,0,147.9836573024004,1.5212549482073104e-05,630,1,0
275,38,8,0,0,0,11.631371634347099,"[0.0, 11.631371634347099]",11.631371634347099,11.428571428571429,11.631371634347099,8.800000000000017,0,1,0,113.4333674420559,1.1631371634347098e-05,528,1,0
275,39,27,0,0,0,11.522274017333984,"[0.0, 11.522274017333984]",11.522274017333984,11.428571428571429,11.522274017333984,8.900000000000022,0,1,0,110.49500955788972,1.1522274017333984e-05,534,1,0
275,40,12,0,0,0,11.457342420305524,"[0.0, 11.457342420305524]",11.457342420305524,11.428571428571429,11.457342420305524,8.45,0,1,0,110.59380597420386,1.1457342420305524e-05,507,1,0
275,41,23,0,0,0,11.448029109409877,"[0.0, 11.448029109409877]",11.448029109409877,11.428571428571429,11.448029109409877,9.133333333333367,0,1,0,113.9671686689253,1.1448029109409877e-05,548,1,0
275,42,58,0,0,0,11.362323760986328,"[0.0, 11.362323760986328]",11.362323760986328,8.571428571428571,11.362323760986328,8.016666666666644,0,1,0,109.63695126958191,1.1362323760986329e-05,481,1,0
275,43,62,0,0,0,11.338209424700056,"[0.0, 11.338209424700056]",11.338209424700056,8.571428571428571,11.338209424700056,10.083333333333414,0,1,0,112.64883924600144,1.1338209424700055e-05,605,1,0
275,44,19,0,0,0,11.287236894880023,"[0.0, 11.287236894880023]",11.287236894880023,8.571428571428571,11.287236894880023,8.31666666666666,0,1,0,108.48937041196041,1.1287236894880022e-05,499,1,0
275,45,24,0,0,0,11.279185158865793,"[0.0, 11.279185158865793]",11.279185158865793,8.571428571428571,11.279185158865793,8.950000000000024,0,1,0,107.70340939339803,1.1279185158865794e-05,537,1,0
275,46,47,0,0,0,11.227719443184988,"[0.0, 11.227719443184988]",11.227719443184988,8.571428571428571,11.227719443184988,9.216666666666704,0,1,0,110.63272052936372,1.1227719443184988e-05,553,1,0
275,47,34,0,0,0,11.201485225132533,"[0.0, 11.201485225132533]",11.201485225132533,8.571428571428571,11.201485225132533,8.600000000000007,0,1,0,110.47349102096632,1.1201485225132533e-05,516,1,0
275,48,53,0,0,0,11.182136535644531,"[0.0, 11.182136535644531]",11.182136535644531,8.571428571428571,11.182136535644531,8.91666666666669,0,1,0,108.00201090648625,1.1182136535644531e-05,535,1,0
275,49,29,0,0,0,11.12128393990653,"[0.0, 11.12128393990653]",11.12128393990653,8.571428571428571,11.12128393990653,8.24999999999999,0,1,0,107.96101299440488,1.112128393990653e-05,495,1,0
275,50,31,0,0,0,11.066769191196986,"[0.0, 11.066769191196986]",11.066769191196986,8.571428571428571,11.066769191196986,9.200000000000037,0,1,0,109.46286715814495,1.1066769191196985e-05,552,1,0
275,51,41,0,0,0,10.88252203805106,"[0.0, 10.88252203805106]",10.88252203805106,8.571428571428571,10.88252203805106,7.333333333333313,0,1,0,106.00342922285199,1.0882522038051061e-05,440,1,0
275,52,28,0,0,0,10.675571986607142,"[0.0, 10.675571986607142]",10.675571986607142,8.571428571428571,10.675571986607142,9.250000000000039,0,1,0,105.40784644852101,1.0675571986607142e-05,555,1,0
275,53,44,0,0,0,10.522935049874443,"[0.0, 10.522935049874443]",10.522935049874443,8.571428571428571,10.522935049874443,8.800000000000017,0,1,0,109.02551454072818,1.0522935049874443e-05,528,1,0
275,54,11,0,0,0,8.953658512660436,"[0.0, 8.953658512660436]",8.953658512660436,8.571428571428571,8.953658512660436,8.333333333333327,0,1,0,78.3002867735704,8.953658512660436e-06,500,1,0
275,55,55,0,0,0,8.531178065708705,"[0.0, 8.531178065708705]",8.531178065708705,5.714285714285714,8.531178065708705,11.916666666666838,0,1,0,71.82860691710812,8.531178065708705e-06,715,1,0
275,56,48,0,0,0,7.9388427734375,"[0.0, 7.9388427734375]",7.9388427734375,5.714285714285714,7.9388427734375,4.983333333333321,0,1,0,81.50655919313431,7.9388427734375e-06,299,1,0
275,57,56,0,0,0,6.450636727469308,"[0.0, 6.450636727469308]",6.450636727469308,5.714285714285714,6.450636727469308,7.366666666666646,0,1,0,58.58178573149053,6.450636727469308e-06,442,1,0
275,58,40,0,0,0,6.434892926897322,"[0.0, 6.434892926897322]",6.434892926897322,5.714285714285714,6.434892926897322,7.366666666666646,0,1,0,58.47913909654744,6.434892926897322e-06,442,1,0
275,59,25,0,0,0,6.422685895647322,"[0.0, 6.422685895647322]",6.422685895647322,5.714285714285714,6.422685895647322,7.416666666666646,0,1,0,59.53726215126517,6.422685895647322e-06,445,1,0
275,60,52,0,0,0,6.336511884416852,"[0.0, 6.336511884416852]",6.336511884416852,5.714285714285714,6.336511884416852,7.366666666666646,0,1,0,58.581862334111065,6.336511884416853e-06,442,1,0
275,61,45,0,0,0,6.333716256277902,"[0.0, 6.333716256277902]",6.333716256277902,5.714285714285714,6.333716256277902,7.366666666666646,0,1,0,58.47806620642223,6.333716256277902e-06,442,1,0
275,62,18,0,0,0,6.330304827008929,"[0.0, 6.330304827008929]",6.330304827008929,5.714285714285714,6.330304827008929,7.366666666666646,0,1,0,58.5817320312417,6.330304827008929e-06,442,1,0
275,63,38,0,0,0,6.309874398367746,"[0.0, 6.309874398367746]",6.309874398367746,5.714285714285714,6.309874398367746,7.366666666666646,0,1,0,58.58168384133751,6.309874398367745e-06,442,1,0
275,64,49,0,0,0,6.285901750837053,"[0.0, 6.285901750837053]",6.285901750837053,5.714285714285714,6.285901750837053,7.366666666666646,0,1,0,58.582235401059734,6.285901750837053e-06,442,1,0
276,1,51,0,1,1,29.630709488607625,"[0.0, 29.630709488607625]",29.630709488607625,28.57142857142857,29.630709488607625,23.533333333333278,0,1,0,294.0400271560502,2.9630709488607624e-05,1412,1,0
276,2,0,0,1,1,29.07006373223238,"[0.0, 29.07006373223238]",29.07006373223238,28.57142857142857,29.07006373223238,19.416666666666845,0,1,0,282.330984117747,2.907006373223238e-05,1165,1,0
276,3,1,0,1,1,28.555750174077392,"[0.0, 28.555750174077392]",28.555750174077392,25.71428571428571,28.555750174077392,20.083333333333474,0,1,0,285.9795293595016,2.8555750174077392e-05,1205,1,0
276,4,2,0,1,1,27.671193197069833,"[0.0, 27.671193197069833]",27.671193197069833,25.71428571428571,27.671193197069833,12.950000000000223,0,1,0,268.2002897739585,2.7671193197069833e-05,777,1,0
276,5,3,0,1,1,27.43463304739407,"[0.0, 27.43463304739407]",27.43463304739407,25.71428571428571,27.43463304739407,12.43333333333353,0,1,0,264.66152656511986,2.743463304739407e-05,746,1,0
276,6,4,0,1,1,23.774067523085876,"[0.0, 23.774067523085876]",23.774067523085876,22.857142857142858,23.774067523085876,16.216666666667027,0,1,0,219.1191477911998,2.3774067523085877e-05,973,1,0
276,7,5,0,1,1,23.293977230612292,"[0.0, 23.293977230612292]",23.293977230612292,22.857142857142858,23.293977230612292,14.583333333333638,0,1,0,212.33498453319044,2.329397723061229e-05,875,1,0
276,8,6,0,1,1,23.290072617577138,"[0.0, 23.290072617577138]",23.290072617577138,22.857142857142858,23.290072617577138,14.316666666666958,0,1,0,213.9662596543858,2.329007261757714e-05,859,1,0
276,9,7,0,0,1,23.279554957901173,"[0.0, 23.279554957901173]",23.279554957901173,22.857142857142858,23.279554957901173,14.416666666666963,0,1,0,213.40182683184685,2.3279554957901172e-05,865,1,0
276,10,54,0,0,1,22.291417803083146,"[0.0, 22.291417803083146]",22.291417803083146,20.0,22.291417803083146,13.96666666666694,0,1,0,202.80966084426473,2.2291417803083146e-05,838,1,0
276,11,50,0,0,1,21.28568376813616,"[0.0, 21.28568376813616]",21.28568376813616,20.0,21.28568376813616,10.933333333333456,0,1,0,194.3899256950681,2.128568376813616e-05,656,1,0
276,12,49,0,0,1,21.07912881033761,"[0.0, 21.07912881033761]",21.07912881033761,20.0,21.07912881033761,11.866666666666836,0,1,0,194.2081197427542,2.1079128810337613e-05,712,1,0
276,13,17,0,0,1,21.059472220284597,"[0.0, 21.059472220284597]",21.059472220284597,20.0,21.059472220284597,13.36666666666691,0,1,0,192.9144146358085,2.1059472220284596e-05,802,1,0
276,14,18,0,0,1,20.684879847935267,"[0.0, 20.684879847935267]",20.684879847935267,20.0,20.684879847935267,11.300000000000141,0,1,0,193.69240895397525,2.0684879847935266e-05,678,1,0
276,15,13,0,0,1,20.645871843610493,"[0.0, 20.645871843610493]",20.645871843610493,20.0,20.645871843610493,11.183333333333469,0,1,0,190.38369333927403,2.0645871843610493e-05,671,1,0
276,16,40,0,0,1,16.9389397757394,"[0.0, 16.9389397757394]",16.9389397757394,14.285714285714285,16.9389397757394,9.700000000000061,0,1,0,157.27068880625302,1.69389397757394e-05,582,1,0
276,17,53,0,0,1,16.808575221470424,"[0.0, 16.808575221470424]",16.808575221470424,14.285714285714285,16.808575221470424,10.950000000000124,0,1,0,159.50955295947642,1.6808575221470424e-05,657,1,0
276,18,28,0,0,1,16.718788146972656,"[0.0, 16.718788146972656]",16.718788146972656,14.285714285714285,16.718788146972656,11.700000000000161,0,1,0,158.8375641891107,1.6718788146972655e-05,702,1,0
276,19,41,0,0,1,16.716341291155135,"[0.0, 16.716341291155135]",16.716341291155135,14.285714285714285,16.716341291155135,11.950000000000173,0,1,0,156.61506524334982,1.6716341291155134e-05,717,1,0
276,20,20,0,0,1,16.629393441336497,"[0.0, 16.629393441336497]",16.629393441336497,14.285714285714285,16.629393441336497,11.133333333333466,0,1,0,153.47510935064201,1.6629393441336496e-05,668,1,0
276,21,15,0,0,1,16.619006565638948,"[0.0, 16.619006565638948]",16.619006565638948,14.285714285714285,16.619006565638948,8.816666666666684,0,1,0,153.09136513620615,1.6619006565638947e-05,529,1,0
276,22,55,0,0,1,16.560903276715962,"[0.0, 16.560903276715962]",16.560903276715962,14.285714285714285,16.560903276715962,10.933333333333456,0,1,0,156.35429991778074,1.656090327671596e-05,656,1,0
276,23,10,0,0,1,16.502527509416854,"[0.0, 16.502527509416854]",16.502527509416854,14.285714285714285,16.502527509416854,9.933333333333406,0,1,0,154.57593821813498,1.6502527509416853e-05,596,1,0
276,24,46,0,0,1,16.272800990513392,"[0.0, 16.272800990513392]",16.272800990513392,14.285714285714285,16.272800990513392,9.683333333333394,0,1,0,153.1822873764686,1.627280099051339e-05,581,1,0
276,25,56,0,0,1,16.237264360700333,"[0.0, 16.237264360700333]",16.237264360700333,14.285714285714285,16.237264360700333,9.350000000000044,0,1,0,148.09429009095766,1.6237264360700333e-05,561,1,0
276,26,31,0,0,1,16.14302498953683,"[0.0, 16.14302498953683]",16.14302498953683,14.285714285714285,16.14302498953683,11.150000000000134,0,1,0,155.87406142769032,1.614302498953683e-05,669,1,0
276,27,19,0,0,1,15.848944527762276,"[0.0, 15.848944527762276]",15.848944527762276,14.285714285714285,15.848944527762276,10.666666666666776,0,1,0,151.08380784071778,1.5848944527762276e-05,640,1,0
276,28,36,0,0,1,15.820857456752233,"[0.0, 15.820857456752233]",15.820857456752233,14.285714285714285,15.820857456752233,10.683333333333444,0,1,0,150.90278770175792,1.5820857456752232e-05,641,1,0
276,29,42,0,0,1,15.77086857386998,"[0.0, 15.77086857386998]",15.77086857386998,14.285714285714285,15.77086857386998,10.116666666666749,0,1,0,150.00368436500867,1.577086857386998e-05,607,1,0
276,30,23,0,0,1,15.687283107212613,"[0.0, 15.687283107212613]",15.687283107212613,14.285714285714285,15.687283107212613,11.266666666666806,0,1,0,157.418150353682,1.5687283107212614e-05,676,1,0
276,31,30,0,0,1,15.290320260184151,"[0.0, 15.290320260184151]",15.290320260184151,14.285714285714285,15.290320260184151,10.500000000000101,0,1,0,147.59772664533375,1.529032026018415e-05,630,1,0
276,32,14,0,0,1,15.248456682477679,"[0.0, 15.248456682477679]",15.248456682477679,14.285714285714285,15.248456682477679,10.433333333333431,0,1,0,147.2772474887388,1.5248456682477679e-05,626,1,0
276,33,27,0,0,0,15.241263253348214,"[0.0, 15.241263253348214]",15.241263253348214,14.285714285714285,15.241263253348214,9.100000000000032,0,1,0,136.1680434755981,1.5241263253348213e-05,546,1,0
276,34,29,0,0,0,15.186903817313057,"[0.0, 15.186903817313057]",15.186903817313057,14.285714285714285,15.186903817313057,10.433333333333431,0,1,0,149.27827376360074,1.5186903817313057e-05,626,1,0
276,35,63,0,0,0,14.984136308942523,"[0.0, 14.984136308942523]",14.984136308942523,14.285714285714285,14.984136308942523,10.466666666666766,0,1,0,140.71271454216912,1.4984136308942523e-05,628,1,0
276,36,45,0,0,0,11.712398529052734,"[0.0, 11.712398529052734]",11.712398529052734,11.428571428571429,11.712398529052734,9.1166666666667,0,1,0,117.03499338569236,1.1712398529052735e-05,547,1,0
276,37,35,0,0,0,11.531317574637278,"[0.0, 11.531317574637278]",11.531317574637278,11.428571428571429,11.531317574637278,9.466666666666717,0,1,0,115.4353818309246,1.1531317574637278e-05,568,1,0
276,38,38,0,0,0,11.480399540492467,"[0.0, 11.480399540492467]",11.480399540492467,11.428571428571429,11.480399540492467,9.033333333333362,0,1,0,111.78750562198547,1.1480399540492467e-05,542,1,0
276,39,52,0,0,0,11.479753766741071,"[0.0, 11.479753766741071]",11.479753766741071,11.428571428571429,11.479753766741071,9.616666666666724,0,1,0,114.26867135705106,1.147975376674107e-05,577,1,0
276,40,39,0,0,0,11.154736110142299,"[0.0, 11.154736110142299]",11.154736110142299,8.571428571428571,11.154736110142299,8.58333333333334,0,1,0,106.24508244722529,1.1154736110142298e-05,515,1,0
276,41,58,0,0,0,10.783628736223495,"[0.0, 10.783628736223495]",10.783628736223495,8.571428571428571,10.783628736223495,7.14999999999998,0,1,0,103.78269737958908,1.0783628736223495e-05,429,1,0
276,42,43,0,0,0,9.216771806989398,"[0.0, 9.216771806989398]",9.216771806989398,8.571428571428571,9.216771806989398,8.349999999999994,0,1,0,79.18948347041442,9.216771806989397e-06,501,1,0
276,43,48,0,0,0,8.742942810058594,"[0.0, 8.742942810058594]",8.742942810058594,8.571428571428571,8.742942810058594,7.749999999999978,0,1,0,69.75382362672826,8.742942810058594e-06,465,1,0
276,44,59,0,0,0,8.429679870605469,"[0.0, 8.429679870605469]",8.429679870605469,5.714285714285714,8.429679870605469,6.949999999999981,0,1,0,60.64193117051036,8.429679870605468e-06,417,1,0
276,45,62,0,0,0,6.444337027413505,"[0.0, 6.444337027413505]",6.444337027413505,5.714285714285714,6.444337027413505,7.366666666666646,0,1,0,58.58147644664132,6.444337027413505e-06,442,1,0
276,46,44,0,0,0,6.438211713518416,"[0.0, 6.438211713518416]",6.438211713518416,5.714285714285714,6.438211713518416,7.366666666666646,0,1,0,58.58153418775328,6.4382117135184156e-06,442,1,0
276,47,21,0,0,0,6.430958339146205,"[0.0, 6.430958339146205]",6.430958339146205,5.714285714285714,6.430958339146205,7.366666666666646,0,1,0,58.581440956913866,6.430958339146205e-06,442,1,0
276,48,25,0,0,0,6.41890389578683,"[0.0, 6.41890389578683]",6.41890389578683,5.714285714285714,6.41890389578683,7.416666666666646,0,1,0,59.536719906827784,6.41890389578683e-06,445,1,0
276,49,12,0,0,0,6.407606942313058,"[0.0, 6.407606942313058]",6.407606942313058,5.714285714285714,6.407606942313058,7.366666666666646,0,1,0,58.47839621567255,6.4076069423130586e-06,442,1,0
276,50,61,0,0,0,6.392860412597656,"[0.0, 6.392860412597656]",6.392860412597656,5.714285714285714,6.392860412597656,7.366666666666646,0,1,0,58.606979074807896,6.3928604125976565e-06,442,1,0
276,51,24,0,0,0,6.380577087402344,"[0.0, 6.380577087402344]",6.380577087402344,5.714285714285714,6.380577087402344,7.416666666666646,0,1,0,59.54354839136067,6.380577087402344e-06,445,1,0
276,52,9,0,0,0,6.356103079659599,"[0.0, 6.356103079659599]",6.356103079659599,5.714285714285714,6.356103079659599,7.366666666666646,0,1,0,58.566202455382154,6.356103079659599e-06,442,1,0
276,53,32,0,0,0,6.348767961774554,"[0.0, 6.348767961774554]",6.348767961774554,5.714285714285714,6.348767961774554,7.366666666666646,0,1,0,58.56973713720072,6.3487679617745534e-06,442,1,0
276,54,16,0,0,0,6.334778921944754,"[0.0, 6.334778921944754]",6.334778921944754,5.714285714285714,6.334778921944754,7.366666666666646,0,1,0,58.730831742119335,6.334778921944754e-06,442,1,0
276,55,26,0,0,0,6.311492919921875,"[0.0, 6.311492919921875]",6.311492919921875,5.714285714285714,6.311492919921875,7.366666666666646,0,1,0,58.4789377737834,6.311492919921875e-06,442,1,0
276,56,34,0,0,0,6.301291329520089,"[0.0, 6.301291329520089]",6.301291329520089,5.714285714285714,6.301291329520089,7.366666666666646,0,1,0,58.58169864727097,6.3012913295200896e-06,442,1,0
276,57,11,0,0,0,6.197553362165179,"[0.0, 6.197553362165179]",6.197553362165179,5.714285714285714,6.197553362165179,7.316666666666646,0,1,0,57.55019147324492,6.197553362165179e-06,439,1,0
276,58,57,0,0,0,5.9953798566545755,"[0.0, 5.9953798566545755]",5.9953798566545755,5.714285714285714,5.9953798566545755,7.449999999999979,0,1,0,54.12946015381749,5.995379856654575e-06,447,1,0
276,59,22,0,0,0,5.623937334333148,"[0.0, 5.623937334333148]",5.623937334333148,2.857142857142857,5.623937334333148,7.4666666666666455,0,1,0,49.70001348396909,5.623937334333148e-06,448,1,0
276,60,37,0,0,0,4.628590175083706,"[0.0, 4.628590175083706]",4.628590175083706,2.857142857142857,4.628590175083706,6.2333333333333165,0,1,0,37.06045030531095,4.628590175083706e-06,374,1,0
276,61,8,0,0,0,4.328978402273996,"[0.0, 4.328978402273996]",4.328978402273996,2.857142857142857,4.328978402273996,2.7333333333333285,0,1,0,34.766542330384254,4.3289784022739954e-06,164,1,0
276,62,33,0,0,0,3.776599339076451,"[0.0, 3.776599339076451]",3.776599339076451,2.857142857142857,3.776599339076451,2.3999999999999964,0,1,0,28.988867700099945,3.776599339076451e-06,144,1,0
276,63,47,0,0,0,3.4068734305245534,"[0.0, 3.4068734305245534]",3.4068734305245534,2.857142857142857,3.4068734305245534,5.2999999999999865,0,1,0,23.131691037560813,3.4068734305245534e-06,318,1,0
276,64,60,0,0,0,1.9860676356724332,"[0.0, 1.9860676356724332]",1.9860676356724332,0.0,1.9860676356724332,5.016666666666654,0,1,0,6.887459977842809,1.986067635672433e-06,301,1,0
277,1,0,0,1,1,29.630709488607625,"[0.0, 29.630709488607625]",29.630709488607625,28.57142857142857,29.630709488607625,23.533333333333278,0,1,0,294.0400271560502,2.9630709488607624e-05,1412,1,0
277,2,1,0,1,1,29.07006373223238,"[0.0, 29.07006373223238]",29.07006373223238,28.57142857142857,29.07006373223238,19.416666666666845,0,1,0,282.330984117747,2.907006373223238e-05,1165,1,0
277,3,2,0,1,1,28.555750174077392,"[0.0, 28.555750174077392]",28.555750174077392,25.71428571428571,28.555750174077392,20.083333333333474,0,1,0,285.9795293595016,2.8555750174077392e-05,1205,1,0
277,4,23,0,1,1,28.488982108611076,"[0.0, 28.488982108611076]",28.488982108611076,25.71428571428571,28.488982108611076,15.550000000000352,0,1,0,278.9685186650968,2.8488982108611076e-05,933,1,0
277,5,3,0,1,1,27.671193197069833,"[0.0, 27.671193197069833]",27.671193197069833,25.71428571428571,27.671193197069833,12.950000000000223,0,1,0,268.2002897739585,2.7671193197069833e-05,777,1,0
277,6,4,0,1,1,27.43463304739407,"[0.0, 27.43463304739407]",27.43463304739407,25.71428571428571,27.43463304739407,12.43333333333353,0,1,0,264.66152656511986,2.743463304739407e-05,746,1,0
277,7,5,0,1,1,23.774067523085876,"[0.0, 23.774067523085876]",23.774067523085876,22.857142857142858,23.774067523085876,16.216666666667027,0,1,0,219.1191477911998,2.3774067523085877e-05,973,1,0
277,8,27,0,1,1,23.561011345525376,"[0.0, 23.561011345525376]",23.561011345525376,22.857142857142858,23.561011345525376,15.63333333333369,0,1,0,215.85519978733646,2.3561011345525377e-05,938,1,0
277,9,6,0,0,1,23.293977230612292,"[0.0, 23.293977230612292]",23.293977230612292,22.857142857142858,23.293977230612292,14.583333333333638,0,1,0,212.33498453319044,2.329397723061229e-05,875,1,0
277,10,7,0,0,1,23.290072617577138,"[0.0, 23.290072617577138]",23.290072617577138,22.857142857142858,23.290072617577138,14.316666666666958,0,1,0,213.9662596543858,2.329007261757714e-05,859,1,0
277,11,30,0,0,1,22.2397586277553,"[0.0, 22.2397586277553]",22.2397586277553,20.0,22.2397586277553,13.466666666666915,0,1,0,204.82380504523462,2.22397586277553e-05,808,1,0
277,12,33,0,0,1,21.99466977800642,"[0.0, 21.99466977800642]",21.99466977800642,20.0,21.99466977800642,13.250000000000238,0,1,0,200.85719634906127,2.199466977800642e-05,795,1,0
277,13,42,0,0,1,21.720079694475448,"[0.0, 21.720079694475448]",21.720079694475448,20.0,21.720079694475448,13.43333333333358,0,1,0,198.66342156979226,2.1720079694475447e-05,806,1,0
277,14,14,0,0,1,21.415585109165736,"[0.0, 21.415585109165736]",21.415585109165736,20.0,21.415585109165736,12.383333333333528,0,1,0,194.89374348849378,2.1415585109165736e-05,743,1,0
277,15,56,0,0,1,21.412160055977957,"[0.0, 21.412160055977957]",21.412160055977957,20.0,21.412160055977957,13.533333333333585,0,1,0,196.5372538892625,2.1412160055977956e-05,812,1,0
277,16,18,0,0,1,21.2209837777274,"[0.0, 21.2209837777274]",21.2209837777274,20.0,21.2209837777274,12.133333333333516,0,1,0,196.33832608623925,2.12209837777274e-05,728,1,0
277,17,40,0,0,1,20.83441870553153,"[0.0, 20.83441870553153]",20.83441870553153,20.0,20.83441870553153,10.866666666666786,0,1,0,195.1184412015864,2.083441870553153e-05,652,1,0
277,18,21,0,0,1,20.764225551060267,"[0.0, 20.764225551060267]",20.764225551060267,20.0,20.764225551060267,10.550000000000104,0,1,0,191.13025121064857,2.0764225551060267e-05,633,1,0
277,19,50,0,0,1,20.589427947998047,"[0.0, 20.589427947998047]",20.589427947998047,20.0,20.589427947998047,11.533333333333486,0,1,0,192.7893938830166,2.058942794799805e-05,692,1,0
277,20,60,0,0,1,20.519093104771205,"[0.0, 20.519093104771205]",20.519093104771205,20.0,20.519093104771205,12.43333333333353,0,1,0,195.11360007453186,2.0519093104771205e-05,746,1,0
277,21,17,0,0,1,20.385943821498326,"[0.0, 20.385943821498326]",20.385943821498326,20.0,20.385943821498326,12.800000000000216,0,1,0,193.90910312849883,2.0385943821498328e-05,768,1,0
277,22,45,0,0,1,20.30639103480748,"[0.0, 20.30639103480748]",20.30639103480748,20.0,20.30639103480748,11.783333333333498,0,1,0,191.2318803172093,2.030639103480748e-05,707,1,0
277,23,31,0,0,1,20.29127938406808,"[0.0, 20.29127938406808]",20.29127938406808,20.0,20.29127938406808,11.433333333333481,0,1,0,191.04067413105076,2.029127938406808e-05,686,1,0
277,24,32,0,0,1,17.0843015398298,"[0.0, 17.0843015398298]",17.0843015398298,14.285714285714285,17.0843015398298,11.216666666666804,0,1,0,161.3545882006365,1.70843015398298e-05,673,1,0
277,25,26,0,0,1,16.884078979492188,"[0.0, 16.884078979492188]",16.884078979492188,14.285714285714285,16.884078979492188,9.666666666666726,0,1,0,157.1653877395147,1.6884078979492186e-05,580,1,0
277,26,10,0,0,1,16.581682477678573,"[0.0, 16.581682477678573]",16.581682477678573,14.285714285714285,16.581682477678573,11.033333333333461,0,1,0,156.46388402651792,1.6581682477678574e-05,662,1,0
277,27,8,0,0,1,16.539720807756698,"[0.0, 16.539720807756698]",16.539720807756698,14.285714285714285,16.539720807756698,9.683333333333394,0,1,0,153.2553652015995,1.65397208077567e-05,581,1,0
277,28,36,0,0,1,16.496936253138948,"[0.0, 16.496936253138948]",16.496936253138948,14.285714285714285,16.496936253138948,11.266666666666806,0,1,0,156.2204005363892,1.6496936253138947e-05,676,1,0
277,29,16,0,0,1,16.355814252580917,"[0.0, 16.355814252580917]",16.355814252580917,14.285714285714285,16.355814252580917,11.533333333333486,0,1,0,155.27874206261185,1.6355814252580917e-05,692,1,0
277,30,25,0,0,1,16.205427987234934,"[0.0, 16.205427987234934]",16.205427987234934,14.285714285714285,16.205427987234934,10.666666666666776,0,1,0,153.78222181820456,1.6205427987234935e-05,640,1,0
277,31,63,0,0,1,16.203079223632812,"[0.0, 16.203079223632812]",16.203079223632812,14.285714285714285,16.203079223632812,11.083333333333464,0,1,0,154.05475606556865,1.6203079223632812e-05,665,1,0
277,32,47,0,0,1,16.152474539620535,"[0.0, 16.152474539620535]",16.152474539620535,14.285714285714285,16.152474539620535,10.533333333333436,0,1,0,150.6622075724008,1.6152474539620534e-05,632,1,0
277,33,44,0,0,0,15.801903860909597,"[0.0, 15.801903860909597]",15.801903860909597,14.285714285714285,15.801903860909597,10.716666666666779,0,1,0,150.6160968612603,1.5801903860909597e-05,643,1,0
277,34,28,0,0,0,15.780187334333148,"[0.0, 15.780187334333148]",15.780187334333148,14.285714285714285,15.780187334333148,10.116666666666749,0,1,0,149.57233267636184,1.5780187334333147e-05,607,1,0
277,35,59,0,0,0,15.723626273018972,"[0.0, 15.723626273018972]",15.723626273018972,14.285714285714285,15.723626273018972,9.650000000000059,0,1,0,147.75336588700884,1.572362627301897e-05,579,1,0
277,36,34,0,0,0,15.57290758405413,"[0.0, 15.57290758405413]",15.57290758405413,14.285714285714285,15.57290758405413,10.700000000000111,0,1,0,149.33599153836985,1.557290758405413e-05,642,1,0
277,37,41,0,0,0,15.45978001185826,"[0.0, 15.45978001185826]",15.45978001185826,14.285714285714285,15.45978001185826,10.633333333333441,0,1,0,148.15062449014658,1.545978001185826e-05,638,1,0
277,38,37,0,0,0,15.291284833635602,"[0.0, 15.291284833635602]",15.291284833635602,14.285714285714285,15.291284833635602,10.566666666666771,0,1,0,150.13750572321442,1.5291284833635603e-05,634,1,0
277,39,9,0,0,0,11.505255017961774,"[0.0, 11.505255017961774]",11.505255017961774,11.428571428571429,11.505255017961774,9.016666666666694,0,1,0,111.1225277346166,1.1505255017961774e-05,541,1,0
277,40,61,0,0,0,11.490538460867745,"[0.0, 11.490538460867745]",11.490538460867745,11.428571428571429,11.490538460867745,12.5000000000002,0,1,0,114.80586194650095,1.1490538460867745e-05,750,1,0
277,41,62,0,0,0,11.391901288713727,"[0.0, 11.391901288713727]",11.391901288713727,8.571428571428571,11.391901288713727,8.18333333333332,0,1,0,106.25630254112184,1.1391901288713727e-05,491,1,0
277,42,51,0,0,0,11.26983370099749,"[0.0, 11.26983370099749]",11.26983370099749,8.571428571428571,11.26983370099749,9.600000000000056,0,1,0,110.66535575890885,1.126983370099749e-05,576,1,0
277,43,52,0,0,0,11.0406494140625,"[0.0, 11.0406494140625]",11.0406494140625,8.571428571428571,11.0406494140625,8.85000000000002,0,1,0,109.03030517727893,1.10406494140625e-05,531,1,0
277,44,11,0,0,0,10.39322989327567,"[0.0, 10.39322989327567]",10.39322989327567,8.571428571428571,10.39322989327567,5.883333333333318,0,1,0,97.98474694788456,1.0393229893275671e-05,353,1,0
277,45,35,0,0,0,8.978958129882812,"[0.0, 8.978958129882812]",8.978958129882812,8.571428571428571,8.978958129882812,8.333333333333327,0,1,0,78.4963968437296,8.978958129882812e-06,500,1,0
277,46,46,0,0,0,8.561221531459264,"[0.0, 8.561221531459264]",8.561221531459264,5.714285714285714,8.561221531459264,8.766666666666682,0,1,0,74.68021955215227,8.561221531459264e-06,526,1,0
277,47,39,0,0,0,8.345306941441127,"[0.0, 8.345306941441127]",8.345306941441127,5.714285714285714,8.345306941441127,13.10000000000023,0,1,0,72.5527984757864,8.345306941441126e-06,786,1,0
277,48,19,0,0,0,8.08488300868443,"[0.0, 8.08488300868443]",8.08488300868443,5.714285714285714,8.08488300868443,11.816666666666833,0,1,0,70.23379599048349,8.08488300868443e-06,709,1,0
277,49,58,0,0,0,8.048267364501953,"[0.0, 8.048267364501953]",8.048267364501953,5.714285714285714,8.048267364501953,4.133333333333324,0,1,0,81.7205296009779,8.048267364501954e-06,248,1,0
277,50,43,0,0,0,7.774562835693359,"[0.0, 7.774562835693359]",7.774562835693359,5.714285714285714,7.774562835693359,4.083333333333324,0,1,0,79.41902950406075,7.77456283569336e-06,245,1,0
277,51,55,0,0,0,6.439149039132254,"[0.0, 6.439149039132254]",6.439149039132254,5.714285714285714,6.439149039132254,7.366666666666646,0,1,0,58.580988839195925,6.4391490391322545e-06,442,1,0
277,52,53,0,0,0,6.39974866594587,"[0.0, 6.39974866594587]",6.39974866594587,5.714285714285714,6.39974866594587,3.3333333333333264,0,1,0,57.26970727741718,6.3997486659458696e-06,200,1,0
277,53,24,0,0,0,6.386260986328125,"[0.0, 6.386260986328125]",6.386260986328125,5.714285714285714,6.386260986328125,10.233333333333421,0,1,0,62.04864075131627,6.386260986328125e-06,614,1,0
277,54,12,0,0,0,6.380141122000558,"[0.0, 6.380141122000558]",6.380141122000558,5.714285714285714,6.380141122000558,7.366666666666646,0,1,0,58.58217527335364,6.380141122000558e-06,442,1,0
277,55,57,0,0,0,6.3331386021205365,"[0.0, 6.3331386021205365]",6.3331386021205365,5.714285714285714,6.3331386021205365,7.366666666666646,0,1,0,58.62590251121583,6.333138602120537e-06,442,1,0
277,56,48,0,0,0,6.323727199009486,"[0.0, 6.323727199009486]",6.323727199009486,5.714285714285714,6.323727199009486,7.366666666666646,0,1,0,58.70733887534152,6.323727199009486e-06,442,1,0
277,57,29,0,0,0,6.313917977469307,"[0.0, 6.313917977469307]",6.313917977469307,5.714285714285714,6.313917977469307,7.366666666666646,0,1,0,58.62185981320363,6.313917977469307e-06,442,1,0
277,58,13,0,0,0,6.312310355050223,"[0.0, 6.312310355050223]",6.312310355050223,5.714285714285714,6.312310355050223,7.366666666666646,0,1,0,58.62018277399329,6.312310355050223e-06,442,1,0
277,59,54,0,0,0,6.298773629324776,"[0.0, 6.298773629324776]",6.298773629324776,5.714285714285714,6.298773629324776,7.366666666666646,0,1,0,58.581609987923,6.298773629324776e-06,442,1,0
277,60,15,0,0,0,6.296070643833705,"[0.0, 6.296070643833705]",6.296070643833705,5.714285714285714,6.296070643833705,7.366666666666646,0,1,0,58.47833481917769,6.296070643833705e-06,442,1,0
277,61,20,0,0,0,6.174583435058594,"[0.0, 6.174583435058594]",6.174583435058594,5.714285714285714,6.174583435058594,7.316666666666646,0,1,0,57.547409687860636,6.174583435058594e-06,439,1,0
277,62,22,0,0,0,6.025941031319754,"[0.0, 6.025941031319754]",6.025941031319754,5.714285714285714,6.025941031319754,7.399999999999979,0,1,0,54.69556527851091,6.0259410313197546e-06,444,1,0
277,63,38,0,0,0,3.0397796630859375,"[0.0, 3.0397796630859375]",3.0397796630859375,2.857142857142857,3.0397796630859375,2.8499999999999948,0,1,0,22.067666142247617,3.0397796630859375e-06,171,1,0
277,64,49,0,0,0,1.6891098022460935,"[0.0, 1.6891098022460935]",1.6891098022460935,0.0,1.6891098022460935,5.016666666666654,0,1,0,5.256099388083385,1.6891098022460936e-06,301,1,0
278,1,0,0,1,1,29.630709488607625,"[0.0, 29.630709488607625]",29.630709488607625,28.57142857142857,29.630709488607625,23.533333333333278,0,1,0,294.0400271560502,2.9630709488607624e-05,1412,1,0
278,2,1,0,1,1,29.07006373223238,"[0.0, 29.07006373223238]",29.07006373223238,28.57142857142857,29.07006373223238,19.416666666666845,0,1,0,282.330984117747,2.907006373223238e-05,1165,1,0
278,3,2,0,1,1,28.555750174077392,"[0.0, 28.555750174077392]",28.555750174077392,25.71428571428571,28.555750174077392,20.083333333333474,0,1,0,285.9795293595016,2.8555750174077392e-05,1205,1,0
278,4,3,0,1,1,28.488982108611076,"[0.0, 28.488982108611076]",28.488982108611076,25.71428571428571,28.488982108611076,15.550000000000352,0,1,0,278.9685186650968,2.8488982108611076e-05,933,1,0
278,5,4,0,1,1,27.671193197069833,"[0.0, 27.671193197069833]",27.671193197069833,25.71428571428571,27.671193197069833,12.950000000000223,0,1,0,268.2002897739585,2.7671193197069833e-05,777,1,0
278,6,5,0,1,1,27.43463304739407,"[0.0, 27.43463304739407]",27.43463304739407,25.71428571428571,27.43463304739407,12.43333333333353,0,1,0,264.66152656511986,2.743463304739407e-05,746,1,0
278,7,6,0,1,1,23.774067523085876,"[0.0, 23.774067523085876]",23.774067523085876,22.857142857142858,23.774067523085876,16.216666666667027,0,1,0,219.1191477911998,2.3774067523085877e-05,973,1,0
278,8,7,0,1,1,23.561011345525376,"[0.0, 23.561011345525376]",23.561011345525376,22.857142857142858,23.561011345525376,15.63333333333369,0,1,0,215.85519978733646,2.3561011345525377e-05,938,1,0
278,9,36,0,0,1,23.38845905684656,"[0.0, 23.38845905684656]",23.38845905684656,22.857142857142858,23.38845905684656,23.68333333333327,0,1,0,212.04739028050244,2.338845905684656e-05,1421,1,0
278,10,13,0,0,1,22.836589813232422,"[0.0, 22.836589813232422]",22.836589813232422,20.0,22.836589813232422,12.70000000000021,0,1,0,207.56275313065998,2.2836589813232424e-05,762,1,0
278,11,16,0,0,1,21.861577715192524,"[0.0, 21.861577715192524]",21.861577715192524,20.0,21.861577715192524,15.016666666666993,0,1,0,199.72796035628562,2.1861577715192524e-05,901,1,0
278,12,53,0,0,1,21.632377079554963,"[0.0, 21.632377079554963]",21.632377079554963,20.0,21.632377079554963,12.783333333333548,0,1,0,200.50519394261937,2.1632377079554964e-05,767,1,0
278,13,42,0,0,1,21.56890869140625,"[0.0, 21.56890869140625]",21.56890869140625,20.0,21.56890869140625,12.550000000000203,0,1,0,196.8878681635033,2.156890869140625e-05,753,1,0
278,14,34,0,0,1,21.047142573765345,"[0.0, 21.047142573765345]",21.047142573765345,20.0,21.047142573765345,11.950000000000173,0,1,0,192.70827061002637,2.1047142573765345e-05,717,1,0
278,15,50,0,0,1,20.853165217808314,"[0.0, 20.853165217808314]",20.853165217808314,20.0,20.853165217808314,13.133333333333566,0,1,0,195.44880196546728,2.0853165217808315e-05,788,1,0
278,16,22,0,0,1,20.84238052368164,"[0.0, 20.84238052368164]",20.84238052368164,20.0,20.84238052368164,10.366666666666761,0,1,0,189.92593314824626,2.084238052368164e-05,622,1,0
278,17,43,0,0,1,20.7837404523577,"[0.0, 20.7837404523577]",20.7837404523577,20.0,20.7837404523577,12.56666666666687,0,1,0,195.02779131999705,2.07837404523577e-05,754,1,0
278,18,32,0,0,1,20.78111103602818,"[0.0, 20.78111103602818]",20.78111103602818,20.0,20.78111103602818,11.733333333333496,0,1,0,194.09478476685035,2.0781111036028177e-05,704,1,0
278,19,28,0,0,1,20.62365668160575,"[0.0, 20.62365668160575]",20.62365668160575,20.0,20.62365668160575,12.03333333333351,0,1,0,192.564042724538,2.062365668160575e-05,722,1,0
278,20,39,0,0,1,17.02136993408203,"[0.0, 17.02136993408203]",17.02136993408203,14.285714285714285,17.02136993408203,11.366666666666811,0,1,0,161.97574491115665,1.702136993408203e-05,682,1,0
278,21,24,0,0,1,16.880068097795757,"[0.0, 16.880068097795757]",16.880068097795757,14.285714285714285,16.880068097795757,10.283333333333424,0,1,0,157.522230602357,1.6880068097795758e-05,617,1,0
278,22,18,0,0,1,16.842444283621653,"[0.0, 16.842444283621653]",16.842444283621653,14.285714285714285,16.842444283621653,9.966666666666741,0,1,0,158.46262553644192,1.6842444283621654e-05,598,1,0
278,23,27,0,0,1,16.825768607003347,"[0.0, 16.825768607003347]",16.825768607003347,14.285714285714285,16.825768607003347,10.416666666666764,0,1,0,157.25234162259585,1.6825768607003346e-05,625,1,0
278,24,30,0,0,1,16.687807355608257,"[0.0, 16.687807355608257]",16.687807355608257,14.285714285714285,16.687807355608257,10.300000000000091,0,1,0,157.2491805512327,1.6687807355608255e-05,618,1,0
278,25,25,0,0,1,16.538194928850448,"[0.0, 16.538194928850448]",16.538194928850448,14.285714285714285,16.538194928850448,9.1166666666667,0,1,0,145.54101275652647,1.653819492885045e-05,547,1,0
278,26,59,0,0,1,16.421579633440288,"[0.0, 16.421579633440288]",16.421579633440288,14.285714285714285,16.421579633440288,10.666666666666776,0,1,0,156.92955990818155,1.642157963344029e-05,640,1,0
278,27,47,0,0,1,16.268833705357146,"[0.0, 16.268833705357146]",16.268833705357146,14.285714285714285,16.268833705357146,10.166666666666751,0,1,0,153.14460441376286,1.6268833705357145e-05,610,1,0
278,28,33,0,0,1,16.124856131417413,"[0.0, 16.124856131417413]",16.124856131417413,14.285714285714285,16.124856131417413,9.866666666666736,0,1,0,153.14500561918976,1.6124856131417414e-05,592,1,0
278,29,17,0,0,1,16.106115068708146,"[0.0, 16.106115068708146]",16.106115068708146,14.285714285714285,16.106115068708146,10.883333333333454,0,1,0,156.2364477663068,1.6106115068708147e-05,653,1,0
278,30,37,0,0,1,15.865778241838727,"[0.0, 15.865778241838727]",15.865778241838727,14.285714285714285,15.865778241838727,10.700000000000111,0,1,0,149.1249681932677,1.5865778241838728e-05,642,1,0
278,31,41,0,0,1,15.80914088657924,"[0.0, 15.80914088657924]",15.80914088657924,14.285714285714285,15.80914088657924,10.200000000000086,0,1,0,153.71933232343872,1.580914088657924e-05,612,1,0
278,32,52,0,0,1,15.74125017438616,"[0.0, 15.74125017438616]",15.74125017438616,14.285714285714285,15.74125017438616,9.500000000000052,0,1,0,145.12150363797264,1.574125017438616e-05,570,1,0
278,33,48,0,0,0,15.641937255859375,"[0.0, 15.641937255859375]",15.641937255859375,14.285714285714285,15.641937255859375,19.850000000000154,0,1,0,179.82014749151858,1.5641937255859374e-05,1191,1,0
278,34,12,0,0,0,15.586400713239398,"[0.0, 15.586400713239398]",15.586400713239398,14.285714285714285,15.586400713239398,10.600000000000106,0,1,0,146.91337035323522,1.5586400713239398e-05,636,1,0
278,35,51,0,0,0,15.566270010811941,"[0.0, 15.566270010811941]",15.566270010811941,14.285714285714285,15.566270010811941,10.666666666666776,0,1,0,151.23663927071175,1.556627001081194e-05,640,1,0
278,36,58,0,0,0,15.517583574567523,"[0.0, 15.517583574567523]",15.517583574567523,14.285714285714285,15.517583574567523,10.616666666666774,0,1,0,151.8363563520179,1.5517583574567522e-05,637,1,0
278,37,8,0,0,0,14.006069728306361,"[0.0, 14.006069728306361]",14.006069728306361,11.428571428571429,14.006069728306361,9.350000000000044,0,1,0,116.39140263193258,1.4006069728306362e-05,561,1,0
278,38,57,0,0,0,11.669744764055524,"[0.0, 11.669744764055524]",11.669744764055524,11.428571428571429,11.669744764055524,10.933333333333456,0,1,0,117.73654673372221,1.1669744764055524e-05,656,1,0
278,39,56,0,0,0,11.669107164655411,"[0.0, 11.669107164655411]",11.669107164655411,11.428571428571429,11.669107164655411,10.233333333333421,0,1,0,115.22534621223895,1.1669107164655411e-05,614,1,0
278,40,23,0,0,0,11.654889242989675,"[0.0, 11.654889242989675]",11.654889242989675,11.428571428571429,11.654889242989675,9.366666666666712,0,1,0,114.50094672220439,1.1654889242989676e-05,562,1,0
278,41,11,0,0,0,11.419375283377512,"[0.0, 11.419375283377512]",11.419375283377512,8.571428571428571,11.419375283377512,8.633333333333342,0,1,0,111.54402150875103,1.1419375283377513e-05,518,1,0
278,42,19,0,0,0,11.320795331682477,"[0.0, 11.320795331682477]",11.320795331682477,8.571428571428571,11.320795331682477,8.333333333333327,0,1,0,111.20288800355047,1.1320795331682478e-05,500,1,0
278,43,10,0,0,0,11.275215148925781,"[0.0, 11.275215148925781]",11.275215148925781,8.571428571428571,11.275215148925781,8.016666666666644,0,1,0,104.92529512383044,1.1275215148925781e-05,481,1,0
278,44,44,0,0,0,11.245433262416295,"[0.0, 11.245433262416295]",11.245433262416295,8.571428571428571,11.245433262416295,8.58333333333334,0,1,0,107.83434132731782,1.1245433262416295e-05,515,1,0
278,45,61,0,0,0,11.087077004568917,"[0.0, 11.087077004568917]",11.087077004568917,8.571428571428571,11.087077004568917,7.733333333333311,0,1,0,103.497429266572,1.1087077004568917e-05,464,1,0
278,46,20,0,0,0,11.08119147164481,"[0.0, 11.08119147164481]",11.08119147164481,8.571428571428571,11.08119147164481,8.733333333333347,0,1,0,107.92714810120378,1.1081191471644811e-05,524,1,0
278,47,63,0,0,0,10.5600220816476,"[0.0, 10.5600220816476]",10.5600220816476,8.571428571428571,10.5600220816476,6.6999999999999815,0,1,0,101.9308862388134,1.05600220816476e-05,402,1,0
278,48,40,0,0,0,10.160754067557198,"[0.0, 10.160754067557198]",10.160754067557198,8.571428571428571,10.160754067557198,7.949999999999977,0,1,0,98.6206344999373,1.0160754067557198e-05,477,1,0
278,49,29,0,0,0,8.99064200265067,"[0.0, 8.99064200265067]",8.99064200265067,8.571428571428571,8.99064200265067,8.416666666666664,0,1,0,79.2574883244888,8.990642002650671e-06,505,1,0
278,50,62,0,0,0,6.471170697893415,"[0.0, 6.471170697893415]",6.471170697893415,5.714285714285714,6.471170697893415,7.366666666666646,0,1,0,58.58189073119138,6.471170697893415e-06,442,1,0
278,51,55,0,0,0,6.402680533272879,"[0.0, 6.402680533272879]",6.402680533272879,5.714285714285714,6.402680533272879,7.366666666666646,0,1,0,58.59609593378991,6.402680533272879e-06,442,1,0
278,52,60,0,0,0,6.397187369210379,"[0.0, 6.397187369210379]",6.397187369210379,5.714285714285714,6.397187369210379,7.416666666666646,0,1,0,59.53676283129607,6.397187369210379e-06,445,1,0
278,53,15,0,0,0,6.392206464494977,"[0.0, 6.392206464494977]",6.392206464494977,5.714285714285714,6.392206464494977,7.416666666666646,0,1,0,59.26244598957419,6.392206464494977e-06,445,1,0
278,54,46,0,0,0,6.338451930454799,"[0.0, 6.338451930454799]",6.338451930454799,5.714285714285714,6.338451930454799,7.366666666666646,0,1,0,58.58178727847553,6.3384519304547985e-06,442,1,0
278,55,45,0,0,0,6.328539167131697,"[0.0, 6.328539167131697]",6.328539167131697,5.714285714285714,6.328539167131697,7.366666666666646,0,1,0,58.83859027738799,6.3285391671316975e-06,442,1,0
278,56,31,0,0,0,6.325596400669643,"[0.0, 6.325596400669643]",6.325596400669643,5.714285714285714,6.325596400669643,7.366666666666646,0,1,0,58.49299676814553,6.325596400669644e-06,442,1,0
278,57,26,0,0,0,6.324097769601004,"[0.0, 6.324097769601004]",6.324097769601004,5.714285714285714,6.324097769601004,7.366666666666646,0,1,0,58.5908328592559,6.324097769601005e-06,442,1,0
278,58,35,0,0,0,6.318795340401786,"[0.0, 6.318795340401786]",6.318795340401786,5.714285714285714,6.318795340401786,7.366666666666646,0,1,0,58.597330852884625,6.318795340401786e-06,442,1,0
278,59,54,0,0,0,6.303858075823103,"[0.0, 6.303858075823103]",6.303858075823103,5.714285714285714,6.303858075823103,7.316666666666646,0,1,0,58.42196261690697,6.303858075823103e-06,439,1,0
278,60,21,0,0,0,4.984267098563058,"[0.0, 4.984267098563058]",4.984267098563058,2.857142857142857,4.984267098563058,6.483333333333316,0,1,0,41.27977719618502,4.984267098563058e-06,389,1,0
278,61,14,0,0,0,4.478351048060826,"[0.0, 4.478351048060826]",4.478351048060826,2.857142857142857,4.478351048060826,6.21666666666665,0,1,0,35.6512312101986,4.478351048060827e-06,373,1,0
278,62,9,0,0,0,4.374138968331473,"[0.0, 4.374138968331473]",4.374138968331473,2.857142857142857,4.374138968331473,1.8499999999999983,0,1,0,35.177937030792236,4.374138968331473e-06,111,1,0
278,63,49,0,0,0,4.2356382097516745,"[0.0, 4.2356382097516745]",4.2356382097516745,2.857142857142857,4.2356382097516745,5.933333333333318,0,1,0,32.11568467831239,4.2356382097516746e-06,356,1,0
278,64,38,0,0,0,3.313478742327009,"[0.0, 3.313478742327009]",3.313478742327009,2.857142857142857,3.313478742327009,4.29999999999999,0,1,0,22.177068762248382,3.3134787423270092e-06,258,1,0
279,1,0,0,1,1,29.630709488607625,"[0.0, 29.630709488607625]",29.630709488607625,28.57142857142857,29.630709488607625,23.533333333333278,0,1,0,294.0400271560502,2.9630709488607624e-05,1412,1,0
279,2,1,0,1,1,29.07006373223238,"[0.0, 29.07006373223238]",29.07006373223238,28.57142857142857,29.07006373223238,19.416666666666845,0,1,0,282.330984117747,2.907006373223238e-05,1165,1,0
279,3,48,0,1,1,28.741683868628925,"[0.0, 28.741683868628925]",28.741683868628925,28.57142857142857,28.741683868628925,14.450000000000298,0,1,0,280.30243680701824,2.8741683868628926e-05,867,1,0
279,4,2,0,1,1,28.555750174077392,"[0.0, 28.555750174077392]",28.555750174077392,25.71428571428571,28.555750174077392,20.083333333333474,0,1,0,285.9795293595016,2.8555750174077392e-05,1205,1,0
279,5,3,0,1,1,28.488982108611076,"[0.0, 28.488982108611076]",28.488982108611076,25.71428571428571,28.488982108611076,15.550000000000352,0,1,0,278.9685186650968,2.8488982108611076e-05,933,1,0
279,6,4,0,1,1,27.671193197069833,"[0.0, 27.671193197069833]",27.671193197069833,25.71428571428571,27.671193197069833,12.950000000000223,0,1,0,268.2002897739585,2.7671193197069833e-05,777,1,0
279,7,5,0,1,1,27.43463304739407,"[0.0, 27.43463304739407]",27.43463304739407,25.71428571428571,27.43463304739407,12.43333333333353,0,1,0,264.66152656511986,2.743463304739407e-05,746,1,0
279,8,6,0,1,1,23.774067523085876,"[0.0, 23.774067523085876]",23.774067523085876,22.857142857142858,23.774067523085876,16.216666666667027,0,1,0,219.1191477911998,2.3774067523085877e-05,973,1,0
279,9,14,0,0,1,23.57619928206265,"[0.0, 23.57619928206265]",23.57619928206265,22.857142857142858,23.57619928206265,15.616666666667022,0,1,0,218.79357147655537,2.357619928206265e-05,937,1,0
279,10,7,0,0,1,23.561011345525376,"[0.0, 23.561011345525376]",23.561011345525376,22.857142857142858,23.561011345525376,15.63333333333369,0,1,0,215.85519978733646,2.3561011345525377e-05,938,1,0
279,11,37,0,0,1,23.027730577783746,"[0.0, 23.027730577783746]",23.027730577783746,22.857142857142858,23.027730577783746,19.033333333333534,0,1,0,207.17365648065606,2.3027730577783747e-05,1142,1,0
279,12,44,0,0,1,21.4574704851423,"[0.0, 21.4574704851423]",21.4574704851423,20.0,21.4574704851423,12.650000000000208,0,1,0,196.20981495637534,2.14574704851423e-05,759,1,0
279,13,23,0,0,1,21.43399919782366,"[0.0, 21.43399919782366]",21.43399919782366,20.0,21.43399919782366,13.050000000000228,0,1,0,200.08617326863168,2.143399919782366e-05,783,1,0
279,14,26,0,0,1,21.261005401611328,"[0.0, 21.261005401611328]",21.261005401611328,20.0,21.261005401611328,11.450000000000149,0,1,0,194.4257131261038,2.126100540161133e-05,687,1,0
279,15,59,0,0,1,21.046014513288224,"[0.0, 21.046014513288224]",21.046014513288224,20.0,21.046014513288224,12.23333333333352,0,1,0,195.67514235110139,2.1046014513288223e-05,734,1,0
279,16,32,0,0,1,20.672950744628906,"[0.0, 20.672950744628906]",20.672950744628906,20.0,20.672950744628906,11.100000000000131,0,1,0,191.36315601658134,2.0672950744628907e-05,666,1,0
279,17,9,0,0,1,20.379246303013392,"[0.0, 20.379246303013392]",20.379246303013392,20.0,20.379246303013392,11.133333333333466,0,1,0,189.08432769592036,2.037924630301339e-05,668,1,0
279,18,43,0,0,1,20.325491768973215,"[0.0, 20.325491768973215]",20.325491768973215,20.0,20.325491768973215,11.216666666666804,0,1,0,192.80842503260646,2.0325491768973216e-05,673,1,0
279,19,45,0,0,1,16.995250156947545,"[0.0, 16.995250156947545]",16.995250156947545,14.285714285714285,16.995250156947545,10.216666666666754,0,1,0,160.44892395426723,1.6995250156947544e-05,613,1,0
279,20,63,0,0,1,16.89920152936663,"[0.0, 16.89920152936663]",16.89920152936663,14.285714285714285,16.89920152936663,9.750000000000064,0,1,0,156.8210828717274,1.689920152936663e-05,585,1,0
279,21,31,0,0,1,16.616319928850444,"[0.0, 16.616319928850444]",16.616319928850444,14.285714285714285,16.616319928850444,10.233333333333421,0,1,0,153.74129204774363,1.6616319928850446e-05,614,1,0
279,22,13,0,0,1,16.407209123883927,"[0.0, 16.407209123883927]",16.407209123883927,14.285714285714285,16.407209123883927,9.800000000000066,0,1,0,149.72857674716215,1.6407209123883928e-05,588,1,0
279,23,22,0,0,1,16.390484401157924,"[0.0, 16.390484401157924]",16.390484401157924,14.285714285714285,16.390484401157924,11.116666666666799,0,1,0,154.15726346872543,1.6390484401157922e-05,667,1,0
279,24,51,0,0,1,16.340043204171316,"[0.0, 16.340043204171316]",16.340043204171316,14.285714285714285,16.340043204171316,9.650000000000059,0,1,0,154.04803735735186,1.6340043204171316e-05,579,1,0
279,25,58,0,0,1,16.189144679478236,"[0.0, 16.189144679478236]",16.189144679478236,14.285714285714285,16.189144679478236,9.916666666666739,0,1,0,148.08700602945464,1.6189144679478237e-05,595,1,0
279,26,17,0,0,1,16.083859034946986,"[0.0, 16.083859034946986]",16.083859034946986,14.285714285714285,16.083859034946986,9.766666666666731,0,1,0,152.00313763050508,1.6083859034946985e-05,586,1,0
279,27,39,0,0,1,16.074938092912948,"[0.0, 16.074938092912948]",16.074938092912948,14.285714285714285,16.074938092912948,9.816666666666734,0,1,0,149.90927949917386,1.607493809291295e-05,589,1,0
279,28,56,0,0,1,16.04018075125558,"[0.0, 16.04018075125558]",16.04018075125558,14.285714285714285,16.04018075125558,10.750000000000114,0,1,0,151.01829023098253,1.604018075125558e-05,645,1,0
279,29,28,0,0,1,15.990524291992186,"[0.0, 15.990524291992186]",15.990524291992186,14.285714285714285,15.990524291992186,10.683333333333444,0,1,0,152.133590205769,1.5990524291992187e-05,641,1,0
279,30,46,0,0,1,15.830726623535158,"[0.0, 15.830726623535158]",15.830726623535158,14.285714285714285,15.830726623535158,11.050000000000129,0,1,0,151.3340008226878,1.5830726623535158e-05,663,1,0
279,31,47,0,0,1,15.786972045898438,"[0.0, 15.786972045898438]",15.786972045898438,14.285714285714285,15.786972045898438,10.033333333333411,0,1,0,150.48851624390954,1.578697204589844e-05,602,1,0
279,32,35,0,0,1,15.73687962123326,"[0.0, 15.73687962123326]",15.73687962123326,14.285714285714285,15.73687962123326,9.750000000000064,0,1,0,149.29239038284868,1.573687962123326e-05,585,1,0
279,33,62,0,0,0,15.70788792201451,"[0.0, 15.70788792201451]",15.70788792201451,14.285714285714285,15.70788792201451,8.38333333333333,0,1,0,138.93650886043906,1.570788792201451e-05,503,1,0
279,34,55,0,0,0,15.666193280901227,"[0.0, 15.666193280901227]",15.666193280901227,14.285714285714285,15.666193280901227,9.283333333333374,0,1,0,142.76671592332423,1.5666193280901228e-05,557,1,0
279,35,54,0,0,0,15.640743800571988,"[0.0, 15.640743800571988]",15.640743800571988,14.285714285714285,15.640743800571988,10.816666666666784,0,1,0,151.85286594530044,1.564074380057199e-05,649,1,0
279,36,36,0,0,0,15.38015638078962,"[0.0, 15.38015638078962]",15.38015638078962,14.285714285714285,15.38015638078962,9.833333333333401,0,1,0,145.9824102325074,1.538015638078962e-05,590,1,0
279,37,34,0,0,0,15.135634286063057,"[0.0, 15.135634286063057]",15.135634286063057,14.285714285714285,15.135634286063057,9.850000000000069,0,1,0,146.15293361102522,1.5135634286063058e-05,591,1,0
279,38,33,0,0,0,15.048626491001674,"[0.0, 15.048626491001674]",15.048626491001674,14.285714285714285,15.048626491001674,10.616666666666774,0,1,0,149.46067993046745,1.5048626491001674e-05,637,1,0
279,39,53,0,0,0,11.498001643589564,"[0.0, 11.498001643589564]",11.498001643589564,11.428571428571429,11.498001643589564,8.800000000000017,0,1,0,111.76801560406602,1.1498001643589564e-05,528,1,0
279,40,42,0,0,0,11.449764796665736,"[0.0, 11.449764796665736]",11.449764796665736,11.428571428571429,11.449764796665736,8.066666666666647,0,1,0,111.1609001904726,1.1449764796665736e-05,484,1,0
279,41,60,0,0,0,11.416274479457309,"[0.0, 11.416274479457309]",11.416274479457309,8.571428571428571,11.416274479457309,10.116666666666749,0,1,0,115.57013046008069,1.141627447945731e-05,607,1,0
279,42,27,0,0,0,11.403154645647321,"[0.0, 11.403154645647321]",11.403154645647321,8.571428571428571,11.403154645647321,8.550000000000004,0,1,0,110.40435554515716,1.140315464564732e-05,513,1,0
279,43,41,0,0,0,11.038992745535714,"[0.0, 11.038992745535714]",11.038992745535714,8.571428571428571,11.038992745535714,8.933333333333357,0,1,0,107.92016225263797,1.1038992745535714e-05,536,1,0
279,44,29,0,0,0,10.997938428606306,"[0.0, 10.997938428606306]",10.997938428606306,8.571428571428571,10.997938428606306,8.38333333333333,0,1,0,108.12075590481982,1.0997938428606306e-05,503,1,0
279,45,57,0,0,0,10.917350224086217,"[0.0, 10.917350224086217]",10.917350224086217,8.571428571428571,10.917350224086217,7.899999999999977,0,1,0,105.04644233733416,1.0917350224086217e-05,474,1,0
279,46,52,0,0,0,10.912181309291295,"[0.0, 10.912181309291295]",10.912181309291295,8.571428571428571,10.912181309291295,8.85000000000002,0,1,0,106.8871721296382,1.0912181309291296e-05,531,1,0
279,47,61,0,0,0,10.538646153041295,"[0.0, 10.538646153041295]",10.538646153041295,8.571428571428571,10.538646153041295,9.133333333333367,0,1,0,108.47548032633495,1.0538646153041295e-05,548,1,0
279,48,40,0,0,0,9.58838599068778,"[0.0, 9.58838599068778]",9.58838599068778,8.571428571428571,9.58838599068778,5.416666666666653,0,1,0,91.55759067833424,9.58838599068778e-06,325,1,0
279,49,21,0,0,0,8.717703138078962,"[0.0, 8.717703138078962]",8.717703138078962,8.571428571428571,8.717703138078962,8.033333333333312,0,1,0,74.3408923711686,8.717703138078962e-06,482,1,0
279,50,16,0,0,0,8.4552001953125,"[0.0, 8.4552001953125]",8.4552001953125,5.714285714285714,8.4552001953125,13.133333333333566,0,1,0,71.93937443073082,8.4552001953125e-06,788,1,0
279,51,11,0,0,0,8.442486354282924,"[0.0, 8.442486354282924]",8.442486354282924,5.714285714285714,8.442486354282924,7.266666666666646,0,1,0,63.54241236929374,8.442486354282924e-06,436,1,0
279,52,49,0,0,0,6.518265860421317,"[0.0, 6.518265860421317]",6.518265860421317,5.714285714285714,6.518265860421317,7.416666666666646,0,1,0,59.536654893279774,6.518265860421317e-06,445,1,0
279,53,24,0,0,0,6.470947265625,"[0.0, 6.470947265625]",6.470947265625,5.714285714285714,6.470947265625,7.366666666666646,0,1,0,58.581553287825955,6.470947265625e-06,442,1,0
279,54,38,0,0,0,6.449056352887834,"[0.0, 6.449056352887834]",6.449056352887834,5.714285714285714,6.449056352887834,7.366666666666646,0,1,0,58.58172931581794,6.449056352887834e-06,442,1,0
279,55,25,0,0,0,6.430816650390625,"[0.0, 6.430816650390625]",6.430816650390625,5.714285714285714,6.430816650390625,7.416666666666646,0,1,0,59.53714703577862,6.430816650390625e-06,445,1,0
279,56,20,0,0,0,6.43047877720424,"[0.0, 6.43047877720424]",6.43047877720424,5.714285714285714,6.43047877720424,7.416666666666646,0,1,0,59.53712887527945,6.43047877720424e-06,445,1,0
279,57,8,0,0,0,6.348549979073661,"[0.0, 6.348549979073661]",6.348549979073661,5.714285714285714,6.348549979073661,7.366666666666646,0,1,0,58.63559245241777,6.348549979073661e-06,442,1,0
279,58,30,0,0,0,6.277907235281808,"[0.0, 6.277907235281808]",6.277907235281808,5.714285714285714,6.277907235281808,7.366666666666646,0,1,0,58.47813913527352,6.2779072352818084e-06,442,1,0
279,59,19,0,0,0,5.69084712437221,"[0.0, 5.69084712437221]",5.69084712437221,2.857142857142857,5.69084712437221,6.099999999999984,0,1,0,53.506455762530095,5.69084712437221e-06,366,1,0
279,60,10,0,0,0,3.89777592250279,"[0.0, 3.89777592250279]",3.89777592250279,2.857142857142857,3.89777592250279,2.449999999999996,0,1,0,30.230407625436783,3.89777592250279e-06,147,1,0
279,61,12,0,0,0,3.5527801513671875,"[0.0, 3.5527801513671875]",3.5527801513671875,2.857142857142857,3.5527801513671875,5.399999999999986,0,1,0,24.562699830035854,3.5527801513671873e-06,324,1,0
279,62,50,0,0,0,3.409320286342076,"[0.0, 3.409320286342076]",3.409320286342076,2.857142857142857,3.409320286342076,5.2999999999999865,0,1,0,23.112033396850165,3.4093202863420758e-06,318,1,0
279,63,18,0,0,0,3.1953103201729913,"[0.0, 3.1953103201729913]",3.1953103201729913,2.857142857142857,3.1953103201729913,2.6833333333333287,0,1,0,23.447825573384762,3.1953103201729915e-06,161,1,0
279,64,15,0,0,0,2.8043365478515625,"[0.0, 2.8043365478515625]",2.8043365478515625,0.0,2.8043365478515625,4.24999999999999,0,1,0,43.40169759769924,2.8043365478515626e-06,255,1,0
280,1,0,0,1,1,29.630709488607625,"[0.0, 29.630709488607625]",29.630709488607625,28.57142857142857,29.630709488607625,23.533333333333278,0,1,0,294.0400271560502,2.9630709488607624e-05,1412,1,0
280,2,1,0,1,1,29.07006373223238,"[0.0, 29.07006373223238]",29.07006373223238,28.57142857142857,29.07006373223238,19.416666666666845,0,1,0,282.330984117747,2.907006373223238e-05,1165,1,0
280,3,2,0,1,1,28.741683868628925,"[0.0, 28.741683868628925]",28.741683868628925,28.57142857142857,28.741683868628925,14.450000000000298,0,1,0,280.30243680701824,2.8741683868628926e-05,867,1,0
280,4,3,0,1,1,28.555750174077392,"[0.0, 28.555750174077392]",28.555750174077392,25.71428571428571,28.555750174077392,20.083333333333474,0,1,0,285.9795293595016,2.8555750174077392e-05,1205,1,0
280,5,4,0,1,1,28.488982108611076,"[0.0, 28.488982108611076]",28.488982108611076,25.71428571428571,28.488982108611076,15.550000000000352,0,1,0,278.9685186650968,2.8488982108611076e-05,933,1,0
280,6,5,0,1,1,27.671193197069833,"[0.0, 27.671193197069833]",27.671193197069833,25.71428571428571,27.671193197069833,12.950000000000223,0,1,0,268.2002897739585,2.7671193197069833e-05,777,1,0
280,7,6,0,1,1,27.43463304739407,"[0.0, 27.43463304739407]",27.43463304739407,25.71428571428571,27.43463304739407,12.43333333333353,0,1,0,264.66152656511986,2.743463304739407e-05,746,1,0
280,8,7,0,1,1,23.774067523085876,"[0.0, 23.774067523085876]",23.774067523085876,22.857142857142858,23.774067523085876,16.216666666667027,0,1,0,219.1191477911998,2.3774067523085877e-05,973,1,0
280,9,62,0,0,1,23.124397679422202,"[0.0, 23.124397679422202]",23.124397679422202,22.857142857142858,23.124397679422202,12.683333333333543,0,1,0,208.54345858043234,2.3124397679422203e-05,761,1,0
280,10,49,0,0,1,22.985973289044306,"[0.0, 22.985973289044306]",22.985973289044306,22.857142857142858,22.985973289044306,17.91666666666693,0,1,0,214.6012400042673,2.2985973289044307e-05,1075,1,0
280,11,57,0,0,1,21.93094253540039,"[0.0, 21.93094253540039]",21.93094253540039,20.0,21.93094253540039,11.950000000000173,0,1,0,199.02350688164734,2.193094253540039e-05,717,1,0
280,12,61,0,0,1,21.66182926722935,"[0.0, 21.66182926722935]",21.66182926722935,20.0,21.66182926722935,10.283333333333424,0,1,0,195.73327601142228,2.166182926722935e-05,617,1,0
280,13,40,0,0,1,21.661344255719868,"[0.0, 21.661344255719868]",21.661344255719868,20.0,21.661344255719868,12.683333333333543,0,1,0,197.44092024325073,2.166134425571987e-05,761,1,0
280,14,30,0,0,1,21.281972612653462,"[0.0, 21.281972612653462]",21.281972612653462,20.0,21.281972612653462,13.850000000000268,0,1,0,196.1927488053334,2.1281972612653463e-05,831,1,0
280,15,46,0,0,1,21.182716914585658,"[0.0, 21.182716914585658]",21.182716914585658,20.0,21.182716914585658,11.066666666666796,0,1,0,195.03957711961993,2.1182716914585658e-05,664,1,0
280,16,47,0,0,1,21.090943472726003,"[0.0, 21.090943472726003]",21.090943472726003,20.0,21.090943472726003,11.383333333333479,0,1,0,195.03566656324983,2.1090943472726004e-05,683,1,0
280,17,17,0,0,1,20.496251242501394,"[0.0, 20.496251242501394]",20.496251242501394,20.0,20.496251242501394,11.216666666666804,0,1,0,194.09267768642167,2.0496251242501394e-05,673,1,0
280,18,31,0,0,1,20.438232421875,"[0.0, 20.438232421875]",20.438232421875,20.0,20.438232421875,11.200000000000136,0,1,0,188.34019433357025,2.0438232421875e-05,672,1,0
280,19,32,0,0,1,20.408450535365514,"[0.0, 20.408450535365514]",20.408450535365514,20.0,20.408450535365514,12.133333333333516,0,1,0,194.79724230175634,2.0408450535365514e-05,728,1,0
280,20,60,0,0,1,20.32718930925642,"[0.0, 20.32718930925642]",20.32718930925642,20.0,20.32718930925642,12.250000000000188,0,1,0,196.34482568671228,2.032718930925642e-05,735,1,0
280,21,33,0,0,1,17.016029357910156,"[0.0, 17.016029357910156]",17.016029357910156,14.285714285714285,17.016029357910156,16.816666666666993,0,1,0,163.48287379583053,1.7016029357910157e-05,1009,1,0
280,22,24,0,0,1,16.996449061802455,"[0.0, 16.996449061802455]",16.996449061802455,14.285714285714285,16.996449061802455,12.03333333333351,0,1,0,156.92924519639928,1.6996449061802454e-05,722,1,0
280,23,21,0,0,1,16.8975339617048,"[0.0, 16.8975339617048]",16.8975339617048,14.285714285714285,16.8975339617048,11.150000000000134,0,1,0,160.19127641963132,1.68975339617048e-05,669,1,0
280,24,22,0,0,1,16.87044961111886,"[0.0, 16.87044961111886]",16.87044961111886,14.285714285714285,16.87044961111886,10.683333333333444,0,1,0,160.7170308358036,1.687044961111886e-05,641,1,0
280,25,20,0,0,1,16.850297110421316,"[0.0, 16.850297110421316]",16.850297110421316,14.285714285714285,16.850297110421316,10.783333333333449,0,1,0,156.63678476950736,1.6850297110421314e-05,647,1,0
280,26,14,0,0,1,16.707834516252788,"[0.0, 16.707834516252788]",16.707834516252788,14.285714285714285,16.707834516252788,9.533333333333387,0,1,0,155.53597143664956,1.6707834516252787e-05,572,1,0
280,27,54,0,0,1,16.706837245396205,"[0.0, 16.706837245396205]",16.706837245396205,14.285714285714285,16.706837245396205,9.766666666666731,0,1,0,158.6177214468771,1.6706837245396204e-05,586,1,0
280,28,15,0,0,1,16.60635266985212,"[0.0, 16.60635266985212]",16.60635266985212,14.285714285714285,16.60635266985212,9.083333333333364,0,1,0,154.13570075668395,1.6606352669852123e-05,545,1,0
280,29,11,0,0,1,16.56623295375279,"[0.0, 16.56623295375279]",16.56623295375279,14.285714285714285,16.56623295375279,10.600000000000106,0,1,0,153.82849104584602,1.656623295375279e-05,636,1,0
280,30,18,0,0,1,16.493693760463167,"[0.0, 16.493693760463167]",16.493693760463167,14.285714285714285,16.493693760463167,11.050000000000129,0,1,0,156.6237373488766,1.6493693760463166e-05,663,1,0
280,31,43,0,0,1,16.432277134486604,"[0.0, 16.432277134486604]",16.432277134486604,14.285714285714285,16.432277134486604,9.483333333333384,0,1,0,153.05502861272544,1.6432277134486605e-05,569,1,0
280,32,29,0,0,1,16.4062990461077,"[0.0, 16.4062990461077]",16.4062990461077,14.285714285714285,16.4062990461077,10.400000000000096,0,1,0,155.74813636397448,1.6406299046107703e-05,624,1,0
280,33,8,0,0,0,16.3599123273577,"[0.0, 16.3599123273577]",16.3599123273577,14.285714285714285,16.3599123273577,10.700000000000111,0,1,0,154.72782308885508,1.63599123273577e-05,642,1,0
280,34,35,0,0,0,16.242882864815847,"[0.0, 16.242882864815847]",16.242882864815847,14.285714285714285,16.242882864815847,10.783333333333449,0,1,0,151.92365233531018,1.6242882864815846e-05,647,1,0
280,35,51,0,0,0,16.204561505998885,"[0.0, 16.204561505998885]",16.204561505998885,14.285714285714285,16.204561505998885,8.91666666666669,0,1,0,148.6584400702268,1.6204561505998886e-05,535,1,0
280,36,13,0,0,0,16.193084716796875,"[0.0, 16.193084716796875]",16.193084716796875,14.285714285714285,16.193084716796875,9.350000000000044,0,1,0,150.46647264715284,1.6193084716796873e-05,561,1,0
280,37,38,0,0,0,16.138975960867747,"[0.0, 16.138975960867747]",16.138975960867747,14.285714285714285,16.138975960867747,10.516666666666769,0,1,0,154.18530689029285,1.6138975960867745e-05,631,1,0
280,38,19,0,0,0,16.050077165876118,"[0.0, 16.050077165876118]",16.050077165876118,14.285714285714285,16.050077165876118,10.816666666666784,0,1,0,151.77140258529835,1.6050077165876117e-05,649,1,0
280,39,26,0,0,0,16.032529558454243,"[0.0, 16.032529558454243]",16.032529558454243,14.285714285714285,16.032529558454243,10.566666666666771,0,1,0,150.69907671955298,1.6032529558454242e-05,634,1,0
280,40,48,0,0,0,15.870639256068639,"[0.0, 15.870639256068639]",15.870639256068639,14.285714285714285,15.870639256068639,10.000000000000076,0,1,0,149.5896039536674,1.5870639256068638e-05,600,1,0
280,41,12,0,0,0,15.866241455078125,"[0.0, 15.866241455078125]",15.866241455078125,14.285714285714285,15.866241455078125,10.583333333333439,0,1,0,151.8518060573624,1.5866241455078123e-05,635,1,0
280,42,59,0,0,0,15.676035199846542,"[0.0, 15.676035199846542]",15.676035199846542,14.285714285714285,15.676035199846542,10.533333333333436,0,1,0,151.14993225739454,1.567603519984654e-05,632,1,0
280,43,63,0,0,0,15.556504385811943,"[0.0, 15.556504385811943]",15.556504385811943,14.285714285714285,15.556504385811943,10.700000000000111,0,1,0,150.4501744600493,1.5556504385811944e-05,642,1,0
280,44,42,0,0,0,11.620734078543526,"[0.0, 11.620734078543526]",11.620734078543526,11.428571428571429,11.620734078543526,9.200000000000037,0,1,0,116.5216039759689,1.1620734078543526e-05,552,1,0
280,45,52,0,0,0,11.475094386509486,"[0.0, 11.475094386509486]",11.475094386509486,11.428571428571429,11.475094386509486,10.050000000000079,0,1,0,110.61050860011892,1.1475094386509485e-05,603,1,0
280,46,44,0,0,0,11.429598672049385,"[0.0, 11.429598672049385]",11.429598672049385,11.428571428571429,11.429598672049385,7.98333333333331,0,1,0,110.33137449622154,1.1429598672049385e-05,479,1,0
280,47,10,0,0,0,11.30262919834682,"[0.0, 11.30262919834682]",11.30262919834682,8.571428571428571,11.30262919834682,9.366666666666712,0,1,0,110.52146552837075,1.1302629198346819e-05,562,1,0
280,48,28,0,0,0,10.890941619873047,"[0.0, 10.890941619873047]",10.890941619873047,8.571428571428571,10.890941619873047,9.800000000000066,0,1,0,108.87731628466281,1.0890941619873048e-05,588,1,0
280,49,9,0,0,0,10.845225197928292,"[0.0, 10.845225197928292]",10.845225197928292,8.571428571428571,10.845225197928292,8.98333333333336,0,1,0,106.1919623242211,1.0845225197928292e-05,539,1,0
280,50,41,0,0,0,10.586891174316406,"[0.0, 10.586891174316406]",10.586891174316406,8.571428571428571,10.586891174316406,8.616666666666674,0,1,0,104.14175582175085,1.0586891174316406e-05,517,1,0
280,51,37,0,0,0,8.968026297433036,"[0.0, 8.968026297433036]",8.968026297433036,8.571428571428571,8.968026297433036,8.500000000000002,0,1,0,78.30694765336375,8.968026297433037e-06,510,1,0
280,52,56,0,0,0,8.395944322858538,"[0.0, 8.395944322858538]",8.395944322858538,5.714285714285714,8.395944322858538,12.63333333333354,0,1,0,74.03168131041457,8.395944322858538e-06,758,1,0
280,53,27,0,0,0,7.711683000837054,"[0.0, 7.711683000837054]",7.711683000837054,5.714285714285714,7.711683000837054,3.183333333333327,0,1,0,78.88302533328533,7.711683000837054e-06,191,1,0
280,54,23,0,0,0,7.142857142857142,"[0.0, 7.142857142857142]",7.142857142857142,5.714285714285714,7.142857142857142,2.9499999999999944,0,1,0,72.7326163649559,7.142857142857143e-06,177,1,0
280,55,39,0,0,0,6.459808349609375,"[0.0, 6.459808349609375]",6.459808349609375,5.714285714285714,6.459808349609375,7.416666666666646,0,1,0,59.59192995335616,6.459808349609375e-06,445,1,0
280,56,58,0,0,0,6.424059186662946,"[0.0, 6.424059186662946]",6.424059186662946,5.714285714285714,6.424059186662946,7.366666666666646,0,1,0,58.58196046728699,6.4240591866629464e-06,442,1,0
280,57,50,0,0,0,6.393427167619977,"[0.0, 6.393427167619977]",6.393427167619977,5.714285714285714,6.393427167619977,7.416666666666646,0,1,0,59.69734137839987,6.393427167619978e-06,445,1,0
280,58,45,0,0,0,6.345067705426898,"[0.0, 6.345067705426898]",6.345067705426898,5.714285714285714,6.345067705426898,7.366666666666646,0,1,0,58.66163530160702,6.3450677054268975e-06,442,1,0
280,59,36,0,0,0,6.343133108956474,"[0.0, 6.343133108956474]",6.343133108956474,5.714285714285714,6.343133108956474,7.366666666666646,0,1,0,58.59042767443316,6.343133108956474e-06,442,1,0
280,60,53,0,0,0,6.336691720145089,"[0.0, 6.336691720145089]",6.336691720145089,5.714285714285714,6.336691720145089,7.366666666666646,0,1,0,58.58162429539516,6.336691720145089e-06,442,1,0
280,61,34,0,0,0,6.324506487165178,"[0.0, 6.324506487165178]",6.324506487165178,5.714285714285714,6.324506487165178,7.366666666666646,0,1,0,58.58192902495648,6.324506487165178e-06,442,1,0
280,62,16,0,0,0,6.3182285853794635,"[0.0, 6.3182285853794635]",6.3182285853794635,5.714285714285714,6.3182285853794635,7.366666666666646,0,1,0,58.58187472009013,6.318228585379464e-06,442,1,0
280,63,55,0,0,0,6.291531154087611,"[0.0, 6.291531154087611]",6.291531154087611,5.714285714285714,6.291531154087611,7.366666666666646,0,1,0,58.581811314950755,6.291531154087611e-06,442,1,0
280,64,25,0,0,0,2.818200247628348,"[0.0, 2.818200247628348]",2.818200247628348,0.0,2.818200247628348,5.499999999999986,0,1,0,41.695008061418775,2.8182002476283482e-06,330,1,0
281,1,60,0,1,1,30.20815926498905,"[0.0, 30.20815926498905]",30.20815926498905,28.57142857142857,30.20815926498905,18.416666666666902,0,1,0,299.4317616307453,3.020815926498905e-05,1105,1,0
281,2,0,0,1,1,29.630709488607625,"[0.0, 29.630709488607625]",29.630709488607625,28.57142857142857,29.630709488607625,23.533333333333278,0,1,0,294.0400271560502,2.9630709488607624e-05,1412,1,0
281,3,1,0,1,1,29.07006373223238,"[0.0, 29.07006373223238]",29.07006373223238,28.57142857142857,29.07006373223238,19.416666666666845,0,1,0,282.330984117747,2.907006373223238e-05,1165,1,0
281,4,2,0,1,1,28.741683868628925,"[0.0, 28.741683868628925]",28.741683868628925,28.57142857142857,28.741683868628925,14.450000000000298,0,1,0,280.30243680701824,2.8741683868628926e-05,867,1,0
281,5,3,0,1,1,28.555750174077392,"[0.0, 28.555750174077392]",28.555750174077392,25.71428571428571,28.555750174077392,20.083333333333474,0,1,0,285.9795293595016,2.8555750174077392e-05,1205,1,0
281,6,4,0,1,1,28.488982108611076,"[0.0, 28.488982108611076]",28.488982108611076,25.71428571428571,28.488982108611076,15.550000000000352,0,1,0,278.9685186650968,2.8488982108611076e-05,933,1,0
281,7,5,0,1,1,27.671193197069833,"[0.0, 27.671193197069833]",27.671193197069833,25.71428571428571,27.671193197069833,12.950000000000223,0,1,0,268.2002897739585,2.7671193197069833e-05,777,1,0
281,8,39,0,1,1,27.495254003992777,"[0.0, 27.495254003992777]",27.495254003992777,25.71428571428571,27.495254003992777,16.266666666667025,0,1,0,272.7871385963299,2.7495254003992776e-05,976,1,0
281,9,6,0,0,1,27.43463304739407,"[0.0, 27.43463304739407]",27.43463304739407,25.71428571428571,27.43463304739407,12.43333333333353,0,1,0,264.66152656511986,2.743463304739407e-05,746,1,0
281,10,42,0,0,1,26.909413628244955,"[0.0, 26.909413628244955]",26.909413628244955,25.71428571428571,26.909413628244955,16.683333333333668,0,1,0,264.41757325389335,2.6909413628244956e-05,1001,1,0
281,11,7,0,0,1,23.774067523085876,"[0.0, 23.774067523085876]",23.774067523085876,22.857142857142858,23.774067523085876,16.216666666667027,0,1,0,219.1191477911998,2.3774067523085877e-05,973,1,0
281,12,17,0,0,1,22.753366742815288,"[0.0, 22.753366742815288]",22.753366742815288,20.0,22.753366742815288,14.30000000000029,0,1,0,208.89901526497124,2.275336674281529e-05,858,1,0
281,13,57,0,0,1,21.153057643345424,"[0.0, 21.153057643345424]",21.153057643345424,20.0,21.153057643345424,11.950000000000173,0,1,0,196.14011323739396,2.1153057643345425e-05,717,1,0
281,14,43,0,0,1,20.920143127441406,"[0.0, 20.920143127441406]",20.920143127441406,20.0,20.920143127441406,11.750000000000163,0,1,0,192.9676934851159,2.0920143127441407e-05,705,1,0
281,15,24,0,0,1,20.875655582972936,"[0.0, 20.875655582972936]",20.875655582972936,20.0,20.875655582972936,12.516666666666868,0,1,0,195.39194471026713,2.0875655582972934e-05,751,1,0
281,16,58,0,0,1,20.700890677315847,"[0.0, 20.700890677315847]",20.700890677315847,20.0,20.700890677315847,11.050000000000129,0,1,0,190.68137283887336,2.070089067731585e-05,663,1,0
281,17,38,0,0,1,20.45422145298549,"[0.0, 20.45422145298549]",20.45422145298549,20.0,20.45422145298549,11.750000000000163,0,1,0,190.5633499303658,2.045422145298549e-05,705,1,0
281,18,16,0,0,1,20.335189274379182,"[0.0, 20.335189274379182]",20.335189274379182,20.0,20.335189274379182,11.816666666666833,0,1,0,192.73750206187833,2.033518927437918e-05,709,1,0
281,19,25,0,0,1,20.224862779889786,"[0.0, 20.224862779889786]",20.224862779889786,20.0,20.224862779889786,11.483333333333483,0,1,0,191.592095606371,2.0224862779889787e-05,689,1,0
281,20,37,0,0,1,20.02396719796317,"[0.0, 20.02396719796317]",20.02396719796317,20.0,20.02396719796317,11.666666666666826,0,1,0,191.1153392976703,2.002396719796317e-05,700,1,0
281,21,48,0,0,1,17.32501438685826,"[0.0, 17.32501438685826]",17.32501438685826,17.142857142857142,17.32501438685826,10.116666666666749,0,1,0,158.75213420468208,1.732501438685826e-05,607,1,0
281,22,62,0,0,1,17.127107892717632,"[0.0, 17.127107892717632]",17.127107892717632,14.285714285714285,17.127107892717632,10.450000000000099,0,1,0,161.29071982228197,1.7127107892717632e-05,627,1,0
281,23,53,0,0,1,16.652112688337052,"[0.0, 16.652112688337052]",16.652112688337052,14.285714285714285,16.652112688337052,12.450000000000198,0,1,0,152.8909128134983,1.665211268833705e-05,747,1,0
281,24,28,0,0,1,16.634886605398997,"[0.0, 16.634886605398997]",16.634886605398997,14.285714285714285,16.634886605398997,10.800000000000116,0,1,0,153.96515161977732,1.6634886605398995e-05,648,1,0
281,25,13,0,0,1,16.4544677734375,"[0.0, 16.4544677734375]",16.4544677734375,14.285714285714285,16.4544677734375,10.566666666666771,0,1,0,151.16242944909754,1.64544677734375e-05,634,1,0
281,26,20,0,0,1,16.39232635498047,"[0.0, 16.39232635498047]",16.39232635498047,14.285714285714285,16.39232635498047,10.933333333333456,0,1,0,154.47905828420335,1.639232635498047e-05,656,1,0
281,27,22,0,0,1,16.37972695486886,"[0.0, 16.37972695486886]",16.37972695486886,14.285714285714285,16.37972695486886,10.366666666666761,0,1,0,149.32775278367626,1.637972695486886e-05,622,1,0
281,28,52,0,0,1,16.368609837123326,"[0.0, 16.368609837123326]",16.368609837123326,14.285714285714285,16.368609837123326,10.400000000000096,0,1,0,156.2369823997724,1.6368609837123325e-05,624,1,0
281,29,34,0,0,1,16.34904044015067,"[0.0, 16.34904044015067]",16.34904044015067,14.285714285714285,16.34904044015067,11.500000000000151,0,1,0,155.42069714106037,1.634904044015067e-05,690,1,0
281,30,59,0,0,1,16.335231236049108,"[0.0, 16.335231236049108]",16.335231236049108,14.285714285714285,16.335231236049108,9.333333333333377,0,1,0,146.3496416392736,1.6335231236049106e-05,560,1,0
281,31,23,0,0,1,16.309127807617188,"[0.0, 16.309127807617188]",16.309127807617188,14.285714285714285,16.309127807617188,10.000000000000076,0,1,0,152.4822471167572,1.6309127807617187e-05,600,1,0
281,32,14,0,0,1,16.28552028111049,"[0.0, 16.28552028111049]",16.28552028111049,14.285714285714285,16.28552028111049,9.766666666666731,0,1,0,149.93215571584005,1.628552028111049e-05,586,1,0
281,33,50,0,0,0,16.243814740862163,"[0.0, 16.243814740862163]",16.243814740862163,14.285714285714285,16.243814740862163,10.900000000000121,0,1,0,156.36435616754898,1.6243814740862162e-05,654,1,0
281,34,63,0,0,0,16.172692435128347,"[0.0, 16.172692435128347]",16.172692435128347,14.285714285714285,16.172692435128347,9.966666666666741,0,1,0,153.4825536407443,1.6172692435128347e-05,598,1,0
281,35,40,0,0,0,16.110899788992747,"[0.0, 16.110899788992747]",16.110899788992747,14.285714285714285,16.110899788992747,11.300000000000141,0,1,0,151.4622803823222,1.6110899788992748e-05,678,1,0
281,36,8,0,0,0,16.016436985560826,"[0.0, 16.016436985560826]",16.016436985560826,14.285714285714285,16.016436985560826,9.616666666666724,0,1,0,149.76014842046425,1.6016436985560825e-05,577,1,0
281,37,21,0,0,0,15.808710370744977,"[0.0, 15.808710370744977]",15.808710370744977,14.285714285714285,15.808710370744977,10.333333333333426,0,1,0,148.4458460714377,1.5808710370744977e-05,620,1,0
281,38,45,0,0,0,15.80456324986049,"[0.0, 15.80456324986049]",15.80456324986049,14.285714285714285,15.80456324986049,10.766666666666781,0,1,0,153.46430199134193,1.580456324986049e-05,646,1,0
281,39,31,0,0,0,15.792928423200333,"[0.0, 15.792928423200333]",15.792928423200333,14.285714285714285,15.792928423200333,10.016666666666744,0,1,0,148.85188875994936,1.5792928423200333e-05,601,1,0
281,40,10,0,0,0,15.507714407784597,"[0.0, 15.507714407784597]",15.507714407784597,14.285714285714285,15.507714407784597,10.883333333333454,0,1,0,153.1012758015131,1.5507714407784597e-05,653,1,0
281,41,27,0,0,0,14.874545506068637,"[0.0, 14.874545506068637]",14.874545506068637,14.285714285714285,14.874545506068637,17.550000000000285,0,1,0,174.49864655174315,1.4874545506068638e-05,1053,1,0
281,42,51,0,0,0,14.541664123535156,"[0.0, 14.541664123535156]",14.541664123535156,14.285714285714285,14.541664123535156,10.583333333333439,0,1,0,147.32989321985224,1.4541664123535156e-05,635,1,0
281,43,11,0,0,0,14.286760602678573,"[0.0, 14.286760602678573]",14.286760602678573,14.285714285714285,14.286760602678573,22.500000000000004,0,1,0,188.92725575581426,1.4286760602678573e-05,1350,1,0
281,44,61,0,0,0,11.605243682861328,"[0.0, 11.605243682861328]",11.605243682861328,11.428571428571429,11.605243682861328,9.100000000000032,0,1,0,115.67114305720315,1.1605243682861328e-05,546,1,0
281,45,44,0,0,0,11.584815979003906,"[0.0, 11.584815979003906]",11.584815979003906,11.428571428571429,11.584815979003906,8.866666666666687,0,1,0,115.63277213489346,1.1584815979003907e-05,532,1,0
281,46,54,0,0,0,11.500966208321707,"[0.0, 11.500966208321707]",11.500966208321707,11.428571428571429,11.500966208321707,8.533333333333337,0,1,0,112.1524882767917,1.1500966208321706e-05,512,1,0
281,47,15,0,0,0,11.427628653390066,"[0.0, 11.427628653390066]",11.427628653390066,8.571428571428571,11.427628653390066,6.849999999999981,0,1,0,101.58429755270481,1.1427628653390066e-05,411,1,0
281,48,29,0,0,0,11.318239484514509,"[0.0, 11.318239484514509]",11.318239484514509,8.571428571428571,11.318239484514509,7.433333333333312,0,1,0,109.4289630278945,1.1318239484514509e-05,446,1,0
281,49,55,0,0,0,11.316473824637278,"[0.0, 11.316473824637278]",11.316473824637278,8.571428571428571,11.316473824637278,9.750000000000064,0,1,0,115.54587916911987,1.1316473824637278e-05,585,1,0
281,50,49,0,0,0,11.261043548583984,"[0.0, 11.261043548583984]",11.261043548583984,8.571428571428571,11.261043548583984,8.083333333333314,0,1,0,107.8553079655394,1.1261043548583984e-05,485,1,0
281,51,35,0,0,0,11.229596819196429,"[0.0, 11.229596819196429]",11.229596819196429,8.571428571428571,11.229596819196429,9.350000000000044,0,1,0,111.14599267350422,1.1229596819196428e-05,561,1,0
281,52,32,0,0,0,11.196616036551339,"[0.0, 11.196616036551339]",11.196616036551339,8.571428571428571,11.196616036551339,8.550000000000004,0,1,0,107.71625392616988,1.1196616036551338e-05,513,1,0
281,53,41,0,0,0,8.539861951555524,"[0.0, 8.539861951555524]",8.539861951555524,5.714285714285714,8.539861951555524,7.666666666666645,0,1,0,68.51570469583385,8.539861951555525e-06,460,1,0
281,54,18,0,0,0,7.142857142857142,"[0.0, 7.142857142857142]",7.142857142857142,5.714285714285714,7.142857142857142,4.549999999999989,0,1,0,72.49829782545567,7.142857142857143e-06,273,1,0
281,55,33,0,0,0,6.6016932896205365,"[0.0, 6.6016932896205365]",6.6016932896205365,5.714285714285714,6.6016932896205365,7.4666666666666455,0,1,0,60.31452877080301,6.601693289620537e-06,448,1,0
281,56,26,0,0,0,6.440516880580358,"[0.0, 6.440516880580358]",6.440516880580358,5.714285714285714,6.440516880580358,7.416666666666646,0,1,0,59.53658204674139,6.440516880580358e-06,445,1,0
281,57,56,0,0,0,6.405230930873326,"[0.0, 6.405230930873326]",6.405230930873326,5.714285714285714,6.405230930873326,7.416666666666646,0,1,0,59.5366153340874,6.405230930873327e-06,445,1,0
281,58,47,0,0,0,6.397993905203683,"[0.0, 6.397993905203683]",6.397993905203683,5.714285714285714,6.397993905203683,7.366666666666646,0,1,0,58.581836185498105,6.397993905203683e-06,442,1,0
281,59,30,0,0,0,6.317209516252791,"[0.0, 6.317209516252791]",6.317209516252791,5.714285714285714,6.317209516252791,7.366666666666646,0,1,0,58.47862433858245,6.317209516252791e-06,442,1,0
281,60,36,0,0,0,6.3097654070172995,"[0.0, 6.3097654070172995]",6.3097654070172995,5.714285714285714,6.3097654070172995,7.366666666666646,0,1,0,58.58184610919125,6.3097654070172995e-06,442,1,0
281,61,9,0,0,0,4.626366751534598,"[0.0, 4.626366751534598]",4.626366751534598,2.857142857142857,4.626366751534598,2.2999999999999967,0,1,0,37.78683026134968,4.626366751534598e-06,138,1,0
281,62,12,0,0,0,3.408966064453125,"[0.0, 3.408966064453125]",3.408966064453125,2.857142857142857,3.408966064453125,5.2999999999999865,0,1,0,23.112296756306023,3.408966064453125e-06,318,1,0
281,63,46,0,0,0,3.031567164829799,"[0.0, 3.031567164829799]",3.031567164829799,2.857142857142857,3.031567164829799,2.8999999999999946,0,1,0,22.0069617992267,3.031567164829799e-06,174,1,0
281,64,19,0,0,0,1.8703297206333704,"[0.0, 1.8703297206333704]",1.8703297206333704,0.0,1.8703297206333704,5.016666666666654,0,1,0,5.192544866404205,1.8703297206333705e-06,301,1,0
282,1,0,0,1,1,30.20815926498905,"[0.0, 30.20815926498905]",30.20815926498905,28.57142857142857,30.20815926498905,18.416666666666902,0,1,0,299.4317616307453,3.020815926498905e-05,1105,1,0
282,2,1,0,1,1,29.630709488607625,"[0.0, 29.630709488607625]",29.630709488607625,28.57142857142857,29.630709488607625,23.533333333333278,0,1,0,294.0400271560502,2.9630709488607624e-05,1412,1,0
282,3,20,0,1,1,29.35066726299685,"[0.0, 29.35066726299685]",29.35066726299685,28.57142857142857,29.35066726299685,16.86666666666699,0,1,0,279.4842847014079,2.9350667262996852e-05,1012,1,0
282,4,2,0,1,1,29.07006373223238,"[0.0, 29.07006373223238]",29.07006373223238,28.57142857142857,29.07006373223238,19.416666666666845,0,1,0,282.330984117747,2.907006373223238e-05,1165,1,0
282,5,3,0,1,1,28.741683868628925,"[0.0, 28.741683868628925]",28.741683868628925,28.57142857142857,28.741683868628925,14.450000000000298,0,1,0,280.30243680701824,2.8741683868628926e-05,867,1,0
282,6,4,0,1,1,28.555750174077392,"[0.0, 28.555750174077392]",28.555750174077392,25.71428571428571,28.555750174077392,20.083333333333474,0,1,0,285.9795293595016,2.8555750174077392e-05,1205,1,0
282,7,5,0,1,1,28.488982108611076,"[0.0, 28.488982108611076]",28.488982108611076,25.71428571428571,28.488982108611076,15.550000000000352,0,1,0,278.9685186650968,2.8488982108611076e-05,933,1,0
282,8,6,0,1,1,27.671193197069833,"[0.0, 27.671193197069833]",27.671193197069833,25.71428571428571,27.671193197069833,12.950000000000223,0,1,0,268.2002897739585,2.7671193197069833e-05,777,1,0
282,9,7,0,0,1,27.495254003992777,"[0.0, 27.495254003992777]",27.495254003992777,25.71428571428571,27.495254003992777,16.266666666667025,0,1,0,272.7871385963299,2.7495254003992776e-05,976,1,0
282,10,12,0,0,1,21.92009244646345,"[0.0, 21.92009244646345]",21.92009244646345,20.0,21.92009244646345,12.066666666666846,0,1,0,198.16866634108737,2.192009244646345e-05,724,1,0
282,11,51,0,0,1,21.866847446986608,"[0.0, 21.866847446986608]",21.866847446986608,20.0,21.866847446986608,11.233333333333471,0,1,0,198.37165204249322,2.186684744698661e-05,674,1,0
282,12,62,0,0,1,21.774463653564453,"[0.0, 21.774463653564453]",21.774463653564453,20.0,21.774463653564453,12.483333333333533,0,1,0,199.64485369990143,2.1774463653564454e-05,749,1,0
282,13,43,0,0,1,21.638965606689453,"[0.0, 21.638965606689453]",21.638965606689453,20.0,21.638965606689453,11.300000000000141,0,1,0,197.00818835276732,2.1638965606689454e-05,678,1,0
282,14,17,0,0,1,21.388863154820033,"[0.0, 21.388863154820033]",21.388863154820033,20.0,21.388863154820033,11.616666666666823,0,1,0,194.2685255763281,2.138886315482003e-05,697,1,0
282,15,8,0,0,1,21.28732408796038,"[0.0, 21.28732408796038]",21.28732408796038,20.0,21.28732408796038,12.76666666666688,0,1,0,195.22897377785557,2.1287324087960378e-05,766,1,0
282,16,22,0,0,1,21.218250819614955,"[0.0, 21.218250819614955]",21.218250819614955,20.0,21.218250819614955,11.916666666666838,0,1,0,195.1366278514688,2.1218250819614955e-05,715,1,0
282,17,46,0,0,1,21.21159962245396,"[0.0, 21.21159962245396]",21.21159962245396,20.0,21.21159962245396,11.000000000000126,0,1,0,193.01581614200404,2.121159962245396e-05,660,1,0
282,18,39,0,0,1,21.146719796316965,"[0.0, 21.146719796316965]",21.146719796316965,20.0,21.146719796316965,11.716666666666828,0,1,0,195.03136480257672,2.1146719796316965e-05,703,1,0
282,19,37,0,0,1,21.130657196044922,"[0.0, 21.130657196044922]",21.130657196044922,20.0,21.130657196044922,11.933333333333506,0,1,0,192.7911401527599,2.113065719604492e-05,716,1,0
282,20,55,0,0,1,20.914818899972097,"[0.0, 20.914818899972097]",20.914818899972097,20.0,20.914818899972097,10.983333333333459,0,1,0,194.6818665612809,2.0914818899972097e-05,659,1,0
282,21,9,0,0,1,20.870255061558314,"[0.0, 20.870255061558314]",20.870255061558314,20.0,20.870255061558314,11.650000000000158,0,1,0,192.9865481405286,2.0870255061558315e-05,699,1,0
282,22,10,0,0,1,20.827356066022602,"[0.0, 20.827356066022602]",20.827356066022602,20.0,20.827356066022602,11.483333333333483,0,1,0,190.83843826561497,2.0827356066022603e-05,689,1,0
282,23,31,0,0,1,20.81700461251395,"[0.0, 20.81700461251395]",20.81700461251395,20.0,20.81700461251395,11.383333333333479,0,1,0,192.7993181905913,2.081700461251395e-05,683,1,0
282,24,56,0,0,1,20.63926424298968,"[0.0, 20.63926424298968]",20.63926424298968,20.0,20.63926424298968,10.750000000000114,0,1,0,190.76399921513075,2.063926424298968e-05,645,1,0
282,25,32,0,0,1,20.463060651506694,"[0.0, 20.463060651506694]",20.463060651506694,20.0,20.463060651506694,12.03333333333351,0,1,0,192.79971616712282,2.0463060651506695e-05,722,1,0
282,26,35,0,0,1,20.42196818760463,"[0.0, 20.42196818760463]",20.42196818760463,20.0,20.42196818760463,12.400000000000196,0,1,0,196.2444831740213,2.042196818760463e-05,744,1,0
282,27,63,0,0,1,20.416019984654017,"[0.0, 20.416019984654017]",20.416019984654017,20.0,20.416019984654017,11.883333333333503,0,1,0,190.880964569551,2.0416019984654017e-05,713,1,0
282,28,41,0,0,1,17.124922616141184,"[0.0, 17.124922616141184]",17.124922616141184,14.285714285714285,17.124922616141184,9.950000000000074,0,1,0,160.17861692240695,1.7124922616141184e-05,597,1,0
282,29,13,0,0,1,17.053691319056917,"[0.0, 17.053691319056917]",17.053691319056917,14.285714285714285,17.053691319056917,10.700000000000111,0,1,0,162.17951378645375,1.7053691319056916e-05,642,1,0
282,30,44,0,0,1,16.898378644670757,"[0.0, 16.898378644670757]",16.898378644670757,14.285714285714285,16.898378644670757,10.316666666666759,0,1,0,156.17136119899078,1.6898378644670756e-05,619,1,0
282,31,15,0,0,1,16.82332720075335,"[0.0, 16.82332720075335]",16.82332720075335,14.285714285714285,16.82332720075335,11.90000000000017,0,1,0,152.6452161086345,1.682332720075335e-05,714,1,0
282,32,58,0,0,1,16.682194301060267,"[0.0, 16.682194301060267]",16.682194301060267,14.285714285714285,16.682194301060267,9.583333333333389,0,1,0,155.30102502380032,1.6682194301060268e-05,575,1,0
282,33,34,0,0,0,16.62017277308873,"[0.0, 16.62017277308873]",16.62017277308873,14.285714285714285,16.62017277308873,10.283333333333424,0,1,0,154.0621645452702,1.662017277308873e-05,617,1,0
282,34,33,0,0,0,16.49219512939453,"[0.0, 16.49219512939453]",16.49219512939453,14.285714285714285,16.49219512939453,11.816666666666833,0,1,0,153.53833342702274,1.6492195129394533e-05,709,1,0
282,35,57,0,0,0,16.350904192243306,"[0.0, 16.350904192243306]",16.350904192243306,14.285714285714285,16.350904192243306,9.850000000000069,0,1,0,152.63807461207762,1.6350904192243306e-05,591,1,0
282,36,29,0,0,0,16.32422855922154,"[0.0, 16.32422855922154]",16.32422855922154,14.285714285714285,16.32422855922154,10.683333333333444,0,1,0,155.50895158032654,1.6324228559221542e-05,641,1,0
282,37,14,0,0,0,16.29629407610212,"[0.0, 16.29629407610212]",16.29629407610212,14.285714285714285,16.29629407610212,10.816666666666784,0,1,0,153.27922759388457,1.629629407610212e-05,649,1,0
282,38,61,0,0,0,16.090785435267858,"[0.0, 16.090785435267858]",16.090785435267858,14.285714285714285,16.090785435267858,10.850000000000119,0,1,0,153.62422433699248,1.6090785435267857e-05,651,1,0
282,39,24,0,0,0,16.058622087751115,"[0.0, 16.058622087751115]",16.058622087751115,14.285714285714285,16.058622087751115,10.716666666666779,0,1,0,150.76822366802662,1.6058622087751115e-05,643,1,0
282,40,48,0,0,0,15.972001211983816,"[0.0, 15.972001211983816]",15.972001211983816,14.285714285714285,15.972001211983816,10.083333333333414,0,1,0,147.37489341624314,1.5972001211983817e-05,605,1,0
282,41,49,0,0,0,15.965674264090401,"[0.0, 15.965674264090401]",15.965674264090401,14.285714285714285,15.965674264090401,10.516666666666769,0,1,0,147.61829327454325,1.59656742640904e-05,631,1,0
282,42,45,0,0,0,15.730912344796316,"[0.0, 15.730912344796316]",15.730912344796316,14.285714285714285,15.730912344796316,10.300000000000091,0,1,0,150.53843792182306,1.5730912344796316e-05,618,1,0
282,43,59,0,0,0,15.70672171456473,"[0.0, 15.70672171456473]",15.70672171456473,14.285714285714285,15.70672171456473,10.733333333333446,0,1,0,144.9874389404431,1.570672171456473e-05,644,1,0
282,44,11,0,0,0,15.660493033272878,"[0.0, 15.660493033272878]",15.660493033272878,14.285714285714285,15.660493033272878,10.516666666666769,0,1,0,152.3031015761153,1.5660493033272878e-05,631,1,0
282,45,60,0,0,0,15.463289533342634,"[0.0, 15.463289533342634]",15.463289533342634,14.285714285714285,15.463289533342634,9.983333333333409,0,1,0,150.27778935486276,1.5463289533342635e-05,599,1,0
282,46,23,0,0,0,15.322974068777903,"[0.0, 15.322974068777903]",15.322974068777903,14.285714285714285,15.322974068777903,10.533333333333436,0,1,0,147.30260559896124,1.5322974068777904e-05,632,1,0
282,47,27,0,0,0,14.832883562360491,"[0.0, 14.832883562360491]",14.832883562360491,14.285714285714285,14.832883562360491,18.283333333333577,0,1,0,180.31440760380792,1.4832883562360491e-05,1097,1,0
282,48,40,0,0,0,11.514317648751394,"[0.0, 11.514317648751394]",11.514317648751394,11.428571428571429,11.514317648751394,9.550000000000054,0,1,0,112.4335879092614,1.1514317648751393e-05,573,1,0
282,49,30,0,0,0,11.510742732456752,"[0.0, 11.510742732456752]",11.510742732456752,11.428571428571429,11.510742732456752,7.4666666666666455,0,1,0,104.55787969380617,1.1510742732456752e-05,448,1,0
282,50,54,0,0,0,11.478187016078405,"[0.0, 11.478187016078405]",11.478187016078405,11.428571428571429,11.478187016078405,8.38333333333333,0,1,0,110.69813256058842,1.1478187016078404e-05,503,1,0
282,51,26,0,0,0,11.316353934151786,"[0.0, 11.316353934151786]",11.316353934151786,8.571428571428571,11.316353934151786,9.883333333333404,0,1,0,112.90443941131525,1.1316353934151787e-05,593,1,0
282,52,53,0,0,0,11.273386819022042,"[0.0, 11.273386819022042]",11.273386819022042,8.571428571428571,11.273386819022042,8.24999999999999,0,1,0,109.69556244276464,1.1273386819022042e-05,495,1,0
282,53,52,0,0,0,10.92655999319894,"[0.0, 10.92655999319894]",10.92655999319894,8.571428571428571,10.92655999319894,9.766666666666731,0,1,0,108.9988660778472,1.0926559993198939e-05,586,1,0
282,54,47,0,0,0,10.840396881103516,"[0.0, 10.840396881103516]",10.840396881103516,8.571428571428571,10.840396881103516,8.78333333333335,0,1,0,105.28573945130483,1.0840396881103515e-05,527,1,0
282,55,25,0,0,0,10.818604060581752,"[0.0, 10.818604060581752]",10.818604060581752,8.571428571428571,10.818604060581752,7.599999999999978,0,1,0,101.87216990441084,1.0818604060581752e-05,456,1,0
282,56,42,0,0,0,10.505354745047434,"[0.0, 10.505354745047434]",10.505354745047434,8.571428571428571,10.505354745047434,7.366666666666646,0,1,0,102.0171469040215,1.0505354745047435e-05,442,1,0
282,57,19,0,0,0,10.324900490897042,"[0.0, 10.324900490897042]",10.324900490897042,8.571428571428571,10.324900490897042,7.449999999999979,0,1,0,102.09071775525808,1.0324900490897042e-05,447,1,0
282,58,16,0,0,0,8.488469805036273,"[0.0, 8.488469805036273]",8.488469805036273,5.714285714285714,8.488469805036273,7.799999999999978,0,1,0,69.06592449216987,8.488469805036273e-06,468,1,0
282,59,50,0,0,0,8.291230882917132,"[0.0, 8.291230882917132]",8.291230882917132,5.714285714285714,8.291230882917132,11.133333333333466,0,1,0,70.56734802256688,8.291230882917132e-06,668,1,0
282,60,38,0,0,0,6.532565525599889,"[0.0, 6.532565525599889]",6.532565525599889,5.714285714285714,6.532565525599889,7.416666666666646,0,1,0,59.541184729161614,6.532565525599889e-06,445,1,0
282,61,18,0,0,0,6.293460300990514,"[0.0, 6.293460300990514]",6.293460300990514,5.714285714285714,6.293460300990514,7.366666666666646,0,1,0,58.59715598815819,6.293460300990514e-06,442,1,0
282,62,28,0,0,0,5.945063999720982,"[0.0, 5.945063999720982]",5.945063999720982,5.714285714285714,5.945063999720982,7.749999999999978,0,1,0,60.91690321719216,5.945063999720982e-06,465,1,0
282,63,36,0,0,0,4.954310825892857,"[0.0, 4.954310825892857]",4.954310825892857,2.857142857142857,4.954310825892857,2.5999999999999956,0,1,0,41.31303146481514,4.9543108258928565e-06,156,1,0
282,64,21,0,0,0,1.8637684413364954,"[0.0, 1.8637684413364954]",1.8637684413364954,0.0,1.8637684413364954,5.016666666666654,0,1,0,5.244248819901259,1.8637684413364955e-06,301,1,0
283,1,0,0,1,1,30.20815926498905,"[0.0, 30.20815926498905]",30.20815926498905,28.57142857142857,30.20815926498905,18.416666666666902,0,1,0,299.4317616307453,3.020815926498905e-05,1105,1,0
283,2,34,0,1,1,30.11434766555043,"[0.0, 30.11434766555043]",30.11434766555043,28.57142857142857,30.11434766555043,18.316666666666908,0,1,0,299.97855526866624,3.011434766555043e-05,1099,1,0
283,3,1,0,1,1,29.630709488607625,"[0.0, 29.630709488607625]",29.630709488607625,28.57142857142857,29.630709488607625,23.533333333333278,0,1,0,294.0400271560502,2.9630709488607624e-05,1412,1,0
283,4,2,0,1,1,29.35066726299685,"[0.0, 29.35066726299685]",29.35066726299685,28.57142857142857,29.35066726299685,16.86666666666699,0,1,0,279.4842847014079,2.9350667262996852e-05,1012,1,0
283,5,3,0,1,1,29.07006373223238,"[0.0, 29.07006373223238]",29.07006373223238,28.57142857142857,29.07006373223238,19.416666666666845,0,1,0,282.330984117747,2.907006373223238e-05,1165,1,0
283,6,4,0,1,1,28.741683868628925,"[0.0, 28.741683868628925]",28.741683868628925,28.57142857142857,28.741683868628925,14.450000000000298,0,1,0,280.30243680701824,2.8741683868628926e-05,867,1,0
283,7,5,0,1,1,28.555750174077392,"[0.0, 28.555750174077392]",28.555750174077392,25.71428571428571,28.555750174077392,20.083333333333474,0,1,0,285.9795293595016,2.8555750174077392e-05,1205,1,0
283,8,6,0,1,1,28.488982108611076,"[0.0, 28.488982108611076]",28.488982108611076,25.71428571428571,28.488982108611076,15.550000000000352,0,1,0,278.9685186650968,2.8488982108611076e-05,933,1,0
283,9,7,0,0,1,27.671193197069833,"[0.0, 27.671193197069833]",27.671193197069833,25.71428571428571,27.671193197069833,12.950000000000223,0,1,0,268.2002897739585,2.7671193197069833e-05,777,1,0
283,10,63,0,0,1,22.253927503313335,"[0.0, 22.253927503313335]",22.253927503313335,20.0,22.253927503313335,14.150000000000283,0,1,0,203.15690620203532,2.2253927503313334e-05,849,1,0
283,11,45,0,0,1,21.617922101702007,"[0.0, 21.617922101702007]",21.617922101702007,20.0,21.617922101702007,11.366666666666811,0,1,0,198.28995590339764,2.1617922101702008e-05,682,1,0
283,12,17,0,0,1,21.608210972377233,"[0.0, 21.608210972377233]",21.608210972377233,20.0,21.608210972377233,12.066666666666846,0,1,0,196.69188870907965,2.1608210972377233e-05,724,1,0
283,13,12,0,0,1,21.47801535470145,"[0.0, 21.47801535470145]",21.47801535470145,20.0,21.47801535470145,10.833333333333451,0,1,0,197.06378899556876,2.147801535470145e-05,650,1,0
283,14,52,0,0,1,21.380064828055247,"[0.0, 21.380064828055247]",21.380064828055247,20.0,21.380064828055247,11.766666666666831,0,1,0,196.41646912064607,2.1380064828055246e-05,706,1,0
283,15,16,0,0,1,21.248667580740793,"[0.0, 21.248667580740793]",21.248667580740793,20.0,21.248667580740793,11.233333333333471,0,1,0,195.0076829832251,2.1248667580740793e-05,674,1,0
283,16,27,0,0,1,21.179379054478236,"[0.0, 21.179379054478236]",21.179379054478236,20.0,21.179379054478236,12.383333333333528,0,1,0,194.44660577525065,2.1179379054478237e-05,743,1,0
283,17,28,0,0,1,21.100101470947266,"[0.0, 21.100101470947266]",21.100101470947266,20.0,21.100101470947266,11.216666666666804,0,1,0,195.30749568444298,2.1100101470947267e-05,673,1,0
283,18,26,0,0,1,20.925162179129465,"[0.0, 20.925162179129465]",20.925162179129465,20.0,20.925162179129465,11.050000000000129,0,1,0,192.50395076205314,2.0925162179129464e-05,663,1,0
283,19,54,0,0,1,20.83944320678711,"[0.0, 20.83944320678711]",20.83944320678711,20.0,20.83944320678711,12.283333333333523,0,1,0,195.95464648444613,2.083944320678711e-05,737,1,0
283,20,42,0,0,1,20.764399937220983,"[0.0, 20.764399937220983]",20.764399937220983,20.0,20.764399937220983,11.316666666666809,0,1,0,190.22467749834323,2.076439993722098e-05,679,1,0
283,21,39,0,0,1,20.753865923200333,"[0.0, 20.753865923200333]",20.753865923200333,20.0,20.753865923200333,11.050000000000129,0,1,0,193.7188595553671,2.0753865923200334e-05,663,1,0
283,22,22,0,0,1,20.730604444231307,"[0.0, 20.730604444231307]",20.730604444231307,20.0,20.730604444231307,12.83333333333355,0,1,0,192.84706102594646,2.0730604444231307e-05,770,1,0
283,23,49,0,0,1,20.63241958618164,"[0.0, 20.63241958618164]",20.63241958618164,20.0,20.63241958618164,12.150000000000183,0,1,0,193.04307284404786,2.063241958618164e-05,729,1,0
283,24,48,0,0,1,20.533834184919083,"[0.0, 20.533834184919083]",20.533834184919083,20.0,20.533834184919083,11.90000000000017,0,1,0,193.57773541695497,2.0533834184919083e-05,714,1,0
283,25,40,0,0,1,20.487826211111887,"[0.0, 20.487826211111887]",20.487826211111887,20.0,20.487826211111887,10.866666666666786,0,1,0,189.8211058384477,2.0487826211111888e-05,652,1,0
283,26,25,0,0,1,20.08648191179548,"[0.0, 20.08648191179548]",20.08648191179548,20.0,20.08648191179548,12.10000000000018,0,1,0,193.09559137494944,2.008648191179548e-05,726,1,0
283,27,29,0,0,1,19.990825653076172,"[0.0, 19.990825653076172]",19.990825653076172,17.142857142857142,19.990825653076172,11.833333333333501,0,1,0,194.90030389036838,1.9990825653076172e-05,710,1,0
283,28,58,0,0,1,17.247913905552455,"[0.0, 17.247913905552455]",17.247913905552455,17.142857142857142,17.247913905552455,10.466666666666766,0,1,0,159.24309068521688,1.7247913905552455e-05,628,1,0
283,29,43,0,0,1,17.176600864955358,"[0.0, 17.176600864955358]",17.176600864955358,17.142857142857142,17.176600864955358,10.266666666666756,0,1,0,162.8266219586876,1.717660086495536e-05,616,1,0
283,30,44,0,0,1,17.055228097098215,"[0.0, 17.055228097098215]",17.055228097098215,14.285714285714285,17.055228097098215,11.016666666666794,0,1,0,161.11436632650293,1.7055228097098215e-05,661,1,0
283,31,46,0,0,1,17.05292293003627,"[0.0, 17.05292293003627]",17.05292293003627,14.285714285714285,17.05292293003627,10.933333333333456,0,1,0,161.64875622938416,1.705292293003627e-05,656,1,0
283,32,60,0,0,1,16.864051818847656,"[0.0, 16.864051818847656]",16.864051818847656,14.285714285714285,16.864051818847656,10.033333333333411,0,1,0,158.64281909422425,1.6864051818847658e-05,602,1,0
283,33,50,0,0,0,16.861179896763392,"[0.0, 16.861179896763392]",16.861179896763392,14.285714285714285,16.861179896763392,11.333333333333476,0,1,0,156.95972527077538,1.6861179896763393e-05,680,1,0
283,34,11,0,0,0,16.705736432756694,"[0.0, 16.705736432756694]",16.705736432756694,14.285714285714285,16.705736432756694,11.766666666666831,0,1,0,155.91135369244876,1.6705736432756695e-05,706,1,0
283,35,59,0,0,0,16.680821010044646,"[0.0, 16.680821010044646]",16.680821010044646,14.285714285714285,16.680821010044646,9.950000000000074,0,1,0,149.45403826808615,1.6680821010044647e-05,597,1,0
283,36,20,0,0,0,16.670009068080358,"[0.0, 16.670009068080358]",16.670009068080358,14.285714285714285,16.670009068080358,9.916666666666739,0,1,0,157.3153123882439,1.6670009068080357e-05,595,1,0
283,37,56,0,0,0,16.399759565080917,"[0.0, 16.399759565080917]",16.399759565080917,14.285714285714285,16.399759565080917,9.916666666666739,0,1,0,157.09337708744715,1.6399759565080917e-05,595,1,0
283,38,51,0,0,0,16.302435738699778,"[0.0, 16.302435738699778]",16.302435738699778,14.285714285714285,16.302435738699778,9.516666666666719,0,1,0,148.63316110229061,1.630243573869978e-05,571,1,0
283,39,53,0,0,0,16.239166259765625,"[0.0, 16.239166259765625]",16.239166259765625,14.285714285714285,16.239166259765625,11.033333333333461,0,1,0,153.82391531382746,1.6239166259765624e-05,662,1,0
283,40,24,0,0,0,16.21560777936663,"[0.0, 16.21560777936663]",16.21560777936663,14.285714285714285,16.21560777936663,10.033333333333411,0,1,0,150.4979903409694,1.621560777936663e-05,602,1,0
283,41,62,0,0,0,16.14950452532087,"[0.0, 16.14950452532087]",16.14950452532087,14.285714285714285,16.14950452532087,10.500000000000101,0,1,0,151.7958590313865,1.614950452532087e-05,630,1,0
283,42,13,0,0,0,15.173399788992745,"[0.0, 15.173399788992745]",15.173399788992745,14.285714285714285,15.173399788992745,10.683333333333444,0,1,0,149.78202871342364,1.5173399788992745e-05,641,1,0
283,43,19,0,0,0,14.577320643833705,"[0.0, 14.577320643833705]",14.577320643833705,14.285714285714285,14.577320643833705,9.666666666666726,0,1,0,142.7146088601221,1.4577320643833706e-05,580,1,0
283,44,23,0,0,0,11.592897687639509,"[0.0, 11.592897687639509]",11.592897687639509,11.428571428571429,11.592897687639509,13.466666666666915,0,1,0,114.43361784167791,1.159289768763951e-05,808,1,0
283,45,21,0,0,0,11.514309474400111,"[0.0, 11.514309474400111]",11.514309474400111,11.428571428571429,11.514309474400111,8.750000000000014,0,1,0,112.17711475041142,1.1514309474400112e-05,525,1,0
283,46,38,0,0,0,11.436353410993304,"[0.0, 11.436353410993304]",11.436353410993304,11.428571428571429,11.436353410993304,8.800000000000017,0,1,0,111.7685639359479,1.1436353410993304e-05,528,1,0
283,47,18,0,0,0,11.214615958077568,"[0.0, 11.214615958077568]",11.214615958077568,8.571428571428571,11.214615958077568,7.399999999999979,0,1,0,107.51536329835653,1.1214615958077568e-05,444,1,0
283,48,61,0,0,0,11.130632672991071,"[0.0, 11.130632672991071]",11.130632672991071,8.571428571428571,11.130632672991071,10.216666666666754,0,1,0,109.56507653508015,1.113063267299107e-05,613,1,0
283,49,9,0,0,0,10.877854483468193,"[0.0, 10.877854483468193]",10.877854483468193,8.571428571428571,10.877854483468193,8.566666666666672,0,1,0,106.72524202947534,1.0877854483468192e-05,514,1,0
283,50,32,0,0,0,10.8174923488072,"[0.0, 10.8174923488072]",10.8174923488072,8.571428571428571,10.8174923488072,8.466666666666667,0,1,0,105.57988747314812,1.08174923488072e-05,508,1,0
283,51,14,0,0,0,10.774955749511719,"[0.0, 10.774955749511719]",10.774955749511719,8.571428571428571,10.774955749511719,6.666666666666648,0,1,0,103.80277740955353,1.077495574951172e-05,400,1,0
283,52,47,0,0,0,10.613959176199776,"[0.0, 10.613959176199776]",10.613959176199776,8.571428571428571,10.613959176199776,8.78333333333335,0,1,0,104.14403660413518,1.0613959176199777e-05,527,1,0
283,53,41,0,0,0,9.935708727155411,"[0.0, 9.935708727155411]",9.935708727155411,8.571428571428571,9.935708727155411,8.416666666666664,0,1,0,97.67295098432805,9.93570872715541e-06,505,1,0
283,54,33,0,0,0,9.759028298514231,"[0.0, 9.759028298514231]",9.759028298514231,8.571428571428571,9.759028298514231,5.899999999999984,0,1,0,95.43392385542393,9.75902829851423e-06,354,1,0
283,55,37,0,0,0,9.049104963030134,"[0.0, 9.049104963030134]",9.049104963030134,8.571428571428571,9.049104963030134,8.266666666666657,0,1,0,78.14401133519277,9.049104963030134e-06,496,1,0
283,56,57,0,0,0,8.364895411900111,"[0.0, 8.364895411900111]",8.364895411900111,5.714285714285714,8.364895411900111,8.266666666666657,0,1,0,75.36757328944805,8.364895411900111e-06,496,1,0
283,57,10,0,0,0,6.485023498535155,"[0.0, 6.485023498535155]",6.485023498535155,5.714285714285714,6.485023498535155,7.366666666666646,0,1,0,58.58195145029458,6.4850234985351555e-06,442,1,0
283,58,30,0,0,0,6.4837864467075885,"[0.0, 6.4837864467075885]",6.4837864467075885,5.714285714285714,6.4837864467075885,7.416666666666646,0,1,0,59.53698028535291,6.483786446707588e-06,445,1,0
283,59,15,0,0,0,6.399759565080915,"[0.0, 6.399759565080915]",6.399759565080915,5.714285714285714,6.399759565080915,7.366666666666646,0,1,0,58.4786903819695,6.399759565080915e-06,442,1,0
283,60,35,0,0,0,6.3536834716796875,"[0.0, 6.3536834716796875]",6.3536834716796875,5.714285714285714,6.3536834716796875,7.366666666666646,0,1,0,58.95423452951218,6.353683471679688e-06,442,1,0
283,61,55,0,0,0,6.345759800502232,"[0.0, 6.345759800502232]",6.345759800502232,5.714285714285714,6.345759800502232,7.366666666666646,0,1,0,59.43459559909388,6.345759800502231e-06,442,1,0
283,62,36,0,0,0,6.301171439034599,"[0.0, 6.301171439034599]",6.301171439034599,5.714285714285714,6.301171439034599,7.366666666666646,0,1,0,58.58170507511386,6.301171439034599e-06,442,1,0
283,63,8,0,0,0,5.6876373291015625,"[0.0, 5.6876373291015625]",5.6876373291015625,2.857142857142857,5.6876373291015625,3.8833333333333244,0,1,0,51.36194176226854,5.687637329101562e-06,233,1,0
283,64,31,0,0,0,4.236967904227121,"[0.0, 4.236967904227121]",4.236967904227121,2.857142857142857,4.236967904227121,1.7999999999999985,0,1,0,33.74016198515892,4.236967904227121e-06,108,1,0
284,1,10,0,1,1,30.649890790416634,"[0.0, 30.649890790416634]",30.649890790416634,28.57142857142857,30.649890790416634,14.333333333333625,0,1,0,296.44501843172475,3.0649890790416634e-05,860,1,0
284,2,0,0,1,1,30.20815926498905,"[0.0, 30.20815926498905]",30.20815926498905,28.57142857142857,30.20815926498905,18.416666666666902,0,1,0,299.4317616307453,3.020815926498905e-05,1105,1,0
284,3,1,0,1,1,30.11434766555043,"[0.0, 30.11434766555043]",30.11434766555043,28.57142857142857,30.11434766555043,18.316666666666908,0,1,0,299.97855526866624,3.011434766555043e-05,1099,1,0
284,4,2,0,1,1,29.630709488607625,"[0.0, 29.630709488607625]",29.630709488607625,28.57142857142857,29.630709488607625,23.533333333333278,0,1,0,294.0400271560502,2.9630709488607624e-05,1412,1,0
284,5,3,0,1,1,29.35066726299685,"[0.0, 29.35066726299685]",29.35066726299685,28.57142857142857,29.35066726299685,16.86666666666699,0,1,0,279.4842847014079,2.9350667262996852e-05,1012,1,0
284,6,4,0,1,1,29.07006373223238,"[0.0, 29.07006373223238]",29.07006373223238,28.57142857142857,29.07006373223238,19.416666666666845,0,1,0,282.330984117747,2.907006373223238e-05,1165,1,0
284,7,5,0,1,1,28.741683868628925,"[0.0, 28.741683868628925]",28.741683868628925,28.57142857142857,28.741683868628925,14.450000000000298,0,1,0,280.30243680701824,2.8741683868628926e-05,867,1,0
284,8,6,0,1,1,28.555750174077392,"[0.0, 28.555750174077392]",28.555750174077392,25.71428571428571,28.555750174077392,20.083333333333474,0,1,0,285.9795293595016,2.8555750174077392e-05,1205,1,0
284,9,7,0,0,1,28.488982108611076,"[0.0, 28.488982108611076]",28.488982108611076,25.71428571428571,28.488982108611076,15.550000000000352,0,1,0,278.9685186650968,2.8488982108611076e-05,933,1,0
284,10,46,0,0,1,26.851381021644606,"[0.0, 26.851381021644606]",26.851381021644606,25.71428571428571,26.851381021644606,13.316666666666908,0,1,0,260.56288414734445,2.6851381021644605e-05,799,1,0
284,11,22,0,0,1,22.791764395577566,"[0.0, 22.791764395577566]",22.791764395577566,20.0,22.791764395577566,19.966666666666814,0,1,0,207.9675237329866,2.2791764395577565e-05,1198,1,0
284,12,18,0,0,1,22.3050662449428,"[0.0, 22.3050662449428]",22.3050662449428,20.0,22.3050662449428,19.350000000000183,0,1,0,206.01013097388204,2.23050662449428e-05,1161,1,0
284,13,59,0,0,1,21.820697784423828,"[0.0, 21.820697784423828]",21.820697784423828,20.0,21.820697784423828,12.96666666666689,0,1,0,200.17450292639114,2.1820697784423827e-05,778,1,0
284,14,51,0,0,1,21.81286130632673,"[0.0, 21.81286130632673]",21.81286130632673,20.0,21.81286130632673,11.816666666666833,0,1,0,198.98346709086763,2.181286130632673e-05,709,1,0
284,15,38,0,0,1,21.7714718409947,"[0.0, 21.7714718409947]",21.7714718409947,20.0,21.7714718409947,10.950000000000124,0,1,0,195.83867518287298,2.17714718409947e-05,657,1,0
284,16,39,0,0,1,21.57693862915039,"[0.0, 21.57693862915039]",21.57693862915039,20.0,21.57693862915039,12.583333333333538,0,1,0,198.83939246834052,2.1576938629150392e-05,755,1,0
284,17,17,0,0,1,21.553200313023158,"[0.0, 21.553200313023158]",21.553200313023158,20.0,21.553200313023158,11.150000000000134,0,1,0,196.19108017104736,2.155320031302316e-05,669,1,0
284,18,56,0,0,1,21.463756561279297,"[0.0, 21.463756561279297]",21.463756561279297,20.0,21.463756561279297,13.116666666666898,0,1,0,196.89161297609826,2.1463756561279297e-05,787,1,0
284,19,14,0,0,1,21.35165078299386,"[0.0, 21.35165078299386]",21.35165078299386,20.0,21.35165078299386,11.183333333333469,0,1,0,191.24704817954625,2.1351650782993862e-05,671,1,0
284,20,24,0,0,1,21.296852656773158,"[0.0, 21.296852656773158]",21.296852656773158,20.0,21.296852656773158,12.850000000000218,0,1,0,195.78808240278886,2.1296852656773157e-05,771,1,0
284,21,15,0,0,1,20.85240772792271,"[0.0, 20.85240772792271]",20.85240772792271,20.0,20.85240772792271,11.133333333333466,0,1,0,193.85617467856355,2.085240772792271e-05,668,1,0
284,22,25,0,0,1,20.83430971418108,"[0.0, 20.83430971418108]",20.83430971418108,20.0,20.83430971418108,11.550000000000153,0,1,0,193.93683595446782,2.083430971418108e-05,693,1,0
284,23,16,0,0,1,20.788495200020925,"[0.0, 20.788495200020925]",20.788495200020925,20.0,20.788495200020925,12.16666666666685,0,1,0,195.74356828531745,2.0788495200020924e-05,730,1,0
284,24,31,0,0,1,20.737130301339285,"[0.0, 20.737130301339285]",20.737130301339285,20.0,20.737130301339285,12.316666666666858,0,1,0,193.72424423045595,2.0737130301339283e-05,739,1,0
284,25,62,0,0,1,20.712571825299943,"[0.0, 20.712571825299943]",20.712571825299943,20.0,20.712571825299943,10.850000000000119,0,1,0,189.78120284708712,2.071257182529994e-05,651,1,0
284,26,19,0,0,1,20.57969502040318,"[0.0, 20.57969502040318]",20.57969502040318,20.0,20.57969502040318,11.616666666666823,0,1,0,192.8550843906196,2.057969502040318e-05,697,1,0
284,27,8,0,0,1,20.451267787388396,"[0.0, 20.451267787388396]",20.451267787388396,20.0,20.451267787388396,13.116666666666898,0,1,0,190.9556875903727,2.0451267787388395e-05,787,1,0
284,28,47,0,0,1,20.34548895699637,"[0.0, 20.34548895699637]",20.34548895699637,20.0,20.34548895699637,12.200000000000186,0,1,0,194.48463757158606,2.034548895699637e-05,732,1,0
284,29,52,0,0,1,20.268562861851283,"[0.0, 20.268562861851283]",20.268562861851283,20.0,20.268562861851283,12.816666666666883,0,1,0,196.5123809210345,2.0268562861851284e-05,769,1,0
284,30,9,0,0,1,19.881409236363,"[0.0, 19.881409236363]",19.881409236363,17.142857142857142,19.881409236363,12.516666666666868,0,1,0,191.57632831623778,1.9881409236363003e-05,751,1,0
284,31,30,0,0,1,17.027669634137833,"[0.0, 17.027669634137833]",17.027669634137833,14.285714285714285,17.027669634137833,11.400000000000146,0,1,0,160.74026374007371,1.7027669634137834e-05,684,1,0
284,32,20,0,0,1,16.99789319719587,"[0.0, 16.99789319719587]",16.99789319719587,14.285714285714285,16.99789319719587,9.766666666666731,0,1,0,159.73908821615623,1.6997893197195873e-05,586,1,0
284,33,11,0,0,0,16.846395220075337,"[0.0, 16.846395220075337]",16.846395220075337,14.285714285714285,16.846395220075337,9.683333333333394,0,1,0,155.96043581800768,1.6846395220075336e-05,581,1,0
284,34,58,0,0,0,16.830297197614396,"[0.0, 16.830297197614396]",16.830297197614396,14.285714285714285,16.830297197614396,9.233333333333372,0,1,0,156.73113657720387,1.6830297197614395e-05,554,1,0
284,35,45,0,0,0,16.81824275425502,"[0.0, 16.81824275425502]",16.81824275425502,14.285714285714285,16.81824275425502,11.566666666666821,0,1,0,157.30796520649892,1.6818242754255022e-05,694,1,0
284,36,40,0,0,0,16.754368373325892,"[0.0, 16.754368373325892]",16.754368373325892,14.285714285714285,16.754368373325892,10.550000000000104,0,1,0,157.40874740109575,1.675436837332589e-05,633,1,0
284,37,41,0,0,0,16.64659227643694,"[0.0, 16.64659227643694]",16.64659227643694,14.285714285714285,16.64659227643694,10.966666666666791,0,1,0,154.68896547223267,1.664659227643694e-05,658,1,0
284,38,37,0,0,0,16.57305581229074,"[0.0, 16.57305581229074]",16.57305581229074,14.285714285714285,16.57305581229074,9.566666666666721,0,1,0,148.25612977449782,1.6573055812290738e-05,574,1,0
284,39,50,0,0,0,16.40801021030971,"[0.0, 16.40801021030971]",16.40801021030971,14.285714285714285,16.40801021030971,10.250000000000089,0,1,0,153.97700378469744,1.640801021030971e-05,615,1,0
284,40,48,0,0,0,16.403754098074778,"[0.0, 16.403754098074778]",16.403754098074778,14.285714285714285,16.403754098074778,9.516666666666719,0,1,0,151.46214450421394,1.6403754098074778e-05,571,1,0
284,41,49,0,0,0,16.385280064174108,"[0.0, 16.385280064174108]",16.385280064174108,14.285714285714285,16.385280064174108,9.966666666666741,0,1,0,151.07030189441866,1.638528006417411e-05,598,1,0
284,42,54,0,0,0,16.372146606445312,"[0.0, 16.372146606445312]",16.372146606445312,14.285714285714285,16.372146606445312,9.616666666666724,0,1,0,150.01465045125224,1.637214660644531e-05,577,1,0
284,43,32,0,0,0,15.97501482282366,"[0.0, 15.97501482282366]",15.97501482282366,14.285714285714285,15.97501482282366,9.766666666666731,0,1,0,148.44237815996894,1.597501482282366e-05,586,1,0
284,44,42,0,0,0,15.94268253871373,"[0.0, 15.94268253871373]",15.94268253871373,14.285714285714285,15.94268253871373,9.916666666666739,0,1,0,150.65086939225876,1.594268253871373e-05,595,1,0
284,45,29,0,0,0,15.901701790945872,"[0.0, 15.901701790945872]",15.901701790945872,14.285714285714285,15.901701790945872,10.516666666666769,0,1,0,150.03829588296503,1.590170179094587e-05,631,1,0
284,46,57,0,0,0,15.899663652692523,"[0.0, 15.899663652692523]",15.899663652692523,14.285714285714285,15.899663652692523,10.233333333333421,0,1,0,153.41298576826375,1.5899663652692522e-05,614,1,0
284,47,36,0,0,0,15.87611062186105,"[0.0, 15.87611062186105]",15.87611062186105,14.285714285714285,15.87611062186105,9.600000000000056,0,1,0,149.64878899622272,1.5876110621861052e-05,576,1,0
284,48,44,0,0,0,15.780459812709264,"[0.0, 15.780459812709264]",15.780459812709264,14.285714285714285,15.780459812709264,10.833333333333451,0,1,0,152.2537035543428,1.5780459812709265e-05,650,1,0
284,49,63,0,0,0,15.168124607631139,"[0.0, 15.168124607631139]",15.168124607631139,14.285714285714285,15.168124607631139,10.783333333333449,0,1,0,148.68870519447228,1.5168124607631138e-05,647,1,0
284,50,53,0,0,0,15.145966666085378,"[0.0, 15.145966666085378]",15.145966666085378,14.285714285714285,15.145966666085378,10.150000000000084,0,1,0,140.5443578168488,1.5145966666085379e-05,609,1,0
284,51,13,0,0,0,11.655747549874441,"[0.0, 11.655747549874441]",11.655747549874441,11.428571428571429,11.655747549874441,9.733333333333396,0,1,0,115.53849606190488,1.1655747549874441e-05,584,1,0
284,52,23,0,0,0,11.503418513706752,"[0.0, 11.503418513706752]",11.503418513706752,11.428571428571429,11.503418513706752,7.899999999999977,0,1,0,109.06753023713827,1.1503418513706751e-05,474,1,0
284,53,21,0,0,0,11.466260637555802,"[0.0, 11.466260637555802]",11.466260637555802,11.428571428571429,11.466260637555802,9.300000000000042,0,1,0,116.45006708479195,1.1466260637555802e-05,558,1,0
284,54,33,0,0,0,11.348094940185547,"[0.0, 11.348094940185547]",11.348094940185547,8.571428571428571,11.348094940185547,7.416666666666646,0,1,0,105.47456064075232,1.1348094940185547e-05,445,1,0
284,55,61,0,0,0,10.998764038085938,"[0.0, 10.998764038085938]",10.998764038085938,8.571428571428571,10.998764038085938,9.400000000000047,0,1,0,110.00818576249003,1.0998764038085937e-05,564,1,0
284,56,27,0,0,0,10.938903263636998,"[0.0, 10.938903263636998]",10.938903263636998,8.571428571428571,10.938903263636998,7.366666666666646,0,1,0,106.39344000443816,1.0938903263636999e-05,442,1,0
284,57,60,0,0,0,10.901859828404017,"[0.0, 10.901859828404017]",10.901859828404017,8.571428571428571,10.901859828404017,7.499999999999979,0,1,0,102.87188212573528,1.0901859828404017e-05,450,1,0
284,58,35,0,0,0,10.177138192313057,"[0.0, 10.177138192313057]",10.177138192313057,8.571428571428571,10.177138192313057,6.283333333333316,0,1,0,98.82241497188807,1.0177138192313057e-05,377,1,0
284,59,55,0,0,0,8.99064472743443,"[0.0, 8.99064472743443]",8.99064472743443,8.571428571428571,8.99064472743443,8.166666666666652,0,1,0,76.72989985832828,8.99064472743443e-06,490,1,0
284,60,12,0,0,0,6.51651109967913,"[0.0, 6.51651109967913]",6.51651109967913,5.714285714285714,6.51651109967913,7.416666666666646,0,1,0,59.56247811632056,6.516511099679131e-06,445,1,0
284,61,28,0,0,0,6.442015511648995,"[0.0, 6.442015511648995]",6.442015511648995,5.714285714285714,6.442015511648995,7.416666666666646,0,1,0,59.53722688872949,6.4420155116489945e-06,445,1,0
284,62,43,0,0,0,6.410843985421318,"[0.0, 6.410843985421318]",6.410843985421318,5.714285714285714,6.410843985421318,7.416666666666646,0,1,0,59.53725549581577,6.410843985421318e-06,445,1,0
284,63,26,0,0,0,6.2824794224330365,"[0.0, 6.2824794224330365]",6.2824794224330365,5.714285714285714,6.2824794224330365,7.316666666666646,0,1,0,58.253634877830336,6.282479422433037e-06,439,1,0
284,64,34,0,0,0,5.086964198521205,"[0.0, 5.086964198521205]",5.086964198521205,2.857142857142857,5.086964198521205,2.716666666666662,0,1,0,42.7422111928463,5.0869641985212045e-06,163,1,0
285,1,0,0,1,1,30.649890790416634,"[0.0, 30.649890790416634]",30.649890790416634,28.57142857142857,30.649890790416634,14.333333333333625,0,1,0,296.44501843172475,3.0649890790416634e-05,860,1,0
285,2,1,0,1,1,30.20815926498905,"[0.0, 30.20815926498905]",30.20815926498905,28.57142857142857,30.20815926498905,18.416666666666902,0,1,0,299.4317616307453,3.020815926498905e-05,1105,1,0
285,3,2,0,1,1,30.11434766555043,"[0.0, 30.11434766555043]",30.11434766555043,28.57142857142857,30.11434766555043,18.316666666666908,0,1,0,299.97855526866624,3.011434766555043e-05,1099,1,0
285,4,3,0,1,1,29.630709488607625,"[0.0, 29.630709488607625]",29.630709488607625,28.57142857142857,29.630709488607625,23.533333333333278,0,1,0,294.0400271560502,2.9630709488607624e-05,1412,1,0
285,5,4,0,1,1,29.35066726299685,"[0.0, 29.35066726299685]",29.35066726299685,28.57142857142857,29.35066726299685,16.86666666666699,0,1,0,279.4842847014079,2.9350667262996852e-05,1012,1,0
285,6,5,0,1,1,29.07006373223238,"[0.0, 29.07006373223238]",29.07006373223238,28.57142857142857,29.07006373223238,19.416666666666845,0,1,0,282.330984117747,2.907006373223238e-05,1165,1,0
285,7,6,0,1,1,28.741683868628925,"[0.0, 28.741683868628925]",28.741683868628925,28.57142857142857,28.741683868628925,14.450000000000298,0,1,0,280.30243680701824,2.8741683868628926e-05,867,1,0
285,8,7,0,1,1,28.555750174077392,"[0.0, 28.555750174077392]",28.555750174077392,25.71428571428571,28.555750174077392,20.083333333333474,0,1,0,285.9795293595016,2.8555750174077392e-05,1205,1,0
285,9,11,0,0,1,27.904243827143876,"[0.0, 27.904243827143876]",27.904243827143876,25.71428571428571,27.904243827143876,14.383333333333628,0,1,0,265.5075149983313,2.7904243827143876e-05,863,1,0
285,10,56,0,0,1,22.89906090803797,"[0.0, 22.89906090803797]",22.89906090803797,22.857142857142858,22.89906090803797,12.216666666666853,0,1,0,207.50337831925572,2.289906090803797e-05,733,1,0
285,11,18,0,0,1,22.67803464617048,"[0.0, 22.67803464617048]",22.67803464617048,20.0,22.67803464617048,19.43333333333351,0,1,0,205.86095035984908,2.267803464617048e-05,1166,1,0
285,12,48,0,0,1,22.360101427350727,"[0.0, 22.360101427350727]",22.360101427350727,20.0,22.360101427350727,10.783333333333449,0,1,0,198.60070392675698,2.2360101427350726e-05,647,1,0
285,13,21,0,0,1,22.013495309012278,"[0.0, 22.013495309012278]",22.013495309012278,20.0,22.013495309012278,12.733333333333546,0,1,0,200.97865892334084,2.2013495309012278e-05,764,1,0
285,14,24,0,0,1,22.00628825596401,"[0.0, 22.00628825596401]",22.00628825596401,20.0,22.00628825596401,13.23333333333357,0,1,0,202.00336082067952,2.200628825596401e-05,794,1,0
285,15,51,0,0,1,21.991255623953684,"[0.0, 21.991255623953684]",21.991255623953684,20.0,21.991255623953684,13.116666666666898,0,1,0,202.3871060931997,2.1991255623953686e-05,787,1,0
285,16,19,0,0,1,21.751229422433035,"[0.0, 21.751229422433035]",21.751229422433035,20.0,21.751229422433035,11.450000000000149,0,1,0,198.61806466338749,2.1751229422433036e-05,687,1,0
285,17,39,0,0,1,21.45259584699358,"[0.0, 21.45259584699358]",21.45259584699358,20.0,21.45259584699358,11.416666666666814,0,1,0,195.40741783148405,2.1452595846993582e-05,685,1,0
285,18,8,0,0,1,21.360697065080917,"[0.0, 21.360697065080917]",21.360697065080917,20.0,21.360697065080917,12.30000000000019,0,1,0,197.0605217826742,2.1360697065080918e-05,738,1,0
285,19,12,0,0,1,21.314947945731028,"[0.0, 21.314947945731028]",21.314947945731028,20.0,21.314947945731028,12.36666666666686,0,1,0,196.5157977494091,2.131494794573103e-05,742,1,0
285,20,33,0,0,1,21.053349631173273,"[0.0, 21.053349631173273]",21.053349631173273,20.0,21.053349631173273,17.016666666666982,0,1,0,191.25688773253933,2.1053349631173273e-05,1021,1,0
285,21,23,0,0,1,20.723601749965123,"[0.0, 20.723601749965123]",20.723601749965123,20.0,20.723601749965123,12.250000000000188,0,1,0,192.5147872949019,2.072360174996512e-05,735,1,0
285,22,16,0,0,1,20.538474491664342,"[0.0, 20.538474491664342]",20.538474491664342,20.0,20.538474491664342,12.383333333333528,0,1,0,195.32908492403658,2.0538474491664342e-05,743,1,0
285,23,55,0,0,1,20.51893779209682,"[0.0, 20.51893779209682]",20.51893779209682,20.0,20.51893779209682,11.700000000000161,0,1,0,192.4112255989894,2.0518937792096822e-05,702,1,0
285,24,62,0,0,1,20.40748051234654,"[0.0, 20.40748051234654]",20.40748051234654,20.0,20.40748051234654,10.766666666666781,0,1,0,192.48205344976304,2.0407480512346543e-05,646,1,0
285,25,34,0,0,1,20.38115910121373,"[0.0, 20.38115910121373]",20.38115910121373,20.0,20.38115910121373,12.183333333333518,0,1,0,193.89402304886607,2.038115910121373e-05,731,1,0
285,26,22,0,0,1,20.367799486432755,"[0.0, 20.367799486432755]",20.367799486432755,20.0,20.367799486432755,11.166666666666801,0,1,0,193.64254786865786,2.0367799486432755e-05,670,1,0
285,27,61,0,0,1,20.252486637660436,"[0.0, 20.252486637660436]",20.252486637660436,20.0,20.252486637660436,11.016666666666794,0,1,0,192.39146097531193,2.0252486637660434e-05,661,1,0
285,28,30,0,0,1,17.08879198346819,"[0.0, 17.08879198346819]",17.08879198346819,14.285714285714285,17.08879198346819,10.483333333333434,0,1,0,160.05835657245916,1.708879198346819e-05,629,1,0
285,29,14,0,0,1,16.59630366734096,"[0.0, 16.59630366734096]",16.59630366734096,14.285714285714285,16.59630366734096,11.116666666666799,0,1,0,150.74890979040356,1.659630366734096e-05,667,1,0
285,30,41,0,0,1,16.47494179861886,"[0.0, 16.47494179861886]",16.47494179861886,14.285714285714285,16.47494179861886,9.983333333333409,0,1,0,147.93765446114412,1.647494179861886e-05,599,1,0
285,31,60,0,0,1,16.37754167829241,"[0.0, 16.37754167829241]",16.37754167829241,14.285714285714285,16.37754167829241,10.666666666666776,0,1,0,155.11661986215768,1.637754167829241e-05,640,1,0
285,32,17,0,0,1,16.331629071916854,"[0.0, 16.331629071916854]",16.331629071916854,14.285714285714285,16.331629071916854,8.333333333333327,0,1,0,143.92292802035809,1.6331629071916855e-05,500,1,0
285,33,40,0,0,0,16.27577645438058,"[0.0, 16.27577645438058]",16.27577645438058,14.285714285714285,16.27577645438058,10.883333333333454,0,1,0,153.42713824968814,1.627577645438058e-05,653,1,0
285,34,37,0,0,0,16.185787745884486,"[0.0, 16.185787745884486]",16.185787745884486,14.285714285714285,16.185787745884486,9.983333333333409,0,1,0,147.85632417352463,1.6185787745884485e-05,599,1,0
285,35,42,0,0,0,16.05191911969866,"[0.0, 16.05191911969866]",16.05191911969866,14.285714285714285,16.05191911969866,10.750000000000114,0,1,0,152.77631801985262,1.605191911969866e-05,645,1,0
285,36,44,0,0,0,15.773604256766182,"[0.0, 15.773604256766182]",15.773604256766182,14.285714285714285,15.773604256766182,8.31666666666666,0,1,0,140.30385966971517,1.577360425676618e-05,499,1,0
285,37,31,0,0,0,15.76505388532366,"[0.0, 15.76505388532366]",15.76505388532366,14.285714285714285,15.76505388532366,10.583333333333439,0,1,0,148.45723461647867,1.576505388532366e-05,635,1,0
285,38,32,0,0,0,15.375502450125559,"[0.0, 15.375502450125559]",15.375502450125559,14.285714285714285,15.375502450125559,9.550000000000054,0,1,0,141.22442368108022,1.537550245012556e-05,573,1,0
285,39,15,0,0,0,15.260129656110491,"[0.0, 15.260129656110491]",15.260129656110491,14.285714285714285,15.260129656110491,10.533333333333436,0,1,0,148.16020626965474,1.526012965611049e-05,632,1,0
285,40,45,0,0,0,15.084070478166852,"[0.0, 15.084070478166852]",15.084070478166852,14.285714285714285,15.084070478166852,10.916666666666789,0,1,0,149.3549128680679,1.5084070478166853e-05,655,1,0
285,41,29,0,0,0,11.647515978131976,"[0.0, 11.647515978131976]",11.647515978131976,11.428571428571429,11.647515978131976,10.116666666666749,0,1,0,117.1763686462582,1.1647515978131976e-05,607,1,0
285,42,43,0,0,0,11.628524235316686,"[0.0, 11.628524235316686]",11.628524235316686,11.428571428571429,11.628524235316686,9.083333333333364,0,1,0,114.93847984070453,1.1628524235316686e-05,545,1,0
285,43,58,0,0,0,11.457557678222656,"[0.0, 11.457557678222656]",11.457557678222656,11.428571428571429,11.457557678222656,8.083333333333314,0,1,0,112.9377155546099,1.1457557678222656e-05,485,1,0
285,44,53,0,0,0,11.336985996791295,"[0.0, 11.336985996791295]",11.336985996791295,8.571428571428571,11.336985996791295,10.983333333333459,0,1,0,114.1053563629539,1.1336985996791295e-05,659,1,0
285,45,9,0,0,0,11.253771100725446,"[0.0, 11.253771100725446]",11.253771100725446,8.571428571428571,11.253771100725446,8.38333333333333,0,1,0,108.64529297000263,1.1253771100725446e-05,503,1,0
285,46,63,0,0,0,11.143202100481306,"[0.0, 11.143202100481306]",11.143202100481306,8.571428571428571,11.143202100481306,13.400000000000245,0,1,0,106.53491774445138,1.1143202100481305e-05,804,1,0
285,47,35,0,0,0,11.111433846609934,"[0.0, 11.111433846609934]",11.111433846609934,8.571428571428571,11.111433846609934,8.85000000000002,0,1,0,109.04383903610142,1.1111433846609934e-05,531,1,0
285,48,47,0,0,0,10.717272077287946,"[0.0, 10.717272077287946]",10.717272077287946,8.571428571428571,10.717272077287946,5.999999999999984,0,1,0,99.43480364978313,1.0717272077287946e-05,360,1,0
285,49,25,0,0,0,9.266561780657087,"[0.0, 9.266561780657087]",9.266561780657087,8.571428571428571,9.266561780657087,8.766666666666682,0,1,0,83.39106288173207,9.266561780657086e-06,526,1,0
285,50,54,0,0,0,8.511488778250557,"[0.0, 8.511488778250557]",8.511488778250557,5.714285714285714,8.511488778250557,5.6833333333333185,0,1,0,59.24389378540218,8.511488778250557e-06,341,1,0
285,51,28,0,0,0,6.477110726492745,"[0.0, 6.477110726492745]",6.477110726492745,5.714285714285714,6.477110726492745,7.366666666666646,0,1,0,58.58150752665824,6.477110726492745e-06,442,1,0
285,52,59,0,0,0,6.404413495744977,"[0.0, 6.404413495744977]",6.404413495744977,5.714285714285714,6.404413495744977,7.366666666666646,0,1,0,58.05797710062325,6.404413495744978e-06,442,1,0
285,53,20,0,0,0,6.326321193150111,"[0.0, 6.326321193150111]",6.326321193150111,5.714285714285714,6.326321193150111,7.366666666666646,0,1,0,58.53901948098064,6.326321193150111e-06,442,1,0
285,54,38,0,0,0,6.310386657714844,"[0.0, 6.310386657714844]",6.310386657714844,5.714285714285714,6.310386657714844,7.366666666666646,0,1,0,58.58155883727159,6.310386657714844e-06,442,1,0
285,55,13,0,0,0,6.304975237165178,"[0.0, 6.304975237165178]",6.304975237165178,5.714285714285714,6.304975237165178,7.366666666666646,0,1,0,58.53646439572185,6.304975237165178e-06,442,1,0
285,56,36,0,0,0,6.29260471888951,"[0.0, 6.29260471888951]",6.29260471888951,5.714285714285714,6.29260471888951,7.366666666666646,0,1,0,58.61822363270039,6.292604718889509e-06,442,1,0
285,57,26,0,0,0,6.244686671665737,"[0.0, 6.244686671665737]",6.244686671665737,5.714285714285714,6.244686671665737,7.316666666666646,0,1,0,57.54552953651,6.244686671665737e-06,439,1,0
285,58,10,0,0,0,6.071499415806362,"[0.0, 6.071499415806362]",6.071499415806362,5.714285714285714,6.071499415806362,11.466666666666816,0,1,0,66.72917239415983,6.071499415806362e-06,688,1,0
285,59,27,0,0,0,5.085176740373884,"[0.0, 5.085176740373884]",5.085176740373884,2.857142857142857,5.085176740373884,6.5333333333333155,0,1,0,42.14187357380433,5.085176740373884e-06,392,1,0
285,60,57,0,0,0,5.05697522844587,"[0.0, 5.05697522844587]",5.05697522844587,2.857142857142857,5.05697522844587,6.5333333333333155,0,1,0,42.090162585504004,5.05697522844587e-06,392,1,0
285,61,52,0,0,0,4.888763427734375,"[0.0, 4.888763427734375]",4.888763427734375,2.857142857142857,4.888763427734375,2.549999999999996,0,1,0,40.61445528268814,4.888763427734375e-06,153,1,0
285,62,46,0,0,0,4.186428615025112,"[0.0, 4.186428615025112]",4.186428615025112,2.857142857142857,4.186428615025112,1.9999999999999978,0,1,0,33.217394694685936,4.186428615025112e-06,120,1,0
285,63,49,0,0,0,4.103644234793527,"[0.0, 4.103644234793527]",4.103644234793527,2.857142857142857,4.103644234793527,1.949999999999998,0,1,0,32.40597376227379,4.103644234793527e-06,117,1,0
285,64,50,0,0,0,3.8461521693638394,"[0.0, 3.8461521693638394]",3.8461521693638394,2.857142857142857,3.8461521693638394,2.5166666666666626,0,1,0,29.70306794345379,3.84615216936384e-06,151,1,0
286,1,0,0,1,1,30.649890790416634,"[0.0, 30.649890790416634]",30.649890790416634,28.57142857142857,30.649890790416634,14.333333333333625,0,1,0,296.44501843172475,3.0649890790416634e-05,860,1,0
286,2,1,0,1,1,30.20815926498905,"[0.0, 30.20815926498905]",30.20815926498905,28.57142857142857,30.20815926498905,18.416666666666902,0,1,0,299.4317616307453,3.020815926498905e-05,1105,1,0
286,3,2,0,1,1,30.11434766555043,"[0.0, 30.11434766555043]",30.11434766555043,28.57142857142857,30.11434766555043,18.316666666666908,0,1,0,299.97855526866624,3.011434766555043e-05,1099,1,0
286,4,3,0,1,1,29.630709488607625,"[0.0, 29.630709488607625]",29.630709488607625,28.57142857142857,29.630709488607625,23.533333333333278,0,1,0,294.0400271560502,2.9630709488607624e-05,1412,1,0
286,5,4,0,1,1,29.35066726299685,"[0.0, 29.35066726299685]",29.35066726299685,28.57142857142857,29.35066726299685,16.86666666666699,0,1,0,279.4842847014079,2.9350667262996852e-05,1012,1,0
286,6,5,0,1,1,29.07006373223238,"[0.0, 29.07006373223238]",29.07006373223238,28.57142857142857,29.07006373223238,19.416666666666845,0,1,0,282.330984117747,2.907006373223238e-05,1165,1,0
286,7,6,0,1,1,28.741683868628925,"[0.0, 28.741683868628925]",28.741683868628925,28.57142857142857,28.741683868628925,14.450000000000298,0,1,0,280.30243680701824,2.8741683868628926e-05,867,1,0
286,8,7,0,1,1,28.555750174077392,"[0.0, 28.555750174077392]",28.555750174077392,25.71428571428571,28.555750174077392,20.083333333333474,0,1,0,285.9795293595016,2.8555750174077392e-05,1205,1,0
286,9,21,0,0,1,28.013191522606064,"[0.0, 28.013191522606064]",28.013191522606064,25.71428571428571,28.013191522606064,16.383333333333685,0,1,0,278.34694228813896,2.8013191522606064e-05,983,1,0
286,10,41,0,0,1,21.464263371058873,"[0.0, 21.464263371058873]",21.464263371058873,20.0,21.464263371058873,17.366666666666962,0,1,0,197.32437327037042,2.1464263371058872e-05,1042,1,0
286,11,20,0,0,1,21.368190220424108,"[0.0, 21.368190220424108]",21.368190220424108,20.0,21.368190220424108,11.183333333333469,0,1,0,195.9711064881776,2.1368190220424108e-05,671,1,0
286,12,37,0,0,1,21.35848181588309,"[0.0, 21.35848181588309]",21.35848181588309,20.0,21.35848181588309,13.266666666666906,0,1,0,198.35231813929568,2.1358481815883087e-05,796,1,0
286,13,44,0,0,1,21.291288648332866,"[0.0, 21.291288648332866]",21.291288648332866,20.0,21.291288648332866,15.23333333333367,0,1,0,197.41698582273966,2.1291288648332866e-05,914,1,0
286,14,28,0,0,1,21.01839338030134,"[0.0, 21.01839338030134]",21.01839338030134,20.0,21.01839338030134,11.583333333333488,0,1,0,193.6529711779367,2.101839338030134e-05,695,1,0
286,15,32,0,0,1,21.00874764578683,"[0.0, 21.00874764578683]",21.00874764578683,20.0,21.00874764578683,11.800000000000166,0,1,0,194.08231243611226,2.100874764578683e-05,708,1,0
286,16,47,0,0,1,21.000080108642578,"[0.0, 21.000080108642578]",21.000080108642578,20.0,21.000080108642578,10.633333333333441,0,1,0,191.41416590305744,2.1000080108642578e-05,638,1,0
286,17,61,0,0,1,20.775675092424663,"[0.0, 20.775675092424663]",20.775675092424663,20.0,20.775675092424663,11.816666666666833,0,1,0,194.06219400705595,2.0775675092424664e-05,709,1,0
286,18,59,0,0,1,20.73967797415597,"[0.0, 20.73967797415597]",20.73967797415597,20.0,20.73967797415597,12.30000000000019,0,1,0,195.80154479370685,2.073967797415597e-05,738,1,0
286,19,39,0,0,1,20.72380610874721,"[0.0, 20.72380610874721]",20.72380610874721,20.0,20.72380610874721,12.70000000000021,0,1,0,193.9566148559461,2.072380610874721e-05,762,1,0
286,20,52,0,0,1,20.526556287493026,"[0.0, 20.526556287493026]",20.526556287493026,20.0,20.526556287493026,12.183333333333518,0,1,0,191.91007426539,2.0526556287493025e-05,731,1,0
286,21,18,0,0,1,20.42588915143694,"[0.0, 20.42588915143694]",20.42588915143694,20.0,20.42588915143694,11.90000000000017,0,1,0,192.17870378091175,2.042588915143694e-05,714,1,0
286,22,63,0,0,1,20.40022713797433,"[0.0, 20.40022713797433]",20.40022713797433,20.0,20.40022713797433,13.200000000000236,0,1,0,191.79808065427642,2.040022713797433e-05,792,1,0
286,23,25,0,0,1,17.161990574428014,"[0.0, 17.161990574428014]",17.161990574428014,17.142857142857142,17.161990574428014,12.750000000000213,0,1,0,161.06779780006764,1.7161990574428013e-05,765,1,0
286,24,30,0,0,1,16.961228506905695,"[0.0, 16.961228506905695]",16.961228506905695,14.285714285714285,16.961228506905695,9.433333333333382,0,1,0,149.4100549388677,1.6961228506905694e-05,566,1,0
286,25,29,0,0,1,16.729115077427455,"[0.0, 16.729115077427455]",16.729115077427455,14.285714285714285,16.729115077427455,10.283333333333424,0,1,0,158.2691812047342,1.6729115077427454e-05,617,1,0
286,26,55,0,0,1,16.593655177525115,"[0.0, 16.593655177525115]",16.593655177525115,14.285714285714285,16.593655177525115,10.616666666666774,0,1,0,153.35913304240967,1.6593655177525116e-05,637,1,0
286,27,17,0,0,1,16.507317679268972,"[0.0, 16.507317679268972]",16.507317679268972,14.285714285714285,16.507317679268972,11.366666666666811,0,1,0,158.5871502060836,1.650731767926897e-05,682,1,0
286,28,40,0,0,1,16.384985787527903,"[0.0, 16.384985787527903]",16.384985787527903,14.285714285714285,16.384985787527903,10.550000000000104,0,1,0,151.13966400209756,1.6384985787527902e-05,633,1,0
286,29,16,0,0,1,16.202403477260045,"[0.0, 16.202403477260045]",16.202403477260045,14.285714285714285,16.202403477260045,10.233333333333421,0,1,0,157.76944301649928,1.6202403477260044e-05,614,1,0
286,30,31,0,0,1,16.11186981201172,"[0.0, 16.11186981201172]",16.11186981201172,14.285714285714285,16.11186981201172,9.666666666666726,0,1,0,149.38141885818914,1.611186981201172e-05,580,1,0
286,31,13,0,0,1,16.023499625069753,"[0.0, 16.023499625069753]",16.023499625069753,14.285714285714285,16.023499625069753,11.000000000000126,0,1,0,148.3276717204426,1.6023499625069753e-05,660,1,0
286,32,42,0,0,1,16.00583212716239,"[0.0, 16.00583212716239]",16.00583212716239,14.285714285714285,16.00583212716239,10.416666666666764,0,1,0,153.32187306100968,1.600583212716239e-05,625,1,0
286,33,46,0,0,0,11.644336155482701,"[0.0, 11.644336155482701]",11.644336155482701,11.428571428571429,11.644336155482701,8.51666666666667,0,1,0,112.43878025584854,1.16443361554827e-05,511,1,0
286,34,60,0,0,0,11.638592311314174,"[0.0, 11.638592311314174]",11.638592311314174,11.428571428571429,11.638592311314174,8.966666666666692,0,1,0,110.33976381452521,1.1638592311314173e-05,538,1,0
286,35,23,0,0,0,11.499955313546318,"[0.0, 11.499955313546318]",11.499955313546318,11.428571428571429,11.499955313546318,8.233333333333322,0,1,0,111.96269204467535,1.1499955313546318e-05,494,1,0
286,36,14,0,0,0,11.454475947788783,"[0.0, 11.454475947788783]",11.454475947788783,11.428571428571429,11.454475947788783,7.883333333333311,0,1,0,108.3564538769424,1.1454475947788784e-05,473,1,0
286,37,58,0,0,0,11.44035611833845,"[0.0, 11.44035611833845]",11.44035611833845,11.428571428571429,11.44035611833845,8.950000000000024,0,1,0,111.16639400429995,1.1440356118338449e-05,537,1,0
286,38,53,0,0,0,11.38289042881557,"[0.0, 11.38289042881557]",11.38289042881557,8.571428571428571,11.38289042881557,10.133333333333416,0,1,0,111.19651314672228,1.138289042881557e-05,608,1,0
286,39,45,0,0,0,11.333525521414622,"[0.0, 11.333525521414622]",11.333525521414622,8.571428571428571,11.333525521414622,7.5499999999999785,0,1,0,110.18675665929914,1.1333525521414621e-05,453,1,0
286,40,36,0,0,0,10.925587245396205,"[0.0, 10.925587245396205]",10.925587245396205,8.571428571428571,10.925587245396205,7.066666666666647,0,1,0,99.95189291983843,1.0925587245396204e-05,424,1,0
286,41,50,0,0,0,10.908017839704241,"[0.0, 10.908017839704241]",10.908017839704241,8.571428571428571,10.908017839704241,8.31666666666666,0,1,0,105.80430807460652,1.0908017839704241e-05,499,1,0
286,42,38,0,0,0,10.767852238246373,"[0.0, 10.767852238246373]",10.767852238246373,8.571428571428571,10.767852238246373,7.0833333333333135,0,1,0,104.1874107196927,1.0767852238246373e-05,425,1,0
286,43,34,0,0,0,8.46785136631557,"[0.0, 8.46785136631557]",8.46785136631557,5.714285714285714,8.46785136631557,6.099999999999984,0,1,0,60.82671230309643,8.46785136631557e-06,366,1,0
286,44,11,0,0,0,8.414102281842913,"[0.0, 8.414102281842913]",8.414102281842913,5.714285714285714,8.414102281842913,8.58333333333334,0,1,0,72.14000184927863,8.414102281842914e-06,515,1,0
286,45,9,0,0,0,8.329418727329799,"[0.0, 8.329418727329799]",8.329418727329799,5.714285714285714,8.329418727329799,5.249999999999987,0,1,0,57.71647148951888,8.329418727329798e-06,315,1,0
286,46,19,0,0,0,6.572837829589844,"[0.0, 6.572837829589844]",6.572837829589844,5.714285714285714,6.572837829589844,7.4666666666666455,0,1,0,59.97590470389696,6.572837829589844e-06,448,1,0
286,47,62,0,0,0,6.545241219656808,"[0.0, 6.545241219656808]",6.545241219656808,5.714285714285714,6.545241219656808,2.8166666666666615,0,1,0,58.917749866843224,6.545241219656808e-06,169,1,0
286,48,27,0,0,0,6.536854335239956,"[0.0, 6.536854335239956]",6.536854335239956,5.714285714285714,6.536854335239956,7.416666666666646,0,1,0,59.537095464751474,6.536854335239956e-06,445,1,0
286,49,10,0,0,0,6.497061593191964,"[0.0, 6.497061593191964]",6.497061593191964,5.714285714285714,6.497061593191964,7.366666666666646,0,1,0,58.58170286256063,6.497061593191965e-06,442,1,0
286,50,33,0,0,0,6.493486676897321,"[0.0, 6.493486676897321]",6.493486676897321,5.714285714285714,6.493486676897321,7.416666666666646,0,1,0,59.545584317456814,6.493486676897321e-06,445,1,0
286,51,35,0,0,0,6.462609427315848,"[0.0, 6.462609427315848]",6.462609427315848,5.714285714285714,6.462609427315848,7.366666666666646,0,1,0,58.58207800172386,6.462609427315848e-06,442,1,0
286,52,57,0,0,0,6.4373016357421875,"[0.0, 6.4373016357421875]",6.4373016357421875,5.714285714285714,6.4373016357421875,7.416666666666646,0,1,0,59.692118730104994,6.4373016357421875e-06,445,1,0
286,53,51,0,0,0,6.395596095493862,"[0.0, 6.395596095493862]",6.395596095493862,5.714285714285714,6.395596095493862,7.416666666666646,0,1,0,59.55181381935836,6.395596095493862e-06,445,1,0
286,54,12,0,0,0,6.38275146484375,"[0.0, 6.38275146484375]",6.38275146484375,5.714285714285714,6.38275146484375,7.366666666666646,0,1,0,58.478364330258046,6.38275146484375e-06,442,1,0
286,55,49,0,0,0,6.379966735839844,"[0.0, 6.379966735839844]",6.379966735839844,5.714285714285714,6.379966735839844,7.366666666666646,0,1,0,58.73997582993616,6.379966735839843e-06,442,1,0
286,56,15,0,0,0,6.374544416155134,"[0.0, 6.374544416155134]",6.374544416155134,5.714285714285714,6.374544416155134,7.366666666666646,0,1,0,58.582171465408464,6.374544416155134e-06,442,1,0
286,57,8,0,0,0,6.31701878138951,"[0.0, 6.31701878138951]",6.31701878138951,5.714285714285714,6.31701878138951,7.366666666666646,0,1,0,58.48224235914677,6.31701878138951e-06,442,1,0
286,58,26,0,0,0,6.301116943359375,"[0.0, 6.301116943359375]",6.301116943359375,5.714285714285714,6.301116943359375,7.366666666666646,0,1,0,58.581723317009164,6.301116943359375e-06,442,1,0
286,59,48,0,0,0,6.160283769880023,"[0.0, 6.160283769880023]",6.160283769880023,5.714285714285714,6.160283769880023,7.316666666666646,0,1,0,57.536917949677445,6.160283769880022e-06,439,1,0
286,60,54,0,0,0,4.34967041015625,"[0.0, 4.34967041015625]",4.34967041015625,2.857142857142857,4.34967041015625,6.133333333333317,0,1,0,33.44907341666112,4.34967041015625e-06,368,1,0
286,61,24,0,0,0,3.758136204310826,"[0.0, 3.758136204310826]",3.758136204310826,2.857142857142857,3.758136204310826,4.549999999999989,0,1,0,27.345085196990112,3.758136204310826e-06,273,1,0
286,62,56,0,0,0,3.657629830496652,"[0.0, 3.657629830496652]",3.657629830496652,2.857142857142857,3.657629830496652,5.466666666666653,0,1,0,25.300166714303487,3.6576298304966518e-06,328,1,0
286,63,43,0,0,0,2.1099145071847096,"[0.0, 2.1099145071847096]",2.1099145071847096,0.0,2.1099145071847096,5.016666666666654,0,1,0,7.705906453367788,2.1099145071847096e-06,301,1,0
286,64,22,0,0,0,1.9018772670200894,"[0.0, 1.9018772670200894]",1.9018772670200894,0.0,1.9018772670200894,5.016666666666654,0,1,0,5.559579446642601,1.9018772670200895e-06,301,1,0
287,1,0,0,1,1,30.649890790416634,"[0.0, 30.649890790416634]",30.649890790416634,28.57142857142857,30.649890790416634,14.333333333333625,0,1,0,296.44501843172475,3.0649890790416634e-05,860,1,0
287,2,30,0,1,1,30.475981917035455,"[0.0, 30.475981917035455]",30.475981917035455,28.57142857142857,30.475981917035455,14.483333333333633,0,1,0,299.230518253411,3.0475981917035456e-05,869,1,0
287,3,1,0,1,1,30.20815926498905,"[0.0, 30.20815926498905]",30.20815926498905,28.57142857142857,30.20815926498905,18.416666666666902,0,1,0,299.4317616307453,3.020815926498905e-05,1105,1,0
287,4,2,0,1,1,30.11434766555043,"[0.0, 30.11434766555043]",30.11434766555043,28.57142857142857,30.11434766555043,18.316666666666908,0,1,0,299.97855526866624,3.011434766555043e-05,1099,1,0
287,5,41,0,1,1,29.99711096441795,"[0.0, 29.99711096441795]",29.99711096441795,28.57142857142857,29.99711096441795,15.816666666667032,0,1,0,288.52886090921675,2.999711096441795e-05,949,1,0
287,6,3,0,1,1,29.630709488607625,"[0.0, 29.630709488607625]",29.630709488607625,28.57142857142857,29.630709488607625,23.533333333333278,0,1,0,294.0400271560502,2.9630709488607624e-05,1412,1,0
287,7,4,0,1,1,29.35066726299685,"[0.0, 29.35066726299685]",29.35066726299685,28.57142857142857,29.35066726299685,16.86666666666699,0,1,0,279.4842847014079,2.9350667262996852e-05,1012,1,0
287,8,5,0,1,1,29.07006373223238,"[0.0, 29.07006373223238]",29.07006373223238,28.57142857142857,29.07006373223238,19.416666666666845,0,1,0,282.330984117747,2.907006373223238e-05,1165,1,0
287,9,6,0,0,1,28.741683868628925,"[0.0, 28.741683868628925]",28.741683868628925,28.57142857142857,28.741683868628925,14.450000000000298,0,1,0,280.30243680701824,2.8741683868628926e-05,867,1,0
287,10,7,0,0,1,28.555750174077392,"[0.0, 28.555750174077392]",28.555750174077392,25.71428571428571,28.555750174077392,20.083333333333474,0,1,0,285.9795293595016,2.8555750174077392e-05,1205,1,0
287,11,32,0,0,1,23.184244797847857,"[0.0, 23.184244797847857]",23.184244797847857,22.857142857142858,23.184244797847857,18.900000000000208,0,1,0,213.86048755062075,2.3184244797847856e-05,1134,1,0
287,12,44,0,0,1,22.270652226039342,"[0.0, 22.270652226039342]",22.270652226039342,20.0,22.270652226039342,13.10000000000023,0,1,0,202.77402716645884,2.2270652226039343e-05,786,1,0
287,13,25,0,0,1,22.158758980887278,"[0.0, 22.158758980887278]",22.158758980887278,20.0,22.158758980887278,12.90000000000022,0,1,0,201.7362666025947,2.2158758980887277e-05,774,1,0
287,14,63,0,0,1,21.989233834402903,"[0.0, 21.989233834402903]",21.989233834402903,20.0,21.989233834402903,12.950000000000223,0,1,0,201.72505050393374,2.1989233834402903e-05,777,1,0
287,15,33,0,0,1,21.90685817173549,"[0.0, 21.90685817173549]",21.90685817173549,20.0,21.90685817173549,13.883333333333603,0,1,0,201.4130923234843,2.190685817173549e-05,833,1,0
287,16,31,0,0,1,21.673891884940012,"[0.0, 21.673891884940012]",21.673891884940012,20.0,21.673891884940012,12.116666666666848,0,1,0,200.54331912178895,2.167389188494001e-05,727,1,0
287,17,43,0,0,1,21.59397670200893,"[0.0, 21.59397670200893]",21.59397670200893,20.0,21.59397670200893,12.350000000000193,0,1,0,198.31454953746288,2.159397670200893e-05,741,1,0
287,18,9,0,0,1,21.565290178571427,"[0.0, 21.565290178571427]",21.565290178571427,20.0,21.565290178571427,11.816666666666833,0,1,0,197.119715829911,2.1565290178571426e-05,709,1,0
287,19,59,0,0,1,21.448644910539898,"[0.0, 21.448644910539898]",21.448644910539898,20.0,21.448644910539898,10.866666666666786,0,1,0,194.7475402822747,2.1448644910539897e-05,652,1,0
287,20,35,0,0,1,21.424901144845148,"[0.0, 21.424901144845148]",21.424901144845148,20.0,21.424901144845148,11.050000000000129,0,1,0,194.29835447581718,2.1424901144845146e-05,663,1,0
287,21,11,0,0,1,21.152095794677734,"[0.0, 21.152095794677734]",21.152095794677734,20.0,21.152095794677734,12.03333333333351,0,1,0,194.86063660076616,2.1152095794677736e-05,722,1,0
287,22,42,0,0,1,21.115714481898717,"[0.0, 21.115714481898717]",21.115714481898717,20.0,21.115714481898717,12.450000000000198,0,1,0,194.89608329899056,2.1115714481898718e-05,747,1,0
287,23,21,0,0,1,21.107185908726283,"[0.0, 21.107185908726283]",21.107185908726283,20.0,21.107185908726283,11.250000000000139,0,1,0,195.24768424060312,2.1107185908726283e-05,675,1,0
287,24,14,0,0,1,21.08273914882115,"[0.0, 21.08273914882115]",21.08273914882115,20.0,21.08273914882115,12.63333333333354,0,1,0,195.96467326419952,2.1082739148821152e-05,758,1,0
287,25,50,0,0,1,21.037085396902903,"[0.0, 21.037085396902903]",21.037085396902903,20.0,21.037085396902903,12.150000000000183,0,1,0,193.88482862621458,2.1037085396902903e-05,729,1,0
287,26,54,0,0,1,20.96902847290039,"[0.0, 20.96902847290039]",20.96902847290039,20.0,20.96902847290039,12.16666666666685,0,1,0,194.1579308811124,2.096902847290039e-05,730,1,0
287,27,49,0,0,1,20.9165164402553,"[0.0, 20.9165164402553]",20.9165164402553,20.0,20.9165164402553,12.516666666666868,0,1,0,195.12409610171017,2.09165164402553e-05,751,1,0
287,28,27,0,0,1,20.876595633370535,"[0.0, 20.876595633370535]",20.876595633370535,20.0,20.876595633370535,12.283333333333523,0,1,0,195.2400753597176,2.0876595633370535e-05,737,1,0
287,29,8,0,0,1,20.866737365722656,"[0.0, 20.866737365722656]",20.866737365722656,20.0,20.866737365722656,11.90000000000017,0,1,0,192.38651753633894,2.0866737365722656e-05,714,1,0
287,30,15,0,0,1,20.829140799386163,"[0.0, 20.829140799386163]",20.829140799386163,20.0,20.829140799386163,12.10000000000018,0,1,0,195.83709145914327,2.0829140799386164e-05,726,1,0
287,31,57,0,0,1,20.73146002633231,"[0.0, 20.73146002633231]",20.73146002633231,20.0,20.73146002633231,11.950000000000173,0,1,0,195.22728737945727,2.073146002633231e-05,717,1,0
287,32,40,0,0,1,20.701539175851007,"[0.0, 20.701539175851007]",20.701539175851007,20.0,20.701539175851007,11.716666666666828,0,1,0,194.32883171391586,2.0701539175851007e-05,703,1,0
287,33,52,0,0,0,20.67215510777065,"[0.0, 20.67215510777065]",20.67215510777065,20.0,20.67215510777065,12.5000000000002,0,1,0,193.45894682424841,2.067215510777065e-05,750,1,0
287,34,53,0,0,0,20.477755410330637,"[0.0, 20.477755410330637]",20.477755410330637,20.0,20.477755410330637,11.500000000000151,0,1,0,195.40034354649833,2.0477755410330636e-05,690,1,0
287,35,37,0,0,0,17.07318987165179,"[0.0, 17.07318987165179]",17.07318987165179,14.285714285714285,17.07318987165179,11.850000000000168,0,1,0,161.1166830574948,1.7073189871651788e-05,711,1,0
287,36,62,0,0,0,16.96657453264509,"[0.0, 16.96657453264509]",16.96657453264509,14.285714285714285,16.96657453264509,12.183333333333518,0,1,0,158.5656429516457,1.696657453264509e-05,731,1,0
287,37,39,0,0,0,16.855054582868302,"[0.0, 16.855054582868302]",16.855054582868302,14.285714285714285,16.855054582868302,10.150000000000084,0,1,0,152.64288099703117,1.6855054582868302e-05,609,1,0
287,38,18,0,0,0,16.83399200439453,"[0.0, 16.83399200439453]",16.83399200439453,14.285714285714285,16.83399200439453,10.350000000000094,0,1,0,160.70299121094286,1.6833992004394532e-05,621,1,0
287,39,16,0,0,0,16.584696088518417,"[0.0, 16.584696088518417]",16.584696088518417,14.285714285714285,16.584696088518417,10.683333333333444,0,1,0,153.83724515942595,1.6584696088518416e-05,641,1,0
287,40,47,0,0,0,16.547388349260604,"[0.0, 16.547388349260604]",16.547388349260604,14.285714285714285,16.547388349260604,10.850000000000119,0,1,0,156.9056627959144,1.6547388349260603e-05,651,1,0
287,41,34,0,0,0,16.47378649030413,"[0.0, 16.47378649030413]",16.47378649030413,14.285714285714285,16.47378649030413,12.683333333333543,0,1,0,152.15276304529834,1.6473786490304127e-05,761,1,0
287,42,60,0,0,0,16.47369384765625,"[0.0, 16.47369384765625]",16.47369384765625,14.285714285714285,16.47369384765625,10.733333333333446,0,1,0,151.56667440599995,1.647369384765625e-05,644,1,0
287,43,29,0,0,0,16.31397247314453,"[0.0, 16.31397247314453]",16.31397247314453,14.285714285714285,16.31397247314453,9.316666666666709,0,1,0,146.7559723346494,1.631397247314453e-05,559,1,0
287,44,10,0,0,0,16.09821319580078,"[0.0, 16.09821319580078]",16.09821319580078,14.285714285714285,16.09821319580078,9.333333333333377,0,1,0,145.13435682980344,1.609821319580078e-05,560,1,0
287,45,51,0,0,0,16.08110155378069,"[0.0, 16.08110155378069]",16.08110155378069,14.285714285714285,16.08110155378069,10.666666666666776,0,1,0,150.7697243786024,1.6081101553780692e-05,640,1,0
287,46,12,0,0,0,15.630896432059153,"[0.0, 15.630896432059153]",15.630896432059153,14.285714285714285,15.630896432059153,10.100000000000081,0,1,0,149.38106041095307,1.5630896432059152e-05,606,1,0
287,47,24,0,0,0,14.675031389508927,"[0.0, 14.675031389508927]",14.675031389508927,14.285714285714285,14.675031389508927,10.500000000000101,0,1,0,147.7856670049805,1.4675031389508927e-05,630,1,0
287,48,20,0,0,0,11.44397463117327,"[0.0, 11.44397463117327]",11.44397463117327,11.428571428571429,11.44397463117327,8.666666666666677,0,1,0,110.02892688091379,1.1443974631173272e-05,520,1,0
287,49,46,0,0,0,11.045564923967634,"[0.0, 11.045564923967634]",11.045564923967634,8.571428571428571,11.045564923967634,9.033333333333362,0,1,0,106.61184360797051,1.1045564923967633e-05,542,1,0
287,50,45,0,0,0,10.959551674979073,"[0.0, 10.959551674979073]",10.959551674979073,8.571428571428571,10.959551674979073,7.483333333333312,0,1,0,106.97205362096429,1.0959551674979073e-05,449,1,0
287,51,61,0,0,0,10.904426574707031,"[0.0, 10.904426574707031]",10.904426574707031,8.571428571428571,10.904426574707031,7.566666666666645,0,1,0,102.11514009535313,1.0904426574707031e-05,454,1,0
287,52,28,0,0,0,8.919364384242465,"[0.0, 8.919364384242465]",8.919364384242465,8.571428571428571,8.919364384242465,8.133333333333317,0,1,0,75.74806008735322,8.919364384242466e-06,488,1,0
287,53,56,0,0,0,8.582935333251953,"[0.0, 8.582935333251953]",8.582935333251953,8.571428571428571,8.582935333251953,8.033333333333312,0,1,0,73.34877765701094,8.582935333251953e-06,482,1,0
287,54,36,0,0,0,8.473420824323382,"[0.0, 8.473420824323382]",8.473420824323382,5.714285714285714,8.473420824323382,8.399999999999997,0,1,0,72.72236589116073,8.473420824323381e-06,504,1,0
287,55,26,0,0,0,8.317933763776507,"[0.0, 8.317933763776507]",8.317933763776507,5.714285714285714,8.317933763776507,15.416666666667012,0,1,0,73.17621891417366,8.317933763776507e-06,925,1,0
287,56,22,0,0,0,6.522581917898995,"[0.0, 6.522581917898995]",6.522581917898995,5.714285714285714,6.522581917898995,7.416666666666646,0,1,0,59.58209723880282,6.522581917898995e-06,445,1,0
287,57,19,0,0,0,6.462762015206473,"[0.0, 6.462762015206473]",6.462762015206473,5.714285714285714,6.462762015206473,7.366666666666646,0,1,0,58.58252883260866,6.462762015206473e-06,442,1,0
287,58,13,0,0,0,6.418729509626115,"[0.0, 6.418729509626115]",6.418729509626115,5.714285714285714,6.418729509626115,7.416666666666646,0,1,0,59.53678791633865,6.418729509626115e-06,445,1,0
287,59,58,0,0,0,6.33530752999442,"[0.0, 6.33530752999442]",6.33530752999442,5.714285714285714,6.33530752999442,7.366666666666646,0,1,0,58.59671730665286,6.33530752999442e-06,442,1,0
287,60,48,0,0,0,6.304610116141183,"[0.0, 6.304610116141183]",6.304610116141183,5.714285714285714,6.304610116141183,7.366666666666646,0,1,0,58.592837609488924,6.304610116141183e-06,442,1,0
287,61,23,0,0,0,6.286811828613281,"[0.0, 6.286811828613281]",6.286811828613281,5.714285714285714,6.286811828613281,7.366666666666646,0,1,0,58.47808854422328,6.286811828613281e-06,442,1,0
287,62,38,0,0,0,5.720252990722656,"[0.0, 5.720252990722656]",5.720252990722656,5.714285714285714,5.720252990722656,7.09999999999998,0,1,0,50.744327771579265,5.720252990722656e-06,426,1,0
287,63,17,0,0,0,5.706400190080915,"[0.0, 5.706400190080915]",5.706400190080915,2.857142857142857,5.706400190080915,6.849999999999981,0,1,0,50.386775914608734,5.706400190080915e-06,411,1,0
287,64,55,0,0,0,4.215169634137835,"[0.0, 4.215169634137835]",4.215169634137835,2.857142857142857,4.215169634137835,2.0166666666666644,0,1,0,33.4849990606308,4.215169634137835e-06,121,1,0
288,1,0,0,1,1,30.649890790416634,"[0.0, 30.649890790416634]",30.649890790416634,28.57142857142857,30.649890790416634,14.333333333333625,0,1,0,296.44501843172475,3.0649890790416634e-05,860,1,0
288,2,1,0,1,1,30.475981917035455,"[0.0, 30.475981917035455]",30.475981917035455,28.57142857142857,30.475981917035455,14.483333333333633,0,1,0,299.230518253411,3.0475981917035456e-05,869,1,0
288,3,2,0,1,1,30.20815926498905,"[0.0, 30.20815926498905]",30.20815926498905,28.57142857142857,30.20815926498905,18.416666666666902,0,1,0,299.4317616307453,3.020815926498905e-05,1105,1,0
288,4,3,0,1,1,30.11434766555043,"[0.0, 30.11434766555043]",30.11434766555043,28.57142857142857,30.11434766555043,18.316666666666908,0,1,0,299.97855526866624,3.011434766555043e-05,1099,1,0
288,5,4,0,1,1,29.99711096441795,"[0.0, 29.99711096441795]",29.99711096441795,28.57142857142857,29.99711096441795,15.816666666667032,0,1,0,288.52886090921675,2.999711096441795e-05,949,1,0
288,6,5,0,1,1,29.630709488607625,"[0.0, 29.630709488607625]",29.630709488607625,28.57142857142857,29.630709488607625,23.533333333333278,0,1,0,294.0400271560502,2.9630709488607624e-05,1412,1,0
288,7,6,0,1,1,29.35066726299685,"[0.0, 29.35066726299685]",29.35066726299685,28.57142857142857,29.35066726299685,16.86666666666699,0,1,0,279.4842847014079,2.9350667262996852e-05,1012,1,0
288,8,7,0,1,1,29.07006373223238,"[0.0, 29.07006373223238]",29.07006373223238,28.57142857142857,29.07006373223238,19.416666666666845,0,1,0,282.330984117747,2.907006373223238e-05,1165,1,0
288,9,52,0,0,1,27.554321834680778,"[0.0, 27.554321834680778]",27.554321834680778,25.71428571428571,27.554321834680778,12.666666666666876,0,1,0,268.1037923513868,2.7554321834680776e-05,760,1,0
288,10,39,0,0,1,23.29292001508009,"[0.0, 23.29292001508009]",23.29292001508009,22.857142857142858,23.29292001508009,14.133333333333615,0,1,0,213.77754499945877,2.329292001508009e-05,848,1,0
288,11,33,0,0,1,23.043640581630378,"[0.0, 23.043640581630378]",23.043640581630378,22.857142857142858,23.043640581630378,14.850000000000318,0,1,0,210.8198383065319,2.3043640581630376e-05,891,1,0
288,12,30,0,0,1,22.623797825404576,"[0.0, 22.623797825404576]",22.623797825404576,20.0,22.623797825404576,19.850000000000154,0,1,0,203.5309132599723,2.2623797825404578e-05,1191,1,0
288,13,58,0,0,1,21.72046388898577,"[0.0, 21.72046388898577]",21.72046388898577,20.0,21.72046388898577,11.583333333333488,0,1,0,189.84923130422249,2.172046388898577e-05,695,1,0
288,14,55,0,0,1,21.47167205810547,"[0.0, 21.47167205810547]",21.47167205810547,20.0,21.47167205810547,12.03333333333351,0,1,0,196.8474090278687,2.1471672058105467e-05,722,1,0
288,15,29,0,0,1,21.294708251953125,"[0.0, 21.294708251953125]",21.294708251953125,20.0,21.294708251953125,12.550000000000203,0,1,0,197.40825962208328,2.1294708251953125e-05,753,1,0
288,16,62,0,0,1,21.181722368512833,"[0.0, 21.181722368512833]",21.181722368512833,20.0,21.181722368512833,12.883333333333553,0,1,0,197.1724703078362,2.118172236851283e-05,773,1,0
288,17,43,0,0,1,21.03895459856306,"[0.0, 21.03895459856306]",21.03895459856306,20.0,21.03895459856306,10.883333333333454,0,1,0,194.07410452325712,2.103895459856306e-05,653,1,0
288,18,21,0,0,1,20.955944061279297,"[0.0, 20.955944061279297]",20.955944061279297,20.0,20.955944061279297,11.250000000000139,0,1,0,195.76815849280683,2.0955944061279297e-05,675,1,0
288,19,48,0,0,1,20.863304138183594,"[0.0, 20.863304138183594]",20.863304138183594,20.0,20.863304138183594,11.133333333333466,0,1,0,193.9035920093229,2.0863304138183595e-05,668,1,0
288,20,26,0,0,1,20.810843876429967,"[0.0, 20.810843876429967]",20.810843876429967,20.0,20.810843876429967,11.650000000000158,0,1,0,193.4244919301491,2.0810843876429966e-05,699,1,0
288,21,19,0,0,1,20.739830562046595,"[0.0, 20.739830562046595]",20.739830562046595,20.0,20.739830562046595,11.700000000000161,0,1,0,194.23144232728373,2.0739830562046594e-05,702,1,0
288,22,54,0,0,1,20.64065933227539,"[0.0, 20.64065933227539]",20.64065933227539,20.0,20.64065933227539,13.116666666666898,0,1,0,194.29649319594319,2.064065933227539e-05,787,1,0
288,23,63,0,0,1,20.637858254568915,"[0.0, 20.637858254568915]",20.637858254568915,20.0,20.637858254568915,11.816666666666833,0,1,0,193.78970913621015,2.0637858254568915e-05,709,1,0
288,24,53,0,0,1,20.475913456508092,"[0.0, 20.475913456508092]",20.475913456508092,20.0,20.475913456508092,13.883333333333603,0,1,0,193.16020879310963,2.0475913456508092e-05,833,1,0
288,25,14,0,0,1,20.366180964878627,"[0.0, 20.366180964878627]",20.366180964878627,20.0,20.366180964878627,12.066666666666846,0,1,0,191.04418751272897,2.0366180964878625e-05,724,1,0
288,26,35,0,0,1,20.18397467476981,"[0.0, 20.18397467476981]",20.18397467476981,20.0,20.18397467476981,11.766666666666831,0,1,0,192.54675637192122,2.018397467476981e-05,706,1,0
288,27,59,0,0,1,20.155432564871653,"[0.0, 20.155432564871653]",20.155432564871653,20.0,20.155432564871653,11.300000000000141,0,1,0,189.32554096601962,2.0155432564871654e-05,678,1,0
288,28,46,0,0,1,20.09335381644113,"[0.0, 20.09335381644113]",20.09335381644113,20.0,20.09335381644113,11.133333333333466,0,1,0,191.6828296361491,2.009335381644113e-05,668,1,0
288,29,41,0,0,1,20.08108683994838,"[0.0, 20.08108683994838]",20.08108683994838,20.0,20.08108683994838,13.683333333333593,0,1,0,190.40036016692466,2.008108683994838e-05,821,1,0
288,30,31,0,0,1,17.192322867257253,"[0.0, 17.192322867257253]",17.192322867257253,17.142857142857142,17.192322867257253,9.883333333333404,0,1,0,158.5266308579594,1.7192322867257253e-05,593,1,0
288,31,18,0,0,1,17.02439444405692,"[0.0, 17.02439444405692]",17.02439444405692,14.285714285714285,17.02439444405692,10.216666666666754,0,1,0,161.55365111653373,1.702439444405692e-05,613,1,0
288,32,11,0,0,1,16.886683872767858,"[0.0, 16.886683872767858]",16.886683872767858,14.285714285714285,16.886683872767858,9.716666666666729,0,1,0,157.27644032239914,1.6886683872767857e-05,583,1,0
288,33,34,0,0,0,16.81871141706194,"[0.0, 16.81871141706194]",16.81871141706194,14.285714285714285,16.81871141706194,11.300000000000141,0,1,0,158.12234818554862,1.6818711417061942e-05,678,1,0
288,34,44,0,0,0,16.67395455496652,"[0.0, 16.67395455496652]",16.67395455496652,14.285714285714285,16.67395455496652,12.650000000000208,0,1,0,155.83547660627664,1.667395455496652e-05,759,1,0
288,35,50,0,0,0,16.64926256452288,"[0.0, 16.64926256452288]",16.64926256452288,14.285714285714285,16.64926256452288,10.316666666666759,0,1,0,156.61681957577093,1.6649262564522878e-05,619,1,0
288,36,23,0,0,0,16.522876194545198,"[0.0, 16.522876194545198]",16.522876194545198,14.285714285714285,16.522876194545198,10.750000000000114,0,1,0,155.98079699485243,1.6522876194545197e-05,645,1,0
288,37,51,0,0,0,16.46866934640067,"[0.0, 16.46866934640067]",16.46866934640067,14.285714285714285,16.46866934640067,9.733333333333396,0,1,0,148.3742504077236,1.646866934640067e-05,584,1,0
288,38,17,0,0,0,16.416495186941965,"[0.0, 16.416495186941965]",16.416495186941965,14.285714285714285,16.416495186941965,10.633333333333441,0,1,0,154.27411182322976,1.6416495186941965e-05,638,1,0
288,39,24,0,0,0,16.412794930594305,"[0.0, 16.412794930594305]",16.412794930594305,14.285714285714285,16.412794930594305,9.933333333333406,0,1,0,152.44900132578186,1.6412794930594306e-05,596,1,0
288,40,27,0,0,0,16.412664140973774,"[0.0, 16.412664140973774]",16.412664140973774,14.285714285714285,16.412664140973774,9.933333333333406,0,1,0,147.39817298525304,1.6412664140973775e-05,596,1,0
288,41,40,0,0,0,15.961848667689733,"[0.0, 15.961848667689733]",15.961848667689733,14.285714285714285,15.961848667689733,8.750000000000014,0,1,0,143.67558873444796,1.596184866768973e-05,525,1,0
288,42,20,0,0,0,15.789424351283483,"[0.0, 15.789424351283483]",15.789424351283483,14.285714285714285,15.789424351283483,11.200000000000136,0,1,0,153.5601382471432,1.5789424351283483e-05,672,1,0
288,43,45,0,0,0,11.638603210449219,"[0.0, 11.638603210449219]",11.638603210449219,11.428571428571429,11.638603210449219,8.333333333333327,0,1,0,107.93718569469638,1.1638603210449219e-05,500,1,0
288,44,49,0,0,0,11.634592328752792,"[0.0, 11.634592328752792]",11.634592328752792,11.428571428571429,11.634592328752792,8.85000000000002,0,1,0,113.46620357671782,1.1634592328752791e-05,531,1,0
288,45,9,0,0,0,11.520859854561943,"[0.0, 11.520859854561943]",11.520859854561943,11.428571428571429,11.520859854561943,10.950000000000124,0,1,0,116.65739153559844,1.1520859854561943e-05,657,1,0
288,46,25,0,0,0,11.487546648297991,"[0.0, 11.487546648297991]",11.487546648297991,11.428571428571429,11.487546648297991,8.883333333333354,0,1,0,108.95001603726269,1.1487546648297992e-05,533,1,0
288,47,28,0,0,0,11.337579999651227,"[0.0, 11.337579999651227]",11.337579999651227,8.571428571428571,11.337579999651227,10.916666666666789,0,1,0,112.77499768270354,1.1337579999651227e-05,655,1,0
288,48,56,0,0,0,11.312051500592911,"[0.0, 11.312051500592911]",11.312051500592911,8.571428571428571,11.312051500592911,7.799999999999978,0,1,0,108.92437893897295,1.1312051500592912e-05,468,1,0
288,49,15,0,0,0,11.017973763602122,"[0.0, 11.017973763602122]",11.017973763602122,8.571428571428571,11.017973763602122,8.216666666666654,0,1,0,103.05371129573905,1.1017973763602121e-05,493,1,0
288,50,32,0,0,0,10.873214176722936,"[0.0, 10.873214176722936]",10.873214176722936,8.571428571428571,10.873214176722936,8.416666666666664,0,1,0,106.6242333667251,1.0873214176722936e-05,505,1,0
288,51,37,0,0,0,8.53677204677037,"[0.0, 8.53677204677037]",8.53677204677037,5.714285714285714,8.53677204677037,8.900000000000022,0,1,0,75.96666347987775,8.53677204677037e-06,534,1,0
288,52,10,0,0,0,6.524696350097655,"[0.0, 6.524696350097655]",6.524696350097655,5.714285714285714,6.524696350097655,7.416666666666646,0,1,0,59.28661919136357,6.524696350097655e-06,445,1,0
288,53,57,0,0,0,6.451873779296875,"[0.0, 6.451873779296875]",6.451873779296875,5.714285714285714,6.451873779296875,7.366666666666646,0,1,0,58.582773634298064,6.451873779296875e-06,442,1,0
288,54,47,0,0,0,6.447568620954241,"[0.0, 6.447568620954241]",6.447568620954241,5.714285714285714,6.447568620954241,7.366666666666646,0,1,0,58.47832617055974,6.447568620954241e-06,442,1,0
288,55,61,0,0,0,6.422538757324219,"[0.0, 6.422538757324219]",6.422538757324219,5.714285714285714,6.422538757324219,7.299999999999979,0,1,0,57.91338053291838,6.422538757324219e-06,438,1,0
288,56,8,0,0,0,6.418920244489397,"[0.0, 6.418920244489397]",6.418920244489397,5.714285714285714,6.418920244489397,7.416666666666646,0,1,0,59.53704274514166,6.418920244489397e-06,445,1,0
288,57,22,0,0,0,6.405950273786272,"[0.0, 6.405950273786272]",6.405950273786272,5.714285714285714,6.405950273786272,7.366666666666646,0,1,0,58.581912648711295,6.4059502737862716e-06,442,1,0
288,58,60,0,0,0,6.399759565080915,"[0.0, 6.399759565080915]",6.399759565080915,5.714285714285714,6.399759565080915,7.366666666666646,0,1,0,58.63556747191615,6.399759565080915e-06,442,1,0
288,59,13,0,0,0,6.386064801897322,"[0.0, 6.386064801897322]",6.386064801897322,5.714285714285714,6.386064801897322,7.416666666666646,0,1,0,59.536351079150336,6.386064801897322e-06,445,1,0
288,60,36,0,0,0,6.381356375558036,"[0.0, 6.381356375558036]",6.381356375558036,5.714285714285714,6.381356375558036,7.416666666666646,0,1,0,59.53732363859308,6.381356375558036e-06,445,1,0
288,61,16,0,0,0,6.346479143415179,"[0.0, 6.346479143415179]",6.346479143415179,5.714285714285714,6.346479143415179,7.366666666666646,0,1,0,58.41218028395815,6.346479143415179e-06,442,1,0
288,62,12,0,0,0,6.330059596470424,"[0.0, 6.330059596470424]",6.330059596470424,5.714285714285714,6.330059596470424,7.366666666666646,0,1,0,58.582240329713386,6.330059596470424e-06,442,1,0
288,63,38,0,0,0,5.871761866978237,"[0.0, 5.871761866978237]",5.871761866978237,5.714285714285714,5.871761866978237,4.033333333333324,0,1,0,53.68752949684858,5.871761866978237e-06,242,1,0
288,64,42,0,0,0,1.8841934204101562,"[0.0, 1.8841934204101562]",1.8841934204101562,0.0,1.8841934204101562,5.016666666666654,0,1,0,5.6386122001567855,1.8841934204101562e-06,301,1,0
289,1,0,0,1,1,30.649890790416634,"[0.0, 30.649890790416634]",30.649890790416634,28.57142857142857,30.649890790416634,14.333333333333625,0,1,0,296.44501843172475,3.0649890790416634e-05,860,1,0
289,2,1,0,1,1,30.475981917035455,"[0.0, 30.475981917035455]",30.475981917035455,28.57142857142857,30.475981917035455,14.483333333333633,0,1,0,299.230518253411,3.0475981917035456e-05,869,1,0
289,3,2,0,1,1,30.20815926498905,"[0.0, 30.20815926498905]",30.20815926498905,28.57142857142857,30.20815926498905,18.416666666666902,0,1,0,299.4317616307453,3.020815926498905e-05,1105,1,0
289,4,3,0,1,1,30.11434766555043,"[0.0, 30.11434766555043]",30.11434766555043,28.57142857142857,30.11434766555043,18.316666666666908,0,1,0,299.97855526866624,3.011434766555043e-05,1099,1,0
289,5,4,0,1,1,29.99711096441795,"[0.0, 29.99711096441795]",29.99711096441795,28.57142857142857,29.99711096441795,15.816666666667032,0,1,0,288.52886090921675,2.999711096441795e-05,949,1,0
289,6,5,0,1,1,29.630709488607625,"[0.0, 29.630709488607625]",29.630709488607625,28.57142857142857,29.630709488607625,23.533333333333278,0,1,0,294.0400271560502,2.9630709488607624e-05,1412,1,0
289,7,6,0,1,1,29.35066726299685,"[0.0, 29.35066726299685]",29.35066726299685,28.57142857142857,29.35066726299685,16.86666666666699,0,1,0,279.4842847014079,2.9350667262996852e-05,1012,1,0
289,8,7,0,1,1,29.07006373223238,"[0.0, 29.07006373223238]",29.07006373223238,28.57142857142857,29.07006373223238,19.416666666666845,0,1,0,282.330984117747,2.907006373223238e-05,1165,1,0
289,9,17,0,0,1,29.041617005025866,"[0.0, 29.041617005025866]",29.041617005025866,28.57142857142857,29.041617005025866,17.733333333333608,0,1,0,286.29789253534545,2.9041617005025866e-05,1064,1,0
289,10,59,0,0,1,21.781613486153738,"[0.0, 21.781613486153738]",21.781613486153738,20.0,21.781613486153738,12.533333333333536,0,1,0,199.24367876962788,2.1781613486153737e-05,752,1,0
289,11,31,0,0,1,21.3269533429827,"[0.0, 21.3269533429827]",21.3269533429827,20.0,21.3269533429827,12.583333333333538,0,1,0,195.27767517534812,2.13269533429827e-05,755,1,0
289,12,14,0,0,1,21.226425170898438,"[0.0, 21.226425170898438]",21.226425170898438,20.0,21.226425170898438,12.5000000000002,0,1,0,194.56817588501144,2.1226425170898437e-05,750,1,0
289,13,37,0,0,1,20.946380070277623,"[0.0, 20.946380070277623]",20.946380070277623,20.0,20.946380070277623,14.383333333333628,0,1,0,194.35931088861253,2.0946380070277624e-05,863,1,0
289,14,12,0,0,1,20.916955130440847,"[0.0, 20.916955130440847]",20.916955130440847,20.0,20.916955130440847,12.483333333333533,0,1,0,194.9334907072771,2.0916955130440848e-05,749,1,0
289,15,55,0,0,1,20.833846500941686,"[0.0, 20.833846500941686]",20.833846500941686,20.0,20.833846500941686,12.050000000000178,0,1,0,193.3672383168523,2.0833846500941685e-05,723,1,0
289,16,63,0,0,1,20.775179181780135,"[0.0, 20.775179181780135]",20.775179181780135,20.0,20.775179181780135,11.100000000000131,0,1,0,193.33643003270117,2.0775179181780135e-05,666,1,0
289,17,19,0,0,1,20.669520241873602,"[0.0, 20.669520241873602]",20.669520241873602,20.0,20.669520241873602,11.283333333333474,0,1,0,191.3545140360511,2.0669520241873603e-05,677,1,0
289,18,46,0,0,1,20.415543147495814,"[0.0, 20.415543147495814]",20.415543147495814,20.0,20.415543147495814,12.90000000000022,0,1,0,197.6044782529134,2.0415543147495814e-05,774,1,0
289,19,45,0,0,1,20.374625069754465,"[0.0, 20.374625069754465]",20.374625069754465,20.0,20.374625069754465,12.83333333333355,0,1,0,196.0537928614067,2.0374625069754466e-05,770,1,0
289,20,54,0,0,1,17.206017630440847,"[0.0, 17.206017630440847]",17.206017630440847,17.142857142857142,17.206017630440847,10.766666666666781,0,1,0,163.705101564301,1.7206017630440847e-05,646,1,0
289,21,10,0,0,1,16.91485813685826,"[0.0, 16.91485813685826]",16.91485813685826,14.285714285714285,16.91485813685826,11.133333333333466,0,1,0,157.19475763932132,1.691485813685826e-05,668,1,0
289,22,11,0,0,1,16.895424979073663,"[0.0, 16.895424979073663]",16.895424979073663,14.285714285714285,16.895424979073663,9.483333333333384,0,1,0,150.11622805625666,1.6895424979073664e-05,569,1,0
289,23,57,0,0,1,16.866356985909597,"[0.0, 16.866356985909597]",16.866356985909597,14.285714285714285,16.866356985909597,9.433333333333382,0,1,0,151.73108928091824,1.6866356985909597e-05,566,1,0
289,24,20,0,0,1,16.779120309012278,"[0.0, 16.779120309012278]",16.779120309012278,14.285714285714285,16.779120309012278,9.950000000000074,0,1,0,152.17121558070357,1.6779120309012278e-05,597,1,0
289,25,44,0,0,1,16.71896253313337,"[0.0, 16.71896253313337]",16.71896253313337,14.285714285714285,16.71896253313337,11.816666666666833,0,1,0,155.6754463696052,1.6718962533133372e-05,709,1,0
289,26,8,0,0,1,16.628238133021764,"[0.0, 16.628238133021764]",16.628238133021764,14.285714285714285,16.628238133021764,9.766666666666731,0,1,0,152.6660773672411,1.6628238133021762e-05,586,1,0
289,27,42,0,0,1,16.482336861746653,"[0.0, 16.482336861746653]",16.482336861746653,14.285714285714285,16.482336861746653,10.616666666666774,0,1,0,158.5005027606967,1.6482336861746653e-05,637,1,0
289,28,18,0,0,1,16.358021327427455,"[0.0, 16.358021327427455]",16.358021327427455,14.285714285714285,16.358021327427455,10.783333333333449,0,1,0,151.52811094479694,1.6358021327427456e-05,647,1,0
289,29,15,0,0,1,16.226119995117188,"[0.0, 16.226119995117188]",16.226119995117188,14.285714285714285,16.226119995117188,10.400000000000096,0,1,0,152.19400988100097,1.622611999511719e-05,624,1,0
289,30,34,0,0,1,16.10985347202846,"[0.0, 16.10985347202846]",16.10985347202846,14.285714285714285,16.10985347202846,8.900000000000022,0,1,0,141.6032485961914,1.6109853472028457e-05,534,1,0
289,31,23,0,0,1,15.97764151436942,"[0.0, 15.97764151436942]",15.97764151436942,14.285714285714285,15.97764151436942,10.683333333333444,0,1,0,147.86294791196997,1.597764151436942e-05,641,1,0
289,32,27,0,0,1,15.782247270856583,"[0.0, 15.782247270856583]",15.782247270856583,14.285714285714285,15.782247270856583,10.716666666666779,0,1,0,149.15938082373032,1.5782247270856584e-05,643,1,0
289,33,51,0,0,0,14.469566345214844,"[0.0, 14.469566345214844]",14.469566345214844,14.285714285714285,14.469566345214844,16.533333333333676,0,1,0,154.1377635106328,1.4469566345214844e-05,992,1,0
289,34,43,0,0,0,14.004238673618863,"[0.0, 14.004238673618863]",14.004238673618863,11.428571428571429,14.004238673618863,9.566666666666721,0,1,0,116.80919849706697,1.4004238673618863e-05,574,1,0
289,35,40,0,0,0,11.634396144321986,"[0.0, 11.634396144321986]",11.634396144321986,11.428571428571429,11.634396144321986,9.200000000000037,0,1,0,113.46716091249982,1.1634396144321986e-05,552,1,0
289,36,36,0,0,0,11.581527165004186,"[0.0, 11.581527165004186]",11.581527165004186,11.428571428571429,11.581527165004186,9.283333333333374,0,1,0,114.0736073165317,1.1581527165004186e-05,557,1,0
289,37,49,0,0,0,11.530919756208146,"[0.0, 11.530919756208146]",11.530919756208146,11.428571428571429,11.530919756208146,8.31666666666666,0,1,0,112.65374242514372,1.1530919756208146e-05,499,1,0
289,38,24,0,0,0,11.412132808140345,"[0.0, 11.412132808140345]",11.412132808140345,8.571428571428571,11.412132808140345,8.51666666666667,0,1,0,113.07338719430845,1.1412132808140345e-05,511,1,0
289,39,21,0,0,0,11.405026572091238,"[0.0, 11.405026572091238]",11.405026572091238,8.571428571428571,11.405026572091238,11.066666666666796,0,1,0,114.44134050390858,1.1405026572091238e-05,664,1,0
289,40,28,0,0,0,11.360601697649276,"[0.0, 11.360601697649276]",11.360601697649276,8.571428571428571,11.360601697649276,8.066666666666647,0,1,0,109.73586387187243,1.1360601697649277e-05,484,1,0
289,41,35,0,0,0,11.30462374005999,"[0.0, 11.30462374005999]",11.30462374005999,8.571428571428571,11.30462374005999,10.450000000000099,0,1,0,111.72886517208099,1.1304623740059989e-05,627,1,0
289,42,13,0,0,0,11.269855499267578,"[0.0, 11.269855499267578]",11.269855499267578,8.571428571428571,11.269855499267578,8.45,0,1,0,110.6766462000669,1.1269855499267578e-05,507,1,0
289,43,22,0,0,0,11.204962049211776,"[0.0, 11.204962049211776]",11.204962049211776,8.571428571428571,11.204962049211776,7.6333333333333115,0,1,0,110.23413210734725,1.1204962049211775e-05,458,1,0
289,44,50,0,0,0,11.200286320277623,"[0.0, 11.200286320277623]",11.200286320277623,8.571428571428571,11.200286320277623,9.350000000000044,0,1,0,111.60491403051128,1.1200286320277623e-05,561,1,0
289,45,32,0,0,0,9.966367994035993,"[0.0, 9.966367994035993]",9.966367994035993,8.571428571428571,9.966367994035993,6.5333333333333155,0,1,0,98.71527384221554,9.966367994035993e-06,392,1,0
289,46,53,0,0,0,6.532729012625558,"[0.0, 6.532729012625558]",6.532729012625558,5.714285714285714,6.532729012625558,7.416666666666646,0,1,0,59.537228721455904,6.532729012625558e-06,445,1,0
289,47,58,0,0,0,6.51961190359933,"[0.0, 6.51961190359933]",6.51961190359933,5.714285714285714,6.51961190359933,7.416666666666646,0,1,0,59.76165155068156,6.51961190359933e-06,445,1,0
289,48,56,0,0,0,6.4875302995954245,"[0.0, 6.4875302995954245]",6.4875302995954245,5.714285714285714,6.4875302995954245,7.366666666666646,0,1,0,58.582020844420185,6.487530299595424e-06,442,1,0
289,49,29,0,0,0,6.473388671874999,"[0.0, 6.473388671874999]",6.473388671874999,5.714285714285714,6.473388671874999,7.366666666666646,0,1,0,58.58242733738007,6.473388671874999e-06,442,1,0
289,50,52,0,0,0,6.460004534040179,"[0.0, 6.460004534040179]",6.460004534040179,5.714285714285714,6.460004534040179,7.416666666666646,0,1,0,59.5618508161715,6.460004534040179e-06,445,1,0
289,51,41,0,0,0,6.424189976283483,"[0.0, 6.424189976283483]",6.424189976283483,5.714285714285714,6.424189976283483,7.366666666666646,0,1,0,58.58128279608354,6.424189976283483e-06,442,1,0
289,52,61,0,0,0,6.419110979352678,"[0.0, 6.419110979352678]",6.419110979352678,5.714285714285714,6.419110979352678,7.416666666666646,0,1,0,59.53756759442331,6.419110979352678e-06,445,1,0
289,53,48,0,0,0,6.394015720912388,"[0.0, 6.394015720912388]",6.394015720912388,5.714285714285714,6.394015720912388,7.366666666666646,0,1,0,58.58140426415048,6.394015720912388e-06,442,1,0
289,54,47,0,0,0,6.371258326939174,"[0.0, 6.371258326939174]",6.371258326939174,5.714285714285714,6.371258326939174,7.366666666666646,0,1,0,58.537351924453105,6.371258326939173e-06,442,1,0
289,55,25,0,0,0,6.32613045828683,"[0.0, 6.32613045828683]",6.32613045828683,5.714285714285714,6.32613045828683,7.366666666666646,0,1,0,59.09646093307674,6.3261304582868295e-06,442,1,0
289,56,33,0,0,0,6.305334908621651,"[0.0, 6.305334908621651]",6.305334908621651,5.714285714285714,6.305334908621651,7.366666666666646,0,1,0,58.73084889003803,6.305334908621651e-06,442,1,0
289,57,62,0,0,0,6.246615818568638,"[0.0, 6.246615818568638]",6.246615818568638,5.714285714285714,6.246615818568638,7.366666666666646,0,1,0,58.626780789898476,6.246615818568638e-06,442,1,0
289,58,30,0,0,0,5.168778555733817,"[0.0, 5.168778555733817]",5.168778555733817,2.857142857142857,5.168778555733817,2.749999999999995,0,1,0,43.71546259522438,5.168778555733817e-06,165,1,0
289,59,39,0,0,0,4.692933218819754,"[0.0, 4.692933218819754]",4.692933218819754,2.857142857142857,4.692933218819754,2.3499999999999965,0,1,0,38.499712482094765,4.692933218819755e-06,141,1,0
289,60,9,0,0,0,4.315616062709263,"[0.0, 4.315616062709263]",4.315616062709263,2.857142857142857,4.315616062709263,2.083333333333331,0,1,0,34.53804111480713,4.315616062709263e-06,125,1,0
289,61,16,0,0,0,3.993219648088728,"[0.0, 3.993219648088728]",3.993219648088728,2.857142857142857,3.993219648088728,1.816666666666665,0,1,0,31.377728402614594,3.993219648088728e-06,109,1,0
289,62,38,0,0,0,3.707199096679688,"[0.0, 3.707199096679688]",3.707199096679688,2.857142857142857,3.707199096679688,4.416666666666656,0,1,0,26.834496315444994,3.707199096679688e-06,265,1,0
289,63,26,0,0,0,3.645346505301339,"[0.0, 3.645346505301339]",3.645346505301339,2.857142857142857,3.645346505301339,4.033333333333324,0,1,0,43.51562409568578,3.645346505301339e-06,242,1,0
289,64,60,0,0,0,0.0,"[0.0, 0.0]",0.0,0.0,0.0,6.599999999999982,0,1,0,41.54393154580612,0.0,396,1,0
290,1,0,0,1,1,30.649890790416634,"[0.0, 30.649890790416634]",30.649890790416634,28.57142857142857,30.649890790416634,14.333333333333625,0,1,0,296.44501843172475,3.0649890790416634e-05,860,1,0
290,2,1,0,1,1,30.475981917035455,"[0.0, 30.475981917035455]",30.475981917035455,28.57142857142857,30.475981917035455,14.483333333333633,0,1,0,299.230518253411,3.0475981917035456e-05,869,1,0
290,3,2,0,1,1,30.20815926498905,"[0.0, 30.20815926498905]",30.20815926498905,28.57142857142857,30.20815926498905,18.416666666666902,0,1,0,299.4317616307453,3.020815926498905e-05,1105,1,0
290,4,3,0,1,1,30.11434766555043,"[0.0, 30.11434766555043]",30.11434766555043,28.57142857142857,30.11434766555043,18.316666666666908,0,1,0,299.97855526866624,3.011434766555043e-05,1099,1,0
290,5,28,0,1,1,30.027965475103496,"[0.0, 30.027965475103496]",30.027965475103496,28.57142857142857,30.027965475103496,22.000000000000032,0,1,0,299.48433329990803,3.0027965475103496e-05,1320,1,0
290,6,4,0,1,1,29.99711096441795,"[0.0, 29.99711096441795]",29.99711096441795,28.57142857142857,29.99711096441795,15.816666666667032,0,1,0,288.52886090921675,2.999711096441795e-05,949,1,0
290,7,5,0,1,1,29.630709488607625,"[0.0, 29.630709488607625]",29.630709488607625,28.57142857142857,29.630709488607625,23.533333333333278,0,1,0,294.0400271560502,2.9630709488607624e-05,1412,1,0
290,8,6,0,1,1,29.35066726299685,"[0.0, 29.35066726299685]",29.35066726299685,28.57142857142857,29.35066726299685,16.86666666666699,0,1,0,279.4842847014079,2.9350667262996852e-05,1012,1,0
290,9,7,0,0,1,29.07006373223238,"[0.0, 29.07006373223238]",29.07006373223238,28.57142857142857,29.07006373223238,19.416666666666845,0,1,0,282.330984117747,2.907006373223238e-05,1165,1,0
290,10,36,0,0,1,27.81308896009726,"[0.0, 27.81308896009726]",27.81308896009726,25.71428571428571,27.81308896009726,18.200000000000248,0,1,0,277.1805594815669,2.781308896009726e-05,1092,1,0
290,11,16,0,0,1,25.71428571428571,"[0.0, 25.71428571428571]",25.71428571428571,22.857142857142858,25.71428571428571,12.333333333333526,0,1,0,248.93135499954224,2.571428571428571e-05,740,1,0
290,12,13,0,0,1,22.76883261544364,"[0.0, 22.76883261544364]",22.76883261544364,20.0,22.76883261544364,14.983333333333658,0,1,0,205.3957856950292,2.276883261544364e-05,899,1,0
290,13,55,0,0,1,21.342484610421316,"[0.0, 21.342484610421316]",21.342484610421316,20.0,21.342484610421316,12.83333333333355,0,1,0,196.88859157238767,2.1342484610421314e-05,770,1,0
290,14,34,0,0,1,21.034385136195592,"[0.0, 21.034385136195592]",21.034385136195592,20.0,21.034385136195592,11.933333333333506,0,1,0,194.43995933738188,2.1034385136195592e-05,716,1,0
290,15,35,0,0,1,20.61427525111607,"[0.0, 20.61427525111607]",20.61427525111607,20.0,20.61427525111607,10.816666666666784,0,1,0,189.93540139744437,2.061427525111607e-05,649,1,0
290,16,41,0,0,1,20.383663177490234,"[0.0, 20.383663177490234]",20.383663177490234,20.0,20.383663177490234,11.983333333333508,0,1,0,193.96938415322802,2.0383663177490233e-05,719,1,0
290,17,30,0,0,1,19.299419948032927,"[0.0, 19.299419948032927]",19.299419948032927,17.142857142857142,19.299419948032927,17.050000000000313,0,1,0,178.910289375126,1.9299419948032928e-05,1023,1,0
290,18,51,0,0,1,17.317668369838167,"[0.0, 17.317668369838167]",17.317668369838167,17.142857142857142,17.317668369838167,10.083333333333414,0,1,0,160.28063799867232,1.7317668369838167e-05,605,1,0
290,19,20,0,0,1,17.268338884626118,"[0.0, 17.268338884626118]",17.268338884626118,17.142857142857142,17.268338884626118,10.283333333333424,0,1,0,151.21664727269672,1.726833888462612e-05,617,1,0
290,20,62,0,0,1,17.21827370779855,"[0.0, 17.21827370779855]",17.21827370779855,17.142857142857142,17.21827370779855,14.783333333333648,0,1,0,161.3068946697822,1.721827370779855e-05,887,1,0
290,21,59,0,0,1,17.152644566127233,"[0.0, 17.152644566127233]",17.152644566127233,17.142857142857142,17.152644566127233,11.100000000000131,0,1,0,159.90548772567126,1.7152644566127233e-05,666,1,0
290,22,17,0,0,1,16.920907156808035,"[0.0, 16.920907156808035]",16.920907156808035,14.285714285714285,16.920907156808035,11.500000000000151,0,1,0,166.28678654765827,1.6920907156808033e-05,690,1,0
290,23,10,0,0,1,16.81781223842076,"[0.0, 16.81781223842076]",16.81781223842076,14.285714285714285,16.81781223842076,10.316666666666759,0,1,0,156.89222094728757,1.681781223842076e-05,619,1,0
290,24,19,0,0,1,16.765223911830358,"[0.0, 16.765223911830358]",16.765223911830358,14.285714285714285,16.765223911830358,10.416666666666764,0,1,0,156.14056921882002,1.6765223911830357e-05,625,1,0
290,25,24,0,0,1,16.702880859375,"[0.0, 16.702880859375]",16.702880859375,14.285714285714285,16.702880859375,11.583333333333488,0,1,0,152.3645454926882,1.6702880859375e-05,695,1,0
290,26,9,0,0,1,16.603943961007253,"[0.0, 16.603943961007253]",16.603943961007253,14.285714285714285,16.603943961007253,10.316666666666759,0,1,0,153.4277077265724,1.6603943961007254e-05,619,1,0
290,27,37,0,0,1,16.5735844203404,"[0.0, 16.5735844203404]",16.5735844203404,14.285714285714285,16.5735844203404,10.750000000000114,0,1,0,156.16553776482033,1.6573584420340398e-05,645,1,0
290,28,56,0,0,1,16.460113525390625,"[0.0, 16.460113525390625]",16.460113525390625,14.285714285714285,16.460113525390625,10.950000000000124,0,1,0,152.54980862110096,1.6460113525390624e-05,657,1,0
290,29,15,0,0,1,16.44270760672433,"[0.0, 16.44270760672433]",16.44270760672433,14.285714285714285,16.44270760672433,11.033333333333461,0,1,0,153.89000126298197,1.644270760672433e-05,662,1,0
290,30,44,0,0,1,16.32894243512835,"[0.0, 16.32894243512835]",16.32894243512835,14.285714285714285,16.32894243512835,10.150000000000084,0,1,0,154.95894340877567,1.632894243512835e-05,609,1,0
290,31,57,0,0,1,16.295383998325892,"[0.0, 16.295383998325892]",16.295383998325892,14.285714285714285,16.295383998325892,10.366666666666761,0,1,0,154.14483055021992,1.6295383998325893e-05,622,1,0
290,32,50,0,0,1,16.22983660016741,"[0.0, 16.22983660016741]",16.22983660016741,14.285714285714285,16.22983660016741,10.066666666666746,0,1,0,150.0140876652731,1.622983660016741e-05,604,1,0
290,33,54,0,0,0,16.212267194475448,"[0.0, 16.212267194475448]",16.212267194475448,14.285714285714285,16.212267194475448,9.383333333333379,0,1,0,150.71456030011177,1.6212267194475448e-05,563,1,0
290,34,33,0,0,0,16.12455095563616,"[0.0, 16.12455095563616]",16.12455095563616,14.285714285714285,16.12455095563616,11.566666666666821,0,1,0,151.34256170927983,1.612455095563616e-05,694,1,0
290,35,8,0,0,0,16.121368408203125,"[0.0, 16.121368408203125]",16.121368408203125,14.285714285714285,16.121368408203125,10.900000000000121,0,1,0,152.32181296658382,1.6121368408203125e-05,654,1,0
290,36,26,0,0,0,15.910344805036273,"[0.0, 15.910344805036273]",15.910344805036273,14.285714285714285,15.910344805036273,10.950000000000124,0,1,0,150.63253843977145,1.5910344805036274e-05,657,1,0
290,37,14,0,0,0,15.869663783482144,"[0.0, 15.869663783482144]",15.869663783482144,14.285714285714285,15.869663783482144,9.950000000000074,0,1,0,152.72875285329792,1.5869663783482142e-05,597,1,0
290,38,21,0,0,0,15.866889953613281,"[0.0, 15.866889953613281]",15.866889953613281,14.285714285714285,15.866889953613281,9.633333333333391,0,1,0,145.10302498191595,1.5866889953613282e-05,578,1,0
290,39,61,0,0,0,15.864993504115512,"[0.0, 15.864993504115512]",15.864993504115512,14.285714285714285,15.864993504115512,10.416666666666764,0,1,0,152.21821038239432,1.5864993504115513e-05,625,1,0
290,40,29,0,0,0,15.795042855398997,"[0.0, 15.795042855398997]",15.795042855398997,14.285714285714285,15.795042855398997,9.750000000000064,0,1,0,146.84446588948776,1.5795042855398995e-05,585,1,0
290,41,39,0,0,0,11.691731044224332,"[0.0, 11.691731044224332]",11.691731044224332,11.428571428571429,11.691731044224332,8.800000000000017,0,1,0,115.28008198508905,1.1691731044224332e-05,528,1,0
290,42,42,0,0,0,11.675289699009486,"[0.0, 11.675289699009486]",11.675289699009486,11.428571428571429,11.675289699009486,8.750000000000014,0,1,0,114.37427682683483,1.1675289699009486e-05,525,1,0
290,43,49,0,0,0,11.64426258632115,"[0.0, 11.64426258632115]",11.64426258632115,11.428571428571429,11.64426258632115,8.700000000000012,0,1,0,114.07855895368994,1.164426258632115e-05,522,1,0
290,44,52,0,0,0,11.642120906284877,"[0.0, 11.642120906284877]",11.642120906284877,11.428571428571429,11.642120906284877,8.416666666666664,0,1,0,107.24499153680517,1.1642120906284877e-05,505,1,0
290,45,53,0,0,0,11.605804988316129,"[0.0, 11.605804988316129]",11.605804988316129,11.428571428571429,11.605804988316129,10.383333333333429,0,1,0,118.48668028466636,1.1605804988316128e-05,623,1,0
290,46,45,0,0,0,11.578450884137835,"[0.0, 11.578450884137835]",11.578450884137835,11.428571428571429,11.578450884137835,9.066666666666697,0,1,0,113.4563451264039,1.1578450884137835e-05,544,1,0
290,47,46,0,0,0,11.423909323556082,"[0.0, 11.423909323556082]",11.423909323556082,8.571428571428571,11.423909323556082,8.500000000000002,0,1,0,111.77742628130363,1.1423909323556081e-05,510,1,0
290,48,38,0,0,0,11.239065442766462,"[0.0, 11.239065442766462]",11.239065442766462,8.571428571428571,11.239065442766462,7.899999999999977,0,1,0,99.88060189411044,1.1239065442766463e-05,474,1,0
290,49,58,0,0,0,11.22253145490374,"[0.0, 11.22253145490374]",11.22253145490374,8.571428571428571,11.22253145490374,9.350000000000044,0,1,0,109.565505558312,1.122253145490374e-05,561,1,0
290,50,11,0,0,0,11.083720070975167,"[0.0, 11.083720070975167]",11.083720070975167,8.571428571428571,11.083720070975167,9.083333333333364,0,1,0,110.22230716982449,1.1083720070975167e-05,545,1,0
290,51,63,0,0,0,11.032777513776507,"[0.0, 11.032777513776507]",11.032777513776507,8.571428571428571,11.032777513776507,6.799999999999981,0,1,0,98.33230195939541,1.1032777513776507e-05,408,1,0
290,52,23,0,0,0,10.860091618129184,"[0.0, 10.860091618129184]",10.860091618129184,8.571428571428571,10.860091618129184,8.18333333333332,0,1,0,107.26211205683649,1.0860091618129185e-05,491,1,0
290,53,40,0,0,0,10.515403747558594,"[0.0, 10.515403747558594]",10.515403747558594,8.571428571428571,10.515403747558594,7.14999999999998,0,1,0,103.2421572394669,1.0515403747558593e-05,429,1,0
290,54,18,0,0,0,8.488336290631976,"[0.0, 8.488336290631976]",8.488336290631976,5.714285714285714,8.488336290631976,11.683333333333493,0,1,0,68.28367630223511,8.488336290631976e-06,701,1,0
290,55,43,0,0,0,6.526598249162946,"[0.0, 6.526598249162946]",6.526598249162946,5.714285714285714,6.526598249162946,7.416666666666646,0,1,0,59.537522275262745,6.5265982491629465e-06,445,1,0
290,56,12,0,0,0,6.480522155761719,"[0.0, 6.480522155761719]",6.480522155761719,5.714285714285714,6.480522155761719,7.416666666666646,0,1,0,59.54560412526189,6.480522155761719e-06,445,1,0
290,57,22,0,0,0,6.39784676688058,"[0.0, 6.39784676688058]",6.39784676688058,5.714285714285714,6.39784676688058,10.883333333333454,0,1,0,65.40824834640807,6.39784676688058e-06,653,1,0
290,58,32,0,0,0,6.332146780831473,"[0.0, 6.332146780831473]",6.332146780831473,5.714285714285714,6.332146780831473,7.366666666666646,0,1,0,58.58176880575047,6.332146780831473e-06,442,1,0
290,59,47,0,0,0,6.324871608189174,"[0.0, 6.324871608189174]",6.324871608189174,5.714285714285714,6.324871608189174,7.366666666666646,0,1,0,58.35835014193435,6.3248716081891735e-06,442,1,0
290,60,60,0,0,0,6.310888017926897,"[0.0, 6.310888017926897]",6.310888017926897,5.714285714285714,6.310888017926897,7.366666666666646,0,1,0,59.072239190136315,6.310888017926896e-06,442,1,0
290,61,27,0,0,0,6.294304983956474,"[0.0, 6.294304983956474]",6.294304983956474,5.714285714285714,6.294304983956474,7.366666666666646,0,1,0,58.505935071421845,6.294304983956474e-06,442,1,0
290,62,31,0,0,0,5.192604064941406,"[0.0, 5.192604064941406]",5.192604064941406,2.857142857142857,5.192604064941406,6.633333333333315,0,1,0,43.828814779430104,5.192604064941406e-06,398,1,0
290,63,48,0,0,0,3.9196450369698663,"[0.0, 3.9196450369698663]",3.9196450369698663,2.857142857142857,3.9196450369698663,5.666666666666652,0,1,0,28.309462186363817,3.919645036969866e-06,340,1,0
290,64,25,0,0,0,2.9420035226004466,"[0.0, 2.9420035226004466]",2.9420035226004466,2.857142857142857,2.9420035226004466,3.6666666666666585,0,1,0,21.30509377643466,2.9420035226004466e-06,220,1,0
291,1,21,0,1,1,30.78334835552436,"[0.0, 30.78334835552436]",30.78334835552436,28.57142857142857,30.78334835552436,16.733333333333665,0,1,0,302.8928435566486,3.078334835552436e-05,1004,1,0
291,2,0,0,1,1,30.649890790416634,"[0.0, 30.649890790416634]",30.649890790416634,28.57142857142857,30.649890790416634,14.333333333333625,0,1,0,296.44501843172475,3.0649890790416634e-05,860,1,0
291,3,1,0,1,1,30.475981917035455,"[0.0, 30.475981917035455]",30.475981917035455,28.57142857142857,30.475981917035455,14.483333333333633,0,1,0,299.230518253411,3.0475981917035456e-05,869,1,0
291,4,31,0,1,1,30.36401681560095,"[0.0, 30.36401681560095]",30.36401681560095,28.57142857142857,30.36401681560095,18.70000000000022,0,1,0,305.8341662709572,3.036401681560095e-05,1122,1,0
291,5,2,0,1,1,30.20815926498905,"[0.0, 30.20815926498905]",30.20815926498905,28.57142857142857,30.20815926498905,18.416666666666902,0,1,0,299.4317616307453,3.020815926498905e-05,1105,1,0
291,6,3,0,1,1,30.11434766555043,"[0.0, 30.11434766555043]",30.11434766555043,28.57142857142857,30.11434766555043,18.316666666666908,0,1,0,299.97855526866624,3.011434766555043e-05,1099,1,0
291,7,4,0,1,1,30.027965475103496,"[0.0, 30.027965475103496]",30.027965475103496,28.57142857142857,30.027965475103496,22.000000000000032,0,1,0,299.48433329990803,3.0027965475103496e-05,1320,1,0
291,8,5,0,1,1,29.99711096441795,"[0.0, 29.99711096441795]",29.99711096441795,28.57142857142857,29.99711096441795,15.816666666667032,0,1,0,288.52886090921675,2.999711096441795e-05,949,1,0
291,9,57,0,0,1,29.94438097735852,"[0.0, 29.94438097735852]",29.94438097735852,28.57142857142857,29.94438097735852,16.700000000000333,0,1,0,288.36292250209954,2.994438097735852e-05,1002,1,0
291,10,6,0,0,1,29.630709488607625,"[0.0, 29.630709488607625]",29.630709488607625,28.57142857142857,29.630709488607625,23.533333333333278,0,1,0,294.0400271560502,2.9630709488607624e-05,1412,1,0
291,11,7,0,0,1,29.35066726299685,"[0.0, 29.35066726299685]",29.35066726299685,28.57142857142857,29.35066726299685,16.86666666666699,0,1,0,279.4842847014079,2.9350667262996852e-05,1012,1,0
291,12,36,0,0,1,28.233343033274394,"[0.0, 28.233343033274394]",28.233343033274394,25.71428571428571,28.233343033274394,15.70000000000036,0,1,0,278.9695976925286,2.8233343033274396e-05,942,1,0
291,13,40,0,0,1,27.989164392289297,"[0.0, 27.989164392289297]",27.989164392289297,25.71428571428571,27.989164392289297,16.583333333333673,0,1,0,268.6582345846109,2.7989164392289297e-05,995,1,0
291,14,38,0,0,1,27.12663304010803,"[0.0, 27.12663304010803]",27.12663304010803,25.71428571428571,27.12663304010803,16.55000000000034,0,1,0,259.7876840136887,2.712663304010803e-05,993,1,0
291,15,8,0,0,1,23.31968010204323,"[0.0, 23.31968010204323]",23.31968010204323,22.857142857142858,23.31968010204323,12.36666666666686,0,1,0,211.38102455795888,2.331968010204323e-05,742,1,0
291,16,23,0,0,1,22.740772792271205,"[0.0, 22.740772792271205]",22.740772792271205,20.0,22.740772792271205,13.783333333333598,0,1,0,206.48211748933682,2.2740772792271204e-05,827,1,0
291,17,60,0,0,1,22.712181636265345,"[0.0, 22.712181636265345]",22.712181636265345,20.0,22.712181636265345,19.20000000000019,0,1,0,209.46761052188958,2.2712181636265346e-05,1152,1,0
291,18,11,0,0,1,22.644119262695312,"[0.0, 22.644119262695312]",22.644119262695312,20.0,22.644119262695312,19.0500000000002,0,1,0,204.4232206455854,2.2644119262695313e-05,1143,1,0
291,19,44,0,0,1,22.24252700805664,"[0.0, 22.24252700805664]",22.24252700805664,20.0,22.24252700805664,12.583333333333538,0,1,0,203.89976865051722,2.2242527008056642e-05,755,1,0
291,20,53,0,0,1,22.141222272600448,"[0.0, 22.141222272600448]",22.141222272600448,20.0,22.141222272600448,11.316666666666809,0,1,0,195.34939579779166,2.2141222272600448e-05,679,1,0
291,21,25,0,0,1,21.821774074009486,"[0.0, 21.821774074009486]",21.821774074009486,20.0,21.821774074009486,12.950000000000223,0,1,0,200.41117749847035,2.1821774074009487e-05,777,1,0
291,22,51,0,0,1,21.813787732805526,"[0.0, 21.813787732805526]",21.813787732805526,20.0,21.813787732805526,11.233333333333471,0,1,0,197.72483261298476,2.1813787732805525e-05,674,1,0
291,23,47,0,0,1,21.479909079415457,"[0.0, 21.479909079415457]",21.479909079415457,20.0,21.479909079415457,12.450000000000198,0,1,0,196.95134556470293,2.1479909079415456e-05,747,1,0
291,24,35,0,0,1,21.472764696393696,"[0.0, 21.472764696393696]",21.472764696393696,20.0,21.472764696393696,12.83333333333355,0,1,0,197.39014645174757,2.1472764696393698e-05,770,1,0
291,25,63,0,0,1,21.144417354038783,"[0.0, 21.144417354038783]",21.144417354038783,20.0,21.144417354038783,12.850000000000218,0,1,0,195.8316340343954,2.1144417354038783e-05,771,1,0
291,26,42,0,0,1,21.102491106305806,"[0.0, 21.102491106305806]",21.102491106305806,20.0,21.102491106305806,10.766666666666781,0,1,0,189.6110886522656,2.1102491106305805e-05,646,1,0
291,27,37,0,0,1,21.09591347830636,"[0.0, 21.09591347830636]",21.09591347830636,20.0,21.09591347830636,12.30000000000019,0,1,0,192.94866616700165,2.109591347830636e-05,738,1,0
291,28,50,0,0,1,20.97416196550642,"[0.0, 20.97416196550642]",20.97416196550642,20.0,20.97416196550642,11.283333333333474,0,1,0,194.5960183012794,2.097416196550642e-05,677,1,0
291,29,24,0,0,1,20.72929927280971,"[0.0, 20.72929927280971]",20.72929927280971,20.0,20.72929927280971,10.800000000000116,0,1,0,191.9889738593847,2.0729299272809707e-05,648,1,0
291,30,15,0,0,1,20.3927857535226,"[0.0, 20.3927857535226]",20.3927857535226,20.0,20.3927857535226,12.650000000000208,0,1,0,195.05913371808856,2.0392785753522598e-05,759,1,0
291,31,13,0,0,1,17.376278468540736,"[0.0, 17.376278468540736]",17.376278468540736,17.142857142857142,17.376278468540736,10.150000000000084,0,1,0,160.49594448621065,1.7376278468540735e-05,609,1,0
291,32,39,0,0,1,16.79170880998884,"[0.0, 16.79170880998884]",16.79170880998884,14.285714285714285,16.79170880998884,11.283333333333474,0,1,0,154.25411982447258,1.679170880998884e-05,677,1,0
291,33,10,0,0,0,16.790455409458705,"[0.0, 16.790455409458705]",16.790455409458705,14.285714285714285,16.790455409458705,10.950000000000124,0,1,0,162.6654806895167,1.6790455409458706e-05,657,1,0
291,34,28,0,0,0,16.521906171526226,"[0.0, 16.521906171526226]",16.521906171526226,14.285714285714285,16.521906171526226,10.850000000000119,0,1,0,153.5052240818477,1.6521906171526227e-05,651,1,0
291,35,29,0,0,0,16.361541748046875,"[0.0, 16.361541748046875]",16.361541748046875,14.285714285714285,16.361541748046875,11.683333333333493,0,1,0,153.18244856109231,1.6361541748046876e-05,701,1,0
291,36,17,0,0,0,16.08152117047991,"[0.0, 16.08152117047991]",16.08152117047991,14.285714285714285,16.08152117047991,10.850000000000119,0,1,0,152.8490987221012,1.6081521170479908e-05,651,1,0
291,37,32,0,0,0,16.0320554460798,"[0.0, 16.0320554460798]",16.0320554460798,14.285714285714285,16.0320554460798,11.250000000000139,0,1,0,151.5363676093475,1.6032055446079797e-05,675,1,0
291,38,30,0,0,0,15.814023699079241,"[0.0, 15.814023699079241]",15.814023699079241,14.285714285714285,15.814023699079241,10.100000000000081,0,1,0,150.08658289853338,1.581402369907924e-05,606,1,0
291,39,61,0,0,0,15.802634102957589,"[0.0, 15.802634102957589]",15.802634102957589,14.285714285714285,15.802634102957589,10.550000000000104,0,1,0,151.64779234608432,1.580263410295759e-05,633,1,0
291,40,58,0,0,0,15.799353463309151,"[0.0, 15.799353463309151]",15.799353463309151,14.285714285714285,15.799353463309151,10.816666666666784,0,1,0,152.984756090671,1.579935346330915e-05,649,1,0
291,41,41,0,0,0,15.741827828543528,"[0.0, 15.741827828543528]",15.741827828543528,14.285714285714285,15.741827828543528,10.533333333333436,0,1,0,146.82856053732394,1.574182782854353e-05,632,1,0
291,42,48,0,0,0,15.324183872767858,"[0.0, 15.324183872767858]",15.324183872767858,14.285714285714285,15.324183872767858,10.633333333333441,0,1,0,148.32671156121796,1.5324183872767856e-05,638,1,0
291,43,26,0,0,0,14.285741533551896,"[0.0, 14.285741533551896]",14.285741533551896,14.285714285714285,14.285741533551896,19.916666666666817,0,1,0,182.33967279094213,1.4285741533551896e-05,1195,1,0
291,44,9,0,0,0,11.574440002441406,"[0.0, 11.574440002441406]",11.574440002441406,11.428571428571429,11.574440002441406,7.98333333333331,0,1,0,111.13787546940148,1.1574440002441406e-05,479,1,0
291,45,14,0,0,0,11.462854657854352,"[0.0, 11.462854657854352]",11.462854657854352,11.428571428571429,11.462854657854352,7.883333333333311,0,1,0,111.71291115321219,1.1462854657854353e-05,473,1,0
291,46,52,0,0,0,11.42998559134347,"[0.0, 11.42998559134347]",11.42998559134347,11.428571428571429,11.42998559134347,10.566666666666771,0,1,0,112.510636771789,1.142998559134347e-05,634,1,0
291,47,54,0,0,0,11.410345349993024,"[0.0, 11.410345349993024]",11.410345349993024,8.571428571428571,11.410345349993024,9.333333333333377,0,1,0,110.64214338696183,1.1410345349993024e-05,560,1,0
291,48,18,0,0,0,11.339045933314733,"[0.0, 11.339045933314733]",11.339045933314733,8.571428571428571,11.339045933314733,8.666666666666677,0,1,0,111.53472237545793,1.1339045933314733e-05,520,1,0
291,49,34,0,0,0,10.858167920793806,"[0.0, 10.858167920793806]",10.858167920793806,8.571428571428571,10.858167920793806,7.0833333333333135,0,1,0,103.41379912942648,1.0858167920793805e-05,425,1,0
291,50,45,0,0,0,10.675457545689174,"[0.0, 10.675457545689174]",10.675457545689174,8.571428571428571,10.675457545689174,6.483333333333316,0,1,0,101.58622383326292,1.0675457545689174e-05,389,1,0
291,51,56,0,0,0,9.280313764299665,"[0.0, 9.280313764299665]",9.280313764299665,8.571428571428571,9.280313764299665,8.38333333333333,0,1,0,81.48014893956861,9.280313764299665e-06,503,1,0
291,52,49,0,0,0,8.152378627232142,"[0.0, 8.152378627232142]",8.152378627232142,5.714285714285714,8.152378627232142,12.800000000000216,0,1,0,69.72886311067123,8.152378627232143e-06,768,1,0
291,53,16,0,0,0,6.522979736328124,"[0.0, 6.522979736328124]",6.522979736328124,5.714285714285714,6.522979736328124,7.416666666666646,0,1,0,59.5533804500883,6.522979736328124e-06,445,1,0
291,54,12,0,0,0,6.469405038016183,"[0.0, 6.469405038016183]",6.469405038016183,5.714285714285714,6.469405038016183,7.366666666666646,0,1,0,58.58157973735797,6.4694050380161835e-06,442,1,0
291,55,19,0,0,0,6.383863176618304,"[0.0, 6.383863176618304]",6.383863176618304,5.714285714285714,6.383863176618304,7.416666666666646,0,1,0,59.537156406076974,6.383863176618304e-06,445,1,0
291,56,27,0,0,0,6.369770595005581,"[0.0, 6.369770595005581]",6.369770595005581,5.714285714285714,6.369770595005581,7.366666666666646,0,1,0,58.47861545548221,6.369770595005581e-06,442,1,0
291,57,33,0,0,0,6.3269805908203125,"[0.0, 6.3269805908203125]",6.3269805908203125,5.714285714285714,6.3269805908203125,7.366666666666646,0,1,0,58.482552256471536,6.326980590820312e-06,442,1,0
291,58,55,0,0,0,6.309896196637835,"[0.0, 6.309896196637835]",6.309896196637835,5.714285714285714,6.309896196637835,7.366666666666646,0,1,0,58.3538907826005,6.309896196637835e-06,442,1,0
291,59,46,0,0,0,6.295558384486608,"[0.0, 6.295558384486608]",6.295558384486608,5.714285714285714,6.295558384486608,7.366666666666646,0,1,0,58.630254023417365,6.295558384486608e-06,442,1,0
291,60,20,0,0,0,6.152458190917969,"[0.0, 6.152458190917969]",6.152458190917969,5.714285714285714,6.152458190917969,7.316666666666646,0,1,0,57.632733691789326,6.152458190917969e-06,439,1,0
291,61,22,0,0,0,5.782318115234375,"[0.0, 5.782318115234375]",5.782318115234375,5.714285714285714,5.782318115234375,3.899999999999991,0,1,0,52.91158112883568,5.782318115234375e-06,234,1,0
291,62,62,0,0,0,5.080255780901228,"[0.0, 5.080255780901228]",5.080255780901228,2.857142857142857,5.080255780901228,6.5333333333333155,0,1,0,42.14200107653596,5.080255780901228e-06,392,1,0
291,63,43,0,0,0,5.050822666713169,"[0.0, 5.050822666713169]",5.050822666713169,2.857142857142857,5.050822666713169,6.5333333333333155,0,1,0,42.14142148887913,5.050822666713169e-06,392,1,0
291,64,59,0,0,0,4.953438895089286,"[0.0, 4.953438895089286]",4.953438895089286,2.857142857142857,4.953438895089286,6.483333333333316,0,1,0,41.23029929609038,4.953438895089286e-06,389,1,0
292,1,14,0,1,1,30.97591736956666,"[0.0, 30.97591736956666]",30.97591736956666,28.57142857142857,30.97591736956666,16.40000000000035,0,1,0,300.6347389266157,3.097591736956666e-05,984,1,0
292,2,0,0,1,1,30.78334835552436,"[0.0, 30.78334835552436]",30.78334835552436,28.57142857142857,30.78334835552436,16.733333333333665,0,1,0,302.8928435566486,3.078334835552436e-05,1004,1,0
292,3,1,0,1,1,30.649890790416634,"[0.0, 30.649890790416634]",30.649890790416634,28.57142857142857,30.649890790416634,14.333333333333625,0,1,0,296.44501843172475,3.0649890790416634e-05,860,1,0
292,4,2,0,1,1,30.475981917035455,"[0.0, 30.475981917035455]",30.475981917035455,28.57142857142857,30.475981917035455,14.483333333333633,0,1,0,299.230518253411,3.0475981917035456e-05,869,1,0
292,5,3,0,1,1,30.36401681560095,"[0.0, 30.36401681560095]",30.36401681560095,28.57142857142857,30.36401681560095,18.70000000000022,0,1,0,305.8341662709572,3.036401681560095e-05,1122,1,0
292,6,4,0,1,1,30.20815926498905,"[0.0, 30.20815926498905]",30.20815926498905,28.57142857142857,30.20815926498905,18.416666666666902,0,1,0,299.4317616307453,3.020815926498905e-05,1105,1,0
292,7,5,0,1,1,30.11434766555043,"[0.0, 30.11434766555043]",30.11434766555043,28.57142857142857,30.11434766555043,18.316666666666908,0,1,0,299.97855526866624,3.011434766555043e-05,1099,1,0
292,8,6,0,1,1,30.027965475103496,"[0.0, 30.027965475103496]",30.027965475103496,28.57142857142857,30.027965475103496,22.000000000000032,0,1,0,299.48433329990803,3.0027965475103496e-05,1320,1,0
292,9,7,0,0,1,29.99711096441795,"[0.0, 29.99711096441795]",29.99711096441795,28.57142857142857,29.99711096441795,15.816666666667032,0,1,0,288.52886090921675,2.999711096441795e-05,949,1,0
292,10,47,0,0,1,28.349446007054997,"[0.0, 28.349446007054997]",28.349446007054997,25.71428571428571,28.349446007054997,18.483333333333565,0,1,0,280.17328393981006,2.8349446007054998e-05,1109,1,0
292,11,44,0,0,1,25.424855050890667,"[0.0, 25.424855050890667]",25.424855050890667,22.857142857142858,25.424855050890667,13.03333333333356,0,1,0,224.96101371571422,2.5424855050890666e-05,782,1,0
292,12,43,0,0,1,22.88532800524862,"[0.0, 22.88532800524862]",22.88532800524862,22.857142857142858,22.88532800524862,13.600000000000255,0,1,0,206.22111227881396,2.2885328005248622e-05,816,1,0
292,13,46,0,0,1,22.434825897216797,"[0.0, 22.434825897216797]",22.434825897216797,20.0,22.434825897216797,14.316666666666958,0,1,0,206.80576533739077,2.2434825897216796e-05,859,1,0
292,14,59,0,0,1,22.098053523472377,"[0.0, 22.098053523472377]",22.098053523472377,20.0,22.098053523472377,11.666666666666826,0,1,0,200.83827909251704,2.2098053523472378e-05,700,1,0
292,15,28,0,0,1,21.915291377476283,"[0.0, 21.915291377476283]",21.915291377476283,20.0,21.915291377476283,11.833333333333501,0,1,0,197.58553846050927,2.1915291377476285e-05,710,1,0
292,16,55,0,0,1,21.83256966727121,"[0.0, 21.83256966727121]",21.83256966727121,20.0,21.83256966727121,11.300000000000141,0,1,0,197.57405639548233,2.1832569667271207e-05,678,1,0
292,17,50,0,0,1,21.54006140572684,"[0.0, 21.54006140572684]",21.54006140572684,20.0,21.54006140572684,12.483333333333533,0,1,0,196.5730091043588,2.1540061405726838e-05,749,1,0
292,18,39,0,0,1,21.443304334368023,"[0.0, 21.443304334368023]",21.443304334368023,20.0,21.443304334368023,12.383333333333528,0,1,0,197.50510585813754,2.1443304334368024e-05,743,1,0
292,19,32,0,0,1,21.400470733642578,"[0.0, 21.400470733642578]",21.400470733642578,20.0,21.400470733642578,12.933333333333556,0,1,0,197.10529950578348,2.140047073364258e-05,776,1,0
292,20,61,0,0,1,21.344770703996932,"[0.0, 21.344770703996932]",21.344770703996932,20.0,21.344770703996932,11.266666666666806,0,1,0,195.36182819026726,2.1344770703996934e-05,676,1,0
292,21,31,0,0,1,21.341334751674108,"[0.0, 21.341334751674108]",21.341334751674108,20.0,21.341334751674108,10.250000000000089,0,1,0,187.19127520080656,2.1341334751674108e-05,615,1,0
292,22,29,0,0,1,20.95441000802176,"[0.0, 20.95441000802176]",20.95441000802176,20.0,20.95441000802176,14.250000000000288,0,1,0,196.49773537158762,2.095441000802176e-05,855,1,0
292,23,15,0,0,1,20.90606144496373,"[0.0, 20.90606144496373]",20.90606144496373,20.0,20.90606144496373,12.70000000000021,0,1,0,196.85116847002064,2.090606144496373e-05,762,1,0
292,24,33,0,0,1,20.763002123151505,"[0.0, 20.763002123151505]",20.763002123151505,20.0,20.763002123151505,11.300000000000141,0,1,0,192.63300317600806,2.0763002123151506e-05,678,1,0
292,25,34,0,0,1,20.7537841796875,"[0.0, 20.7537841796875]",20.7537841796875,20.0,20.7537841796875,12.316666666666858,0,1,0,195.53341329344403,2.07537841796875e-05,739,1,0
292,26,58,0,0,1,20.48765454973493,"[0.0, 20.48765454973493]",20.48765454973493,20.0,20.48765454973493,11.933333333333506,0,1,0,191.68365537180944,2.048765454973493e-05,716,1,0
292,27,41,0,0,1,20.419921875,"[0.0, 20.419921875]",20.419921875,20.0,20.419921875,13.23333333333357,0,1,0,191.70785911032726,2.0419921875e-05,794,1,0
292,28,63,0,0,1,17.202317374093195,"[0.0, 17.202317374093195]",17.202317374093195,17.142857142857142,17.202317374093195,11.300000000000141,0,1,0,163.5959964373469,1.7202317374093195e-05,678,1,0
292,29,16,0,0,1,17.160933358328684,"[0.0, 17.160933358328684]",17.160933358328684,17.142857142857142,17.160933358328684,10.100000000000081,0,1,0,156.8317460371909,1.7160933358328683e-05,606,1,0
292,30,52,0,0,1,16.89729963030134,"[0.0, 16.89729963030134]",16.89729963030134,14.285714285714285,16.89729963030134,10.450000000000099,0,1,0,155.19957589816477,1.6897299630301342e-05,627,1,0
292,31,54,0,0,1,16.77307673863002,"[0.0, 16.77307673863002]",16.77307673863002,14.285714285714285,16.77307673863002,10.050000000000079,0,1,0,154.3842178226041,1.677307673863002e-05,603,1,0
292,32,9,0,0,1,16.437950134277344,"[0.0, 16.437950134277344]",16.437950134277344,14.285714285714285,16.437950134277344,11.200000000000136,0,1,0,152.25316224661947,1.6437950134277345e-05,672,1,0
292,33,20,0,0,0,16.293155125209264,"[0.0, 16.293155125209264]",16.293155125209264,14.285714285714285,16.293155125209264,10.350000000000094,0,1,0,149.19943551242613,1.6293155125209263e-05,621,1,0
292,34,42,0,0,0,16.208768572126118,"[0.0, 16.208768572126118]",16.208768572126118,14.285714285714285,16.208768572126118,10.750000000000114,0,1,0,151.3010991703195,1.620876857212612e-05,645,1,0
292,35,45,0,0,0,16.068714686802455,"[0.0, 16.068714686802455]",16.068714686802455,14.285714285714285,16.068714686802455,8.950000000000024,0,1,0,141.17456820234656,1.6068714686802455e-05,537,1,0
292,36,53,0,0,0,11.55212129865374,"[0.0, 11.55212129865374]",11.55212129865374,11.428571428571429,11.55212129865374,9.133333333333367,0,1,0,112.86701186969731,1.1552121298653739e-05,548,1,0
292,37,23,0,0,0,11.461969103131974,"[0.0, 11.461969103131974]",11.461969103131974,11.428571428571429,11.461969103131974,9.716666666666729,0,1,0,114.62575760632171,1.1461969103131974e-05,583,1,0
292,38,37,0,0,0,11.404051099504743,"[0.0, 11.404051099504743]",11.404051099504743,8.571428571428571,11.404051099504743,6.983333333333314,0,1,0,102.73414175212383,1.1404051099504742e-05,419,1,0
292,39,11,0,0,0,11.39329365321568,"[0.0, 11.39329365321568]",11.39329365321568,8.571428571428571,11.39329365321568,8.283333333333324,0,1,0,109.60859020380303,1.139329365321568e-05,497,1,0
292,40,35,0,0,0,11.36514663696289,"[0.0, 11.36514663696289]",11.36514663696289,8.571428571428571,11.36514663696289,7.899999999999977,0,1,0,110.94534654356539,1.1365146636962891e-05,474,1,0
292,41,38,0,0,0,11.212893894740514,"[0.0, 11.212893894740514]",11.212893894740514,8.571428571428571,11.212893894740514,7.5499999999999785,0,1,0,107.24794243276119,1.1212893894740514e-05,453,1,0
292,42,19,0,0,0,10.887606484549387,"[0.0, 10.887606484549387]",10.887606484549387,8.571428571428571,10.887606484549387,7.516666666666645,0,1,0,106.2062447629869,1.0887606484549387e-05,451,1,0
292,43,17,0,0,0,10.818072727748326,"[0.0, 10.818072727748326]",10.818072727748326,8.571428571428571,10.818072727748326,9.283333333333374,0,1,0,105.79719899266638,1.0818072727748327e-05,557,1,0
292,44,36,0,0,0,8.772228785923549,"[0.0, 8.772228785923549]",8.772228785923549,8.571428571428571,8.772228785923549,7.916666666666644,0,1,0,71.20487721836253,8.772228785923549e-06,475,1,0
292,45,13,0,0,0,8.586910792759486,"[0.0, 8.586910792759486]",8.586910792759486,8.571428571428571,8.586910792759486,11.866666666666836,0,1,0,73.63130060668482,8.586910792759485e-06,712,1,0
292,46,51,0,0,0,8.525878361293246,"[0.0, 8.525878361293246]",8.525878361293246,5.714285714285714,8.525878361293246,7.0833333333333135,0,1,0,62.22199213373824,8.525878361293246e-06,425,1,0
292,47,10,0,0,0,8.386824471609932,"[0.0, 8.386824471609932]",8.386824471609932,5.714285714285714,8.386824471609932,11.866666666666836,0,1,0,70.94597439455538,8.386824471609932e-06,712,1,0
292,48,18,0,0,0,8.305048261369977,"[0.0, 8.305048261369977]",8.305048261369977,5.714285714285714,8.305048261369977,5.199999999999987,0,1,0,57.07035427540541,8.305048261369977e-06,312,1,0
292,49,21,0,0,0,6.531584603445871,"[0.0, 6.531584603445871]",6.531584603445871,5.714285714285714,6.531584603445871,7.416666666666646,0,1,0,59.53644150812761,6.531584603445871e-06,445,1,0
292,50,12,0,0,0,6.529889787946429,"[0.0, 6.529889787946429]",6.529889787946429,5.714285714285714,6.529889787946429,7.416666666666646,0,1,0,59.536748807149706,6.529889787946429e-06,445,1,0
292,51,56,0,0,0,6.508740016392299,"[0.0, 6.508740016392299]",6.508740016392299,5.714285714285714,6.508740016392299,7.416666666666646,0,1,0,59.5371299431863,6.508740016392299e-06,445,1,0
292,52,27,0,0,0,6.508729117257254,"[0.0, 6.508729117257254]",6.508729117257254,5.714285714285714,6.508729117257254,7.416666666666646,0,1,0,59.675074712518835,6.508729117257255e-06,445,1,0
292,53,8,0,0,0,6.386620657784599,"[0.0, 6.386620657784599]",6.386620657784599,5.714285714285714,6.386620657784599,7.366666666666646,0,1,0,58.47554124199087,6.386620657784599e-06,442,1,0
292,54,26,0,0,0,6.314784458705357,"[0.0, 6.314784458705357]",6.314784458705357,5.714285714285714,6.314784458705357,7.316666666666646,0,1,0,57.53191278714803,6.314784458705357e-06,439,1,0
292,55,22,0,0,0,6.285051618303572,"[0.0, 6.285051618303572]",6.285051618303572,5.714285714285714,6.285051618303572,7.366666666666646,0,1,0,58.49617887550994,6.285051618303572e-06,442,1,0
292,56,40,0,0,0,5.728623526436942,"[0.0, 5.728623526436942]",5.728623526436942,5.714285714285714,5.728623526436942,3.599999999999992,0,1,0,50.88324837386608,5.728623526436942e-06,216,1,0
292,57,24,0,0,0,5.270723615373884,"[0.0, 5.270723615373884]",5.270723615373884,2.857142857142857,5.270723615373884,6.666666666666648,0,1,0,44.825688323850045,5.270723615373884e-06,400,1,0
292,58,60,0,0,0,5.0572967529296875,"[0.0, 5.0572967529296875]",5.0572967529296875,2.857142857142857,5.0572967529296875,6.5333333333333155,0,1,0,42.207125720524346,5.057296752929687e-06,392,1,0
292,59,48,0,0,0,4.916567121233259,"[0.0, 4.916567121233259]",4.916567121233259,2.857142857142857,4.916567121233259,2.5666666666666624,0,1,0,40.891331523656845,4.916567121233259e-06,154,1,0
292,60,49,0,0,0,4.061437334333148,"[0.0, 4.061437334333148]",4.061437334333148,2.857142857142857,4.061437334333148,4.666666666666655,0,1,0,30.827173095902253,4.061437334333147e-06,280,1,0
292,61,30,0,0,0,3.8548823765345985,"[0.0, 3.8548823765345985]",3.8548823765345985,2.857142857142857,3.8548823765345985,5.616666666666652,0,1,0,27.544073764336645,3.854882376534599e-06,337,1,0
292,62,57,0,0,0,3.8523973737444197,"[0.0, 3.8523973737444197]",3.8523973737444197,2.857142857142857,3.8523973737444197,5.616666666666652,0,1,0,27.546544149437977,3.852397373744419e-06,337,1,0
292,63,25,0,0,0,3.512671334402902,"[0.0, 3.512671334402902]",3.512671334402902,2.857142857142857,3.512671334402902,5.349999999999986,0,1,0,23.833742197319225,3.512671334402902e-06,321,1,0
292,64,62,0,0,0,2.101129804338728,"[0.0, 2.101129804338728]",2.101129804338728,0.0,2.101129804338728,5.016666666666654,0,1,0,7.705476549897867,2.101129804338728e-06,301,1,0
293,1,42,0,1,1,31.428571428571427,"[0.0, 31.428571428571427]",31.428571428571427,28.57142857142857,31.428571428571427,19.60000000000017,0,1,0,311.814752412065,3.1428571428571424e-05,1176,1,0
293,2,59,0,1,1,31.428571428571427,"[0.0, 31.428571428571427]",31.428571428571427,28.57142857142857,31.428571428571427,19.55000000000017,0,1,0,312.6199180192634,3.1428571428571424e-05,1173,1,0
293,3,0,0,1,1,30.97591736956666,"[0.0, 30.97591736956666]",30.97591736956666,28.57142857142857,30.97591736956666,16.40000000000035,0,1,0,300.6347389266157,3.097591736956666e-05,984,1,0
293,4,1,0,1,1,30.78334835552436,"[0.0, 30.78334835552436]",30.78334835552436,28.57142857142857,30.78334835552436,16.733333333333665,0,1,0,302.8928435566486,3.078334835552436e-05,1004,1,0
293,5,2,0,1,1,30.649890790416634,"[0.0, 30.649890790416634]",30.649890790416634,28.57142857142857,30.649890790416634,14.333333333333625,0,1,0,296.44501843172475,3.0649890790416634e-05,860,1,0
293,6,3,0,1,1,30.475981917035455,"[0.0, 30.475981917035455]",30.475981917035455,28.57142857142857,30.475981917035455,14.483333333333633,0,1,0,299.230518253411,3.0475981917035456e-05,869,1,0
293,7,4,0,1,1,30.36401681560095,"[0.0, 30.36401681560095]",30.36401681560095,28.57142857142857,30.36401681560095,18.70000000000022,0,1,0,305.8341662709572,3.036401681560095e-05,1122,1,0
293,8,5,0,1,1,30.20815926498905,"[0.0, 30.20815926498905]",30.20815926498905,28.57142857142857,30.20815926498905,18.416666666666902,0,1,0,299.4317616307453,3.020815926498905e-05,1105,1,0
293,9,6,0,0,1,30.11434766555043,"[0.0, 30.11434766555043]",30.11434766555043,28.57142857142857,30.11434766555043,18.316666666666908,0,1,0,299.97855526866624,3.011434766555043e-05,1099,1,0
293,10,7,0,0,1,30.027965475103496,"[0.0, 30.027965475103496]",30.027965475103496,28.57142857142857,30.027965475103496,22.000000000000032,0,1,0,299.48433329990803,3.0027965475103496e-05,1320,1,0
293,11,44,0,0,1,22.262608664376398,"[0.0, 22.262608664376398]",22.262608664376398,20.0,22.262608664376398,12.716666666666878,0,1,0,202.35476376661245,2.22626086643764e-05,763,1,0
293,12,43,0,0,1,21.56390871320452,"[0.0, 21.56390871320452]",21.56390871320452,20.0,21.56390871320452,15.683333333333692,0,1,0,198.7465273302587,2.156390871320452e-05,941,1,0
293,13,37,0,0,1,21.536257607596262,"[0.0, 21.536257607596262]",21.536257607596262,20.0,21.536257607596262,11.766666666666831,0,1,0,193.85329031659057,2.1536257607596264e-05,706,1,0
293,14,38,0,0,1,21.462181636265345,"[0.0, 21.462181636265345]",21.462181636265345,20.0,21.462181636265345,10.816666666666784,0,1,0,194.5235912285134,2.1462181636265347e-05,649,1,0
293,15,40,0,0,1,21.431849343436106,"[0.0, 21.431849343436106]",21.431849343436106,20.0,21.431849343436106,13.416666666666913,0,1,0,197.0969417071392,2.1431849343436106e-05,805,1,0
293,16,26,0,0,1,21.272223336356028,"[0.0, 21.272223336356028]",21.272223336356028,20.0,21.272223336356028,12.933333333333556,0,1,0,195.69636460713082,2.1272223336356027e-05,776,1,0
293,17,61,0,0,1,20.826050894601003,"[0.0, 20.826050894601003]",20.826050894601003,20.0,20.826050894601003,13.96666666666694,0,1,0,195.03641893718304,2.0826050894601003e-05,838,1,0
293,18,58,0,0,1,20.25261470249721,"[0.0, 20.25261470249721]",20.25261470249721,20.0,20.25261470249721,12.03333333333351,0,1,0,191.37732484473963,2.025261470249721e-05,722,1,0
293,19,17,0,0,1,17.333172389439174,"[0.0, 17.333172389439174]",17.333172389439174,17.142857142857142,17.333172389439174,11.250000000000139,0,1,0,161.31194886329467,1.7333172389439175e-05,675,1,0
293,20,55,0,0,1,17.20236097063337,"[0.0, 17.20236097063337]",17.20236097063337,17.142857142857142,17.20236097063337,11.466666666666816,0,1,0,162.1839961542937,1.720236097063337e-05,688,1,0
293,21,29,0,0,1,17.000519888741632,"[0.0, 17.000519888741632]",17.000519888741632,14.285714285714285,17.000519888741632,11.500000000000151,0,1,0,161.4447609556737,1.7000519888741632e-05,690,1,0
293,22,48,0,0,1,16.877201625279017,"[0.0, 16.877201625279017]",16.877201625279017,14.285714285714285,16.877201625279017,10.366666666666761,0,1,0,153.70090511717717,1.6877201625279018e-05,622,1,0
293,23,62,0,0,1,16.871850149972097,"[0.0, 16.871850149972097]",16.871850149972097,14.285714285714285,16.871850149972097,11.600000000000156,0,1,0,157.55709021981602,1.6871850149972096e-05,696,1,0
293,24,30,0,0,1,16.84375217982701,"[0.0, 16.84375217982701]",16.84375217982701,14.285714285714285,16.84375217982701,9.766666666666731,0,1,0,154.4166899358388,1.684375217982701e-05,586,1,0
293,25,34,0,0,1,16.81549072265625,"[0.0, 16.81549072265625]",16.81549072265625,14.285714285714285,16.81549072265625,10.283333333333424,0,1,0,156.45806745002483,1.681549072265625e-05,617,1,0
293,26,31,0,0,1,16.77261897495815,"[0.0, 16.77261897495815]",16.77261897495815,14.285714285714285,16.77261897495815,10.800000000000116,0,1,0,154.6867638484473,1.677261897495815e-05,648,1,0
293,27,27,0,0,1,16.683218819754465,"[0.0, 16.683218819754465]",16.683218819754465,14.285714285714285,16.683218819754465,10.850000000000119,0,1,0,157.4364505645426,1.6683218819754464e-05,651,1,0
293,28,19,0,0,1,16.57498495919364,"[0.0, 16.57498495919364]",16.57498495919364,14.285714285714285,16.57498495919364,10.833333333333451,0,1,0,149.73819332075072,1.6574984959193638e-05,650,1,0
293,29,24,0,0,1,16.490047999790736,"[0.0, 16.490047999790736]",16.490047999790736,14.285714285714285,16.490047999790736,10.516666666666769,0,1,0,152.83534330298426,1.6490047999790736e-05,631,1,0
293,30,16,0,0,1,16.404309953962056,"[0.0, 16.404309953962056]",16.404309953962056,14.285714285714285,16.404309953962056,9.466666666666717,0,1,0,148.30348533284268,1.6404309953962057e-05,568,1,0
293,31,25,0,0,1,16.37702396937779,"[0.0, 16.37702396937779]",16.37702396937779,14.285714285714285,16.37702396937779,9.500000000000052,0,1,0,147.85303926566849,1.6377023969377792e-05,570,1,0
293,32,11,0,0,1,16.27016339983259,"[0.0, 16.27016339983259]",16.27016339983259,14.285714285714285,16.27016339983259,9.900000000000071,0,1,0,151.13106581857573,1.627016339983259e-05,594,1,0
293,33,56,0,0,0,16.062709263392858,"[0.0, 16.062709263392858]",16.062709263392858,14.285714285714285,16.062709263392858,10.716666666666779,0,1,0,156.69467718347005,1.6062709263392856e-05,643,1,0
293,34,41,0,0,0,15.888611929757253,"[0.0, 15.888611929757253]",15.888611929757253,14.285714285714285,15.888611929757253,10.766666666666781,0,1,0,152.74853736800287,1.5888611929757254e-05,646,1,0
293,35,60,0,0,0,15.852078029087613,"[0.0, 15.852078029087613]",15.852078029087613,14.285714285714285,15.852078029087613,10.666666666666776,0,1,0,150.4234420440407,1.5852078029087613e-05,640,1,0
293,36,53,0,0,0,15.720361982073102,"[0.0, 15.720361982073102]",15.720361982073102,14.285714285714285,15.720361982073102,10.666666666666776,0,1,0,149.53760984846303,1.5720361982073102e-05,640,1,0
293,37,13,0,0,0,15.311524527413503,"[0.0, 15.311524527413503]",15.311524527413503,14.285714285714285,15.311524527413503,10.600000000000106,0,1,0,146.9879235465778,1.5311524527413504e-05,636,1,0
293,38,63,0,0,0,11.2154906136649,"[0.0, 11.2154906136649]",11.2154906136649,8.571428571428571,11.2154906136649,8.766666666666682,0,1,0,109.98418154303363,1.12154906136649e-05,526,1,0
293,39,54,0,0,0,11.192853110177177,"[0.0, 11.192853110177177]",11.192853110177177,8.571428571428571,11.192853110177177,8.349999999999994,0,1,0,108.8946202211082,1.1192853110177178e-05,501,1,0
293,40,15,0,0,0,11.16628646850586,"[0.0, 11.16628646850586]",11.16628646850586,8.571428571428571,11.16628646850586,8.950000000000024,0,1,0,100.42736426428019,1.116628646850586e-05,537,1,0
293,41,49,0,0,0,11.129267556326731,"[0.0, 11.129267556326731]",11.129267556326731,8.571428571428571,11.129267556326731,8.58333333333334,0,1,0,105.04635479785793,1.112926755632673e-05,515,1,0
293,42,22,0,0,0,9.872556413922991,"[0.0, 9.872556413922991]",9.872556413922991,8.571428571428571,9.872556413922991,5.516666666666652,0,1,0,94.63303239643574,9.872556413922991e-06,331,1,0
293,43,45,0,0,0,8.470747811453682,"[0.0, 8.470747811453682]",8.470747811453682,5.714285714285714,8.470747811453682,7.383333333333312,0,1,0,64.34279024491843,8.470747811453683e-06,443,1,0
293,44,20,0,0,0,8.02999496459961,"[0.0, 8.02999496459961]",8.02999496459961,5.714285714285714,8.02999496459961,11.466666666666816,0,1,0,68.6640472737854,8.029994964599609e-06,688,1,0
293,45,33,0,0,0,6.528363909040179,"[0.0, 6.528363909040179]",6.528363909040179,5.714285714285714,6.528363909040179,7.416666666666646,0,1,0,59.537105421943124,6.5283639090401785e-06,445,1,0
293,46,12,0,0,0,6.526854378836496,"[0.0, 6.526854378836496]",6.526854378836496,5.714285714285714,6.526854378836496,7.416666666666646,0,1,0,59.562270370544866,6.5268543788364955e-06,445,1,0
293,47,32,0,0,0,6.480985369001116,"[0.0, 6.480985369001116]",6.480985369001116,5.714285714285714,6.480985369001116,7.433333333333312,0,1,0,58.92980298828479,6.4809853690011164e-06,446,1,0
293,48,39,0,0,0,6.373906816755022,"[0.0, 6.373906816755022]",6.373906816755022,5.714285714285714,6.373906816755022,7.416666666666646,0,1,0,59.53700198564911,6.373906816755022e-06,445,1,0
293,49,51,0,0,0,6.362315586635045,"[0.0, 6.362315586635045]",6.362315586635045,5.714285714285714,6.362315586635045,7.366666666666646,0,1,0,58.3537401542053,6.362315586635045e-06,442,1,0
293,50,57,0,0,0,6.308234078543527,"[0.0, 6.308234078543527]",6.308234078543527,5.714285714285714,6.308234078543527,7.366666666666646,0,1,0,58.59428141032549,6.308234078543527e-06,442,1,0
293,51,35,0,0,0,6.306223188127791,"[0.0, 6.306223188127791]",6.306223188127791,5.714285714285714,6.306223188127791,7.366666666666646,0,1,0,58.37478995780111,6.306223188127791e-06,442,1,0
293,52,9,0,0,0,6.287781851632254,"[0.0, 6.287781851632254]",6.287781851632254,5.714285714285714,6.287781851632254,7.366666666666646,0,1,0,59.01748731586849,6.287781851632255e-06,442,1,0
293,53,47,0,0,0,6.27856663295201,"[0.0, 6.27856663295201]",6.27856663295201,5.714285714285714,6.27856663295201,7.366666666666646,0,1,0,58.58167500377749,6.2785666329520095e-06,442,1,0
293,54,14,0,0,0,5.960197448730469,"[0.0, 5.960197448730469]",5.960197448730469,5.714285714285714,5.960197448730469,4.2833333333333234,0,1,0,55.066505663096905,5.960197448730469e-06,257,1,0
293,55,46,0,0,0,5.347633361816406,"[0.0, 5.347633361816406]",5.347633361816406,2.857142857142857,5.347633361816406,6.716666666666648,0,1,0,45.70821575125592,5.347633361816406e-06,403,1,0
293,56,50,0,0,0,5.132413591657366,"[0.0, 5.132413591657366]",5.132413591657366,2.857142857142857,5.132413591657366,6.583333333333315,0,1,0,43.00833708573191,5.132413591657366e-06,395,1,0
293,57,28,0,0,0,5.054926191057477,"[0.0, 5.054926191057477]",5.054926191057477,2.857142857142857,5.054926191057477,6.5333333333333155,0,1,0,42.07684040252934,5.0549261910574774e-06,392,1,0
293,58,18,0,0,0,5.053155081612723,"[0.0, 5.053155081612723]",5.053155081612723,2.857142857142857,5.053155081612723,6.5333333333333155,0,1,0,42.20726296160137,5.0531550816127235e-06,392,1,0
293,59,52,0,0,0,4.892120361328125,"[0.0, 4.892120361328125]",4.892120361328125,2.857142857142857,4.892120361328125,2.533333333333329,0,1,0,40.622602209448814,4.892120361328125e-06,152,1,0
293,60,21,0,0,0,4.580089024135044,"[0.0, 4.580089024135044]",4.580089024135044,2.857142857142857,4.580089024135044,2.2666666666666635,0,1,0,37.30426308512688,4.5800890241350446e-06,136,1,0
293,61,23,0,0,0,4.340869358607701,"[0.0, 4.340869358607701]",4.340869358607701,2.857142857142857,4.340869358607701,2.0999999999999974,0,1,0,34.79745642840862,4.3408693586077015e-06,126,1,0
293,62,10,0,0,0,3.8377271379743303,"[0.0, 3.8377271379743303]",3.8377271379743303,2.857142857142857,3.8377271379743303,5.816666666666651,0,1,0,28.606342571445566,3.83772713797433e-06,349,1,0
293,63,8,0,0,0,3.4626552036830356,"[0.0, 3.4626552036830356]",3.4626552036830356,2.857142857142857,3.4626552036830356,5.416666666666653,0,1,0,24.323734288613196,3.4626552036830356e-06,325,1,0
293,64,36,0,0,0,1.8251746041434151,"[0.0, 1.8251746041434151]",1.8251746041434151,0.0,1.8251746041434151,5.016666666666654,0,1,0,5.8024642303353176,1.825174604143415e-06,301,1,0
294,1,0,0,1,1,31.428571428571427,"[0.0, 31.428571428571427]",31.428571428571427,28.57142857142857,31.428571428571427,19.60000000000017,0,1,0,311.814752412065,3.1428571428571424e-05,1176,1,0
294,2,1,0,1,1,31.428571428571427,"[0.0, 31.428571428571427]",31.428571428571427,28.57142857142857,31.428571428571427,19.55000000000017,0,1,0,312.6199180192634,3.1428571428571424e-05,1173,1,0
294,3,58,0,1,1,31.428571428571427,"[0.0, 31.428571428571427]",31.428571428571427,28.57142857142857,31.428571428571427,19.86666666666682,0,1,0,314.6573925190969,3.1428571428571424e-05,1192,1,0
294,4,2,0,1,1,30.97591736956666,"[0.0, 30.97591736956666]",30.97591736956666,28.57142857142857,30.97591736956666,16.40000000000035,0,1,0,300.6347389266157,3.097591736956666e-05,984,1,0
294,5,41,0,1,1,30.90725710160724,"[0.0, 30.90725710160724]",30.90725710160724,28.57142857142857,30.90725710160724,17.350000000000296,0,1,0,305.6718613877092,3.090725710160724e-05,1041,1,0
294,6,3,0,1,1,30.78334835552436,"[0.0, 30.78334835552436]",30.78334835552436,28.57142857142857,30.78334835552436,16.733333333333665,0,1,0,302.8928435566486,3.078334835552436e-05,1004,1,0
294,7,4,0,1,1,30.649890790416634,"[0.0, 30.649890790416634]",30.649890790416634,28.57142857142857,30.649890790416634,14.333333333333625,0,1,0,296.44501843172475,3.0649890790416634e-05,860,1,0
294,8,30,0,1,1,30.510302386563314,"[0.0, 30.510302386563314]",30.510302386563314,28.57142857142857,30.510302386563314,18.950000000000205,0,1,0,303.59725203808193,3.0510302386563313e-05,1137,1,0
294,9,5,0,0,1,30.475981917035455,"[0.0, 30.475981917035455]",30.475981917035455,28.57142857142857,30.475981917035455,14.483333333333633,0,1,0,299.230518253411,3.0475981917035456e-05,869,1,0
294,10,6,0,0,1,30.36401681560095,"[0.0, 30.36401681560095]",30.36401681560095,28.57142857142857,30.36401681560095,18.70000000000022,0,1,0,305.8341662709572,3.036401681560095e-05,1122,1,0
294,11,7,0,0,1,30.20815926498905,"[0.0, 30.20815926498905]",30.20815926498905,28.57142857142857,30.20815926498905,18.416666666666902,0,1,0,299.4317616307453,3.020815926498905e-05,1105,1,0
294,12,37,0,0,1,27.574605114118068,"[0.0, 27.574605114118068]",27.574605114118068,25.71428571428571,27.574605114118068,13.800000000000265,0,1,0,273.3007735546489,2.7574605114118068e-05,828,1,0
294,13,63,0,0,1,24.828360399517457,"[0.0, 24.828360399517457]",24.828360399517457,22.857142857142858,24.828360399517457,15.116666666666998,0,1,0,217.8925531732748,2.4828360399517457e-05,907,1,0
294,14,33,0,0,1,23.61666229920984,"[0.0, 23.61666229920984]",23.61666229920984,22.857142857142858,23.61666229920984,18.15000000000025,0,1,0,215.1792064905676,2.3616662299209838e-05,1089,1,0
294,15,32,0,0,1,22.735535757882257,"[0.0, 22.735535757882257]",22.735535757882257,20.0,22.735535757882257,13.516666666666918,0,1,0,207.4184170507142,2.2735535757882257e-05,811,1,0
294,16,25,0,0,1,22.67719268798828,"[0.0, 22.67719268798828]",22.67719268798828,20.0,22.67719268798828,13.70000000000026,0,1,0,207.94082369693933,2.267719268798828e-05,822,1,0
294,17,49,0,0,1,22.65997750418527,"[0.0, 22.65997750418527]",22.65997750418527,20.0,22.65997750418527,14.10000000000028,0,1,0,206.18428060346196,2.265997750418527e-05,846,1,0
294,18,43,0,0,1,22.60992595127651,"[0.0, 22.60992595127651]",22.60992595127651,20.0,22.60992595127651,14.866666666666985,0,1,0,209.47077088872174,2.260992595127651e-05,892,1,0
294,19,23,0,0,1,22.324848175048828,"[0.0, 22.324848175048828]",22.324848175048828,20.0,22.324848175048828,12.10000000000018,0,1,0,203.84277760367695,2.232484817504883e-05,726,1,0
294,20,47,0,0,1,21.801550728934153,"[0.0, 21.801550728934153]",21.801550728934153,20.0,21.801550728934153,11.533333333333486,0,1,0,197.591444243968,2.1801550728934153e-05,692,1,0
294,21,56,0,0,1,21.731807163783483,"[0.0, 21.731807163783483]",21.731807163783483,20.0,21.731807163783483,13.800000000000265,0,1,0,199.09691190574813,2.1731807163783483e-05,828,1,0
294,22,20,0,0,1,21.344866071428573,"[0.0, 21.344866071428573]",21.344866071428573,20.0,21.344866071428573,11.516666666666818,0,1,0,196.0528043368031,2.1344866071428574e-05,691,1,0
294,23,9,0,0,1,21.3130978175572,"[0.0, 21.3130978175572]",21.3130978175572,20.0,21.3130978175572,13.266666666666906,0,1,0,196.008611059362,2.13130978175572e-05,796,1,0
294,24,44,0,0,1,21.188583374023438,"[0.0, 21.188583374023438]",21.188583374023438,20.0,21.188583374023438,10.916666666666789,0,1,0,194.30944045872457,2.1188583374023436e-05,655,1,0
294,25,50,0,0,1,20.96019744873047,"[0.0, 20.96019744873047]",20.96019744873047,20.0,20.96019744873047,13.516666666666918,0,1,0,193.17835581937834,2.0960197448730467e-05,811,1,0
294,26,29,0,0,1,20.94519751412528,"[0.0, 20.94519751412528]",20.94519751412528,20.0,20.94519751412528,11.950000000000173,0,1,0,192.4624230827976,2.094519751412528e-05,717,1,0
294,27,61,0,0,1,20.88412421090262,"[0.0, 20.88412421090262]",20.88412421090262,20.0,20.88412421090262,11.633333333333491,0,1,0,194.18348222578788,2.088412421090262e-05,698,1,0
294,28,10,0,0,1,20.74338368007115,"[0.0, 20.74338368007115]",20.74338368007115,20.0,20.74338368007115,12.200000000000186,0,1,0,196.29038109651447,2.074338368007115e-05,732,1,0
294,29,46,0,0,1,16.883054460797993,"[0.0, 16.883054460797993]",16.883054460797993,14.285714285714285,16.883054460797993,10.750000000000114,0,1,0,154.4512517075782,1.6883054460797994e-05,645,1,0
294,30,39,0,0,1,16.865070887974333,"[0.0, 16.865070887974333]",16.865070887974333,14.285714285714285,16.865070887974333,10.666666666666776,0,1,0,157.78249177052203,1.6865070887974332e-05,640,1,0
294,31,12,0,0,1,16.85027531215123,"[0.0, 16.85027531215123]",16.85027531215123,14.285714285714285,16.85027531215123,10.383333333333429,0,1,0,155.09872320649447,1.685027531215123e-05,623,1,0
294,32,57,0,0,1,16.822101048060826,"[0.0, 16.822101048060826]",16.822101048060826,14.285714285714285,16.822101048060826,11.233333333333471,0,1,0,153.8022414471052,1.6822101048060828e-05,674,1,0
294,33,36,0,0,0,16.748123168945312,"[0.0, 16.748123168945312]",16.748123168945312,14.285714285714285,16.748123168945312,10.016666666666744,0,1,0,152.06241640589724,1.674812316894531e-05,601,1,0
294,34,38,0,0,0,16.702815464564733,"[0.0, 16.702815464564733]",16.702815464564733,14.285714285714285,16.702815464564733,11.500000000000151,0,1,0,157.99435173578968,1.6702815464564734e-05,690,1,0
294,35,53,0,0,0,16.677927289690288,"[0.0, 16.677927289690288]",16.677927289690288,14.285714285714285,16.677927289690288,11.100000000000131,0,1,0,160.08451045468246,1.6677927289690288e-05,666,1,0
294,36,22,0,0,0,16.3538578578404,"[0.0, 16.3538578578404]",16.3538578578404,14.285714285714285,16.3538578578404,10.533333333333436,0,1,0,153.11393377830245,1.6353857857840398e-05,632,1,0
294,37,16,0,0,0,16.267362322126118,"[0.0, 16.267362322126118]",16.267362322126118,14.285714285714285,16.267362322126118,9.733333333333396,0,1,0,147.1651160071924,1.6267362322126117e-05,584,1,0
294,38,11,0,0,0,16.133193969726562,"[0.0, 16.133193969726562]",16.133193969726562,14.285714285714285,16.133193969726562,10.433333333333431,0,1,0,151.40080718960962,1.613319396972656e-05,626,1,0
294,39,45,0,0,0,15.89653015136719,"[0.0, 15.89653015136719]",15.89653015136719,14.285714285714285,15.89653015136719,9.633333333333391,0,1,0,143.7945889155235,1.5896530151367188e-05,578,1,0
294,40,18,0,0,0,15.194135393415179,"[0.0, 15.194135393415179]",15.194135393415179,14.285714285714285,15.194135393415179,11.233333333333471,0,1,0,148.23205688586313,1.5194135393415179e-05,674,1,0
294,41,31,0,0,0,11.654951913016182,"[0.0, 11.654951913016182]",11.654951913016182,11.428571428571429,11.654951913016182,8.399999999999997,0,1,0,112.58571952907369,1.1654951913016182e-05,504,1,0
294,42,40,0,0,0,11.530448368617467,"[0.0, 11.530448368617467]",11.530448368617467,11.428571428571429,11.530448368617467,9.466666666666717,0,1,0,112.8820149003659,1.1530448368617467e-05,568,1,0
294,43,42,0,0,0,11.530170440673828,"[0.0, 11.530170440673828]",11.530170440673828,11.428571428571429,11.530170440673828,9.316666666666709,0,1,0,113.39400763206504,1.1530170440673829e-05,559,1,0
294,44,62,0,0,0,11.435704912458148,"[0.0, 11.435704912458148]",11.435704912458148,11.428571428571429,11.435704912458148,11.000000000000126,0,1,0,113.20572195845307,1.1435704912458147e-05,660,1,0
294,45,55,0,0,0,11.32415771484375,"[0.0, 11.32415771484375]",11.32415771484375,8.571428571428571,11.32415771484375,9.066666666666697,0,1,0,110.09182672114548,1.132415771484375e-05,544,1,0
294,46,14,0,0,0,11.267414093017578,"[0.0, 11.267414093017578]",11.267414093017578,8.571428571428571,11.267414093017578,9.900000000000071,0,1,0,113.47244145661534,1.1267414093017579e-05,594,1,0
294,47,52,0,0,0,11.25931876046317,"[0.0, 11.25931876046317]",11.25931876046317,8.571428571428571,11.25931876046317,8.333333333333327,0,1,0,109.03737792535685,1.125931876046317e-05,500,1,0
294,48,34,0,0,0,11.162869589669363,"[0.0, 11.162869589669363]",11.162869589669363,8.571428571428571,11.162869589669363,6.983333333333314,0,1,0,101.28388519585133,1.1162869589669364e-05,419,1,0
294,49,8,0,0,0,10.758252825055802,"[0.0, 10.758252825055802]",10.758252825055802,8.571428571428571,10.758252825055802,7.866666666666644,0,1,0,103.58741982653737,1.0758252825055802e-05,472,1,0
294,50,26,0,0,0,10.550439017159597,"[0.0, 10.550439017159597]",10.550439017159597,8.571428571428571,10.550439017159597,8.700000000000012,0,1,0,104.1885091427248,1.0550439017159596e-05,522,1,0
294,51,24,0,0,0,10.501319340297153,"[0.0, 10.501319340297153]",10.501319340297153,8.571428571428571,10.501319340297153,6.383333333333316,0,1,0,99.06996943801641,1.0501319340297153e-05,383,1,0
294,52,59,0,0,0,6.449835641043526,"[0.0, 6.449835641043526]",6.449835641043526,5.714285714285714,6.449835641043526,7.416666666666646,0,1,0,59.53682430005574,6.449835641043526e-06,445,1,0
294,53,15,0,0,0,6.441443307059151,"[0.0, 6.441443307059151]",6.441443307059151,5.714285714285714,6.441443307059151,7.366666666666646,0,1,0,58.59609418926266,6.441443307059151e-06,442,1,0
294,54,60,0,0,0,6.383062090192522,"[0.0, 6.383062090192522]",6.383062090192522,5.714285714285714,6.383062090192522,7.366666666666646,0,1,0,58.898591802259034,6.3830620901925215e-06,442,1,0
294,55,21,0,0,0,6.3326535906110495,"[0.0, 6.3326535906110495]",6.3326535906110495,5.714285714285714,6.3326535906110495,7.366666666666646,0,1,0,58.852719913113106,6.3326535906110495e-06,442,1,0
294,56,54,0,0,0,6.328571864536831,"[0.0, 6.328571864536831]",6.328571864536831,5.714285714285714,6.328571864536831,7.366666666666646,0,1,0,58.81043374940782,6.328571864536831e-06,442,1,0
294,57,51,0,0,0,6.310065133231027,"[0.0, 6.310065133231027]",6.310065133231027,5.714285714285714,6.310065133231027,7.366666666666646,0,1,0,58.5812164431336,6.310065133231027e-06,442,1,0
294,58,27,0,0,0,6.300675528390067,"[0.0, 6.300675528390067]",6.300675528390067,5.714285714285714,6.300675528390067,7.366666666666646,0,1,0,58.64502531261678,6.300675528390067e-06,442,1,0
294,59,28,0,0,0,6.264032636369977,"[0.0, 6.264032636369977]",6.264032636369977,5.714285714285714,6.264032636369977,7.366666666666646,0,1,0,58.51896792264597,6.264032636369977e-06,442,1,0
294,60,35,0,0,0,6.237329755510602,"[0.0, 6.237329755510602]",6.237329755510602,5.714285714285714,6.237329755510602,7.366666666666646,0,1,0,58.58174140540359,6.2373297555106025e-06,442,1,0
294,61,13,0,0,0,4.819014413016183,"[0.0, 4.819014413016183]",4.819014413016183,2.857142857142857,4.819014413016183,6.566666666666649,0,1,0,39.40610019045562,4.819014413016183e-06,394,1,0
294,62,17,0,0,0,4.456928798130581,"[0.0, 4.456928798130581]",4.456928798130581,2.857142857142857,4.456928798130581,2.916666666666661,0,1,0,36.16460510343313,4.45692879813058e-06,175,1,0
294,63,19,0,0,0,4.326913016183036,"[0.0, 4.326913016183036]",4.326913016183036,2.857142857142857,4.326913016183036,6.199999999999983,0,1,0,33.86145361310628,4.326913016183036e-06,372,1,0
294,64,48,0,0,0,4.29375239780971,"[0.0, 4.29375239780971]",4.29375239780971,2.857142857142857,4.29375239780971,5.483333333333319,0,1,0,33.35203925160749,4.2937523978097104e-06,329,1,0
295,1,0,0,1,1,31.428571428571427,"[0.0, 31.428571428571427]",31.428571428571427,28.57142857142857,31.428571428571427,19.60000000000017,0,1,0,311.814752412065,3.1428571428571424e-05,1176,1,0
295,2,1,0,1,1,31.428571428571427,"[0.0, 31.428571428571427]",31.428571428571427,28.57142857142857,31.428571428571427,19.55000000000017,0,1,0,312.6199180192634,3.1428571428571424e-05,1173,1,0
295,3,2,0,1,1,31.428571428571427,"[0.0, 31.428571428571427]",31.428571428571427,28.57142857142857,31.428571428571427,19.86666666666682,0,1,0,314.6573925190969,3.1428571428571424e-05,1192,1,0
295,4,55,0,1,1,31.297173541223966,"[0.0, 31.297173541223966]",31.297173541223966,28.57142857142857,31.297173541223966,18.916666666666874,0,1,0,303.7667459880904,3.129717354122397e-05,1135,1,0
295,5,3,0,1,1,30.97591736956666,"[0.0, 30.97591736956666]",30.97591736956666,28.57142857142857,30.97591736956666,16.40000000000035,0,1,0,300.6347389266157,3.097591736956666e-05,984,1,0
295,6,4,0,1,1,30.90725710160724,"[0.0, 30.90725710160724]",30.90725710160724,28.57142857142857,30.90725710160724,17.350000000000296,0,1,0,305.6718613877092,3.090725710160724e-05,1041,1,0
295,7,5,0,1,1,30.78334835552436,"[0.0, 30.78334835552436]",30.78334835552436,28.57142857142857,30.78334835552436,16.733333333333665,0,1,0,302.8928435566486,3.078334835552436e-05,1004,1,0
295,8,18,0,1,1,30.729003482361506,"[0.0, 30.729003482361506]",30.729003482361506,28.57142857142857,30.729003482361506,16.36666666666702,0,1,0,303.4036777476067,3.0729003482361504e-05,982,1,0
295,9,6,0,0,1,30.649890790416634,"[0.0, 30.649890790416634]",30.649890790416634,28.57142857142857,30.649890790416634,14.333333333333625,0,1,0,296.44501843172475,3.0649890790416634e-05,860,1,0
295,10,7,0,0,1,30.510302386563314,"[0.0, 30.510302386563314]",30.510302386563314,28.57142857142857,30.510302386563314,18.950000000000205,0,1,0,303.59725203808193,3.0510302386563313e-05,1137,1,0
295,11,63,0,0,1,29.065949310960175,"[0.0, 29.065949310960175]",29.065949310960175,28.57142857142857,29.065949310960175,14.266666666666955,0,1,0,277.0257773064077,2.9065949310960174e-05,856,1,0
295,12,35,0,0,1,28.80936201138327,"[0.0, 28.80936201138327]",28.80936201138327,28.57142857142857,28.80936201138327,18.683333333333554,0,1,0,282.5134821892716,2.880936201138327e-05,1121,1,0
295,13,14,0,0,1,22.66826902117048,"[0.0, 22.66826902117048]",22.66826902117048,20.0,22.66826902117048,14.250000000000288,0,1,0,206.88013475403568,2.266826902117048e-05,855,1,0
295,14,19,0,0,1,22.329908098493302,"[0.0, 22.329908098493302]",22.329908098493302,20.0,22.329908098493302,12.63333333333354,0,1,0,204.4204817434147,2.2329908098493302e-05,758,1,0
295,15,54,0,0,1,22.16783251081194,"[0.0, 22.16783251081194]",22.16783251081194,20.0,22.16783251081194,14.10000000000028,0,1,0,205.0543735104875,2.2167832510811942e-05,846,1,0
295,16,40,0,0,1,21.925999777657644,"[0.0, 21.925999777657644]",21.925999777657644,20.0,21.925999777657644,12.550000000000203,0,1,0,201.39853247805877,2.1925999777657642e-05,753,1,0
295,17,39,0,0,1,21.442432403564453,"[0.0, 21.442432403564453]",21.442432403564453,20.0,21.442432403564453,12.333333333333526,0,1,0,198.43698633221356,2.1442432403564454e-05,740,1,0
295,18,23,0,0,1,21.222517830984934,"[0.0, 21.222517830984934]",21.222517830984934,20.0,21.222517830984934,13.683333333333593,0,1,0,193.7930506164339,2.1222517830984934e-05,821,1,0
295,19,30,0,0,1,21.086523873465403,"[0.0, 21.086523873465403]",21.086523873465403,20.0,21.086523873465403,11.233333333333471,0,1,0,195.13595054612233,2.10865238734654e-05,674,1,0
295,20,38,0,0,1,21.030118124825613,"[0.0, 21.030118124825613]",21.030118124825613,20.0,21.030118124825613,12.883333333333553,0,1,0,196.2155160219918,2.1030118124825612e-05,773,1,0
295,21,21,0,0,1,21.028872898646764,"[0.0, 21.028872898646764]",21.028872898646764,20.0,21.028872898646764,11.550000000000153,0,1,0,195.6469447665222,2.1028872898646762e-05,693,1,0
295,22,24,0,0,1,20.966922215053014,"[0.0, 20.966922215053014]",20.966922215053014,20.0,20.966922215053014,11.96666666666684,0,1,0,194.77771748524538,2.0966922215053013e-05,718,1,0
295,23,60,0,0,1,20.926104954310826,"[0.0, 20.926104954310826]",20.926104954310826,20.0,20.926104954310826,12.550000000000203,0,1,0,194.03985140994337,2.0926104954310826e-05,753,1,0
295,24,32,0,0,1,20.733105795724054,"[0.0, 20.733105795724054]",20.733105795724054,20.0,20.733105795724054,11.533333333333486,0,1,0,195.001244133593,2.0733105795724055e-05,692,1,0
295,25,33,0,0,1,20.620392390659877,"[0.0, 20.620392390659877]",20.620392390659877,20.0,20.620392390659877,12.216666666666853,0,1,0,192.8318299496168,2.0620392390659877e-05,733,1,0
295,26,20,0,0,1,20.577180044991632,"[0.0, 20.577180044991632]",20.577180044991632,20.0,20.577180044991632,17.33333333333363,0,1,0,183.7243976027239,2.057718004499163e-05,1040,1,0
295,27,31,0,0,1,17.005865914481028,"[0.0, 17.005865914481028]",17.005865914481028,14.285714285714285,17.005865914481028,10.950000000000124,0,1,0,155.10053367022192,1.700586591448103e-05,657,1,0
295,28,62,0,0,1,16.964018685477118,"[0.0, 16.964018685477118]",16.964018685477118,14.285714285714285,16.964018685477118,9.900000000000071,0,1,0,156.5792293608538,1.6964018685477118e-05,594,1,0
295,29,13,0,0,1,16.940836225237167,"[0.0, 16.940836225237167]",16.940836225237167,14.285714285714285,16.940836225237167,10.733333333333446,0,1,0,162.26004331625154,1.6940836225237168e-05,644,1,0
295,30,9,0,0,1,16.921452113560267,"[0.0, 16.921452113560267]",16.921452113560267,14.285714285714285,16.921452113560267,10.666666666666776,0,1,0,157.26844044670725,1.6921452113560266e-05,640,1,0
295,31,52,0,0,1,16.816678728376118,"[0.0, 16.816678728376118]",16.816678728376118,14.285714285714285,16.816678728376118,11.316666666666809,0,1,0,155.7087485769007,1.6816678728376118e-05,679,1,0
295,32,11,0,0,1,16.741501944405695,"[0.0, 16.741501944405695]",16.741501944405695,14.285714285714285,16.741501944405695,9.850000000000069,0,1,0,155.5926836191793,1.6741501944405695e-05,591,1,0
295,33,50,0,0,0,16.665028163364955,"[0.0, 16.665028163364955]",16.665028163364955,14.285714285714285,16.665028163364955,11.716666666666828,0,1,0,158.49431304507016,1.6665028163364955e-05,703,1,0
295,34,53,0,0,0,16.623660496303014,"[0.0, 16.623660496303014]",16.623660496303014,14.285714285714285,16.623660496303014,10.333333333333426,0,1,0,153.5878239692538,1.6623660496303013e-05,620,1,0
295,35,49,0,0,0,16.61604200090681,"[0.0, 16.61604200090681]",16.61604200090681,14.285714285714285,16.61604200090681,9.633333333333391,0,1,0,146.41378505557077,1.661604200090681e-05,578,1,0
295,36,57,0,0,0,16.461939130510604,"[0.0, 16.461939130510604]",16.461939130510604,14.285714285714285,16.461939130510604,9.416666666666714,0,1,0,151.42080403119326,1.6461939130510605e-05,565,1,0
295,37,28,0,0,0,16.43355233328683,"[0.0, 16.43355233328683]",16.43355233328683,14.285714285714285,16.43355233328683,10.150000000000084,0,1,0,146.23032125427562,1.643355233328683e-05,609,1,0
295,38,36,0,0,0,16.415579659598215,"[0.0, 16.415579659598215]",16.415579659598215,14.285714285714285,16.415579659598215,10.000000000000076,0,1,0,153.32087391611276,1.6415579659598215e-05,600,1,0
295,39,12,0,0,0,16.32676260811942,"[0.0, 16.32676260811942]",16.32676260811942,14.285714285714285,16.32676260811942,10.200000000000086,0,1,0,151.2601937121508,1.632676260811942e-05,612,1,0
295,40,51,0,0,0,16.125706263950892,"[0.0, 16.125706263950892]",16.125706263950892,14.285714285714285,16.125706263950892,10.016666666666744,0,1,0,151.9354982292425,1.6125706263950893e-05,601,1,0
295,41,16,0,0,0,16.06616428920201,"[0.0, 16.06616428920201]",16.06616428920201,14.285714285714285,16.06616428920201,9.733333333333396,0,1,0,151.19888086367428,1.606616428920201e-05,584,1,0
295,42,59,0,0,0,16.02759769984654,"[0.0, 16.02759769984654]",16.02759769984654,14.285714285714285,16.02759769984654,10.716666666666779,0,1,0,152.8066614585332,1.6027597699846543e-05,643,1,0
295,43,10,0,0,0,15.971107482910158,"[0.0, 15.971107482910158]",15.971107482910158,14.285714285714285,15.971107482910158,11.333333333333476,0,1,0,150.72611570085428,1.597110748291016e-05,680,1,0
295,44,46,0,0,0,15.592515127999443,"[0.0, 15.592515127999443]",15.592515127999443,14.285714285714285,15.592515127999443,10.450000000000099,0,1,0,149.37442291531625,1.5592515127999443e-05,627,1,0
295,45,41,0,0,0,11.54541015625,"[0.0, 11.54541015625]",11.54541015625,11.428571428571429,11.54541015625,8.550000000000004,0,1,0,113.2936718564597,1.154541015625e-05,513,1,0
295,46,29,0,0,0,11.459693908691406,"[0.0, 11.459693908691406]",11.459693908691406,11.428571428571429,11.459693908691406,8.099999999999982,0,1,0,111.88449612632394,1.1459693908691407e-05,486,1,0
295,47,8,0,0,0,11.30230222429548,"[0.0, 11.30230222429548]",11.30230222429548,8.571428571428571,11.30230222429548,7.416666666666646,0,1,0,105.50140867754817,1.1302302224295479e-05,445,1,0
295,48,25,0,0,0,11.218158176967076,"[0.0, 11.218158176967076]",11.218158176967076,8.571428571428571,11.218158176967076,8.333333333333327,0,1,0,109.79484025621787,1.1218158176967076e-05,500,1,0
295,49,61,0,0,0,11.206730433872767,"[0.0, 11.206730433872767]",11.206730433872767,8.571428571428571,11.206730433872767,8.833333333333352,0,1,0,108.4084682495959,1.1206730433872767e-05,530,1,0
295,50,44,0,0,0,10.998262677873884,"[0.0, 10.998262677873884]",10.998262677873884,8.571428571428571,10.998262677873884,9.233333333333372,0,1,0,110.03862699826277,1.0998262677873883e-05,554,1,0
295,51,22,0,0,0,8.044079371861049,"[0.0, 8.044079371861049]",8.044079371861049,5.714285714285714,8.044079371861049,11.750000000000163,0,1,0,69.7429916542751,8.04407937186105e-06,705,1,0
295,52,34,0,0,0,6.644385201590401,"[0.0, 6.644385201590401]",6.644385201590401,5.714285714285714,6.644385201590401,7.533333333333312,0,1,0,60.550823556150135,6.644385201590401e-06,452,1,0
295,53,45,0,0,0,6.44172123500279,"[0.0, 6.44172123500279]",6.44172123500279,5.714285714285714,6.44172123500279,7.366666666666646,0,1,0,58.581855287025974,6.44172123500279e-06,442,1,0
295,54,43,0,0,0,6.329590933663505,"[0.0, 6.329590933663505]",6.329590933663505,5.714285714285714,6.329590933663505,7.366666666666646,0,1,0,58.88349388039933,6.329590933663505e-06,442,1,0
295,55,58,0,0,0,6.297858101981027,"[0.0, 6.297858101981027]",6.297858101981027,5.714285714285714,6.297858101981027,7.366666666666646,0,1,0,58.58219885805738,6.297858101981027e-06,442,1,0
295,56,26,0,0,0,6.295825413295201,"[0.0, 6.295825413295201]",6.295825413295201,5.714285714285714,6.295825413295201,7.366666666666646,0,1,0,58.48203587084572,6.295825413295202e-06,442,1,0
295,57,47,0,0,0,6.277781895228794,"[0.0, 6.277781895228794]",6.277781895228794,5.714285714285714,6.277781895228794,7.366666666666646,0,1,0,58.47851930531033,6.277781895228794e-06,442,1,0
295,58,56,0,0,0,5.5404445103236615,"[0.0, 5.5404445103236615]",5.5404445103236615,2.857142857142857,5.5404445103236615,3.4499999999999926,0,1,0,49.716952100396156,5.540444510323662e-06,207,1,0
295,59,42,0,0,0,5.195356096540179,"[0.0, 5.195356096540179]",5.195356096540179,2.857142857142857,5.195356096540179,6.633333333333315,0,1,0,43.87890155598143,5.1953560965401786e-06,398,1,0
295,60,17,0,0,0,5.127318246023996,"[0.0, 5.127318246023996]",5.127318246023996,2.857142857142857,5.127318246023996,6.583333333333315,0,1,0,43.007809825961886,5.127318246023996e-06,395,1,0
295,61,15,0,0,0,3.7258311680385043,"[0.0, 3.7258311680385043]",3.7258311680385043,2.857142857142857,3.7258311680385043,5.516666666666652,0,1,0,26.042634890916815,3.7258311680385044e-06,331,1,0
295,62,37,0,0,0,2.8195081438337053,"[0.0, 2.8195081438337053]",2.8195081438337053,0.0,2.8195081438337053,5.016666666666654,0,1,0,40.492948723374866,2.819508143833705e-06,301,1,0
295,63,48,0,0,0,2.1115548270089284,"[0.0, 2.1115548270089284]",2.1115548270089284,0.0,2.1115548270089284,5.016666666666654,0,1,0,7.705669845803641,2.1115548270089285e-06,301,1,0
295,64,27,0,0,0,2.1017565046037947,"[0.0, 2.1017565046037947]",2.1017565046037947,0.0,2.1017565046037947,5.016666666666654,0,1,0,7.705530466024356,2.101756504603795e-06,301,1,0
296,1,0,0,1,1,31.428571428571427,"[0.0, 31.428571428571427]",31.428571428571427,28.57142857142857,31.428571428571427,19.60000000000017,0,1,0,311.814752412065,3.1428571428571424e-05,1176,1,0
296,2,1,0,1,1,31.428571428571427,"[0.0, 31.428571428571427]",31.428571428571427,28.57142857142857,31.428571428571427,19.55000000000017,0,1,0,312.6199180192634,3.1428571428571424e-05,1173,1,0
296,3,2,0,1,1,31.428571428571427,"[0.0, 31.428571428571427]",31.428571428571427,28.57142857142857,31.428571428571427,19.86666666666682,0,1,0,314.6573925190969,3.1428571428571424e-05,1192,1,0
296,4,20,0,1,1,31.428571428571427,"[0.0, 31.428571428571427]",31.428571428571427,28.57142857142857,31.428571428571427,15.350000000000342,0,1,0,300.4833707971993,3.1428571428571424e-05,921,1,0
296,5,15,0,1,1,31.382908383695685,"[0.0, 31.382908383695685]",31.382908383695685,28.57142857142857,31.382908383695685,19.150000000000194,0,1,0,309.1353873396074,3.138290838369569e-05,1149,1,0
296,6,3,0,1,1,31.297173541223966,"[0.0, 31.297173541223966]",31.297173541223966,28.57142857142857,31.297173541223966,18.916666666666874,0,1,0,303.7667459880904,3.129717354122397e-05,1135,1,0
296,7,4,0,1,1,30.97591736956666,"[0.0, 30.97591736956666]",30.97591736956666,28.57142857142857,30.97591736956666,16.40000000000035,0,1,0,300.6347389266157,3.097591736956666e-05,984,1,0
296,8,5,0,1,1,30.90725710160724,"[0.0, 30.90725710160724]",30.90725710160724,28.57142857142857,30.90725710160724,17.350000000000296,0,1,0,305.6718613877092,3.090725710160724e-05,1041,1,0
296,9,56,0,0,1,30.835290569322982,"[0.0, 30.835290569322982]",30.835290569322982,28.57142857142857,30.835290569322982,14.916666666666988,0,1,0,300.0279042494658,3.083529056932298e-05,895,1,0
296,10,6,0,0,1,30.78334835552436,"[0.0, 30.78334835552436]",30.78334835552436,28.57142857142857,30.78334835552436,16.733333333333665,0,1,0,302.8928435566486,3.078334835552436e-05,1004,1,0
296,11,7,0,0,1,30.729003482361506,"[0.0, 30.729003482361506]",30.729003482361506,28.57142857142857,30.729003482361506,16.36666666666702,0,1,0,303.4036777476067,3.0729003482361504e-05,982,1,0
296,12,39,0,0,1,30.56117333632035,"[0.0, 30.56117333632035]",30.56117333632035,28.57142857142857,30.56117333632035,17.91666666666693,0,1,0,303.477165493794,3.056117333632035e-05,1075,1,0
296,13,44,0,0,1,30.039832102159824,"[0.0, 30.039832102159824]",30.039832102159824,28.57142857142857,30.039832102159824,16.666666666667002,0,1,0,298.36762819466094,3.0039832102159825e-05,1000,1,0
296,14,59,0,0,1,29.999999233655387,"[0.0, 29.999999233655387]",29.999999233655387,28.57142857142857,29.999999233655387,16.416666666667016,0,1,0,296.58277264673234,2.999999923365539e-05,985,1,0
296,15,25,0,0,1,29.729640884336945,"[0.0, 29.729640884336945]",29.729640884336945,28.57142857142857,29.729640884336945,15.96666666666704,0,1,0,291.434298069682,2.9729640884336946e-05,958,1,0
296,16,19,0,0,1,23.760048518155077,"[0.0, 23.760048518155077]",23.760048518155077,22.857142857142858,23.760048518155077,11.483333333333483,0,1,0,206.44411214825232,2.3760048518155076e-05,689,1,0
296,17,22,0,0,1,23.700601942727452,"[0.0, 23.700601942727452]",23.700601942727452,22.857142857142858,23.700601942727452,15.450000000000347,0,1,0,216.95019073299045,2.370060194272745e-05,927,1,0
296,18,62,0,0,1,22.2267941066197,"[0.0, 22.2267941066197]",22.2267941066197,20.0,22.2267941066197,18.083333333333588,0,1,0,214.82997198477824,2.22267941066197e-05,1085,1,0
296,19,10,0,0,1,21.88500268118722,"[0.0, 21.88500268118722]",21.88500268118722,20.0,21.88500268118722,14.416666666666963,0,1,0,195.87925745661778,2.188500268118722e-05,865,1,0
296,20,55,0,0,1,21.819825853620255,"[0.0, 21.819825853620255]",21.819825853620255,20.0,21.819825853620255,11.800000000000166,0,1,0,199.8741732620474,2.1819825853620254e-05,708,1,0
296,21,51,0,0,1,21.666845594133648,"[0.0, 21.666845594133648]",21.666845594133648,20.0,21.666845594133648,12.950000000000223,0,1,0,200.21351067082287,2.1666845594133646e-05,777,1,0
296,22,13,0,0,1,21.532317570277623,"[0.0, 21.532317570277623]",21.532317570277623,20.0,21.532317570277623,11.500000000000151,0,1,0,196.1972593035971,2.1532317570277624e-05,690,1,0
296,23,33,0,0,1,21.267010825020925,"[0.0, 21.267010825020925]",21.267010825020925,20.0,21.267010825020925,13.133333333333566,0,1,0,198.42204987686273,2.1267010825020925e-05,788,1,0
296,24,49,0,0,1,21.128409249441965,"[0.0, 21.128409249441965]",21.128409249441965,20.0,21.128409249441965,12.70000000000021,0,1,0,196.35346485688206,2.1128409249441964e-05,762,1,0
296,25,16,0,0,1,21.05893543788365,"[0.0, 21.05893543788365]",21.05893543788365,20.0,21.05893543788365,11.350000000000144,0,1,0,195.94887915941945,2.105893543788365e-05,681,1,0
296,26,46,0,0,1,21.049583980015345,"[0.0, 21.049583980015345]",21.049583980015345,20.0,21.049583980015345,14.150000000000283,0,1,0,197.18414323349862,2.1049583980015344e-05,849,1,0
296,27,9,0,0,1,21.047774723597932,"[0.0, 21.047774723597932]",21.047774723597932,20.0,21.047774723597932,11.166666666666801,0,1,0,194.8922562059015,2.1047774723597933e-05,670,1,0
296,28,54,0,0,1,20.851380484444753,"[0.0, 20.851380484444753]",20.851380484444753,20.0,20.851380484444753,13.63333333333359,0,1,0,194.49065875926317,2.0851380484444753e-05,818,1,0
296,29,26,0,0,1,20.80633708408901,"[0.0, 20.80633708408901]",20.80633708408901,20.0,20.80633708408901,12.200000000000186,0,1,0,194.62723490241478,2.080633708408901e-05,732,1,0
296,30,11,0,0,1,20.764999389648438,"[0.0, 20.764999389648438]",20.764999389648438,20.0,20.764999389648438,11.816666666666833,0,1,0,195.90800069952093,2.0764999389648436e-05,709,1,0
296,31,12,0,0,1,20.735152108328684,"[0.0, 20.735152108328684]",20.735152108328684,20.0,20.735152108328684,11.733333333333496,0,1,0,194.3228302093703,2.0735152108328683e-05,704,1,0
296,32,42,0,0,1,20.619354248046875,"[0.0, 20.619354248046875]",20.619354248046875,20.0,20.619354248046875,12.466666666666866,0,1,0,190.53791946853016,2.0619354248046875e-05,748,1,0
296,33,24,0,0,0,20.561793191092356,"[0.0, 20.561793191092356]",20.561793191092356,20.0,20.561793191092356,11.916666666666838,0,1,0,195.1611669830163,2.0561793191092355e-05,715,1,0
296,34,52,0,0,0,20.401363372802734,"[0.0, 20.401363372802734]",20.401363372802734,20.0,20.401363372802734,11.833333333333501,0,1,0,191.87689645292267,2.0401363372802734e-05,710,1,0
296,35,36,0,0,0,17.267930167061945,"[0.0, 17.267930167061945]",17.267930167061945,17.142857142857142,17.267930167061945,10.633333333333441,0,1,0,157.81790888261457,1.7267930167061945e-05,638,1,0
296,36,23,0,0,0,17.100154331752233,"[0.0, 17.100154331752233]",17.100154331752233,14.285714285714285,17.100154331752233,13.10000000000023,0,1,0,154.69777445336513,1.710015433175223e-05,786,1,0
296,37,43,0,0,0,16.81873321533203,"[0.0, 16.81873321533203]",16.81873321533203,14.285714285714285,16.81873321533203,10.133333333333416,0,1,0,156.84529982649838,1.681873321533203e-05,608,1,0
296,38,41,0,0,0,16.802880423409597,"[0.0, 16.802880423409597]",16.802880423409597,14.285714285714285,16.802880423409597,11.350000000000144,0,1,0,160.34169446002488,1.68028804234096e-05,681,1,0
296,39,35,0,0,0,16.7669187273298,"[0.0, 16.7669187273298]",16.7669187273298,14.285714285714285,16.7669187273298,10.933333333333456,0,1,0,156.99690971818927,1.67669187273298e-05,656,1,0
296,40,18,0,0,0,16.43228258405413,"[0.0, 16.43228258405413]",16.43228258405413,14.285714285714285,16.43228258405413,10.666666666666776,0,1,0,155.4317060348112,1.643228258405413e-05,640,1,0
296,41,63,0,0,0,16.417579650878906,"[0.0, 16.417579650878906]",16.417579650878906,14.285714285714285,16.417579650878906,10.816666666666784,0,1,0,152.81392617811798,1.6417579650878907e-05,649,1,0
296,42,8,0,0,0,16.335062299455917,"[0.0, 16.335062299455917]",16.335062299455917,14.285714285714285,16.335062299455917,11.166666666666801,0,1,0,149.57982909912243,1.6335062299455917e-05,670,1,0
296,43,40,0,0,0,16.30774906703404,"[0.0, 16.30774906703404]",16.30774906703404,14.285714285714285,16.30774906703404,10.350000000000094,0,1,0,151.50296538483235,1.6307749067034042e-05,621,1,0
296,44,32,0,0,0,16.03569575718471,"[0.0, 16.03569575718471]",16.03569575718471,14.285714285714285,16.03569575718471,10.066666666666746,0,1,0,147.67485731831403,1.603569575718471e-05,604,1,0
296,45,37,0,0,0,15.962077549525668,"[0.0, 15.962077549525668]",15.962077549525668,14.285714285714285,15.962077549525668,10.550000000000104,0,1,0,148.21269263137947,1.5962077549525667e-05,633,1,0
296,46,29,0,0,0,11.682627541678292,"[0.0, 11.682627541678292]",11.682627541678292,11.428571428571429,11.682627541678292,8.166666666666652,0,1,0,112.39977716095746,1.1682627541678291e-05,490,1,0
296,47,61,0,0,0,11.665101732526505,"[0.0, 11.665101732526505]",11.665101732526505,11.428571428571429,11.665101732526505,8.500000000000002,0,1,0,113.70302913780324,1.1665101732526506e-05,510,1,0
296,48,38,0,0,0,11.657267979213168,"[0.0, 11.657267979213168]",11.657267979213168,11.428571428571429,11.657267979213168,11.050000000000129,0,1,0,117.27433341104916,1.1657267979213168e-05,663,1,0
296,49,21,0,0,0,11.483195168631417,"[0.0, 11.483195168631417]",11.483195168631417,11.428571428571429,11.483195168631417,7.866666666666644,0,1,0,107.809389969334,1.1483195168631417e-05,472,1,0
296,50,47,0,0,0,11.45508084978376,"[0.0, 11.45508084978376]",11.45508084978376,11.428571428571429,11.45508084978376,12.316666666666858,0,1,0,113.11816020194237,1.145508084978376e-05,739,1,0
296,51,60,0,0,0,11.40143803187779,"[0.0, 11.40143803187779]",11.40143803187779,8.571428571428571,11.40143803187779,8.216666666666654,0,1,0,108.7590846484527,1.140143803187779e-05,493,1,0
296,52,53,0,0,0,11.301708221435547,"[0.0, 11.301708221435547]",11.301708221435547,8.571428571428571,11.301708221435547,10.816666666666784,0,1,0,111.14024402549694,1.1301708221435547e-05,649,1,0
296,53,58,0,0,0,8.303977421351842,"[0.0, 8.303977421351842]",8.303977421351842,5.714285714285714,8.303977421351842,8.733333333333347,0,1,0,70.76592469626485,8.303977421351843e-06,524,1,0
296,54,27,0,0,0,6.3128171648297995,"[0.0, 6.3128171648297995]",6.3128171648297995,5.714285714285714,6.3128171648297995,7.366666666666646,0,1,0,58.58178556588973,6.312817164829799e-06,442,1,0
296,55,31,0,0,0,6.3026210239955365,"[0.0, 6.3026210239955365]",6.3026210239955365,5.714285714285714,6.3026210239955365,7.366666666666646,0,1,0,58.73157176544919,6.302621023995537e-06,442,1,0
296,56,34,0,0,0,6.289661952427456,"[0.0, 6.289661952427456]",6.289661952427456,5.714285714285714,6.289661952427456,7.316666666666646,0,1,0,57.23248055309523,6.289661952427455e-06,439,1,0
296,57,28,0,0,0,6.218218122209821,"[0.0, 6.218218122209821]",6.218218122209821,5.714285714285714,6.218218122209821,7.316666666666646,0,1,0,58.01678925639135,6.218218122209821e-06,439,1,0
296,58,48,0,0,0,5.999848502022879,"[0.0, 5.999848502022879]",5.999848502022879,5.714285714285714,5.999848502022879,6.883333333333314,0,1,0,58.505054360764916,5.99984850202288e-06,413,1,0
296,59,50,0,0,0,4.6621213640485495,"[0.0, 4.6621213640485495]",4.6621213640485495,2.857142857142857,4.6621213640485495,6.3166666666666496,0,1,0,37.23540747502557,4.662121364048549e-06,379,1,0
296,60,57,0,0,0,3.7237058367047995,"[0.0, 3.7237058367047995]",3.7237058367047995,2.857142857142857,3.7237058367047995,5.516666666666652,0,1,0,26.042957519173797,3.7237058367047996e-06,331,1,0
296,61,45,0,0,0,3.5325513567243303,"[0.0, 3.5325513567243303]",3.5325513567243303,2.857142857142857,3.5325513567243303,4.39999999999999,0,1,0,26.430096864467487,3.5325513567243305e-06,264,1,0
296,62,17,0,0,0,3.4351893833705356,"[0.0, 3.4351893833705356]",3.4351893833705356,2.857142857142857,3.4351893833705356,5.2999999999999865,0,1,0,23.112163961362967,3.4351893833705357e-06,318,1,0
296,63,14,0,0,0,3.3697564261300226,"[0.0, 3.3697564261300226]",3.3697564261300226,2.857142857142857,3.3697564261300226,5.2999999999999865,0,1,0,23.112465766404057,3.3697564261300225e-06,318,1,0
296,64,30,0,0,0,2.1253858293805803,"[0.0, 2.1253858293805803]",2.1253858293805803,0.0,2.1253858293805803,5.016666666666654,0,1,0,22.65742625434359,2.12538582938058e-06,301,1,0
297,1,0,0,1,1,31.428571428571427,"[0.0, 31.428571428571427]",31.428571428571427,28.57142857142857,31.428571428571427,19.60000000000017,0,1,0,311.814752412065,3.1428571428571424e-05,1176,1,0
297,2,1,0,1,1,31.428571428571427,"[0.0, 31.428571428571427]",31.428571428571427,28.57142857142857,31.428571428571427,19.55000000000017,0,1,0,312.6199180192634,3.1428571428571424e-05,1173,1,0
297,3,2,0,1,1,31.428571428571427,"[0.0, 31.428571428571427]",31.428571428571427,28.57142857142857,31.428571428571427,19.86666666666682,0,1,0,314.6573925190969,3.1428571428571424e-05,1192,1,0
297,4,3,0,1,1,31.428571428571427,"[0.0, 31.428571428571427]",31.428571428571427,28.57142857142857,31.428571428571427,15.350000000000342,0,1,0,300.4833707971993,3.1428571428571424e-05,921,1,0
297,5,4,0,1,1,31.382908383695685,"[0.0, 31.382908383695685]",31.382908383695685,28.57142857142857,31.382908383695685,19.150000000000194,0,1,0,309.1353873396074,3.138290838369569e-05,1149,1,0
297,6,5,0,1,1,31.297173541223966,"[0.0, 31.297173541223966]",31.297173541223966,28.57142857142857,31.297173541223966,18.916666666666874,0,1,0,303.7667459880904,3.129717354122397e-05,1135,1,0
297,7,49,0,1,1,31.187441481637546,"[0.0, 31.187441481637546]",31.187441481637546,28.57142857142857,31.187441481637546,18.550000000000228,0,1,0,308.2951766188853,3.118744148163755e-05,1113,1,0
297,8,6,0,1,1,30.97591736956666,"[0.0, 30.97591736956666]",30.97591736956666,28.57142857142857,30.97591736956666,16.40000000000035,0,1,0,300.6347389266157,3.097591736956666e-05,984,1,0
297,9,7,0,0,1,30.90725710160724,"[0.0, 30.90725710160724]",30.90725710160724,28.57142857142857,30.90725710160724,17.350000000000296,0,1,0,305.6718613877092,3.090725710160724e-05,1041,1,0
297,10,8,0,0,1,27.186448976428746,"[0.0, 27.186448976428746]",27.186448976428746,25.71428571428571,27.186448976428746,18.016666666666925,0,1,0,269.4043680588802,2.7186448976428745e-05,1081,1,0
297,11,18,0,0,1,25.154439090073044,"[0.0, 25.154439090073044]",25.154439090073044,22.857142857142858,25.154439090073044,18.100000000000254,0,1,0,224.78850055176008,2.5154439090073044e-05,1086,1,0
297,12,46,0,0,1,22.844325474330358,"[0.0, 22.844325474330358]",22.844325474330358,20.0,22.844325474330358,14.10000000000028,0,1,0,208.84334315073647,2.284432547433036e-05,846,1,0
297,13,16,0,0,1,22.527741023472377,"[0.0, 22.527741023472377]",22.527741023472377,20.0,22.527741023472377,12.30000000000019,0,1,0,203.58792279689806,2.2527741023472377e-05,738,1,0
297,14,37,0,0,1,22.110135214669363,"[0.0, 22.110135214669363]",22.110135214669363,20.0,22.110135214669363,12.883333333333553,0,1,0,199.14356886513997,2.2110135214669363e-05,773,1,0
297,15,54,0,0,1,21.90526144845145,"[0.0, 21.90526144845145]",21.90526144845145,20.0,21.90526144845145,12.050000000000178,0,1,0,200.6958057482625,2.190526144845145e-05,723,1,0
297,16,43,0,0,1,21.652044568743026,"[0.0, 21.652044568743026]",21.652044568743026,20.0,21.652044568743026,10.966666666666791,0,1,0,196.74572796747088,2.1652044568743026e-05,658,1,0
297,17,24,0,0,1,21.494317735944477,"[0.0, 21.494317735944477]",21.494317735944477,20.0,21.494317735944477,11.500000000000151,0,1,0,197.34592497763515,2.1494317735944476e-05,690,1,0
297,18,44,0,0,1,21.39794213431222,"[0.0, 21.39794213431222]",21.39794213431222,20.0,21.39794213431222,11.500000000000151,0,1,0,198.01480931660626,2.139794213431222e-05,690,1,0
297,19,61,0,0,1,21.375487191336497,"[0.0, 21.375487191336497]",21.375487191336497,20.0,21.375487191336497,11.616666666666823,0,1,0,191.53341622767766,2.1375487191336496e-05,697,1,0
297,20,38,0,0,1,21.18290764944894,"[0.0, 21.18290764944894]",21.18290764944894,20.0,21.18290764944894,11.550000000000153,0,1,0,196.34104584747547,2.118290764944894e-05,693,1,0
297,21,25,0,0,1,20.990022931780132,"[0.0, 20.990022931780132]",20.990022931780132,20.0,20.990022931780132,12.583333333333538,0,1,0,197.86643352414103,2.0990022931780133e-05,755,1,0
297,22,51,0,0,1,20.94745635986328,"[0.0, 20.94745635986328]",20.94745635986328,20.0,20.94745635986328,11.333333333333476,0,1,0,189.53824032461125,2.094745635986328e-05,680,1,0
297,23,41,0,0,1,20.91691153390067,"[0.0, 20.91691153390067]",20.91691153390067,20.0,20.91691153390067,10.866666666666786,0,1,0,191.77216293340462,2.091691153390067e-05,652,1,0
297,24,42,0,0,1,20.69283894130162,"[0.0, 20.69283894130162]",20.69283894130162,20.0,20.69283894130162,11.216666666666804,0,1,0,196.24783934646985,2.069283894130162e-05,673,1,0
297,25,17,0,0,1,20.522109440394807,"[0.0, 20.522109440394807]",20.522109440394807,20.0,20.522109440394807,10.933333333333456,0,1,0,190.72126348411257,2.0522109440394807e-05,656,1,0
297,26,20,0,0,1,16.989424569266184,"[0.0, 16.989424569266184]",16.989424569266184,14.285714285714285,16.989424569266184,9.766666666666731,0,1,0,159.70699582873203,1.6989424569266184e-05,586,1,0
297,27,35,0,0,1,16.967691693987167,"[0.0, 16.967691693987167]",16.967691693987167,14.285714285714285,16.967691693987167,9.966666666666741,0,1,0,159.73479145314195,1.6967691693987167e-05,598,1,0
297,28,57,0,0,1,16.882520403180802,"[0.0, 16.882520403180802]",16.882520403180802,14.285714285714285,16.882520403180802,10.050000000000079,0,1,0,162.25290409996524,1.6882520403180803e-05,603,1,0
297,29,34,0,0,1,16.85438428606306,"[0.0, 16.85438428606306]",16.85438428606306,14.285714285714285,16.85438428606306,10.766666666666781,0,1,0,159.05420449632948,1.685438428606306e-05,646,1,0
297,30,53,0,0,1,16.80260249546596,"[0.0, 16.80260249546596]",16.80260249546596,14.285714285714285,16.80260249546596,9.766666666666731,0,1,0,153.4008189363958,1.680260249546596e-05,586,1,0
297,31,19,0,0,1,16.667382376534597,"[0.0, 16.667382376534597]",16.667382376534597,14.285714285714285,16.667382376534597,11.500000000000151,0,1,0,152.7620743966836,1.66673823765346e-05,690,1,0
297,32,32,0,0,1,16.45233154296875,"[0.0, 16.45233154296875]",16.45233154296875,14.285714285714285,16.45233154296875,12.23333333333352,0,1,0,147.99821728556708,1.645233154296875e-05,734,1,0
297,33,10,0,0,0,16.44942692347935,"[0.0, 16.44942692347935]",16.44942692347935,14.285714285714285,16.44942692347935,12.733333333333546,0,1,0,149.13008138915757,1.644942692347935e-05,764,1,0
297,34,21,0,0,0,16.2287357875279,"[0.0, 16.2287357875279]",16.2287357875279,14.285714285714285,16.2287357875279,10.716666666666779,0,1,0,154.63945545397291,1.62287357875279e-05,643,1,0
297,35,27,0,0,0,15.873369489397321,"[0.0, 15.873369489397321]",15.873369489397321,14.285714285714285,15.873369489397321,9.850000000000069,0,1,0,145.02511110976047,1.5873369489397322e-05,591,1,0
297,36,52,0,0,0,15.686923435756139,"[0.0, 15.686923435756139]",15.686923435756139,14.285714285714285,15.686923435756139,10.766666666666781,0,1,0,147.64260697452846,1.568692343575614e-05,646,1,0
297,37,31,0,0,0,11.60585948399135,"[0.0, 11.60585948399135]",11.60585948399135,11.428571428571429,11.60585948399135,9.916666666666739,0,1,0,114.41751592286892,1.1605859483991351e-05,595,1,0
297,38,13,0,0,0,11.578053065708707,"[0.0, 11.578053065708707]",11.578053065708707,11.428571428571429,11.578053065708707,8.700000000000012,0,1,0,114.95449995424133,1.1578053065708706e-05,522,1,0
297,39,58,0,0,0,11.558333805629186,"[0.0, 11.558333805629186]",11.558333805629186,11.428571428571429,11.558333805629186,8.366666666666662,0,1,0,107.2926395329705,1.1558333805629185e-05,502,1,0
297,40,50,0,0,0,11.501246861049106,"[0.0, 11.501246861049106]",11.501246861049106,11.428571428571429,11.501246861049106,8.016666666666644,0,1,0,110.11746236681938,1.1501246861049106e-05,481,1,0
297,41,9,0,0,0,11.329571860177175,"[0.0, 11.329571860177175]",11.329571860177175,8.571428571428571,11.329571860177175,8.733333333333347,0,1,0,110.92475238135376,1.1329571860177175e-05,524,1,0
297,42,48,0,0,0,11.278035300118583,"[0.0, 11.278035300118583]",11.278035300118583,8.571428571428571,11.278035300118583,9.633333333333391,0,1,0,109.10239584209194,1.1278035300118583e-05,578,1,0
297,43,33,0,0,0,10.110506330217634,"[0.0, 10.110506330217634]",10.110506330217634,8.571428571428571,10.110506330217634,7.04999999999998,0,1,0,100.17149291187525,1.0110506330217633e-05,423,1,0
297,44,30,0,0,0,8.572488512311663,"[0.0, 8.572488512311663]",8.572488512311663,8.571428571428571,8.572488512311663,12.250000000000188,0,1,0,73.37344810846116,8.572488512311663e-06,735,1,0
297,45,14,0,0,0,8.541908264160156,"[0.0, 8.541908264160156]",8.541908264160156,5.714285714285714,8.541908264160156,7.899999999999977,0,1,0,64.3337715407979,8.541908264160156e-06,474,1,0
297,46,12,0,0,0,8.481570652553014,"[0.0, 8.481570652553014]",8.481570652553014,5.714285714285714,8.481570652553014,12.350000000000193,0,1,0,71.3862728477252,8.481570652553013e-06,741,1,0
297,47,63,0,0,0,8.432129451206752,"[0.0, 8.432129451206752]",8.432129451206752,5.714285714285714,8.432129451206752,7.599999999999978,0,1,0,61.02397281011508,8.432129451206751e-06,456,1,0
297,48,45,0,0,0,8.405039651053292,"[0.0, 8.405039651053292]",8.405039651053292,5.714285714285714,8.405039651053292,6.333333333333316,0,1,0,59.22480218579585,8.405039651053291e-06,380,1,0
297,49,11,0,0,0,8.309195382254464,"[0.0, 8.309195382254464]",8.309195382254464,5.714285714285714,8.309195382254464,4.049999999999991,0,1,0,83.99484831094742,8.309195382254464e-06,243,1,0
297,50,15,0,0,0,8.20023672921317,"[0.0, 8.20023672921317]",8.20023672921317,5.714285714285714,8.20023672921317,11.700000000000161,0,1,0,68.03302287236147,8.20023672921317e-06,702,1,0
297,51,40,0,0,0,8.063490731375559,"[0.0, 8.063490731375559]",8.063490731375559,5.714285714285714,8.063490731375559,3.5333333333333257,0,1,0,81.29721410572529,8.06349073137556e-06,212,1,0
297,52,26,0,0,0,7.5963510785784045,"[0.0, 7.5963510785784045]",7.5963510785784045,5.714285714285714,7.5963510785784045,9.216666666666704,0,1,0,79.04263274563709,7.5963510785784045e-06,553,1,0
297,53,59,0,0,0,6.478462219238282,"[0.0, 6.478462219238282]",6.478462219238282,5.714285714285714,6.478462219238282,7.366666666666646,0,1,0,58.58221319557197,6.478462219238282e-06,442,1,0
297,54,62,0,0,0,6.394053867885045,"[0.0, 6.394053867885045]",6.394053867885045,5.714285714285714,6.394053867885045,7.366666666666646,0,1,0,58.54237751900655,6.394053867885045e-06,442,1,0
297,55,47,0,0,0,6.38106209891183,"[0.0, 6.38106209891183]",6.38106209891183,5.714285714285714,6.38106209891183,7.366666666666646,0,1,0,58.58245781894948,6.38106209891183e-06,442,1,0
297,56,22,0,0,0,6.356206621442523,"[0.0, 6.356206621442523]",6.356206621442523,5.714285714285714,6.356206621442523,7.366666666666646,0,1,0,58.24201448652457,6.356206621442523e-06,442,1,0
297,57,55,0,0,0,6.30577632359096,"[0.0, 6.30577632359096]",6.30577632359096,5.714285714285714,6.30577632359096,7.366666666666646,0,1,0,59.0299475353313,6.30577632359096e-06,442,1,0
297,58,23,0,0,0,6.30225590297154,"[0.0, 6.30225590297154]",6.30225590297154,5.714285714285714,6.30225590297154,7.366666666666646,0,1,0,58.47812972479005,6.30225590297154e-06,442,1,0
297,59,39,0,0,0,5.53290775844029,"[0.0, 5.53290775844029]",5.53290775844029,2.857142857142857,5.53290775844029,6.883333333333314,0,1,0,48.0053598526647,5.53290775844029e-06,413,1,0
297,60,36,0,0,0,5.321486336844308,"[0.0, 5.321486336844308]",5.321486336844308,2.857142857142857,5.321486336844308,6.733333333333315,0,1,0,45.56679751287447,5.321486336844308e-06,404,1,0
297,61,60,0,0,0,5.264249529157365,"[0.0, 5.264249529157365]",5.264249529157365,2.857142857142857,5.264249529157365,6.683333333333315,0,1,0,44.72533693553851,5.264249529157365e-06,401,1,0
297,62,28,0,0,0,3.4834398542131697,"[0.0, 3.4834398542131697]",3.4834398542131697,2.857142857142857,3.4834398542131697,5.349999999999986,0,1,0,23.73638782002672,3.4834398542131697e-06,321,1,0
297,63,29,0,0,0,3.4707587105887274,"[0.0, 3.4707587105887274]",3.4707587105887274,2.857142857142857,3.4707587105887274,5.016666666666654,0,1,0,23.555170575986267,3.4707587105887275e-06,301,1,0
297,64,56,0,0,0,0.6995827811104911,"[0.0, 0.6995827811104911]",0.6995827811104911,0.0,0.6995827811104911,5.33333333333332,0,1,0,21.339227615855634,6.99582781110491e-07,320,1,0
298,1,0,0,1,1,31.428571428571427,"[0.0, 31.428571428571427]",31.428571428571427,28.57142857142857,31.428571428571427,19.60000000000017,0,1,0,311.814752412065,3.1428571428571424e-05,1176,1,0
298,2,1,0,1,1,31.428571428571427,"[0.0, 31.428571428571427]",31.428571428571427,28.57142857142857,31.428571428571427,19.55000000000017,0,1,0,312.6199180192634,3.1428571428571424e-05,1173,1,0
298,3,2,0,1,1,31.428571428571427,"[0.0, 31.428571428571427]",31.428571428571427,28.57142857142857,31.428571428571427,19.86666666666682,0,1,0,314.6573925190969,3.1428571428571424e-05,1192,1,0
298,4,3,0,1,1,31.428571428571427,"[0.0, 31.428571428571427]",31.428571428571427,28.57142857142857,31.428571428571427,15.350000000000342,0,1,0,300.4833707971993,3.1428571428571424e-05,921,1,0
298,5,58,0,1,1,31.428571428571427,"[0.0, 31.428571428571427]",31.428571428571427,28.57142857142857,31.428571428571427,16.20000000000036,0,1,0,316.28280931711197,3.1428571428571424e-05,972,1,0
298,6,4,0,1,1,31.382908383695685,"[0.0, 31.382908383695685]",31.382908383695685,28.57142857142857,31.382908383695685,19.150000000000194,0,1,0,309.1353873396074,3.138290838369569e-05,1149,1,0
298,7,14,0,1,1,31.36461421496452,"[0.0, 31.36461421496452]",31.36461421496452,28.57142857142857,31.36461421496452,19.800000000000157,0,1,0,310.3700005908104,3.136461421496452e-05,1188,1,0
298,8,5,0,1,1,31.297173541223966,"[0.0, 31.297173541223966]",31.297173541223966,28.57142857142857,31.297173541223966,18.916666666666874,0,1,0,303.7667459880904,3.129717354122397e-05,1135,1,0
298,9,6,0,0,1,31.187441481637546,"[0.0, 31.187441481637546]",31.187441481637546,28.57142857142857,31.187441481637546,18.550000000000228,0,1,0,308.2951766188853,3.118744148163755e-05,1113,1,0
298,10,7,0,0,1,30.97591736956666,"[0.0, 30.97591736956666]",30.97591736956666,28.57142857142857,30.97591736956666,16.40000000000035,0,1,0,300.6347389266157,3.097591736956666e-05,984,1,0
298,11,16,0,0,1,29.999999233655387,"[0.0, 29.999999233655387]",29.999999233655387,28.57142857142857,29.999999233655387,20.316666666666794,0,1,0,293.9543832922718,2.999999923365539e-05,1219,1,0
298,12,41,0,0,1,28.35395824654292,"[0.0, 28.35395824654292]",28.35395824654292,25.71428571428571,28.35395824654292,12.23333333333352,0,1,0,274.10343675874174,2.835395824654292e-05,734,1,0
298,13,34,0,0,1,23.58394311335775,"[0.0, 23.58394311335775]",23.58394311335775,22.857142857142858,23.58394311335775,13.050000000000228,0,1,0,212.29218739256612,2.3583943113357752e-05,783,1,0
298,14,13,0,0,1,23.473336025475188,"[0.0, 23.473336025475188]",23.473336025475188,22.857142857142858,23.473336025475188,13.63333333333359,0,1,0,215.41435996336077,2.3473336025475186e-05,818,1,0
298,15,52,0,0,1,22.717129843575616,"[0.0, 22.717129843575616]",22.717129843575616,20.0,22.717129843575616,12.466666666666866,0,1,0,204.4300924297131,2.2717129843575615e-05,748,1,0
298,16,37,0,0,1,21.82161603655134,"[0.0, 21.82161603655134]",21.82161603655134,20.0,21.82161603655134,12.083333333333513,0,1,0,198.51393395203195,2.182161603655134e-05,725,1,0
298,17,10,0,0,1,21.708750043596538,"[0.0, 21.708750043596538]",21.708750043596538,20.0,21.708750043596538,12.90000000000022,0,1,0,195.56401137213834,2.170875004359654e-05,774,1,0
298,18,25,0,0,1,21.453214372907368,"[0.0, 21.453214372907368]",21.453214372907368,20.0,21.453214372907368,12.000000000000176,0,1,0,197.6553605260051,2.1453214372907368e-05,720,1,0
298,19,40,0,0,1,21.223275320870535,"[0.0, 21.223275320870535]",21.223275320870535,20.0,21.223275320870535,11.583333333333488,0,1,0,196.08902310219855,2.1223275320870533e-05,695,1,0
298,20,63,0,0,1,21.186776842389786,"[0.0, 21.186776842389786]",21.186776842389786,20.0,21.186776842389786,12.10000000000018,0,1,0,195.08896992480004,2.1186776842389787e-05,726,1,0
298,21,38,0,0,1,21.02496828351702,"[0.0, 21.02496828351702]",21.02496828351702,20.0,21.02496828351702,12.883333333333553,0,1,0,197.83234144863673,2.102496828351702e-05,773,1,0
298,22,56,0,0,1,21.01531982421875,"[0.0, 21.01531982421875]",21.01531982421875,20.0,21.01531982421875,11.816666666666833,0,1,0,195.1397404053787,2.101531982421875e-05,709,1,0
298,23,46,0,0,1,20.96870149884905,"[0.0, 20.96870149884905]",20.96870149884905,20.0,20.96870149884905,10.233333333333421,0,1,0,190.47254164889455,2.096870149884905e-05,614,1,0
298,24,26,0,0,1,20.925906045096262,"[0.0, 20.925906045096262]",20.925906045096262,20.0,20.925906045096262,11.066666666666796,0,1,0,192.6074410625224,2.0925906045096263e-05,664,1,0
298,25,59,0,0,1,20.92085157121931,"[0.0, 20.92085157121931]",20.92085157121931,20.0,20.92085157121931,13.116666666666898,0,1,0,195.5457702134663,2.092085157121931e-05,787,1,0
298,26,15,0,0,1,20.857513972691127,"[0.0, 20.857513972691127]",20.857513972691127,20.0,20.857513972691127,10.966666666666791,0,1,0,194.71614802335534,2.0857513972691126e-05,658,1,0
298,27,29,0,0,1,20.657046181815012,"[0.0, 20.657046181815012]",20.657046181815012,20.0,20.657046181815012,10.850000000000119,0,1,0,191.26991162182821,2.0657046181815014e-05,651,1,0
298,28,8,0,0,1,17.2010748726981,"[0.0, 17.2010748726981]",17.2010748726981,17.142857142857142,17.2010748726981,12.383333333333528,0,1,0,156.422827847171,1.72010748726981e-05,743,1,0
298,29,17,0,0,1,17.18606676374163,"[0.0, 17.18606676374163]",17.18606676374163,17.142857142857142,17.18606676374163,10.966666666666791,0,1,0,166.68310816789744,1.7186066763741628e-05,658,1,0
298,30,51,0,0,1,17.089451381138392,"[0.0, 17.089451381138392]",17.089451381138392,14.285714285714285,17.089451381138392,10.616666666666774,0,1,0,158.22594368575665,1.708945138113839e-05,637,1,0
298,31,11,0,0,1,17.07305363246373,"[0.0, 17.07305363246373]",17.07305363246373,14.285714285714285,17.07305363246373,11.116666666666799,0,1,0,161.67195027379057,1.707305363246373e-05,667,1,0
298,32,39,0,0,1,17.018394470214844,"[0.0, 17.018394470214844]",17.018394470214844,14.285714285714285,17.018394470214844,10.700000000000111,0,1,0,162.5616242403703,1.7018394470214843e-05,642,1,0
298,33,18,0,0,0,16.833272661481587,"[0.0, 16.833272661481587]",16.833272661481587,14.285714285714285,16.833272661481587,10.350000000000094,0,1,0,155.3449456500748,1.6833272661481588e-05,621,1,0
298,34,19,0,0,0,16.83307102748326,"[0.0, 16.83307102748326]",16.83307102748326,14.285714285714285,16.83307102748326,10.733333333333446,0,1,0,160.45907425988116,1.6833071027483262e-05,644,1,0
298,35,36,0,0,0,16.795948573521205,"[0.0, 16.795948573521205]",16.795948573521205,14.285714285714285,16.795948573521205,10.283333333333424,0,1,0,158.93173539434065,1.6795948573521205e-05,617,1,0
298,36,44,0,0,0,16.53510502406529,"[0.0, 16.53510502406529]",16.53510502406529,14.285714285714285,16.53510502406529,10.600000000000106,0,1,0,156.86533321417664,1.653510502406529e-05,636,1,0
298,37,45,0,0,0,16.267945425851003,"[0.0, 16.267945425851003]",16.267945425851003,14.285714285714285,16.267945425851003,10.633333333333441,0,1,0,153.79606562337722,1.6267945425851002e-05,638,1,0
298,38,28,0,0,0,16.106436593191965,"[0.0, 16.106436593191965]",16.106436593191965,14.285714285714285,16.106436593191965,9.866666666666736,0,1,0,150.81792748297448,1.6106436593191966e-05,592,1,0
298,39,47,0,0,0,14.024761744907924,"[0.0, 14.024761744907924]",14.024761744907924,11.428571428571429,14.024761744907924,12.083333333333513,0,1,0,113.47907779524394,1.4024761744907923e-05,725,1,0
298,40,27,0,0,0,11.629927498953684,"[0.0, 11.629927498953684]",11.629927498953684,11.428571428571429,11.629927498953684,9.516666666666719,0,1,0,114.18075975523243,1.1629927498953684e-05,571,1,0
298,41,23,0,0,0,11.5890748160226,"[0.0, 11.5890748160226]",11.5890748160226,11.428571428571429,11.5890748160226,10.033333333333411,0,1,0,112.18940551442938,1.1589074816022601e-05,602,1,0
298,42,9,0,0,0,11.273929050990514,"[0.0, 11.273929050990514]",11.273929050990514,8.571428571428571,11.273929050990514,8.199999999999987,0,1,0,106.66417929157615,1.1273929050990514e-05,492,1,0
298,43,62,0,0,0,11.231942858014786,"[0.0, 11.231942858014786]",11.231942858014786,8.571428571428571,11.231942858014786,8.750000000000014,0,1,0,108.7115202253699,1.1231942858014787e-05,525,1,0
298,44,61,0,0,0,11.203387124197823,"[0.0, 11.203387124197823]",11.203387124197823,8.571428571428571,11.203387124197823,8.833333333333352,0,1,0,109.1336168390626,1.1203387124197823e-05,530,1,0
298,45,53,0,0,0,10.894789014543806,"[0.0, 10.894789014543806]",10.894789014543806,8.571428571428571,10.894789014543806,9.150000000000034,0,1,0,111.46272249775939,1.0894789014543806e-05,549,1,0
298,46,33,0,0,0,9.762216295514788,"[0.0, 9.762216295514788]",9.762216295514788,8.571428571428571,9.762216295514788,4.999999999999988,0,1,0,91.49938420951366,9.762216295514787e-06,300,1,0
298,47,20,0,0,0,8.913767678397043,"[0.0, 8.913767678397043]",8.913767678397043,8.571428571428571,8.913767678397043,8.333333333333327,0,1,0,77.70371383550082,8.913767678397043e-06,500,1,0
298,48,49,0,0,0,6.588919503348214,"[0.0, 6.588919503348214]",6.588919503348214,5.714285714285714,6.588919503348214,7.4666666666666455,0,1,0,60.38009464109928,6.588919503348214e-06,448,1,0
298,49,48,0,0,0,6.49177006312779,"[0.0, 6.49177006312779]",6.49177006312779,5.714285714285714,6.49177006312779,7.433333333333312,0,1,0,59.143498055018426,6.49177006312779e-06,446,1,0
298,50,60,0,0,0,6.450544084821429,"[0.0, 6.450544084821429]",6.450544084821429,5.714285714285714,6.450544084821429,7.416666666666646,0,1,0,59.53692012109968,6.4505440848214286e-06,445,1,0
298,51,35,0,0,0,6.4006260463169635,"[0.0, 6.4006260463169635]",6.4006260463169635,5.714285714285714,6.4006260463169635,7.316666666666646,0,1,0,57.63341107208544,6.400626046316963e-06,439,1,0
298,52,21,0,0,0,6.338566371372768,"[0.0, 6.338566371372768]",6.338566371372768,5.714285714285714,6.338566371372768,7.366666666666646,0,1,0,58.58242684679135,6.338566371372768e-06,442,1,0
298,53,55,0,0,0,6.3240814208984375,"[0.0, 6.3240814208984375]",6.3240814208984375,5.714285714285714,6.3240814208984375,7.366666666666646,0,1,0,59.11662673617684,6.324081420898438e-06,442,1,0
298,54,43,0,0,0,6.314996991838728,"[0.0, 6.314996991838728]",6.314996991838728,5.714285714285714,6.314996991838728,7.366666666666646,0,1,0,58.478401790540374,6.314996991838728e-06,442,1,0
298,55,54,0,0,0,6.293427603585379,"[0.0, 6.293427603585379]",6.293427603585379,5.714285714285714,6.293427603585379,7.366666666666646,0,1,0,58.47880436915875,6.293427603585379e-06,442,1,0
298,56,42,0,0,0,6.292730058942523,"[0.0, 6.292730058942523]",6.292730058942523,5.714285714285714,6.292730058942523,7.366666666666646,0,1,0,58.59649878973869,6.292730058942523e-06,442,1,0
298,57,31,0,0,0,6.189253670828683,"[0.0, 6.189253670828683]",6.189253670828683,5.714285714285714,6.189253670828683,7.283333333333313,0,1,0,56.589540246495744,6.189253670828683e-06,437,1,0
298,58,50,0,0,0,6.0759735107421875,"[0.0, 6.0759735107421875]",6.0759735107421875,5.714285714285714,6.0759735107421875,7.233333333333313,0,1,0,56.187762984482106,6.075973510742188e-06,434,1,0
298,59,24,0,0,0,5.976862226213727,"[0.0, 5.976862226213727]",5.976862226213727,5.714285714285714,5.976862226213727,4.416666666666656,0,1,0,55.50103196501732,5.976862226213727e-06,265,1,0
298,60,12,0,0,0,5.523065839494977,"[0.0, 5.523065839494977]",5.523065839494977,2.857142857142857,5.523065839494977,6.866666666666648,0,1,0,48.174931915105844,5.523065839494977e-06,412,1,0
298,61,32,0,0,0,5.247737339564732,"[0.0, 5.247737339564732]",5.247737339564732,2.857142857142857,5.247737339564732,6.683333333333315,0,1,0,44.615474102960434,5.247737339564732e-06,401,1,0
298,62,57,0,0,0,5.124500819614956,"[0.0, 5.124500819614956]",5.124500819614956,2.857142857142857,5.124500819614956,6.583333333333315,0,1,0,43.00846253221971,5.124500819614956e-06,395,1,0
298,63,30,0,0,0,4.737892150878906,"[0.0, 4.737892150878906]",4.737892150878906,2.857142857142857,4.737892150878906,6.416666666666649,0,1,0,38.406132313772105,4.7378921508789065e-06,385,1,0
298,64,22,0,0,0,3.4399305071149557,"[0.0, 3.4399305071149557]",3.4399305071149557,2.857142857142857,3.4399305071149557,5.2999999999999865,0,1,0,23.11230088929733,3.4399305071149556e-06,318,1,0
299,1,0,0,1,1,31.428571428571427,"[0.0, 31.428571428571427]",31.428571428571427,28.57142857142857,31.428571428571427,19.60000000000017,0,1,0,311.814752412065,3.1428571428571424e-05,1176,1,0
299,2,1,0,1,1,31.428571428571427,"[0.0, 31.428571428571427]",31.428571428571427,28.57142857142857,31.428571428571427,19.55000000000017,0,1,0,312.6199180192634,3.1428571428571424e-05,1173,1,0
299,3,2,0,1,1,31.428571428571427,"[0.0, 31.428571428571427]",31.428571428571427,28.57142857142857,31.428571428571427,19.86666666666682,0,1,0,314.6573925190969,3.1428571428571424e-05,1192,1,0
299,4,3,0,1,1,31.428571428571427,"[0.0, 31.428571428571427]",31.428571428571427,28.57142857142857,31.428571428571427,15.350000000000342,0,1,0,300.4833707971993,3.1428571428571424e-05,921,1,0
299,5,4,0,1,1,31.428571428571427,"[0.0, 31.428571428571427]",31.428571428571427,28.57142857142857,31.428571428571427,16.20000000000036,0,1,0,316.28280931711197,3.1428571428571424e-05,972,1,0
299,6,32,0,1,1,31.428571428571427,"[0.0, 31.428571428571427]",31.428571428571427,28.57142857142857,31.428571428571427,20.45000000000012,0,1,0,312.02611129708384,3.1428571428571424e-05,1227,1,0
299,7,5,0,1,1,31.382908383695685,"[0.0, 31.382908383695685]",31.382908383695685,28.57142857142857,31.382908383695685,19.150000000000194,0,1,0,309.1353873396074,3.138290838369569e-05,1149,1,0
299,8,6,0,1,1,31.36461421496452,"[0.0, 31.36461421496452]",31.36461421496452,28.57142857142857,31.36461421496452,19.800000000000157,0,1,0,310.3700005908104,3.136461421496452e-05,1188,1,0
299,9,7,0,0,1,31.297173541223966,"[0.0, 31.297173541223966]",31.297173541223966,28.57142857142857,31.297173541223966,18.916666666666874,0,1,0,303.7667459880904,3.129717354122397e-05,1135,1,0
299,10,55,0,0,1,29.594082964938096,"[0.0, 29.594082964938096]",29.594082964938096,28.57142857142857,29.594082964938096,12.950000000000223,0,1,0,285.32314226962626,2.9594082964938096e-05,777,1,0
299,11,21,0,0,1,23.708909803958548,"[0.0, 23.708909803958548]",23.708909803958548,22.857142857142858,23.708909803958548,16.916666666666988,0,1,0,219.19331853985932,2.3708909803958548e-05,1015,1,0
299,12,62,0,0,1,23.69441123734304,"[0.0, 23.69441123734304]",23.69441123734304,22.857142857142858,23.69441123734304,15.000000000000325,0,1,0,219.0694155785095,2.369441123734304e-05,900,1,0
299,13,36,0,0,1,23.682324103062577,"[0.0, 23.682324103062577]",23.682324103062577,22.857142857142858,23.682324103062577,14.866666666666985,0,1,0,219.15791305244784,2.3682324103062576e-05,892,1,0
299,14,44,0,0,1,23.59437358000014,"[0.0, 23.59437358000014]",23.59437358000014,22.857142857142858,23.59437358000014,12.816666666666883,0,1,0,214.89308139297646,2.359437358000014e-05,769,1,0
299,15,40,0,0,1,22.940164249025543,"[0.0, 22.940164249025543]",22.940164249025543,22.857142857142858,22.940164249025543,11.466666666666816,0,1,0,202.99396338345832,2.294016424902554e-05,688,1,0
299,16,60,0,0,1,22.5443731035505,"[0.0, 22.5443731035505]",22.5443731035505,20.0,22.5443731035505,14.23333333333362,0,1,0,206.00102654060174,2.2544373103550503e-05,854,1,0
299,17,14,0,0,1,22.412185668945312,"[0.0, 22.412185668945312]",22.412185668945312,20.0,22.412185668945312,11.233333333333471,0,1,0,203.6372796637006,2.241218566894531e-05,674,1,0
299,18,52,0,0,1,22.341226850237163,"[0.0, 22.341226850237163]",22.341226850237163,20.0,22.341226850237163,12.816666666666883,0,1,0,203.16907329973765,2.2341226850237164e-05,769,1,0
299,19,50,0,0,1,21.716537475585938,"[0.0, 21.716537475585938]",21.716537475585938,20.0,21.716537475585938,12.450000000000198,0,1,0,199.55664352989697,2.1716537475585936e-05,747,1,0
299,20,22,0,0,1,21.566927773611884,"[0.0, 21.566927773611884]",21.566927773611884,20.0,21.566927773611884,13.000000000000226,0,1,0,198.3369988873601,2.1566927773611883e-05,780,1,0
299,21,26,0,0,1,21.552077702113557,"[0.0, 21.552077702113557]",21.552077702113557,20.0,21.552077702113557,11.266666666666806,0,1,0,195.0476025238022,2.155207770211356e-05,676,1,0
299,22,59,0,0,1,21.471541268484934,"[0.0, 21.471541268484934]",21.471541268484934,20.0,21.471541268484934,11.383333333333479,0,1,0,196.80295175511856,2.1471541268484933e-05,683,1,0
299,23,38,0,0,1,21.45686285836356,"[0.0, 21.45686285836356]",21.45686285836356,20.0,21.45686285836356,11.216666666666804,0,1,0,192.76874948964542,2.1456862858363562e-05,673,1,0
299,24,56,0,0,1,21.223057338169642,"[0.0, 21.223057338169642]",21.223057338169642,20.0,21.223057338169642,11.950000000000173,0,1,0,195.8506738637152,2.1223057338169643e-05,717,1,0
299,25,39,0,0,1,21.211749485560826,"[0.0, 21.211749485560826]",21.211749485560826,20.0,21.211749485560826,11.433333333333481,0,1,0,197.14994021052553,2.1211749485560827e-05,686,1,0
299,26,10,0,0,1,21.08966827392578,"[0.0, 21.08966827392578]",21.08966827392578,20.0,21.08966827392578,11.833333333333501,0,1,0,195.11721995168045,2.108966827392578e-05,710,1,0
299,27,49,0,0,1,21.051180703299384,"[0.0, 21.051180703299384]",21.051180703299384,20.0,21.051180703299384,10.900000000000121,0,1,0,186.9453071640164,2.1051180703299382e-05,654,1,0
299,28,20,0,0,1,20.972614288330078,"[0.0, 20.972614288330078]",20.972614288330078,20.0,20.972614288330078,11.800000000000166,0,1,0,194.7316307316214,2.0972614288330078e-05,708,1,0
299,29,42,0,0,1,20.637920924595424,"[0.0, 20.637920924595424]",20.637920924595424,20.0,20.637920924595424,11.700000000000161,0,1,0,193.61298523823643,2.0637920924595425e-05,702,1,0
299,30,34,0,0,1,20.411957332066127,"[0.0, 20.411957332066127]",20.411957332066127,20.0,20.411957332066127,12.116666666666848,0,1,0,193.69323827134212,2.0411957332066127e-05,727,1,0
299,31,11,0,0,1,17.27629525320871,"[0.0, 17.27629525320871]",17.27629525320871,17.142857142857142,17.27629525320871,10.366666666666761,0,1,0,155.83673796891526,1.7276295253208708e-05,622,1,0
299,32,61,0,0,1,17.14506966727121,"[0.0, 17.14506966727121]",17.14506966727121,17.142857142857142,17.14506966727121,9.966666666666741,0,1,0,160.37384952433786,1.714506966727121e-05,598,1,0
299,33,24,0,0,0,17.141020638602118,"[0.0, 17.141020638602118]",17.141020638602118,14.285714285714285,17.141020638602118,13.183333333333568,0,1,0,155.0112194397807,1.714102063860212e-05,791,1,0
299,34,57,0,0,0,16.97251456124442,"[0.0, 16.97251456124442]",16.97251456124442,14.285714285714285,16.97251456124442,10.733333333333446,0,1,0,159.2731150162581,1.697251456124442e-05,644,1,0
299,35,63,0,0,0,16.920067923409597,"[0.0, 16.920067923409597]",16.920067923409597,14.285714285714285,16.920067923409597,11.90000000000017,0,1,0,153.23841598523722,1.6920067923409597e-05,714,1,0
299,36,17,0,0,0,16.77255358014788,"[0.0, 16.77255358014788]",16.77255358014788,14.285714285714285,16.77255358014788,10.350000000000094,0,1,0,158.71985870188655,1.677255358014788e-05,621,1,0
299,37,33,0,0,0,16.719442095075333,"[0.0, 16.719442095075333]",16.719442095075333,14.285714285714285,16.719442095075333,10.250000000000089,0,1,0,156.71698894025758,1.6719442095075335e-05,615,1,0
299,38,45,0,0,0,16.65989467075893,"[0.0, 16.65989467075893]",16.65989467075893,14.285714285714285,16.65989467075893,11.133333333333466,0,1,0,154.67921071645105,1.665989467075893e-05,668,1,0
299,39,58,0,0,0,16.574794224330358,"[0.0, 16.574794224330358]",16.574794224330358,14.285714285714285,16.574794224330358,10.316666666666759,0,1,0,147.07313487879583,1.6574794224330357e-05,619,1,0
299,40,51,0,0,0,16.498369489397323,"[0.0, 16.498369489397323]",16.498369489397323,14.285714285714285,16.498369489397323,9.733333333333396,0,1,0,151.3141288675688,1.6498369489397324e-05,584,1,0
299,41,43,0,0,0,16.401912144252233,"[0.0, 16.401912144252233]",16.401912144252233,14.285714285714285,16.401912144252233,11.266666666666806,0,1,0,148.31613360565098,1.6401912144252234e-05,676,1,0
299,42,48,0,0,0,16.39524732317243,"[0.0, 16.39524732317243]",16.39524732317243,14.285714285714285,16.39524732317243,10.666666666666776,0,1,0,155.22188187705615,1.639524732317243e-05,640,1,0
299,43,13,0,0,0,16.244354248046875,"[0.0, 16.244354248046875]",16.244354248046875,14.285714285714285,16.244354248046875,11.266666666666806,0,1,0,152.69394477277092,1.6244354248046874e-05,676,1,0
299,44,46,0,0,0,15.856644766671316,"[0.0, 15.856644766671316]",15.856644766671316,14.285714285714285,15.856644766671316,10.216666666666754,0,1,0,152.9147499920291,1.5856644766671317e-05,613,1,0
299,45,9,0,0,0,14.007421221051896,"[0.0, 14.007421221051896]",14.007421221051896,11.428571428571429,14.007421221051896,8.883333333333354,0,1,0,115.91222788295272,1.4007421221051896e-05,533,1,0
299,46,31,0,0,0,11.596954890659877,"[0.0, 11.596954890659877]",11.596954890659877,11.428571428571429,11.596954890659877,7.583333333333312,0,1,0,107.0449612364173,1.1596954890659877e-05,455,1,0
299,47,28,0,0,0,11.545748029436384,"[0.0, 11.545748029436384]",11.545748029436384,11.428571428571429,11.545748029436384,8.550000000000004,0,1,0,111.76241287028824,1.1545748029436384e-05,513,1,0
299,48,37,0,0,0,11.469132559640068,"[0.0, 11.469132559640068]",11.469132559640068,11.428571428571429,11.469132559640068,11.950000000000173,0,1,0,113.72639931507729,1.1469132559640068e-05,717,1,0
299,49,23,0,0,0,11.351517268589564,"[0.0, 11.351517268589564]",11.351517268589564,8.571428571428571,11.351517268589564,6.549999999999982,0,1,0,102.17357769608498,1.1351517268589565e-05,393,1,0
299,50,25,0,0,0,11.294945308140345,"[0.0, 11.294945308140345]",11.294945308140345,8.571428571428571,11.294945308140345,9.283333333333374,0,1,0,110.18129354506527,1.1294945308140346e-05,557,1,0
299,51,54,0,0,0,10.990709577287946,"[0.0, 10.990709577287946]",10.990709577287946,8.571428571428571,10.990709577287946,6.283333333333316,0,1,0,98.77814911305904,1.0990709577287945e-05,377,1,0
299,52,53,0,0,0,9.03381620134626,"[0.0, 9.03381620134626]",9.03381620134626,8.571428571428571,9.03381620134626,8.550000000000004,0,1,0,79.40507026619889,9.03381620134626e-06,513,1,0
299,53,29,0,0,0,6.483007158551897,"[0.0, 6.483007158551897]",6.483007158551897,5.714285714285714,6.483007158551897,7.366666666666646,0,1,0,58.58252234417887,6.4830071585518965e-06,442,1,0
299,54,16,0,0,0,6.429018293108259,"[0.0, 6.429018293108259]",6.429018293108259,5.714285714285714,6.429018293108259,7.366666666666646,0,1,0,58.519449747407634,6.429018293108258e-06,442,1,0
299,55,19,0,0,0,5.529817853655135,"[0.0, 5.529817853655135]",5.529817853655135,2.857142857142857,5.529817853655135,6.866666666666648,0,1,0,48.31452930098749,5.5298178536551345e-06,412,1,0
299,56,27,0,0,0,4.622056143624443,"[0.0, 4.622056143624443]",4.622056143624443,2.857142857142857,4.622056143624443,6.299999999999983,0,1,0,38.01052653908846,4.622056143624443e-06,378,1,0
299,57,15,0,0,0,4.348852975027902,"[0.0, 4.348852975027902]",4.348852975027902,2.857142857142857,4.348852975027902,4.466666666666656,0,1,0,49.94166098465212,4.348852975027902e-06,268,1,0
299,58,47,0,0,0,3.637902396065848,"[0.0, 3.637902396065848]",3.637902396065848,2.857142857142857,3.637902396065848,5.466666666666653,0,1,0,25.116243920798297,3.637902396065848e-06,328,1,0
299,59,41,0,0,0,3.522469656808036,"[0.0, 3.522469656808036]",3.522469656808036,2.857142857142857,3.522469656808036,5.349999999999986,0,1,0,23.833862628074712,3.522469656808036e-06,321,1,0
299,60,30,0,0,0,3.496731349400112,"[0.0, 3.496731349400112]",3.496731349400112,2.857142857142857,3.496731349400112,5.28333333333332,0,1,0,23.4579491707118,3.496731349400112e-06,317,1,0
299,61,35,0,0,0,3.4483119419642856,"[0.0, 3.4483119419642856]",3.4483119419642856,2.857142857142857,3.4483119419642856,5.2999999999999865,0,1,0,23.11229255390208,3.4483119419642857e-06,318,1,0
299,62,18,0,0,0,3.4464917864118303,"[0.0, 3.4464917864118303]",3.4464917864118303,2.857142857142857,3.4464917864118303,5.366666666666653,0,1,0,23.62703066218819,3.4464917864118304e-06,322,1,0
299,63,8,0,0,0,3.38508061000279,"[0.0, 3.38508061000279]",3.38508061000279,2.857142857142857,3.38508061000279,5.2999999999999865,0,1,0,23.11171325374744,3.38508061000279e-06,318,1,0
299,64,12,0,0,0,2.7168110438755577,"[0.0, 2.7168110438755577]",2.7168110438755577,0.0,2.7168110438755577,5.016666666666654,0,1,0,15.07843872459489,2.7168110438755575e-06,301,1,0
300,1,0,0,1,1,31.428571428571427,"[0.0, 31.428571428571427]",31.428571428571427,28.57142857142857,31.428571428571427,19.60000000000017,0,1,0,311.814752412065,3.1428571428571424e-05,1176,1,0
300,2,1,0,1,1,31.428571428571427,"[0.0, 31.428571428571427]",31.428571428571427,28.57142857142857,31.428571428571427,19.55000000000017,0,1,0,312.6199180192634,3.1428571428571424e-05,1173,1,0
300,3,2,0,1,1,31.428571428571427,"[0.0, 31.428571428571427]",31.428571428571427,28.57142857142857,31.428571428571427,19.86666666666682,0,1,0,314.6573925190969,3.1428571428571424e-05,1192,1,0
300,4,3,0,1,1,31.428571428571427,"[0.0, 31.428571428571427]",31.428571428571427,28.57142857142857,31.428571428571427,15.350000000000342,0,1,0,300.4833707971993,3.1428571428571424e-05,921,1,0
300,5,4,0,1,1,31.428571428571427,"[0.0, 31.428571428571427]",31.428571428571427,28.57142857142857,31.428571428571427,16.20000000000036,0,1,0,316.28280931711197,3.1428571428571424e-05,972,1,0
300,6,5,0,1,1,31.428571428571427,"[0.0, 31.428571428571427]",31.428571428571427,28.57142857142857,31.428571428571427,20.45000000000012,0,1,0,312.02611129708384,3.1428571428571424e-05,1227,1,0
300,7,14,0,1,1,31.428571428571427,"[0.0, 31.428571428571427]",31.428571428571427,28.57142857142857,31.428571428571427,18.93333333333354,0,1,0,315.83977761724964,3.1428571428571424e-05,1136,1,0
300,8,34,0,1,1,31.428571428571427,"[0.0, 31.428571428571427]",31.428571428571427,28.57142857142857,31.428571428571427,21.35000000000007,0,1,0,313.3643911693798,3.1428571428571424e-05,1281,1,0
300,9,43,0,0,1,31.428571428571427,"[0.0, 31.428571428571427]",31.428571428571427,28.57142857142857,31.428571428571427,17.466666666666956,0,1,0,314.49319195299904,3.1428571428571424e-05,1048,1,0
300,10,6,0,0,1,31.382908383695685,"[0.0, 31.382908383695685]",31.382908383695685,28.57142857142857,31.382908383695685,19.150000000000194,0,1,0,309.1353873396074,3.138290838369569e-05,1149,1,0
300,11,7,0,0,1,31.36461421496452,"[0.0, 31.36461421496452]",31.36461421496452,28.57142857142857,31.36461421496452,19.800000000000157,0,1,0,310.3700005908104,3.136461421496452e-05,1188,1,0
300,12,28,0,0,1,30.845854794412208,"[0.0, 30.845854794412208]",30.845854794412208,28.57142857142857,30.845854794412208,14.650000000000308,0,1,0,301.21222119127924,3.084585479441221e-05,879,1,0
300,13,37,0,0,1,30.34775729071954,"[0.0, 30.34775729071954]",30.34775729071954,28.57142857142857,30.34775729071954,18.133333333333585,0,1,0,298.64453958715603,3.034775729071954e-05,1088,1,0
300,14,40,0,0,1,23.6142726651332,"[0.0, 23.6142726651332]",23.6142726651332,22.857142857142858,23.6142726651332,17.366666666666962,0,1,0,213.77257895990624,2.36142726651332e-05,1042,1,0
300,15,31,0,0,1,22.805846078055243,"[0.0, 22.805846078055243]",22.805846078055243,20.0,22.805846078055243,12.516666666666868,0,1,0,208.46282973694179,2.280584607805524e-05,751,1,0
300,16,52,0,0,1,22.440245492117747,"[0.0, 22.440245492117747]",22.440245492117747,20.0,22.440245492117747,14.383333333333628,0,1,0,206.7429228692854,2.2440245492117745e-05,863,1,0
300,17,46,0,0,1,22.39269801548549,"[0.0, 22.39269801548549]",22.39269801548549,20.0,22.39269801548549,12.866666666666886,0,1,0,202.95627752455766,2.2392698015485488e-05,772,1,0
300,18,38,0,0,1,22.135560171944753,"[0.0, 22.135560171944753]",22.135560171944753,20.0,22.135560171944753,11.833333333333501,0,1,0,197.49422294202668,2.2135560171944753e-05,710,1,0
300,19,49,0,0,1,21.782550811767578,"[0.0, 21.782550811767578]",21.782550811767578,20.0,21.782550811767578,12.266666666666856,0,1,0,198.49967791690142,2.1782550811767578e-05,736,1,0
300,20,9,0,0,1,21.596426282610214,"[0.0, 21.596426282610214]",21.596426282610214,20.0,21.596426282610214,9.583333333333389,0,1,0,187.49979881197214,2.1596426282610215e-05,575,1,0
300,21,39,0,0,1,21.570884159633092,"[0.0, 21.570884159633092]",21.570884159633092,20.0,21.570884159633092,12.216666666666853,0,1,0,195.45936510025058,2.1570884159633093e-05,733,1,0
300,22,20,0,0,1,21.520045144217356,"[0.0, 21.520045144217356]",21.520045144217356,20.0,21.520045144217356,13.666666666666925,0,1,0,197.75906837575167,2.1520045144217355e-05,820,1,0
300,23,42,0,0,1,21.286604745047434,"[0.0, 21.286604745047434]",21.286604745047434,20.0,21.286604745047434,10.766666666666781,0,1,0,192.10981982998783,2.1286604745047434e-05,646,1,0
300,24,61,0,0,1,21.25734874180385,"[0.0, 21.25734874180385]",21.25734874180385,20.0,21.25734874180385,12.066666666666846,0,1,0,195.7426499552821,2.1257348741803847e-05,724,1,0
300,25,30,0,0,1,21.038853781563898,"[0.0, 21.038853781563898]",21.038853781563898,20.0,21.038853781563898,11.116666666666799,0,1,0,192.520141295543,2.1038853781563898e-05,667,1,0
300,26,8,0,0,1,20.868282318115234,"[0.0, 20.868282318115234]",20.868282318115234,20.0,20.868282318115234,12.050000000000178,0,1,0,192.4174939561417,2.0868282318115233e-05,723,1,0
300,27,21,0,0,1,20.760737827845983,"[0.0, 20.760737827845983]",20.760737827845983,20.0,20.760737827845983,12.016666666666843,0,1,0,194.1922676857066,2.076073782784598e-05,721,1,0
300,28,22,0,0,1,20.645803724016464,"[0.0, 20.645803724016464]",20.645803724016464,20.0,20.645803724016464,11.116666666666799,0,1,0,191.48457459994825,2.0645803724016465e-05,667,1,0
300,29,27,0,0,1,20.549509865897043,"[0.0, 20.549509865897043]",20.549509865897043,20.0,20.549509865897043,10.150000000000084,0,1,0,188.23147668037564,2.0549509865897044e-05,609,1,0
300,30,60,0,0,1,20.54011753627232,"[0.0, 20.54011753627232]",20.54011753627232,20.0,20.54011753627232,12.250000000000188,0,1,0,193.4886613722847,2.054011753627232e-05,735,1,0
300,31,12,0,0,1,20.505068642752512,"[0.0, 20.505068642752512]",20.505068642752512,20.0,20.505068642752512,11.166666666666801,0,1,0,191.8718446075727,2.050506864275251e-05,670,1,0
300,32,18,0,0,1,20.35421371459961,"[0.0, 20.35421371459961]",20.35421371459961,20.0,20.35421371459961,11.950000000000173,0,1,0,191.2258716827273,2.0354213714599608e-05,717,1,0
300,33,41,0,0,0,17.18759264264788,"[0.0, 17.18759264264788]",17.18759264264788,17.142857142857142,17.18759264264788,9.816666666666734,0,1,0,152.77698858093936,1.7187592642647877e-05,589,1,0
300,34,13,0,0,0,17.112584795270646,"[0.0, 17.112584795270646]",17.112584795270646,14.285714285714285,17.112584795270646,13.30000000000024,0,1,0,157.03712312805874,1.7112584795270644e-05,798,1,0
300,35,25,0,0,0,16.96760995047433,"[0.0, 16.96760995047433]",16.96760995047433,14.285714285714285,16.96760995047433,11.383333333333479,0,1,0,159.8029304079755,1.696760995047433e-05,683,1,0
300,36,23,0,0,0,16.89183371407645,"[0.0, 16.89183371407645]",16.89183371407645,14.285714285714285,16.89183371407645,9.633333333333391,0,1,0,151.79703965543013,1.6891833714076452e-05,578,1,0
300,37,29,0,0,0,16.863806588309153,"[0.0, 16.863806588309153]",16.863806588309153,14.285714285714285,16.863806588309153,11.100000000000131,0,1,0,156.8728615667642,1.6863806588309152e-05,666,1,0
300,38,26,0,0,0,16.604063851492747,"[0.0, 16.604063851492747]",16.604063851492747,14.285714285714285,16.604063851492747,10.516666666666769,0,1,0,156.58761163591407,1.6604063851492746e-05,631,1,0
300,39,57,0,0,0,16.527464730398997,"[0.0, 16.527464730398997]",16.527464730398997,14.285714285714285,16.527464730398997,8.816666666666684,0,1,0,143.28587762266397,1.6527464730398996e-05,529,1,0
300,40,45,0,0,0,11.684044429234095,"[0.0, 11.684044429234095]",11.684044429234095,11.428571428571429,11.684044429234095,7.749999999999978,0,1,0,110.58934796229005,1.1684044429234096e-05,465,1,0
300,41,54,0,0,0,11.392579759870257,"[0.0, 11.392579759870257]",11.392579759870257,8.571428571428571,11.392579759870257,8.91666666666669,0,1,0,110.46689077070187,1.1392579759870258e-05,535,1,0
300,42,19,0,0,0,11.382081168038505,"[0.0, 11.382081168038505]",11.382081168038505,8.571428571428571,11.382081168038505,9.616666666666724,0,1,0,113.58732014949783,1.1382081168038505e-05,577,1,0
300,43,48,0,0,0,11.30044664655413,"[0.0, 11.30044664655413]",11.30044664655413,8.571428571428571,11.30044664655413,9.316666666666709,0,1,0,113.08423198058154,1.130044664655413e-05,559,1,0
300,44,50,0,0,0,11.234820229666575,"[0.0, 11.234820229666575]",11.234820229666575,8.571428571428571,11.234820229666575,7.749999999999978,0,1,0,107.94649584963918,1.1234820229666574e-05,465,1,0
300,45,16,0,0,0,11.188531603131976,"[0.0, 11.188531603131976]",11.188531603131976,8.571428571428571,11.188531603131976,7.883333333333311,0,1,0,108.35578397288918,1.1188531603131976e-05,473,1,0
300,46,63,0,0,0,11.117057800292969,"[0.0, 11.117057800292969]",11.117057800292969,8.571428571428571,11.117057800292969,7.816666666666644,0,1,0,106.83678322285414,1.111705780029297e-05,469,1,0
300,47,58,0,0,0,10.77535629272461,"[0.0, 10.77535629272461]",10.77535629272461,8.571428571428571,10.77535629272461,7.316666666666646,0,1,0,105.71375071629882,1.077535629272461e-05,439,1,0
300,48,53,0,0,0,8.560850960867745,"[0.0, 8.560850960867745]",8.560850960867745,5.714285714285714,8.560850960867745,7.299999999999979,0,1,0,65.49189698540431,8.560850960867744e-06,438,1,0
300,49,51,0,0,0,8.372034345354352,"[0.0, 8.372034345354352]",8.372034345354352,5.714285714285714,8.372034345354352,12.133333333333516,0,1,0,70.84393540342717,8.372034345354352e-06,728,1,0
300,50,15,0,0,0,6.407873971121651,"[0.0, 6.407873971121651]",6.407873971121651,5.714285714285714,6.407873971121651,7.416666666666646,0,1,0,59.60699477378512,6.407873971121651e-06,445,1,0
300,51,32,0,0,0,6.325002397809709,"[0.0, 6.325002397809709]",6.325002397809709,5.714285714285714,6.325002397809709,7.366666666666646,0,1,0,58.581884736668144,6.325002397809709e-06,442,1,0
300,52,44,0,0,0,6.234446934291295,"[0.0, 6.234446934291295]",6.234446934291295,5.714285714285714,6.234446934291295,7.316666666666646,0,1,0,57.6335281779684,6.234446934291295e-06,439,1,0
300,53,10,0,0,0,5.453245980398996,"[0.0, 5.453245980398996]",5.453245980398996,2.857142857142857,5.453245980398996,3.866666666666658,0,1,0,48.648776806890965,5.453245980398996e-06,232,1,0
300,54,17,0,0,0,5.040457589285714,"[0.0, 5.040457589285714]",5.040457589285714,2.857142857142857,5.040457589285714,6.5333333333333155,0,1,0,42.08706046199222,5.040457589285714e-06,392,1,0
300,55,55,0,0,0,4.973182678222656,"[0.0, 4.973182678222656]",4.973182678222656,2.857142857142857,4.973182678222656,6.483333333333316,0,1,0,41.28068738232105,4.973182678222656e-06,389,1,0
300,56,36,0,0,0,4.832447596958706,"[0.0, 4.832447596958706]",4.832447596958706,2.857142857142857,4.832447596958706,2.4833333333333294,0,1,0,39.97172650694847,4.832447596958706e-06,149,1,0
300,57,47,0,0,0,4.715102059500558,"[0.0, 4.715102059500558]",4.715102059500558,2.857142857142857,4.715102059500558,3.0666666666666607,0,1,0,39.6153309494257,4.715102059500558e-06,184,1,0
300,58,35,0,0,0,4.343403407505581,"[0.0, 4.343403407505581]",4.343403407505581,2.857142857142857,4.343403407505581,2.0166666666666644,0,1,0,34.81473557651043,4.34340340750558e-06,121,1,0
300,59,62,0,0,0,4.197627476283483,"[0.0, 4.197627476283483]",4.197627476283483,2.857142857142857,4.197627476283483,2.6999999999999953,0,1,0,33.36590139567852,4.197627476283483e-06,162,1,0
300,60,59,0,0,0,3.5710253034319197,"[0.0, 3.5710253034319197]",3.5710253034319197,2.857142857142857,3.5710253034319197,5.416666666666653,0,1,0,24.409988888073713,3.5710253034319197e-06,325,1,0
300,61,11,0,0,0,3.5014125279017856,"[0.0, 3.5014125279017856]",3.5014125279017856,2.857142857142857,3.5014125279017856,5.349999999999986,0,1,0,23.834245241341705,3.5014125279017854e-06,321,1,0
300,62,56,0,0,0,3.4837995256696432,"[0.0, 3.4837995256696432]",3.4837995256696432,2.857142857142857,3.4837995256696432,5.349999999999986,0,1,0,23.735843541056965,3.4837995256696434e-06,321,1,0
300,63,33,0,0,0,2.661078316824777,"[0.0, 2.661078316824777]",2.661078316824777,0.0,2.661078316824777,3.766666666666658,0,1,0,19.129444622434676,2.661078316824777e-06,226,1,0
300,64,24,0,0,0,2.1105684552873885,"[0.0, 2.1105684552873885]",2.1105684552873885,0.0,2.1105684552873885,5.016666666666654,0,1,0,7.705996714648791,2.1105684552873883e-06,301,1,0
